Sample description: chromixs
Sample: chromixs  c= 0 mg/ml  Code: chromixs
 4.532581e-003  0.000000e+000  0.000000e+000
 5.229901e-003  4.465037e-001  2.158385e-002
 5.927221e-003  4.283434e-001  1.029712e-002
 6.624540e-003  4.302342e-001  8.083955e-003
 7.321859e-003  4.212960e-001  6.664313e-003
 8.019178e-003  4.086037e-001  5.998928e-003
 8.716497e-003  4.001897e-001  5.366230e-003
 9.413816e-003  3.894932e-001  4.982309e-003
 1.011113e-002  3.775001e-001  4.723777e-003
 1.080845e-002  3.653839e-001  4.380112e-003
 1.150577e-002  3.567349e-001  4.156938e-003
 1.220309e-002  3.463186e-001  4.068144e-003
 1.290040e-002  3.318818e-001  3.713006e-003
 1.359772e-002  3.197258e-001  3.710004e-003
 1.429504e-002  3.101933e-001  3.479281e-003
 1.499235e-002  2.951304e-001  3.360478e-003
 1.568967e-002  2.852446e-001  3.207255e-003
 1.638698e-002  2.751250e-001  3.233056e-003
 1.708430e-002  2.672836e-001  2.991056e-003
 1.778161e-002  2.548756e-001  2.956406e-003
 1.847893e-002  2.431091e-001  2.775052e-003
 1.917624e-002  2.358488e-001  2.728305e-003
 1.987355e-002  2.240028e-001  2.604682e-003
 2.057086e-002  2.154606e-001  2.635727e-003
 2.126817e-002  2.072143e-001  2.442706e-003
 2.196548e-002  2.016162e-001  2.428200e-003
 2.266279e-002  1.891994e-001  2.411682e-003
 2.336010e-002  1.842798e-001  2.295784e-003
 2.405741e-002  1.779564e-001  2.270514e-003
 2.475472e-002  1.687078e-001  2.158563e-003
 2.545203e-002  1.625656e-001  2.146417e-003
 2.614933e-002  1.588728e-001  2.075673e-003
 2.684664e-002  1.521326e-001  2.097613e-003
 2.754394e-002  1.473559e-001  2.047807e-003
 2.824125e-002  1.418296e-001  2.003905e-003
 2.893855e-002  1.357347e-001  1.955192e-003
 2.963585e-002  1.313361e-001  1.936463e-003
 3.033315e-002  1.305171e-001  1.900590e-003
 3.103045e-002  1.255148e-001  1.867194e-003
 3.172775e-002  1.224596e-001  1.829636e-003
 3.242505e-002  1.191113e-001  1.876446e-003
 3.312235e-002  1.176445e-001  1.849627e-003
 3.381964e-002  1.141623e-001  1.891028e-003
 3.451694e-002  1.098114e-001  1.830566e-003
 3.521423e-002  1.078671e-001  1.820994e-003
 3.591153e-002  1.068357e-001  1.867320e-003
 3.660882e-002  1.033400e-001  1.881574e-003
 3.730611e-002  1.032156e-001  1.917629e-003
 3.800340e-002  1.011442e-001  1.870961e-003
 3.870069e-002  9.951420e-002  1.838925e-003
 3.939798e-002  9.579128e-002  1.791693e-003
 4.009526e-002  9.569509e-002  1.786008e-003
 4.079255e-002  9.504853e-002  1.761128e-003
 4.148984e-002  9.271943e-002  1.730763e-003
 4.218712e-002  9.044183e-002  1.695636e-003
 4.288440e-002  8.935524e-002  1.668773e-003
 4.358168e-002  8.806983e-002  1.624560e-003
 4.427896e-002  8.586817e-002  1.602533e-003
 4.497624e-002  8.301199e-002  1.549707e-003
 4.567351e-002  8.405948e-002  1.541640e-003
 4.637079e-002  8.131991e-002  1.538733e-003
 4.706806e-002  8.038624e-002  1.512456e-003
 4.776534e-002  7.950898e-002  1.493733e-003
 4.846261e-002  7.644703e-002  1.476997e-003
 4.915988e-002  7.478823e-002  1.457440e-003
 4.985715e-002  7.409365e-002  1.427454e-003
 5.055441e-002  7.228930e-002  1.442100e-003
 5.125168e-002  6.992420e-002  1.393952e-003
 5.194894e-002  6.928535e-002  1.396848e-003
 5.264621e-002  6.691045e-002  1.367746e-003
 5.334347e-002  6.579377e-002  1.372964e-003
 5.404072e-002  6.517984e-002  1.330303e-003
 5.473798e-002  6.326956e-002  1.322230e-003
 5.543524e-002  6.218695e-002  1.330962e-003
 5.613249e-002  6.002933e-002  1.314331e-003
 5.682975e-002  5.862718e-002  1.286540e-003
 5.752700e-002  5.756351e-002  1.284908e-003
 5.822425e-002  5.673797e-002  1.261316e-003
 5.892149e-002  5.611865e-002  1.267111e-003
 5.961874e-002  5.338015e-002  1.256038e-003
 6.031598e-002  5.219348e-002  1.229603e-003
 6.101322e-002  5.200941e-002  1.228088e-003
 6.171046e-002  5.170136e-002  1.244543e-003
 6.240770e-002  5.022336e-002  1.254008e-003
 6.310494e-002  4.884831e-002  1.241792e-003
 6.380218e-002  4.652377e-002  1.254100e-003
 6.449941e-002  4.658984e-002  1.205724e-003
 6.519664e-002  4.501541e-002  1.207725e-003
 6.589387e-002  4.494410e-002  1.170947e-003
 6.659110e-002  4.331063e-002  1.165458e-003
 6.728832e-002  4.243926e-002  1.145985e-003
 6.798554e-002  4.242254e-002  1.158805e-003
 6.868277e-002  4.018309e-002  1.147097e-003
 6.937999e-002  3.991245e-002  1.125480e-003
 7.007720e-002  3.887035e-002  1.124769e-003
 7.077442e-002  3.901638e-002  1.106703e-003
 7.147163e-002  3.743722e-002  1.101194e-003
 7.216884e-002  3.665475e-002  1.080440e-003
 7.286605e-002  3.699917e-002  1.081087e-003
 7.356326e-002  3.447399e-002  1.064780e-003
 7.426046e-002  3.494173e-002  1.067624e-003
 7.495766e-002  3.351307e-002  1.057670e-003
 7.565486e-002  3.307459e-002  1.045300e-003
 7.635206e-002  3.287101e-002  1.046626e-003
 7.704926e-002  3.256396e-002  1.055802e-003
 7.774645e-002  3.186345e-002  1.025609e-003
 7.844364e-002  2.966541e-002  1.025771e-003
 7.914083e-002  3.009005e-002  1.024861e-003
 7.983802e-002  2.815062e-002  1.017642e-003
 8.053520e-002  2.792257e-002  1.011910e-003
 8.123238e-002  2.775074e-002  1.014172e-003
 8.192956e-002  2.681755e-002  9.882394e-004
 8.262674e-002  2.604135e-002  9.944596e-004
 8.332391e-002  2.565888e-002  9.879529e-004
 8.402108e-002  2.491656e-002  9.709992e-004
 8.471825e-002  2.460892e-002  9.782339e-004
 8.541542e-002  2.392746e-002  9.663079e-004
 8.611258e-002  2.384728e-002  9.621013e-004
 8.680975e-002  2.279847e-002  9.561153e-004
 8.750690e-002  2.191419e-002  9.455778e-004
 8.820406e-002  2.194919e-002  9.332123e-004
 8.890122e-002  2.140606e-002  9.475304e-004
 8.959837e-002  2.146798e-002  9.317596e-004
 9.029552e-002  2.000667e-002  9.339189e-004
 9.099266e-002  2.029157e-002  9.204656e-004
 9.168980e-002  1.920655e-002  9.250346e-004
 9.238695e-002  1.841843e-002  9.203116e-004
 9.308408e-002  1.890349e-002  9.189291e-004
 9.378122e-002  1.810882e-002  9.148910e-004
 9.447835e-002  1.811403e-002  9.044442e-004
 9.517548e-002  1.780485e-002  8.971017e-004
 9.587261e-002  1.654783e-002  9.025502e-004
 9.656973e-002  1.684630e-002  8.997288e-004
 9.726685e-002  1.595067e-002  8.959057e-004
 9.796397e-002  1.528207e-002  8.812328e-004
 9.866109e-002  1.609232e-002  8.814903e-004
 9.935820e-002  1.572776e-002  8.748309e-004
 1.000553e-001  1.484828e-002  8.705532e-004
 1.007524e-001  1.390644e-002  8.722391e-004
 1.014495e-001  1.407621e-002  8.625934e-004
 1.021466e-001  1.362756e-002  8.669894e-004
 1.028437e-001  1.368610e-002  8.559789e-004
 1.035408e-001  1.318299e-002  8.528027e-004
 1.042379e-001  1.245937e-002  8.435889e-004
 1.049350e-001  1.207134e-002  8.518153e-004
 1.056321e-001  1.228146e-002  8.442552e-004
 1.063292e-001  1.130790e-002  8.516811e-004
 1.070262e-001  1.128105e-002  8.500583e-004
 1.077233e-001  1.204189e-002  8.561751e-004
 1.084204e-001  1.080254e-002  8.700034e-004
 1.091175e-001  1.071914e-002  8.799609e-004
 1.098145e-001  1.016419e-002  9.038712e-004
 1.105116e-001  1.129531e-002  9.267667e-004
 1.112086e-001  9.581611e-003  9.300285e-004
 1.119057e-001  9.553684e-003  9.195538e-004
 1.126028e-001  9.333368e-003  9.155574e-004
 1.132998e-001  9.786192e-003  9.051938e-004
 1.139969e-001  9.684578e-003  8.961118e-004
 1.146939e-001  9.269661e-003  8.818463e-004
 1.153909e-001  9.275674e-003  8.832374e-004
 1.160880e-001  8.952370e-003  8.713056e-004
 1.167850e-001  7.932414e-003  8.615801e-004
 1.174820e-001  7.805190e-003  8.481564e-004
 1.181790e-001  7.935361e-003  8.474227e-004
 1.188761e-001  8.228568e-003  8.390580e-004
 1.195731e-001  7.621386e-003  8.359211e-004
 1.202701e-001  7.084152e-003  8.252456e-004
 1.209671e-001  7.271017e-003  8.218166e-004
 1.216641e-001  7.606478e-003  8.185818e-004
 1.223611e-001  7.129810e-003  8.076047e-004
 1.230581e-001  6.821867e-003  8.065772e-004
 1.237551e-001  6.826653e-003  7.973956e-004
 1.244521e-001  6.809300e-003  7.965225e-004
 1.251491e-001  6.250632e-003  7.932010e-004
 1.258461e-001  6.685859e-003  7.971184e-004
 1.265431e-001  6.561844e-003  7.794422e-004
 1.272401e-001  6.394427e-003  7.791737e-004
 1.279370e-001  6.552660e-003  7.707380e-004
 1.286340e-001  6.096097e-003  7.757648e-004
 1.293310e-001  6.530066e-003  7.734379e-004
 1.300279e-001  6.748371e-003  7.734887e-004
 1.307249e-001  6.148688e-003  7.690312e-004
 1.314219e-001  5.599868e-003  7.640728e-004
 1.321188e-001  6.920711e-003  7.581138e-004
 1.328158e-001  5.477618e-003  7.596467e-004
 1.335127e-001  5.524858e-003  7.556663e-004
 1.342096e-001  5.547411e-003  7.579539e-004
 1.349066e-001  6.459241e-003  7.564795e-004
 1.356035e-001  6.274316e-003  7.473882e-004
 1.363004e-001  4.838539e-003  7.493368e-004
 1.369974e-001  4.597254e-003  7.481803e-004
 1.376943e-001  5.121686e-003  7.428528e-004
 1.383912e-001  4.784254e-003  7.424639e-004
 1.390881e-001  4.337857e-003  7.427736e-004
 1.397850e-001  4.614982e-003  7.367093e-004
 1.404819e-001  4.659972e-003  7.397155e-004
 1.411788e-001  4.485631e-003  7.347687e-004
 1.418757e-001  5.090683e-003  7.352138e-004
 1.425726e-001  4.218545e-003  7.282531e-004
 1.432695e-001  4.945187e-003  7.283067e-004
 1.439664e-001  4.260236e-003  7.234042e-004
 1.446633e-001  4.460199e-003  7.212943e-004
 1.453601e-001  4.728750e-003  7.216071e-004
 1.460570e-001  4.535290e-003  7.160378e-004
 1.467539e-001  4.019857e-003  7.103020e-004
 1.474507e-001  4.150895e-003  7.105384e-004
 1.481476e-001  3.860734e-003  7.104269e-004
 1.488444e-001  3.792561e-003  7.026203e-004
 1.495413e-001  4.490665e-003  7.035272e-004
 1.502381e-001  4.138470e-003  6.976115e-004
 1.509350e-001  3.684040e-003  6.985539e-004
 1.516318e-001  4.595588e-003  6.927548e-004
 1.523286e-001  3.374785e-003  9.702444e-004
 1.530255e-001  3.763462e-003  6.910248e-004
 1.537223e-001  4.659056e-003  6.884488e-004
 1.544191e-001  3.784918e-003  6.886223e-004
 1.551159e-001  3.637618e-003  6.847158e-004
 1.558127e-001  3.526733e-003  6.848844e-004
 1.565095e-001  3.790048e-003  6.872528e-004
 1.572063e-001  3.811047e-003  6.800076e-004
 1.579031e-001  2.548990e-003  6.826974e-004
 1.585999e-001  3.470926e-003  6.804588e-004
 1.592967e-001  4.391425e-003  6.790414e-004
 1.599935e-001  3.795198e-003  6.755334e-004
 1.606903e-001  3.983369e-003  6.788836e-004
 1.613870e-001  3.564321e-003  6.719548e-004
 1.620838e-001  3.290296e-003  6.754636e-004
 1.627805e-001  4.458374e-003  6.758045e-004
 1.634773e-001  3.345624e-003  6.633384e-004
 1.641740e-001  3.070514e-003  6.692251e-004
 1.648708e-001  3.120432e-003  6.650842e-004
 1.655675e-001  3.556635e-003  6.649737e-004
 1.662643e-001  3.040994e-003  6.636089e-004
 1.669610e-001  2.906797e-003  6.663227e-004
 1.676577e-001  3.036749e-003  6.558017e-004
 1.683544e-001  2.450053e-003  6.593817e-004
 1.690512e-001  3.023849e-003  6.592708e-004
 1.697479e-001  3.240444e-003  6.560236e-004
 1.704446e-001  3.762077e-003  6.531606e-004
 1.711413e-001  2.397349e-003  6.509379e-004
 1.718380e-001  2.430420e-003  6.482136e-004
 1.725347e-001  2.795780e-003  6.471434e-004
 1.732314e-001  2.822168e-003  6.505513e-004
 1.739281e-001  2.735304e-003  6.440263e-004
 1.746247e-001  3.010753e-003  6.456741e-004
 1.753214e-001  2.684351e-003  6.392757e-004
 1.760181e-001  2.829150e-003  6.385384e-004
 1.767147e-001  2.965681e-003  6.335945e-004
 1.774114e-001  2.484830e-003  6.385459e-004
 1.781080e-001  2.292481e-003  6.325450e-004
 1.788047e-001  2.751558e-003  6.379880e-004
 1.795013e-001  2.845706e-003  6.278143e-004
 1.801980e-001  3.121131e-003  6.351537e-004
 1.808946e-001  2.370869e-003  6.389517e-004
 1.815912e-001  2.281800e-003  6.418977e-004
 1.822878e-001  3.086749e-003  6.440315e-004
 1.829844e-001  2.552670e-003  6.462430e-004
 1.836810e-001  2.177632e-003  6.515746e-004
 1.843776e-001  2.551327e-003  6.616740e-004
 1.850742e-001  3.070790e-003  6.631000e-004
 1.857708e-001  2.048159e-003  6.765733e-004
 1.864674e-001  2.673828e-003  6.871738e-004
 1.871640e-001  2.162450e-003  6.723137e-004
 1.878606e-001  2.425413e-003  6.826510e-004
 1.885571e-001  2.664282e-003  6.802589e-004
 1.892537e-001  1.661226e-003  6.871752e-004
 1.899503e-001  1.780434e-003  6.809052e-004
 1.906468e-001  1.850889e-003  6.825385e-004
 1.913434e-001  1.773834e-003  6.643867e-004
 1.920399e-001  1.679922e-003  6.682678e-004
 1.927364e-001  1.591240e-003  6.634919e-004
 1.934330e-001  2.243036e-003  6.659624e-004
 1.941295e-001  1.842002e-003  6.605320e-004
 1.948260e-001  1.214768e-003  6.667979e-004
 1.955225e-001  2.129751e-003  6.591074e-004
 1.962190e-001  2.151093e-003  6.575079e-004
 1.969155e-001  2.197365e-003  6.562124e-004
 1.976120e-001  1.251044e-003  6.584901e-004
 1.983085e-001  1.926307e-003  6.604197e-004
 1.990050e-001  1.154790e-003  6.589317e-004
 1.997015e-001  1.519292e-003  6.598522e-004
 2.003979e-001  1.735335e-003  6.531172e-004
 2.010944e-001  1.394339e-003  6.575230e-004
 2.017909e-001  1.767121e-003  6.551730e-004
 2.024873e-001  1.474183e-003  6.578290e-004
 2.031838e-001  1.720577e-003  6.578365e-004
 2.038802e-001  1.354503e-003  6.554558e-004
 2.045767e-001  1.018506e-003  6.504919e-004
 2.052731e-001  1.750792e-003  6.534377e-004
 2.059695e-001  1.901695e-003  6.528081e-004
 2.066659e-001  2.171501e-003  6.545043e-004
 2.073623e-001  1.524765e-003  6.522208e-004
 2.080587e-001  1.574269e-003  6.520259e-004
 2.087551e-001  1.004237e-003  6.500371e-004
 2.094515e-001  1.138597e-003  6.532185e-004
 2.101479e-001  1.492801e-003  6.496844e-004
 2.108443e-001  1.305614e-003  6.500179e-004
 2.115407e-001  1.257191e-003  6.490367e-004
 2.122370e-001  1.511807e-003  6.451502e-004
 2.129334e-001  1.253448e-003  6.448573e-004
 2.136298e-001  1.248183e-003  6.430387e-004
 2.143261e-001  1.798985e-003  6.473674e-004
 2.150225e-001  9.483172e-004  6.410316e-004
 2.157188e-001  1.392326e-003  6.445733e-004
 2.164151e-001  1.328778e-003  6.393056e-004
 2.171114e-001  6.442248e-004  6.368782e-004
 2.178078e-001  5.019273e-004  6.350889e-004
 2.185041e-001  1.183111e-003  6.385948e-004
 2.192004e-001  1.676684e-003  6.420079e-004
 2.198967e-001  1.244688e-003  6.405508e-004
 2.205930e-001  1.573670e-003  6.381326e-004
 2.212892e-001  1.331172e-003  6.398738e-004
 2.219855e-001  9.538718e-004  6.365710e-004
 2.226818e-001  1.690433e-003  6.417429e-004
 2.233781e-001  1.140383e-003  6.344784e-004
 2.240743e-001  5.183423e-004  6.341128e-004
 2.247706e-001  1.390091e-003  6.411720e-004
 2.254668e-001  7.195803e-004  6.280742e-004
 2.261631e-001  9.890227e-004  6.338277e-004
 2.268593e-001  1.118547e-003  6.361698e-004
 2.275555e-001  6.244108e-004  6.344242e-004
 2.282517e-001  4.502681e-004  6.319176e-004
 2.289480e-001  2.997071e-004  6.331402e-004
 2.296442e-001  1.287068e-003  6.271128e-004
 2.303404e-001  1.092005e-003  6.347585e-004
 2.310366e-001  7.473824e-004  6.298785e-004
 2.317327e-001  8.489989e-004  6.330723e-004
 2.324289e-001  7.827182e-004  6.276592e-004
 2.331251e-001  2.903785e-004  6.269095e-004
 2.338213e-001  6.772465e-004  6.352396e-004
 2.345174e-001  9.276005e-004  6.402128e-004
 2.352136e-001  1.012296e-003  6.492421e-004
 2.359097e-001  4.650848e-004  6.474796e-004
 2.366058e-001  1.407816e-003  6.472654e-004
 2.373020e-001  1.150467e-003  6.489355e-004
 2.379981e-001  5.583864e-004  6.509362e-004
 2.386942e-001  1.175474e-004  6.482547e-004
 2.393903e-001  7.601588e-004  6.528838e-004
 2.400864e-001  1.136221e-003  6.550240e-004
 2.407825e-001  7.087857e-004  6.546181e-004
 2.414786e-001  1.260077e-003  6.604152e-004
 2.421747e-001  6.216484e-004  6.590217e-004
 2.428708e-001  6.890590e-004  6.574844e-004
 2.435668e-001  1.108556e-003  6.633217e-004
 2.442629e-001  1.228240e-003  6.635668e-004
 2.449589e-001  5.439768e-004  6.629696e-004
 2.456550e-001  6.688432e-004  6.639734e-004
 2.463510e-001  7.665261e-004  6.659814e-004
 2.470470e-001  1.171130e-003  6.691094e-004
 2.477431e-001  3.620002e-004  6.693085e-004
 2.484391e-001  4.837248e-004  6.676396e-004
 2.491351e-001  8.787701e-004  6.655682e-004
 2.498311e-001  6.452264e-004  6.706913e-004
 2.505271e-001  9.799848e-004  6.693857e-004
 2.512231e-001  5.512359e-004  6.753127e-004
 2.519190e-001  2.084301e-004  6.717447e-004
 2.526150e-001  4.787467e-004  6.739596e-004
 2.533110e-001  6.184600e-004  6.742509e-004
 2.540069e-001  4.163141e-004  6.765999e-004
 2.547029e-001  9.572601e-004  6.762447e-004
 2.553988e-001  7.005971e-004  6.797678e-004
 2.560948e-001  9.662883e-004  6.741340e-004
 2.567907e-001  5.873552e-004  6.743172e-004
 2.574866e-001  2.655441e-004  6.865982e-004
 2.581825e-001  7.810371e-005  6.930648e-004
 2.588784e-001 -2.093435e-004  6.969035e-004
 2.595743e-001  1.364469e-004  6.961100e-004
 2.602702e-001  1.289856e-003  7.024410e-004
 2.609661e-001  2.180797e-004  7.068237e-004
 2.616620e-001  2.378873e-004  7.148221e-004
 2.623578e-001  7.042063e-004  7.166341e-004
 2.630537e-001  6.543994e-004  7.249204e-004
 2.637495e-001  1.041431e-005  7.195021e-004
 2.644454e-001  8.907420e-004  7.098959e-004
 2.651412e-001  9.130892e-004  7.044073e-004
 2.658370e-001  4.190848e-004  7.047688e-004
 2.665328e-001  1.299984e-003  7.004863e-004
 2.672287e-001  7.369864e-004  7.011767e-004
 2.679245e-001  2.640676e-004  7.008553e-004
 2.686203e-001  4.012305e-004  7.011876e-004
 2.693160e-001  8.944809e-004  6.961960e-004
 2.700118e-001  5.484246e-004  7.009488e-004
 2.707076e-001  3.004799e-004  6.995441e-004
 2.714034e-001  4.628265e-004  7.035155e-004
 2.720991e-001  2.304806e-004  6.992022e-004
 2.727949e-001  2.054232e-004  6.967162e-004
 2.734906e-001 -1.522963e-005  7.000514e-004
 2.741863e-001  1.228450e-004  7.001266e-004
 2.748820e-001  8.539604e-004  7.034506e-004
 2.755778e-001  7.200182e-004  6.991349e-004
 2.762735e-001  3.954456e-005  7.047170e-004
 2.769692e-001  2.501427e-004  6.979226e-004
 2.776649e-001  3.010761e-004  7.036131e-004
 2.783605e-001  6.625405e-004  7.015580e-004
 2.790562e-001  8.784536e-004  6.982289e-004
 2.797519e-001  3.259110e-004  6.996156e-004
 2.804475e-001  5.205836e-004  7.004058e-004
 2.811432e-001  6.753364e-004  7.113866e-004
 2.818388e-001  9.971111e-005  7.215834e-004
 2.825345e-001  2.207338e-004  7.274203e-004
 2.832301e-001  7.120077e-004  7.313325e-004
 2.839257e-001  4.734251e-004  7.331503e-004
 2.846213e-001  3.473940e-004  7.323062e-004
 2.853169e-001  1.325030e-004  7.348412e-004
 2.860125e-001  7.091208e-004  7.473955e-004
 2.867081e-001  8.342822e-004  7.469361e-004
 2.874037e-001 -3.089391e-004  7.491671e-004
 2.880992e-001  1.562398e-004  7.614050e-004
 2.887948e-001  9.803100e-004  7.602811e-004
 2.894903e-001  3.803569e-004  7.619588e-004
 2.901859e-001  8.205449e-004  7.628551e-004
 2.908814e-001  5.899637e-004  7.689114e-004
 2.915769e-001  8.995092e-004  7.773014e-004
 2.922724e-001 -8.575825e-005  7.768069e-004
 2.929679e-001  5.283313e-004  7.805931e-004
 2.936634e-001  1.328124e-004  7.799146e-004
 2.943589e-001  1.201564e-003  7.813081e-004
 2.950544e-001  7.075793e-004  7.867598e-004
 2.957499e-001  5.116698e-004  7.935774e-004
 2.964453e-001  4.101450e-004  7.937751e-004
 2.971408e-001  3.823143e-004  7.862716e-004
 2.978362e-001  4.495369e-004  7.860087e-004
 2.985317e-001  6.804207e-004  7.938011e-004
 2.992271e-001  8.387566e-004  7.928475e-004
 2.999225e-001  3.350905e-004  8.040018e-004
 3.006179e-001  2.552589e-004  7.941741e-004
 3.013133e-001  3.450503e-004  7.968478e-004
 3.020087e-001  3.345046e-004  7.937440e-004
 3.027041e-001  1.092136e-004  7.978672e-004
 3.033995e-001  6.454316e-004  7.944965e-004
 3.040948e-001  2.344180e-004  8.013030e-004
 3.047902e-001  2.997072e-004  7.983527e-004
 3.054855e-001  7.259954e-004  8.010891e-004
 3.061809e-001 -2.887812e-004  7.998385e-004
 3.068762e-001  8.140294e-004  8.077035e-004
 3.075715e-001 -2.047694e-004  8.093167e-004
 3.082668e-001  8.486030e-004  8.171991e-004
 3.089621e-001 -1.522003e-004  8.102730e-004
 3.096574e-001  5.302171e-004  8.103110e-004
 3.103527e-001  4.326982e-004  8.114943e-004
 3.110480e-001  8.852298e-004  8.143666e-004
 3.117433e-001  6.282413e-004  8.171806e-004
 3.124385e-001  7.328845e-004  8.248297e-004
 3.131337e-001  2.788723e-004  8.205011e-004
 3.138290e-001  3.753183e-004  8.199245e-004
 3.145242e-001 -1.922961e-004  8.262921e-004
 3.152194e-001  5.086319e-004  8.211836e-004
 3.159147e-001  6.494900e-004  8.279868e-004
 3.166099e-001  6.420892e-004  8.322279e-004
 3.173050e-001 -4.033362e-005  8.316136e-004
 3.180002e-001  9.033479e-004  8.295953e-004
 3.186954e-001  3.759221e-004  8.336485e-004
 3.193906e-001  1.107657e-003  8.358045e-004
 3.200857e-001  2.806644e-004  8.399290e-004
 3.207809e-001  3.742387e-004  8.381399e-004
 3.214760e-001  1.623678e-003  8.444893e-004
 3.221711e-001  5.689276e-004  8.406215e-004
 3.228662e-001  8.410714e-004  8.398748e-004
 3.235613e-001  7.945443e-004  8.488858e-004
 3.242564e-001  9.984742e-004  8.433483e-004
 3.249515e-001  4.927721e-004  8.498882e-004
 3.256466e-001 -8.889083e-005  8.549552e-004
 3.263417e-001  9.472229e-004  8.492875e-004
 3.270367e-001  1.048285e-003  8.526052e-004
 3.277318e-001 -3.334880e-004  8.563082e-004
 3.284268e-001  1.029533e-004  8.554704e-004
 3.291218e-001  2.218252e-004  8.611123e-004
 3.298169e-001  5.455485e-004  8.601993e-004
 3.305119e-001  1.104573e-003  8.562710e-004
 3.312069e-001  4.571858e-004  8.805762e-004
 3.319019e-001  4.612149e-004  9.086479e-004
 3.325968e-001  4.201595e-004  9.168910e-004
 3.332918e-001  8.265634e-004  9.339399e-004
 3.339868e-001  1.511887e-003  9.500602e-004
 3.346817e-001  1.576828e-004  9.564807e-004
 3.353767e-001  1.702560e-004  9.654257e-004
 3.360716e-001  6.612616e-004  9.778281e-004
 3.367665e-001  1.738483e-003  9.847967e-004
 3.374614e-001  1.260252e-003  9.885626e-004
 3.381563e-001 -4.073518e-004  9.557430e-004
 3.388512e-001  5.448804e-004  9.376018e-004
 3.395461e-001 -2.593999e-005  9.372460e-004
 3.402410e-001  4.065823e-004  9.247666e-004
 3.409358e-001  7.301488e-004  9.283132e-004
 3.416307e-001  8.572873e-004  9.236409e-004
 3.423255e-001  5.476121e-004  9.210737e-004
 3.430204e-001  6.883145e-004  9.140036e-004
 3.437152e-001  6.499447e-004  9.197353e-004
 3.444100e-001  2.484378e-004  9.148388e-004
 3.451048e-001  8.279950e-004  9.169267e-004
 3.457996e-001  3.959754e-004  9.150459e-004
 3.464944e-001  4.828173e-004  9.135631e-004
 3.471892e-001  8.318888e-004  9.131072e-004
 3.478839e-001 -2.026502e-004  9.112107e-004
 3.485787e-001 -3.402525e-004  9.056004e-004
 3.492734e-001  1.254769e-003  9.068104e-004
 3.499681e-001  2.178745e-004  9.027131e-004
 3.506629e-001  2.456026e-004  8.992843e-004
 3.513576e-001  4.654645e-004  9.043367e-004
 3.520523e-001  9.488974e-004  8.998476e-004
 3.527470e-001  7.295890e-004  9.023463e-004
 3.534416e-001  3.369326e-004  8.970083e-004
 3.541363e-001  1.342780e-004  9.083314e-004
 3.548310e-001  4.638039e-004  8.967075e-004
 3.555256e-001  5.973775e-004  9.030946e-004
 3.562202e-001  1.385775e-003  9.073351e-004
 3.569149e-001  1.115562e-003  9.087506e-004
 3.576095e-001  3.537635e-004  9.015803e-004
 3.583041e-001 -3.108681e-004  9.013384e-004
 3.589987e-001  8.128127e-004  8.989066e-004
 3.596933e-001  2.647090e-004  8.996694e-004
 3.603878e-001  7.754368e-004  9.021508e-004
 3.610824e-001  4.234486e-004  9.049849e-004
 3.617770e-001  3.243968e-004  9.035231e-004
 3.624715e-001  5.963218e-005  8.993562e-004
 3.631660e-001  5.471091e-004  9.011727e-004
 3.638606e-001 -2.406911e-004  8.989424e-004
 3.645551e-001  4.874544e-004  9.077184e-004
 3.652496e-001  2.202591e-004  9.082707e-004
 3.659441e-001  1.094263e-003  9.043584e-004
 3.666385e-001  3.780433e-005  9.002331e-004
 3.673330e-001  1.277489e-003  9.107163e-004
 3.680274e-001  3.718572e-004  9.089044e-004
 3.687219e-001  8.251527e-004  9.040325e-004
 3.694163e-001 -6.301654e-004  8.981008e-004
 3.701107e-001  2.161825e-004  9.024956e-004
 3.708052e-001  8.879431e-004  8.931490e-004
 3.714996e-001  6.392911e-004  8.898288e-004
 3.721940e-001  1.248022e-004  8.939845e-004
 3.728883e-001  4.851477e-004  9.012048e-004
 3.735827e-001  5.363250e-004  8.988603e-004
 3.742771e-001  1.161521e-004  9.011267e-004
 3.749714e-001  2.450670e-004  9.001782e-004
 3.756657e-001 -4.287153e-004  8.965454e-004
 3.763601e-001  2.811127e-004  9.020471e-004
 3.770544e-001  3.909334e-004  9.051235e-004
 3.777487e-001  8.824159e-004  9.025886e-004
 3.784430e-001  3.354261e-004  8.979199e-004
 3.791373e-001  2.390655e-004  9.011023e-004
 3.798315e-001  4.275494e-004  9.016150e-004
 3.805258e-001  9.947218e-004  9.063971e-004
 3.812200e-001 -4.332892e-004  9.064041e-004
 3.819143e-001  6.375358e-004  8.998711e-004
 3.826085e-001  7.154612e-004  8.978747e-004
 3.833027e-001  4.312900e-004  9.042244e-004
 3.839969e-001  6.174179e-004  8.981032e-004
 3.846911e-001  1.111559e-004  8.984621e-004
 3.853853e-001  8.019173e-004  9.019886e-004
 3.860794e-001  2.241827e-004  9.005467e-004
 3.867736e-001  1.425991e-003  8.983560e-004
 3.874678e-001  4.659724e-004  8.937616e-004
 3.881619e-001  3.662270e-005  9.014808e-004
 3.888560e-001  5.087478e-004  8.990534e-004
 3.895501e-001  2.275768e-004  9.070340e-004
 3.902442e-001  5.809361e-005  8.944228e-004
 3.909383e-001  2.008837e-003  9.015431e-004
 3.916324e-001  7.679056e-004  8.996570e-004
 3.923264e-001 -3.892050e-004  9.049087e-004
 3.930205e-001 -7.588044e-005  9.010652e-004
 3.937146e-001  2.832233e-004  9.060540e-004
 3.944086e-001  1.832332e-004  8.961935e-004
 3.951026e-001  3.622766e-004  9.047136e-004
 3.957966e-001  4.500319e-004  9.045132e-004
 3.964906e-001  1.022999e-003  9.071105e-004
 3.971846e-001  5.887979e-004  9.039157e-004
 3.978786e-001  4.622172e-004  9.053185e-004
 3.985725e-001  3.584647e-004  9.050018e-004
 3.992665e-001  1.759971e-003  9.064940e-004
 3.999604e-001  5.831665e-004  9.082485e-004
 4.006543e-001 -1.105131e-004  9.013940e-004
 4.013482e-001  1.077938e-003  9.088868e-004
 4.020421e-001  1.744329e-004  9.011610e-004
 4.027360e-001  6.149328e-004  9.058443e-004
 4.034299e-001  8.954229e-005  9.100253e-004
 4.041238e-001  9.057171e-004  9.027036e-004
 4.048176e-001  3.610232e-004  9.025300e-004
 4.055115e-001 -1.023135e-005  9.386631e-004
 4.062053e-001  3.148696e-004  9.515202e-004
 4.068991e-001 -2.918581e-005  9.780466e-004
 4.075929e-001  3.296438e-004  9.855638e-004
 4.082867e-001  8.458005e-004  1.000445e-003
 4.089805e-001  1.387950e-004  1.016727e-003
 4.096743e-001 -4.016061e-005  1.016295e-003
 4.103680e-001 -1.228346e-004  1.028983e-003
 4.110618e-001 -4.845586e-004  1.032949e-003
 4.117555e-001  1.146577e-003  1.054060e-003
 4.124492e-001  5.853799e-004  1.065628e-003
 4.131430e-001  2.150662e-004  1.084117e-003
 4.138367e-001  8.662701e-004  1.077489e-003
 4.145303e-001  6.423762e-004  1.092731e-003
 4.152240e-001  9.285295e-004  1.101896e-003
 4.159177e-001  4.344928e-004  1.111153e-003
 4.166113e-001  4.415183e-004  1.118064e-003
 4.173050e-001  4.488252e-004  1.131515e-003
 4.179986e-001  5.677166e-005  1.145382e-003
 4.186922e-001  1.157853e-003  1.158295e-003
 4.193858e-001 -5.825704e-005  1.153946e-003
 4.200794e-001 -2.386184e-004  1.172416e-003
 4.207730e-001  4.389123e-004  1.163252e-003
 4.214666e-001 -4.026657e-004  1.196699e-003
 4.221601e-001  6.870361e-004  1.205134e-003
 4.228536e-001 -1.354886e-004  1.209534e-003
 4.235472e-001  1.666494e-004  1.223287e-003
 4.242407e-001 -5.247078e-004  1.227714e-003
 4.249342e-001  6.330342e-004  1.244390e-003
 4.256277e-001  1.213697e-003  1.254580e-003
 4.263211e-001  7.036496e-004  1.275325e-003
 4.270146e-001  1.205592e-003  1.261727e-003
 4.277081e-001  4.454188e-004  1.294837e-003
 4.284015e-001 -3.463208e-004  1.294986e-003
 4.290949e-001  1.480279e-002  1.464985e-002
 4.297883e-001 -1.653053e-004  1.319830e-003
 4.304818e-001 -4.924333e-004  1.341220e-003
 4.311751e-001 -6.293410e-006  1.339628e-003
 4.318685e-001  2.790990e-004  1.364791e-003
 4.325619e-001  7.307497e-004  1.375308e-003
 4.332552e-001  5.783230e-004  1.401133e-003
 4.339486e-001  8.412118e-004  1.399849e-003
 4.346419e-001  3.205013e-005  1.414233e-003
 4.353352e-001  3.630471e-004  1.425157e-003
 4.360285e-001  3.756241e-004  1.432790e-003
 4.367218e-001 -2.691385e-005  1.438756e-003
 4.374151e-001  2.483362e-004  1.450932e-003
 4.381083e-001  1.074630e-003  1.465960e-003
 4.388016e-001  1.238731e-003  1.457020e-003
 4.394948e-001  4.495324e-004  1.489435e-003
 4.401881e-001 -1.773857e-003  1.480920e-003
 4.408813e-001  4.581232e-004  1.525504e-003
 4.415745e-001 -8.491206e-005  1.525778e-003
 4.422676e-001  9.913445e-004  1.569258e-003
 4.429608e-001  8.979548e-004  1.566087e-003
 4.436540e-001  1.051145e-003  1.588836e-003
 4.443471e-001  1.226287e-003  1.609532e-003
 4.450403e-001  7.805381e-004  1.621907e-003
 4.457334e-001  1.623360e-004  1.634159e-003
 4.464265e-001  2.780461e-004  1.664774e-003
 4.471196e-001 -6.754629e-004  1.673951e-003
 4.478126e-001  2.948216e-004  1.688995e-003
 4.485057e-001 -6.648753e-004  1.730853e-003
 4.491988e-001 -9.641164e-004  1.729930e-003
 4.498918e-001  2.651768e-004  1.764772e-003
 4.505848e-001 -1.824974e-003  1.765296e-003
 4.512778e-001  2.288680e-004  1.821171e-003
 4.519709e-001  1.515319e-003  1.833169e-003
 4.526638e-001 -9.514276e-005  1.872433e-003
 4.533568e-001  2.711813e-003  1.873022e-003
 4.540498e-001  1.632001e-004  1.928314e-003
 4.547427e-001  1.418654e-003  1.954572e-003
 4.554357e-001 -4.194503e-004  1.961363e-003
 4.561286e-001 -5.359895e-004  2.016466e-003
 4.568215e-001 -1.383034e-003  2.011924e-003
 4.575144e-001 -2.734641e-003  2.071507e-003
 4.582073e-001 -1.137834e-004  2.083397e-003
 4.589001e-001 -8.028813e-004  2.147094e-003
 4.595930e-001  2.256503e-003  2.212632e-003
 4.602858e-001  1.018726e-003  2.261588e-003
 4.609787e-001 -1.037777e-003  2.280504e-003
 4.616715e-001  2.889125e-003  2.345600e-003
 4.623643e-001  2.640510e-003  2.381817e-003
 4.630571e-001  1.008374e-003  2.428498e-003
 4.637498e-001  8.093711e-004  2.487363e-003
 4.644426e-001 -1.392951e-003  2.542404e-003
 4.651354e-001 -2.811828e-004  2.593913e-003
 4.658281e-001 -2.086936e-003  2.659169e-003
 4.665208e-001  2.803125e-003  2.734752e-003
 4.672135e-001  9.984768e-004  2.811716e-003
 4.679062e-001  5.590133e-004  2.839285e-003
 4.685989e-001  3.124962e-004  2.975642e-003
 4.692915e-001 -1.298447e-003  2.959582e-003
 4.699842e-001 -1.479419e-003  2.971148e-003
 4.706768e-001 -9.896414e-004  3.037084e-003
 4.713695e-001 -6.628613e-004  3.118238e-003
 4.720621e-001 -4.558261e-004  3.238055e-003
 4.727547e-001 -2.553788e-004  3.245098e-003
 4.734472e-001 -6.467818e-004  3.315170e-003
 4.741398e-001 -2.091866e-003  3.345047e-003
 4.748324e-001  2.111065e-003  3.480796e-003
 4.755249e-001  7.385301e-004  3.585096e-003
 4.762174e-001  4.054721e-004  3.545783e-003
 4.769099e-001 -1.535608e-003  3.661074e-003
 4.776024e-001  3.900513e-004  3.769267e-003
 4.782949e-001  1.932437e-003  3.922582e-003
 4.789874e-001  1.883255e-003  4.010812e-003
 4.796799e-001 -9.664523e-004  4.006034e-003
 4.803723e-001  5.044535e-005  4.299337e-003
 4.810647e-001  5.133139e-003  4.453602e-003
 4.817571e-001  3.427631e-003  4.671342e-003
 4.824495e-001 -1.176289e-003  4.774255e-003
 4.831419e-001  9.713022e-004  4.869485e-003
 4.838343e-001  1.337202e-003  5.165477e-003
 4.845267e-001 -1.361351e-003  5.226349e-003
 4.852190e-001 -3.854975e-003  5.528271e-003
 4.859113e-001  3.227524e-003  5.649138e-003
 4.866036e-001 -2.457112e-003  6.370311e-003
 4.872959e-001 -8.242706e-004  7.045887e-003
 4.879882e-001  8.311061e-005  7.580759e-003
 4.886805e-001  1.778281e-003  9.920937e-003
 4.893728e-001 -1.199396e-003  1.107910e-002
 4.900650e-001  4.335591e-003  1.055414e-002
 4.907572e-001  2.075440e-003  1.669581e-002
 4.914494e-001 -1.038897e-002  2.377565e-002
range-from: 1
range-to: 701
data-frames-directory: G:/My Drive/PhD/SAXS/SAXS data processing/HPLC SAXS March 2023/Reduced images for Chromixs/301_75mgml
parent-buffer-frame-index-first: 51
parent-buffer-frame-index-last: 101
parent-buffer-frames: 3_01_75mg_13897_0001.dat 3_01_75mg_13898_0001.dat 3_01_75mg_13899_0001.dat 3_01_75mg_13900_0001.dat 3_01_75mg_13901_0001.dat 3_01_75mg_13902_0001.dat 3_01_75mg_13903_0001.dat 3_01_75mg_13904_0001.dat 3_01_75mg_13905_0001.dat 3_01_75mg_13906_0001.dat 3_01_75mg_13907_0001.dat 3_01_75mg_13908_0001.dat 3_01_75mg_13909_0001.dat 3_01_75mg_13910_0001.dat 3_01_75mg_13911_0001.dat 3_01_75mg_13912_0001.dat 3_01_75mg_13913_0001.dat 3_01_75mg_13914_0001.dat 3_01_75mg_13915_0001.dat 3_01_75mg_13916_0001.dat 3_01_75mg_13917_0001.dat 3_01_75mg_13918_0001.dat 3_01_75mg_13919_0001.dat 3_01_75mg_13920_0001.dat 3_01_75mg_13921_0001.dat 3_01_75mg_13922_0001.dat 3_01_75mg_13923_0001.dat 3_01_75mg_13924_0001.dat 3_01_75mg_13925_0001.dat 3_01_75mg_13926_0001.dat 3_01_75mg_13927_0001.dat 3_01_75mg_13928_0001.dat 3_01_75mg_13929_0001.dat 3_01_75mg_13930_0001.dat 3_01_75mg_13931_0001.dat 3_01_75mg_13932_0001.dat 3_01_75mg_13933_0001.dat 3_01_75mg_13934_0001.dat 3_01_75mg_13935_0001.dat 3_01_75mg_13936_0001.dat 3_01_75mg_13937_0001.dat 3_01_75mg_13938_0001.dat 3_01_75mg_13939_0001.dat 3_01_75mg_13940_0001.dat 3_01_75mg_13941_0001.dat 3_01_75mg_13942_0001.dat 3_01_75mg_13943_0001.dat 3_01_75mg_13944_0001.dat 3_01_75mg_13945_0001.dat 3_01_75mg_13946_0001.dat 3_01_75mg_13947_0001.dat
parent-sample-frame-index-first: 274
parent-sample-frame-index-last: 291
parent-sample-frames: 3_01_75mg_14120_0001.dat 3_01_75mg_14121_0001.dat 3_01_75mg_14122_0001.dat 3_01_75mg_14123_0001.dat 3_01_75mg_14124_0001.dat 3_01_75mg_14125_0001.dat 3_01_75mg_14126_0001.dat 3_01_75mg_14127_0001.dat 3_01_75mg_14128_0001.dat 3_01_75mg_14129_0001.dat 3_01_75mg_14130_0001.dat 3_01_75mg_14131_0001.dat 3_01_75mg_14132_0001.dat 3_01_75mg_14133_0001.dat 3_01_75mg_14134_0001.dat 3_01_75mg_14135_0001.dat 3_01_75mg_14136_0001.dat 3_01_75mg_14137_0001.dat
