Sample description: REMARK 265
Sample: REMARK 265  c= 0 mg/ml  Code: 
  8.418895e-03   3.290160e+01   3.104840e-01
  8.888228e-03   3.261170e+01   3.097070e-01
  9.357561e-03   3.203950e+01   2.839150e-01
  9.826893e-03   3.237990e+01   2.594960e-01
  1.029623e-02   3.215740e+01   2.292040e-01
  1.076556e-02   3.171630e+01   2.392000e-01
  1.123489e-02   3.203130e+01   2.261060e-01
  1.170422e-02   3.166830e+01   2.046190e-01
  1.217356e-02   3.142950e+01   1.913260e-01
  1.264289e-02   3.133920e+01   1.924970e-01
  1.311222e-02   3.081090e+01   1.840620e-01
  1.358155e-02   3.054060e+01   1.819000e-01
  1.405089e-02   3.026160e+01   1.683800e-01
  1.452022e-02   2.991650e+01   1.731490e-01
  1.498955e-02   2.993380e+01   1.606620e-01
  1.545888e-02   3.003540e+01   1.612690e-01
  1.592822e-02   2.962390e+01   1.531610e-01
  1.639755e-02   2.911970e+01   1.436180e-01
  1.686688e-02   2.895740e+01   1.464180e-01
  1.733622e-02   2.869270e+01   1.451290e-01
  1.780555e-02   2.814140e+01   1.383090e-01
  1.827488e-02   2.785550e+01   1.347160e-01
  1.874421e-02   2.777850e+01   1.328670e-01
  1.921355e-02   2.749790e+01   1.333550e-01
  1.968288e-02   2.730410e+01   1.318540e-01
  2.015221e-02   2.667380e+01   1.257110e-01
  2.062154e-02   2.695680e+01   1.198230e-01
  2.109088e-02   2.622040e+01   1.222290e-01
  2.156021e-02   2.589860e+01   1.226700e-01
  2.202954e-02   2.591030e+01   1.171860e-01
  2.249887e-02   2.510210e+01   1.138700e-01
  2.296821e-02   2.490170e+01   1.145880e-01
  2.343754e-02   2.458000e+01   1.150360e-01
  2.390687e-02   2.443920e+01   1.113420e-01
  2.437621e-02   2.398630e+01   1.085530e-01
  2.484554e-02   2.367290e+01   1.087710e-01
  2.531487e-02   2.349190e+01   1.083540e-01
  2.578420e-02   2.300960e+01   1.044820e-01
  2.625354e-02   2.292820e+01   1.005540e-01
  2.672287e-02   2.248600e+01   1.045230e-01
  2.719220e-02   2.227570e+01   1.034950e-01
  2.766153e-02   2.186370e+01   1.002240e-01
  2.813087e-02   2.182470e+01   9.714650e-02
  2.860020e-02   2.107670e+01   9.507280e-02
  2.906953e-02   2.095150e+01   9.888100e-02
  2.953886e-02   2.031290e+01   9.704420e-02
  3.000820e-02   2.036700e+01   9.195830e-02
  3.047753e-02   2.004330e+01   9.273090e-02
  3.094686e-02   1.952750e+01   9.152300e-02
  3.141619e-02   1.944340e+01   9.415230e-02
  3.188553e-02   1.903040e+01   8.732530e-02
  3.235486e-02   1.864280e+01   8.846750e-02
  3.282419e-02   1.828640e+01   8.926190e-02
  3.329353e-02   1.808220e+01   8.952060e-02
  3.376286e-02   1.776970e+01   8.424920e-02
  3.423219e-02   1.785880e+01   8.518490e-02
  3.470152e-02   1.747190e+01   8.554210e-02
  3.517086e-02   1.714530e+01   9.020070e-02
  3.564019e-02   1.700290e+01   8.826200e-02
  3.610952e-02   1.651670e+01   8.742510e-02
  3.657885e-02   1.602340e+01   9.602310e-02
  3.704819e-02   1.570910e+01   9.188280e-02
  3.751752e-02   1.544610e+01   9.457240e-02
  3.798685e-02   1.531990e+01   8.920410e-02
  3.845618e-02   1.527240e+01   9.349980e-02
  3.892552e-02   1.480520e+01   9.240260e-02
  3.939485e-02   1.472490e+01   9.427920e-02
  3.986418e-02   1.429580e+01   9.485040e-02
  4.033351e-02   1.412780e+01   9.871290e-02
  4.080285e-02   1.376820e+01   1.017480e-01
  4.127218e-02   1.365020e+01   1.027530e-01
  4.174151e-02   1.340990e+01   1.025880e-01
  4.221085e-02   1.307950e+01   1.045320e-01
  4.268018e-02   1.271110e+01   1.105330e-01
  4.314951e-02   1.272640e+01   1.103170e-01
  4.361884e-02   1.253760e+01   1.096690e-01
  4.408818e-02   1.227550e+01   1.107640e-01
  4.455751e-02   1.228390e+01   1.143180e-01
  4.502684e-02   1.172820e+01   1.124190e-01
  4.549617e-02   1.181390e+01   1.156760e-01
  4.596551e-02   1.158210e+01   1.113410e-01
  4.643484e-02   1.148050e+01   1.099500e-01
  4.690417e-02   1.120960e+01   1.071210e-01
  4.737350e-02   1.099080e+01   1.039590e-01
  4.784284e-02   1.090120e+01   1.041560e-01
  4.831217e-02   1.028970e+01   1.032240e-01
  4.878150e-02   1.038660e+01   1.014400e-01
  4.925083e-02   1.025640e+01   1.033080e-01
  4.972017e-02   1.006300e+01   1.013370e-01
  5.018950e-02   1.001960e+01   9.741740e-02
  5.065883e-02   9.670330e+00   9.805490e-02
  5.112817e-02   9.577490e+00   1.032820e-01
  5.159750e-02   9.048560e+00   9.916770e-02
  5.206683e-02   9.138930e+00   9.388700e-02
  5.253616e-02   9.215020e+00   9.806610e-02
  5.300550e-02   8.952850e+00   9.799280e-02
  5.347483e-02   8.784880e+00   9.605790e-02
  5.394416e-02   8.647840e+00   9.334430e-02
  5.441349e-02   8.459960e+00   9.362370e-02
  5.488283e-02   8.433520e+00   9.654860e-02
  5.535216e-02   8.156890e+00   9.386390e-02
  5.582149e-02   8.002270e+00   8.909920e-02
  5.629082e-02   7.970310e+00   9.039700e-02
  5.676016e-02   8.006800e+00   9.099960e-02
  5.722949e-02   7.586170e+00   9.207870e-02
  5.769882e-02   7.756780e+00   8.870510e-02
  5.816816e-02   7.494770e+00   8.764000e-02
  5.863749e-02   7.321410e+00   8.774910e-02
  5.910682e-02   7.312960e+00   9.202620e-02
  5.957615e-02   7.104610e+00   8.674490e-02
  6.004549e-02   7.232430e+00   8.592680e-02
  6.051482e-02   6.980380e+00   8.692230e-02
  6.098415e-02   6.796070e+00   8.816630e-02
  6.145348e-02   6.720570e+00   8.494920e-02
  6.192282e-02   6.664240e+00   8.638790e-02
  6.239215e-02   6.391980e+00   8.554250e-02
  6.286148e-02   6.388990e+00   8.570400e-02
  6.333081e-02   6.607310e+00   8.689080e-02
  6.380015e-02   6.369830e+00   8.248470e-02
  6.426948e-02   6.243990e+00   8.601440e-02
  6.473881e-02   5.910800e+00   8.477090e-02
  6.520814e-02   6.128990e+00   8.642790e-02
  6.567748e-02   5.785940e+00   8.255780e-02
  6.614681e-02   5.830070e+00   8.195640e-02
  6.661614e-02   5.812210e+00   8.311560e-02
  6.708548e-02   5.538280e+00   8.436480e-02
  6.755481e-02   5.700630e+00   8.326260e-02
  6.802414e-02   5.526360e+00   8.181420e-02
  6.849347e-02   5.474550e+00   8.266290e-02
  6.896281e-02   5.383020e+00   8.487680e-02
  6.943214e-02   5.395970e+00   8.235100e-02
  6.990147e-02   5.437910e+00   8.125750e-02
  7.037080e-02   5.244710e+00   8.133060e-02
  7.084014e-02   5.166890e+00   8.156940e-02
  7.130947e-02   4.991800e+00   8.188460e-02
  7.177880e-02   5.043960e+00   7.911780e-02
  7.224813e-02   4.889760e+00   7.965910e-02
  7.271747e-02   5.013070e+00   8.090780e-02
  7.318680e-02   4.675920e+00   8.101600e-02
  7.365613e-02   4.546000e+00   8.001440e-02
  7.412546e-02   4.596020e+00   7.885580e-02
  7.459480e-02   4.613530e+00   7.975800e-02
  7.506413e-02   4.263690e+00   7.875630e-02
  7.553346e-02   4.639870e+00   7.989420e-02
  7.600280e-02   4.485410e+00   7.756450e-02
  7.647213e-02   4.549800e+00   7.790650e-02
  7.694146e-02   4.091780e+00   7.913360e-02
  7.741079e-02   4.071510e+00   7.833540e-02
  7.788013e-02   4.107880e+00   7.695830e-02
  7.834946e-02   4.179470e+00   7.697590e-02
  7.881879e-02   4.186900e+00   7.890860e-02
  7.928812e-02   3.944660e+00   7.723820e-02
  7.975746e-02   4.027110e+00   7.567380e-02
  8.022679e-02   4.060140e+00   7.659200e-02
  8.069612e-02   3.772580e+00   7.737730e-02
  8.116545e-02   3.644410e+00   7.669100e-02
  8.163479e-02   3.651550e+00   7.543430e-02
  8.210412e-02   3.677550e+00   7.458240e-02
  8.257345e-02   3.478040e+00   7.626650e-02
  8.304279e-02   3.591890e+00   7.523750e-02
  8.351212e-02   3.592960e+00   7.596430e-02
  8.398145e-02   3.474240e+00   7.362850e-02
  8.445078e-02   3.549560e+00   7.510010e-02
  8.492012e-02   3.461190e+00   7.528480e-02
  8.538945e-02   3.305580e+00   7.540280e-02
  8.585878e-02   3.304070e+00   7.388690e-02
  8.632811e-02   3.251960e+00   7.374490e-02
  8.679745e-02   3.163130e+00   7.462400e-02
  8.726678e-02   3.286350e+00   7.434610e-02
  8.773611e-02   3.060070e+00   7.232180e-02
  8.820544e-02   2.994960e+00   7.289280e-02
  8.867478e-02   2.894530e+00   7.396860e-02
  8.914411e-02   3.117840e+00   7.445510e-02
  8.961344e-02   2.834340e+00   7.186470e-02
  9.008277e-02   2.875160e+00   7.213370e-02
  9.055211e-02   2.878080e+00   7.440190e-02
  9.102144e-02   2.798440e+00   7.220670e-02
  9.149077e-02   2.706050e+00   7.161210e-02
  9.196011e-02   2.568130e+00   7.164320e-02
  9.242944e-02   2.549280e+00   7.187730e-02
  9.289877e-02   2.653230e+00   7.342840e-02
  9.336810e-02   2.558270e+00   7.276860e-02
  9.383744e-02   2.499250e+00   6.891380e-02
  9.430677e-02   2.398370e+00   7.316590e-02
  9.477610e-02   2.430890e+00   7.195030e-02
  9.524543e-02   2.370620e+00   7.120040e-02
  9.571477e-02   2.436630e+00   6.951720e-02
  9.618410e-02   2.326730e+00   7.038490e-02
  9.665343e-02   2.308070e+00   7.114450e-02
  9.712276e-02   2.278250e+00   7.053230e-02
  9.759210e-02   2.387580e+00   6.870640e-02
  9.806143e-02   2.444870e+00   6.994150e-02
  9.853076e-02   2.287590e+00   7.035130e-02
  9.900009e-02   2.404210e+00   7.093370e-02
  9.946943e-02   2.095150e+00   6.848750e-02
  9.993876e-02   1.958970e+00   6.916640e-02
  1.004081e-01   1.914820e+00   6.917060e-02
  1.008774e-01   1.984020e+00   7.039210e-02
  1.013468e-01   1.974410e+00   6.875020e-02
  1.018161e-01   2.074900e+00   6.747620e-02
  1.022854e-01   2.008330e+00   7.001180e-02
  1.027548e-01   1.889930e+00   6.862820e-02
  1.032241e-01   1.904530e+00   6.973170e-02
  1.036934e-01   2.022000e+00   6.768930e-02
  1.041628e-01   1.850270e+00   6.813630e-02
  1.046321e-01   1.914510e+00   6.758710e-02
  1.051014e-01   1.806580e+00   6.811390e-02
  1.055708e-01   1.702300e+00   6.678290e-02
  1.060401e-01   1.745620e+00   6.719120e-02
  1.065094e-01   1.586100e+00   6.790570e-02
  1.069787e-01   1.770390e+00   6.803430e-02
  1.074481e-01   1.717060e+00   6.678590e-02
  1.079174e-01   1.738140e+00   6.750650e-02
  1.083867e-01   1.667520e+00   6.708740e-02
  1.088561e-01   1.491580e+00   6.698460e-02
  1.093254e-01   1.455080e+00   6.614870e-02
  1.097947e-01   1.746420e+00   6.564280e-02
  1.102641e-01   1.519990e+00   6.609300e-02
  1.107334e-01   1.568090e+00   6.663590e-02
  1.112027e-01   1.543000e+00   6.639250e-02
  1.116721e-01   1.330660e+00   6.484900e-02
  1.121414e-01   1.196730e+00   6.550110e-02
  1.126107e-01   1.359840e+00   6.572980e-02
  1.130801e-01   1.143230e+00   6.608340e-02
  1.135494e-01   1.337770e+00   6.514800e-02
  1.140187e-01   1.310070e+00   6.441600e-02
  1.144881e-01   1.169660e+00   6.554790e-02
  1.149574e-01   1.342330e+00   6.663220e-02
  1.154267e-01   1.274670e+00   6.448680e-02
  1.158961e-01   1.230220e+00   6.411710e-02
  1.163654e-01   1.283650e+00   6.509970e-02
  1.168347e-01   1.212280e+00   6.589240e-02
  1.173041e-01   1.214210e+00   6.363660e-02
  1.177734e-01   1.235890e+00   6.364610e-02
  1.182427e-01   1.026940e+00   6.424080e-02
  1.187121e-01   1.210200e+00   6.514180e-02
  1.191814e-01   1.146720e+00   6.468990e-02
  1.196507e-01   1.040290e+00   6.247480e-02
  1.201201e-01   1.034620e+00   6.505510e-02
  1.205894e-01   9.583170e-01   6.751540e-02
  1.210587e-01   1.038080e+00   6.855290e-02
  1.215281e-01   1.020720e+00   6.841300e-02
  1.219974e-01   9.476690e-01   6.931010e-02
  1.224667e-01   1.203470e+00   7.140080e-02
  1.229361e-01   1.071990e+00   7.116780e-02
  1.234054e-01   1.091720e+00   7.029460e-02
  1.238747e-01   1.061030e+00   7.256590e-02
  1.243441e-01   9.187830e-01   7.376860e-02
  1.248134e-01   9.140150e-01   7.353450e-02
  1.252827e-01   9.953090e-01   7.262850e-02
  1.257521e-01   7.106200e-01   7.373780e-02
  1.262214e-01   7.222080e-01   7.450990e-02
  1.266907e-01   9.385780e-01   7.276930e-02
  1.271601e-01   9.050530e-01   6.906160e-02
  1.276294e-01   8.491380e-01   6.746520e-02
  1.280987e-01   8.073610e-01   6.800840e-02
  1.285681e-01   7.460210e-01   6.720480e-02
  1.290374e-01   7.902020e-01   6.658900e-02
  1.295067e-01   7.788150e-01   6.379010e-02
  1.299760e-01   9.675830e-01   6.554710e-02
  1.304454e-01   9.762010e-01   6.466250e-02
  1.309147e-01   6.590410e-01   6.430980e-02
  1.313840e-01   9.113060e-01   6.281540e-02
  1.318534e-01   6.123980e-01   6.525730e-02
  1.323227e-01   5.498010e-01   6.286040e-02
  1.327920e-01   7.312330e-01   6.394210e-02
  1.332614e-01   6.876870e-01   6.295670e-02
  1.337307e-01   7.773410e-01   6.250050e-02
  1.342000e-01   7.273020e-01   6.298380e-02
  1.346694e-01   6.249580e-01   6.292530e-02
  1.351387e-01   7.450600e-01   6.394540e-02
  1.356080e-01   8.182300e-01   6.198920e-02
  1.360774e-01   7.527390e-01   6.204340e-02
  1.365467e-01   6.904840e-01   6.269180e-02
  1.370160e-01   5.652020e-01   6.213450e-02
  1.374854e-01   6.068810e-01   6.143010e-02
  1.379547e-01   6.871660e-01   6.204180e-02
  1.384240e-01   7.031520e-01   6.178410e-02
  1.388934e-01   6.851900e-01   6.228720e-02
  1.393627e-01   5.876390e-01   6.194600e-02
  1.398320e-01   5.429810e-01   6.052360e-02
  1.403014e-01   6.684020e-01   6.186300e-02
  1.407707e-01   6.535160e-01   6.149010e-02
  1.412400e-01   7.080340e-01   6.067060e-02
  1.417094e-01   6.104480e-01   5.975310e-02
  1.421787e-01   6.079440e-01   6.137560e-02
  1.426480e-01   5.474810e-01   6.105350e-02
  1.431174e-01   6.078350e-01   6.097580e-02
  1.435867e-01   4.766120e-01   5.942480e-02
  1.440560e-01   5.495790e-01   6.027700e-02
  1.445254e-01   6.103230e-01   6.074320e-02
  1.449947e-01   4.107340e-01   6.069680e-02
  1.454640e-01   5.305150e-01   5.859640e-02
  1.459334e-01   3.813500e-01   5.941700e-02
  1.464027e-01   5.058550e-01   6.071160e-02
  1.468720e-01   6.153460e-01   6.049100e-02
  1.473414e-01   4.638300e-01   5.857220e-02
  1.478107e-01   4.901540e-01   5.889470e-02
  1.482800e-01   6.462140e-01   6.017950e-02
  1.487494e-01   7.156370e-01   6.004950e-02
  1.492187e-01   5.933830e-01   5.859490e-02
  1.496880e-01   4.047060e-01   6.007260e-02
  1.501574e-01   5.467720e-01   6.227810e-02
  1.506267e-01   4.823780e-01   6.472570e-02
  1.510960e-01   5.699080e-01   6.568670e-02
  1.515654e-01   4.494510e-01   6.380190e-02
  1.520347e-01   3.578640e-01   6.523970e-02
  1.525040e-01   3.830180e-01   6.478100e-02
  1.529733e-01   3.690250e-01   6.279520e-02
  1.534427e-01   3.865020e-01   6.093640e-02
  1.539120e-01   2.549310e-01   6.081050e-02
  1.543813e-01   4.242880e-01   6.187440e-02
  1.548507e-01   4.960570e-01   6.043360e-02
  1.553200e-01   4.425020e-01   5.859880e-02
  1.557893e-01   5.050170e-01   5.842280e-02
  1.562587e-01   4.546120e-01   5.908230e-02
  1.567280e-01   3.779100e-01   5.899150e-02
  1.571973e-01   3.436780e-01   5.693900e-02
  1.576667e-01   2.663090e-01   5.782110e-02
  1.581360e-01   3.961080e-01   5.862710e-02
  1.586053e-01   5.074710e-01   6.000870e-02
  1.590747e-01   3.089760e-01   5.722340e-02
  1.595440e-01   4.273660e-01   5.803790e-02
  1.600133e-01   4.071080e-01   5.821970e-02
  1.604827e-01   3.784070e-01   5.820120e-02
  1.609520e-01   3.886570e-01   5.787290e-02
  1.614213e-01   3.638830e-01   5.696680e-02
  1.618907e-01   3.714850e-01   5.794200e-02
  1.623600e-01   3.523380e-01   5.890610e-02
  1.628293e-01   2.981890e-01   5.842280e-02
  1.632987e-01   2.451830e-01   5.621420e-02
  1.637680e-01   3.714360e-01   5.779870e-02
  1.642373e-01   3.970910e-01   5.774650e-02
  1.647067e-01   3.275860e-01   5.819230e-02
  1.651760e-01   2.092910e-01   5.599390e-02
  1.656453e-01   2.720870e-01   5.694780e-02
  1.661147e-01   1.950710e-01   5.699940e-02
  1.665840e-01   3.899740e-01   5.742100e-02
  1.670533e-01   4.606010e-01   5.610660e-02
  1.675227e-01   2.865670e-01   5.613190e-02
  1.679920e-01   2.852670e-01   5.685090e-02
  1.684613e-01   2.918040e-01   5.699910e-02
  1.689307e-01   3.148740e-01   5.629930e-02
  1.694000e-01   2.302110e-01   5.560660e-02
  1.698693e-01   2.420690e-01   5.614770e-02
  1.703387e-01   3.391560e-01   5.648610e-02
  1.708080e-01   3.497230e-01   5.656310e-02
  1.712773e-01   3.167360e-01   5.499540e-02
  1.717467e-01   2.766820e-01   5.634710e-02
  1.722160e-01   2.737280e-01   5.552870e-02
  1.726853e-01   1.915570e-01   5.678950e-02
  1.731547e-01   3.621790e-01   5.454960e-02
  1.736240e-01   2.729240e-01   5.611560e-02
  1.740933e-01   2.934200e-01   5.637650e-02
  1.745626e-01   3.402970e-01   5.672640e-02
  1.750320e-01   3.428170e-01   5.468090e-02
  1.755013e-01   2.082640e-01   5.470040e-02
  1.759706e-01   2.108220e-01   5.648110e-02
  1.764400e-01   1.989750e-01   5.593530e-02
  1.769093e-01   2.112440e-01   5.473410e-02
  1.773786e-01   3.651730e-01   5.455010e-02
  1.778480e-01   2.617680e-01   5.516400e-02
  1.783173e-01   3.133120e-01   5.533720e-02
  1.787866e-01   8.846580e-02   5.492490e-02
  1.792560e-01   9.149540e-02   5.404840e-02
  1.797253e-01   1.124150e-01   5.490170e-02
  1.801946e-01   3.299470e-01   5.451820e-02
  1.806640e-01   7.683760e-02   5.590450e-02
  1.811333e-01   3.079580e-01   5.336970e-02
  1.816026e-01   3.954020e-01   5.449460e-02
  1.820720e-01   2.084620e-01   5.455380e-02
  1.825413e-01   3.217100e-01   5.501330e-02
  1.830106e-01   1.867690e-01   5.319500e-02
  1.834800e-01   3.036270e-01   5.497680e-02
  1.839493e-01   2.460190e-01   5.422420e-02
  1.844186e-01   1.516120e-01   5.459970e-02
  1.848880e-01   1.262270e-01   5.321830e-02
  1.853573e-01   2.952400e-01   5.347180e-02
  1.858266e-01   4.490260e-02   5.392650e-02
  1.862960e-01   1.814490e-02   5.392910e-02
  1.867653e-01   2.749020e-01   5.316540e-02
  1.872346e-01   1.991890e-01   5.386680e-02
  1.877040e-01   5.915530e-02   5.341800e-02
  1.881733e-01   2.498880e-01   5.362980e-02
  1.886426e-01   1.595050e-01   5.392780e-02
  1.891120e-01   1.987590e-01   5.272520e-02
  1.895813e-01   1.859060e-01   5.289350e-02
  1.900506e-01   1.901640e-01   5.365590e-02
  1.905200e-01   2.583250e-01   5.362270e-02
  1.909893e-01   2.725390e-01   5.235110e-02
  1.914586e-01   1.563340e-01   5.302980e-02
  1.919280e-01   2.595360e-01   5.304660e-02
  1.923973e-01   9.428680e-02   5.292770e-02
  1.928666e-01   2.954170e-01   5.210850e-02
  1.933360e-01   2.923050e-01   5.235190e-02
  1.938053e-01   3.212260e-01   5.248020e-02
  1.942746e-01   2.398900e-01   5.378430e-02
  1.947440e-01   1.273080e-01   5.181570e-02
  1.952133e-01   1.954390e-01   5.180530e-02
  1.956826e-01   7.787900e-02   5.225310e-02
  1.961520e-01   2.282380e-01   5.238060e-02
  1.966213e-01   2.437770e-01   5.303160e-02
  1.970906e-01   2.451640e-01   5.172480e-02
  1.975599e-01   3.913940e-02   5.201230e-02
  1.980293e-01   2.583940e-01   5.234070e-02
  1.984986e-01   2.753270e-01   5.254020e-02
  1.989679e-01   1.138020e-01   5.117330e-02
  1.994373e-01   1.727060e-01   5.224130e-02
  1.999066e-01   1.655640e-01   5.197170e-02
  2.003759e-01   2.122520e-01   5.288980e-02
  2.008453e-01   2.083380e-01   5.417780e-02
  2.013146e-01   2.127590e-01   5.490560e-02
  2.017839e-01   8.041580e-02   5.515430e-02
  2.022533e-01   1.024800e-01   5.673890e-02
  2.027226e-01   9.781640e-02   5.646180e-02
  2.031919e-01   1.662130e-01   6.049600e-02
  2.036613e-01   4.671070e-02   5.672660e-02
  2.041306e-01   1.970840e-01   5.869470e-02
  2.045999e-01   2.770850e-01   5.844920e-02
  2.050693e-01   1.516900e-01   5.776050e-02
  2.055386e-01   1.539390e-01   5.771050e-02
  2.060079e-01   9.912480e-02   5.799800e-02
  2.064773e-01   2.547410e-01   5.815610e-02
  2.069466e-01   2.045870e-01   5.725660e-02
  2.074159e-01   3.122720e-01   5.604270e-02
  2.078853e-01   2.116380e-01   5.496390e-02
  2.083546e-01   1.832270e-01   5.493140e-02
  2.088239e-01   5.032540e-02   5.287560e-02
  2.092933e-01   1.279450e-01   5.306240e-02
  2.097626e-01   9.807950e-02   5.348950e-02
  2.102319e-01   2.800310e-01   5.316050e-02
  2.107013e-01   1.680000e-01   5.167390e-02
  2.111706e-01   1.890410e-01   5.215950e-02
  2.116399e-01   1.868750e-01   5.274830e-02
  2.121093e-01   1.492220e-01   5.216710e-02
  2.125786e-01   4.854320e-02   5.226490e-02
  2.130479e-01   1.065370e-01   5.187270e-02
  2.135173e-01   1.218520e-01   5.157110e-02
  2.139866e-01   6.247710e-02   5.206410e-02
  2.144559e-01   8.592940e-02   5.220110e-02
  2.149253e-01   1.881370e-01   5.132090e-02
  2.153946e-01   2.122400e-01   5.130360e-02
  2.158639e-01   1.660740e-01   5.143780e-02
  2.163333e-01   2.133820e-01   5.146500e-02
  2.168026e-01   1.816060e-01   5.091230e-02
  2.172719e-01   1.096790e-01   5.093900e-02
  2.177413e-01   8.532810e-02   5.089880e-02
  2.182106e-01   1.401130e-01   5.191540e-02
  2.186799e-01   1.491230e-01   5.011430e-02
  2.191493e-01   1.800980e-01   5.105720e-02
  2.196186e-01   3.767340e-02   5.061100e-02
  2.200879e-01   4.735040e-02   5.122890e-02
  2.205572e-01   9.404940e-02   4.978670e-02
  2.210266e-01   4.427950e-02   5.038800e-02
  2.214959e-01   2.737810e-01   5.069780e-02
  2.219652e-01   1.075740e-01   5.070130e-02
  2.224346e-01   1.598450e-01   4.986810e-02
  2.229039e-01   9.528580e-02   5.027990e-02
  2.233732e-01   1.436960e-01   5.113730e-02
  2.238426e-01   4.589430e-02   5.041190e-02
  2.243119e-01   1.688680e-01   4.973540e-02
  2.247812e-01   7.755670e-02   4.977080e-02
  2.252506e-01   2.256640e-01   4.990930e-02
  2.257199e-01   1.024180e-01   5.073440e-02
  2.261892e-01   2.153250e-02   4.981410e-02
  2.266586e-01   6.087400e-03   4.902380e-02
  2.271279e-01   1.054200e-01   4.997890e-02
  2.275972e-01   2.421090e-01   5.047150e-02
  2.280666e-01   7.345570e-02   4.981100e-02
  2.285359e-01   5.673110e-02   4.894360e-02
  2.290052e-01   8.556090e-02   4.941000e-02
  2.294746e-01   1.387550e-01   4.975060e-02
  2.299439e-01   1.284870e-01   4.976670e-02
  2.304132e-01   7.702260e-02   5.060890e-02
  2.308826e-01   8.281090e-02   4.923390e-02
  2.313519e-01   7.627550e-02   4.916690e-02
  2.318212e-01   1.337880e-01   4.979130e-02
  2.322906e-01   6.500720e-02   4.846150e-02
  2.327599e-01   9.124410e-02   4.922920e-02
  2.332292e-01   7.335260e-02   4.921240e-02
  2.336986e-01  -6.217580e-02   4.905780e-02
  2.341679e-01   1.409080e-01   4.849770e-02
  2.346372e-01   6.782460e-02   4.837080e-02
  2.351066e-01   1.343610e-01   4.915720e-02
  2.355759e-01   2.568350e-01   4.890690e-02
  2.360452e-01   7.382750e-02   4.851300e-02
  2.365146e-01   1.875060e-01   4.787350e-02
  2.369839e-01   1.709870e-01   4.890180e-02
  2.374532e-01   9.514820e-02   4.955170e-02
  2.379226e-01   3.598490e-02   4.826810e-02
  2.383919e-01   2.004730e-01   4.821730e-02
  2.388612e-01   5.351590e-02   4.847660e-02
  2.393306e-01   1.332750e-01   4.859470e-02
  2.397999e-01   1.409940e-01   4.847990e-02
  2.402692e-01   1.828010e-01   4.816670e-02
  2.407386e-01   1.925290e-01   4.892510e-02
  2.412079e-01   5.483700e-02   4.810410e-02
  2.416772e-01   1.287950e-01   4.815540e-02
  2.421466e-01   9.581060e-02   4.745310e-02
  2.426159e-01  -2.587610e-03   4.832950e-02
  2.430852e-01   9.685280e-02   4.910210e-02
  2.435545e-01   9.234030e-02   4.846670e-02
  2.440239e-01  -3.988360e-02   4.758460e-02
  2.444932e-01   4.829190e-02   4.776050e-02
  2.449625e-01   1.748720e-01   4.769880e-02
  2.454319e-01   2.100030e-01   4.815010e-02
  2.459012e-01   8.208210e-02   4.813390e-02
  2.463705e-01   9.494050e-02   4.731710e-02
  2.468399e-01   5.409180e-02   4.823210e-02
  2.473092e-01   7.304350e-02   4.770110e-02
  2.477785e-01   1.867130e-01   4.791070e-02
  2.482479e-01   4.783240e-02   4.666250e-02
  2.487172e-01   8.747730e-02   4.716450e-02
  2.491865e-01   8.921790e-02   4.777350e-02
  2.496559e-01   7.435380e-02   4.737490e-02
  2.501252e-01   2.640420e-02   4.680400e-02
  2.505945e-01  -1.139370e-01   4.665590e-02
  2.510639e-01   1.219750e-01   4.716550e-02
  2.515332e-01   8.408940e-02   4.693800e-02
  2.520025e-01   4.449940e-02   4.645460e-02
  2.524719e-01   3.184650e-02   4.623850e-02
  2.529412e-01   1.177060e-02   4.672260e-02
  2.534105e-01   1.027870e-01   4.711700e-02
  2.538799e-01   1.230880e-01   4.638060e-02
  2.543492e-01   1.757050e-01   4.600350e-02
  2.548185e-01   1.379460e-01   4.645220e-02
  2.552879e-01   2.410240e-02   4.736330e-02
  2.557572e-01   9.412750e-03   4.671240e-02
  2.562265e-01   1.027900e-01   4.555830e-02
  2.566959e-01   1.180720e-01   4.727630e-02
  2.571652e-01   9.130340e-02   4.676610e-02
  2.576345e-01   6.236600e-02   4.690240e-02
  2.581039e-01   9.323430e-02   4.591680e-02
  2.585732e-01   6.945540e-02   4.636740e-02
  2.590425e-01   5.394040e-02   4.640130e-02
  2.595119e-01   7.709860e-02   4.668990e-02
  2.599812e-01   1.042180e-01   4.562700e-02
  2.604505e-01  -4.056470e-02   4.580990e-02
  2.609199e-01   9.264260e-02   4.666730e-02
  2.613892e-01   1.243930e-01   4.663490e-02
  2.618585e-01   5.138610e-02   4.532400e-02
  2.623279e-01   1.365700e-01   4.586850e-02
  2.627972e-01   6.639630e-02   4.594380e-02
  2.632665e-01   1.406230e-01   4.612210e-02
  2.637359e-01   1.275270e-01   4.568330e-02
  2.642052e-01   1.913730e-02   4.559270e-02
  2.646745e-01   1.195510e-01   4.738420e-02
  2.651438e-01   1.215290e-02   4.614580e-02
  2.656132e-01   5.154410e-02   4.585690e-02
  2.660825e-01  -4.124620e-03   4.487150e-02
  2.665518e-01   8.516440e-02   4.579620e-02
  2.670212e-01   1.195150e-01   4.749280e-02
  2.674905e-01   1.227050e-01   4.601420e-02
  2.679598e-01  -1.197660e-02   4.466910e-02
  2.684292e-01   2.684290e-02   4.578310e-02
  2.688985e-01   8.865130e-02   4.571270e-02
  2.693678e-01   1.140620e-01   4.585930e-02
  2.698372e-01  -3.940770e-02   4.608810e-02
  2.703065e-01  -4.272810e-03   4.574740e-02
  2.707758e-01   7.845300e-02   4.532580e-02
  2.712452e-01  -3.778630e-03   4.583110e-02
  2.717145e-01   4.987420e-02   4.462800e-02
  2.721838e-01   5.785300e-02   4.542420e-02
  2.726532e-01   6.693730e-02   4.528530e-02
  2.731225e-01   1.642550e-01   4.526410e-02
  2.735918e-01   7.195660e-02   4.477550e-02
  2.740612e-01   1.265450e-01   4.479880e-02
  2.745305e-01   1.948960e-02   4.510840e-02
  2.749998e-01   9.305720e-02   4.504880e-02
  2.754692e-01   1.900670e-02   4.495670e-02
  2.759385e-01   7.476900e-02   4.410740e-02
  2.764078e-01   4.030410e-02   4.548550e-02
  2.768772e-01   6.880490e-02   4.468850e-02
  2.773465e-01   9.196470e-02   4.496270e-02
  2.778158e-01   6.842110e-02   4.414510e-02
  2.782852e-01   6.143340e-02   4.474350e-02
  2.787545e-01  -1.719210e-02   4.445620e-02
  2.792238e-01  -2.585130e-02   4.499130e-02
  2.796932e-01   8.652480e-02   4.400010e-02
  2.801625e-01  -2.596510e-02   4.456140e-02
  2.806318e-01   1.313650e-02   4.430790e-02
  2.811012e-01   1.123520e-03   4.561050e-02
  2.815705e-01   5.904430e-02   4.650340e-02
  2.820398e-01   4.252570e-02   4.740290e-02
  2.825092e-01   7.798480e-02   4.737500e-02
  2.829785e-01   4.458140e-02   4.772970e-02
  2.834478e-01   5.900420e-02   4.795830e-02
  2.839172e-01   6.018150e-02   4.909970e-02
  2.843865e-01   3.725750e-02   4.874580e-02
  2.848558e-01   4.234910e-02   4.907280e-02
  2.853252e-01  -7.475890e-02   4.858950e-02
  2.857945e-01   2.682630e-02   4.875430e-02
  2.862638e-01   4.880180e-02   4.885720e-02
  2.867332e-01   1.897320e-02   4.890740e-02
  2.872025e-01   8.265400e-02   4.893170e-02
  2.876718e-01   2.445730e-02   4.692300e-02
  2.881411e-01   3.967970e-03   4.669930e-02
  2.886105e-01   6.881180e-02   4.621620e-02
  2.890798e-01   2.690080e-03   4.604180e-02
  2.895491e-01   5.910590e-02   4.502010e-02
  2.900185e-01  -2.099570e-02   4.503970e-02
  2.904878e-01   5.059720e-02   4.524880e-02
  2.909571e-01   1.357250e-01   4.527360e-02
  2.914265e-01   1.244330e-01   4.533690e-02
  2.918958e-01   9.417500e-02   4.475680e-02
  2.923651e-01   3.672850e-02   4.565810e-02
  2.928345e-01   7.965730e-02   4.454610e-02
  2.933038e-01   8.470970e-03   4.425810e-02
  2.937731e-01   1.105900e-02   4.448890e-02
  2.942425e-01   4.555480e-02   4.498620e-02
  2.947118e-01   6.133410e-02   4.534610e-02
  2.951811e-01   1.158220e-01   4.437520e-02
  2.956505e-01   1.621900e-02   4.415850e-02
  2.961198e-01   1.427330e-01   4.435890e-02
  2.965891e-01   1.020770e-01   4.507430e-02
  2.970585e-01   4.624940e-02   4.461360e-02
  2.975278e-01   1.787230e-02   4.386280e-02
  2.979971e-01   7.298670e-02   4.405670e-02
  2.984665e-01   1.344000e-01   4.412090e-02
  2.989358e-01   6.200860e-02   4.465610e-02
  2.994051e-01   8.513310e-02   4.357900e-02
  2.998745e-01   5.969880e-02   4.372130e-02
  3.003438e-01  -7.667140e-02   4.417430e-02
  3.008131e-01  -5.125920e-03   4.388000e-02
  3.012825e-01   1.490870e-02   4.402760e-02
  3.017518e-01  -1.873210e-02   4.341340e-02
  3.022211e-01   4.918360e-02   4.437000e-02
  3.026905e-01   4.836770e-02   4.412730e-02
  3.031598e-01   1.353830e-01   4.362290e-02
  3.036291e-01  -2.487530e-02   4.389920e-02
  3.040985e-01  -8.959890e-03   4.347540e-02
  3.045678e-01   3.908510e-02   4.380390e-02
  3.050371e-01   5.053400e-02   4.336210e-02
  3.055065e-01   5.493360e-02   4.301270e-02
  3.059758e-01   1.188660e-01   4.372020e-02
  3.064451e-01  -2.664970e-04   4.362100e-02
  3.069145e-01   3.561530e-02   4.319990e-02
  3.073838e-01   5.861350e-02   4.247650e-02
  3.078531e-01   4.359680e-02   4.335870e-02
  3.083225e-01  -4.265570e-02   4.401220e-02
  3.087918e-01  -1.236550e-02   4.422030e-02
  3.092611e-01   2.143970e-02   4.226810e-02
  3.097305e-01   9.347030e-02   4.288080e-02
  3.101998e-01  -9.001800e-02   4.320220e-02
  3.106691e-01   1.958350e-02   4.319140e-02
  3.111384e-01   1.183670e-01   4.224360e-02
  3.116078e-01   4.765340e-02   4.271930e-02
  3.120771e-01   9.534820e-02   4.287490e-02
  3.125464e-01   7.569100e-03   4.336890e-02
  3.130158e-01   5.911930e-02   4.247960e-02
  3.134851e-01   5.407690e-02   4.269610e-02
  3.139544e-01  -1.976950e-02   4.306990e-02
  3.144238e-01   1.397550e-02   4.290320e-02
  3.148931e-01   1.764100e-01   4.207440e-02
  3.153624e-01  -3.597920e-02   4.225510e-02
  3.158318e-01   4.944610e-02   4.267910e-02
  3.163011e-01   2.956860e-02   4.304970e-02
  3.167704e-01   4.757260e-02   4.289710e-02
  3.172398e-01   4.028670e-02   4.224870e-02
  3.177091e-01   1.454880e-02   4.241920e-02
  3.181784e-01   1.512130e-02   4.252970e-02
  3.186478e-01   5.660910e-02   4.323980e-02
  3.191171e-01   7.447880e-02   4.124530e-02
  3.195864e-01   9.312010e-02   4.200180e-02
  3.200558e-01  -4.490030e-02   4.212530e-02
  3.205251e-01   1.103850e-01   4.239400e-02
  3.209944e-01   1.268350e-01   4.148980e-02
  3.214638e-01   3.368620e-02   4.213160e-02
  3.219331e-01   5.673760e-02   4.228090e-02
  3.224024e-01   7.380700e-02   4.193710e-02
  3.228718e-01   7.560400e-02   4.152530e-02
  3.233411e-01   1.557170e-02   4.149320e-02
  3.238104e-01  -5.662810e-02   4.185920e-02
  3.242798e-01   1.080970e-01   4.245150e-02
  3.247491e-01   4.012610e-02   4.146710e-02
  3.252184e-01   9.682210e-02   4.182530e-02
  3.256878e-01   3.440520e-02   4.192610e-02
  3.261571e-01   3.784100e-02   4.167980e-02
  3.266264e-01   1.091110e-01   4.207710e-02
  3.270958e-01   1.167350e-01   4.144010e-02
  3.275651e-01   3.531880e-02   4.175430e-02
  3.280344e-01   9.482440e-02   4.147940e-02
  3.285038e-01   8.804810e-02   4.156960e-02
  3.289731e-01  -2.632190e-02   4.165190e-02
  3.294424e-01  -1.171890e-02   4.139540e-02
  3.299118e-01   7.714800e-03   4.148800e-02
  3.303811e-01   6.613210e-02   4.375400e-02
  3.308504e-01  -8.277920e-03   4.106120e-02
  3.313198e-01   7.455170e-02   4.147800e-02
  3.317891e-01   2.193200e-02   4.106310e-02
  3.322584e-01   4.858810e-02   4.145910e-02
  3.327277e-01   2.344010e-02   4.073420e-02
  3.331971e-01  -2.147660e-02   4.176510e-02
  3.336664e-01  -1.626660e-02   4.114780e-02
  3.341357e-01   1.399920e-01   4.138630e-02
  3.346051e-01   4.571060e-02   4.093990e-02
  3.350744e-01  -1.726250e-02   4.121420e-02
  3.355437e-01   1.445960e-01   4.147940e-02
  3.360131e-01   1.782020e-01   4.092860e-02
  3.364824e-01   8.791180e-02   4.075670e-02
  3.369517e-01   9.606730e-02   4.183920e-02
  3.374211e-01   5.133190e-02   4.222920e-02
  3.378904e-01   6.992930e-02   4.289320e-02
  3.383597e-01   7.697380e-02   4.305460e-02
  3.388291e-01   8.168700e-02   4.382260e-02
  3.392984e-01  -3.433150e-02   4.381190e-02
  3.397677e-01   8.205430e-02   4.408540e-02
  3.402371e-01   5.385860e-02   4.347940e-02
  3.407064e-01   3.349950e-02   4.376460e-02
  3.411757e-01   7.428750e-02   4.397860e-02
  3.416451e-01   5.404310e-02   4.409260e-02
  3.421144e-01  -4.275990e-03   4.518570e-02
  3.425837e-01   1.447360e-01   4.425470e-02
  3.430531e-01  -7.952740e-02   4.432920e-02
  3.435224e-01   5.161780e-02   4.536110e-02
  3.439917e-01   4.985430e-02   4.452600e-02
  3.444611e-01   1.466590e-02   4.405760e-02
  3.449304e-01   4.998140e-02   4.475640e-02
  3.453997e-01   8.107470e-03   4.470460e-02
  3.458691e-01   5.659840e-02   4.474880e-02
  3.463384e-01  -1.463330e-03   4.492230e-02
  3.468077e-01   8.453970e-02   4.525490e-02
  3.472771e-01   5.983430e-02   4.587230e-02
  3.477464e-01  -3.789910e-02   4.484480e-02
  3.482157e-01  -2.005470e-02   4.463210e-02
  3.486851e-01   1.715920e-01   4.582130e-02
  3.491544e-01   1.531650e-01   4.528960e-02
  3.496237e-01   4.315560e-02   4.549310e-02
  3.500931e-01   4.074960e-02   4.493790e-02
  3.505624e-01   4.172810e-02   4.622550e-02
  3.510317e-01   7.980910e-02   4.509720e-02
  3.515011e-01   1.153250e-02   4.565720e-02
  3.519704e-01   5.411270e-02   4.538700e-02
  3.524397e-01   5.089300e-02   4.515550e-02
  3.529091e-01   1.253370e-01   4.540830e-02
  3.533784e-01   6.493250e-02   4.566600e-02
  3.538477e-01   1.076020e-01   4.574640e-02
  3.543171e-01   2.992470e-02   4.511680e-02
  3.547864e-01  -9.768230e-02   4.526700e-02
  3.552557e-01  -7.325360e-03   4.617240e-02
  3.557250e-01   8.199890e-02   4.605530e-02
  3.561944e-01   1.619780e-01   4.530760e-02
  3.566637e-01   5.640080e-02   4.553690e-02
  3.571330e-01   7.339660e-05   4.613870e-02
  3.576024e-01   5.052410e-03   4.637630e-02
  3.580717e-01   3.059790e-03   4.537230e-02
  3.585410e-01   2.700800e-02   4.547670e-02
  3.590104e-01   2.261360e-02   4.612130e-02
  3.594797e-01   3.288300e-02   4.590000e-02
  3.599490e-01  -4.931570e-03   4.586060e-02
  3.604184e-01   8.633580e-03   4.568530e-02
  3.608877e-01  -6.017210e-02   4.555620e-02
  3.613570e-01  -3.879790e-02   4.749780e-02
  3.618264e-01   6.584180e-02   4.914680e-02
  3.622957e-01   1.550890e-01   4.870840e-02
  3.627650e-01   1.191560e-02   4.960970e-02
  3.632344e-01  -7.961770e-02   5.012460e-02
  3.637037e-01   1.321610e-01   5.166140e-02
  3.641730e-01   4.972710e-02   5.062410e-02
  3.646424e-01  -1.407460e-01   5.076270e-02
  3.651117e-01   2.530320e-02   5.112130e-02
  3.655810e-01   5.600540e-02   5.238020e-02
  3.660504e-01   3.624340e-02   5.198800e-02
  3.665197e-01   6.294460e-02   5.197870e-02
  3.669890e-01   4.395670e-02   5.215430e-02
  3.674584e-01  -1.572120e-04   5.283400e-02
  3.679277e-01  -1.132040e-01   5.337720e-02
  3.683970e-01   2.077710e-02   5.359110e-02
  3.688664e-01   9.321840e-03   5.295510e-02
  3.693357e-01   5.129850e-02   5.474700e-02
  3.698050e-01   3.690770e-02   5.359510e-02
  3.702744e-01   2.368540e-02   5.441800e-02
  3.707437e-01  -4.346720e-02   5.382930e-02
  3.712130e-01  -1.417020e-02   5.503620e-02
  3.716824e-01   4.571780e-02   5.473710e-02
  3.721517e-01   7.947910e-02   5.570490e-02
  3.726210e-01  -1.988160e-02   5.475860e-02
  3.730904e-01  -1.520060e-01   5.532610e-02
  3.735597e-01   2.103300e-02   5.617390e-02
  3.740290e-01   1.870310e-01   5.576510e-02
  3.744984e-01   1.917490e-01   5.660260e-02
  3.749677e-01  -6.384880e-03   5.593310e-02
  3.754370e-01   7.323660e-02   5.670190e-02
  3.759064e-01  -2.145870e-03   5.671920e-02
  3.763757e-01  -1.761730e-02   5.697580e-02
  3.768450e-01   9.129830e-02   5.698840e-02
  3.773144e-01   1.454060e-01   5.734880e-02
  3.777837e-01  -2.181130e-02   5.714660e-02
  3.782530e-01   9.316700e-02   5.773990e-02
  3.787223e-01   4.438010e-02   5.771820e-02
range-from: 1
range-to: 790
