Sample description: REMARK 265
Sample: REMARK 265  c= 0 mg/ml  Code: 
  1.264289e-02   3.142980e+01   1.648100e-01
  1.311222e-02   3.129620e+01   1.535480e-01
  1.358155e-02   3.095200e+01   1.494970e-01
  1.405089e-02   3.060090e+01   1.402390e-01
  1.452022e-02   3.089080e+01   1.404480e-01
  1.498955e-02   3.034060e+01   1.337130e-01
  1.545888e-02   3.037610e+01   1.319300e-01
  1.592822e-02   2.984930e+01   1.274930e-01
  1.639755e-02   2.981050e+01   1.194200e-01
  1.686688e-02   2.972110e+01   1.226290e-01
  1.733622e-02   2.897690e+01   1.208710e-01
  1.780555e-02   2.897140e+01   1.150680e-01
  1.827488e-02   2.867390e+01   1.120190e-01
  1.874421e-02   2.818670e+01   1.108570e-01
  1.921355e-02   2.826280e+01   1.114050e-01
  1.968288e-02   2.755420e+01   1.089060e-01
  2.015221e-02   2.720410e+01   1.068380e-01
  2.062154e-02   2.737190e+01   1.014100e-01
  2.109088e-02   2.694770e+01   1.034970e-01
  2.156021e-02   2.671790e+01   1.028100e-01
  2.202954e-02   2.635590e+01   9.770010e-02
  2.249887e-02   2.618170e+01   9.608390e-02
  2.296821e-02   2.576500e+01   9.583450e-02
  2.343754e-02   2.548940e+01   9.589420e-02
  2.390687e-02   2.511330e+01   9.273850e-02
  2.437621e-02   2.483630e+01   9.089750e-02
  2.484554e-02   2.475510e+01   9.149610e-02
  2.531487e-02   2.421410e+01   9.061460e-02
  2.578420e-02   2.390940e+01   8.773860e-02
  2.625354e-02   2.351440e+01   8.414320e-02
  2.672287e-02   2.336860e+01   8.646660e-02
  2.719220e-02   2.290920e+01   8.546820e-02
  2.766153e-02   2.254460e+01   8.359380e-02
  2.813087e-02   2.248650e+01   8.124890e-02
  2.860020e-02   2.195030e+01   7.950410e-02
  2.906953e-02   2.166100e+01   8.307130e-02
  2.953886e-02   2.129090e+01   8.241550e-02
  3.000820e-02   2.114840e+01   7.706670e-02
  3.047753e-02   2.074130e+01   7.814530e-02
  3.094686e-02   2.044580e+01   7.659630e-02
  3.141619e-02   2.017150e+01   7.884840e-02
  3.188553e-02   1.984070e+01   7.294940e-02
  3.235486e-02   1.942780e+01   7.411650e-02
  3.282419e-02   1.924380e+01   7.397190e-02
  3.329353e-02   1.903570e+01   7.512060e-02
  3.376286e-02   1.859000e+01   7.037880e-02
  3.423219e-02   1.840250e+01   7.121650e-02
  3.470152e-02   1.810010e+01   7.174070e-02
  3.517086e-02   1.781380e+01   7.593610e-02
  3.564019e-02   1.753270e+01   7.392380e-02
  3.610952e-02   1.723490e+01   7.304550e-02
  3.657885e-02   1.692250e+01   7.587820e-02
  3.704819e-02   1.658200e+01   7.688930e-02
  3.751752e-02   1.635780e+01   7.897730e-02
  3.798685e-02   1.614690e+01   7.463380e-02
  3.845618e-02   1.575620e+01   7.808120e-02
  3.892552e-02   1.564160e+01   7.767010e-02
  3.939485e-02   1.522050e+01   7.903690e-02
  3.986418e-02   1.498580e+01   7.949530e-02
  4.033351e-02   1.485830e+01   8.287710e-02
  4.080285e-02   1.448340e+01   8.425820e-02
  4.127218e-02   1.429220e+01   8.481890e-02
  4.174151e-02   1.413950e+01   8.585920e-02
  4.221085e-02   1.368240e+01   8.741840e-02
  4.268018e-02   1.347430e+01   9.092260e-02
  4.314951e-02   1.321840e+01   9.224000e-02
  4.361884e-02   1.306560e+01   9.163530e-02
  4.408818e-02   1.283540e+01   9.267440e-02
  4.455751e-02   1.241680e+01   9.475080e-02
  4.502684e-02   1.229290e+01   9.392920e-02
  4.549617e-02   1.228630e+01   9.622520e-02
  4.596551e-02   1.201870e+01   9.380640e-02
  4.643484e-02   1.155880e+01   9.167450e-02
  4.690417e-02   1.157870e+01   8.991320e-02
  4.737350e-02   1.142830e+01   8.684040e-02
  4.784284e-02   1.090910e+01   8.723630e-02
  4.831217e-02   1.096840e+01   8.639010e-02
  4.878150e-02   1.081540e+01   8.468820e-02
  4.925083e-02   1.062510e+01   8.580480e-02
  4.972017e-02   1.056830e+01   8.545560e-02
  5.018950e-02   1.029000e+01   8.132380e-02
  5.065883e-02   1.001080e+01   8.205870e-02
  5.112817e-02   9.815500e+00   8.502550e-02
  5.159750e-02   9.577260e+00   8.325500e-02
  5.206683e-02   9.338540e+00   7.837720e-02
  5.253616e-02   9.298580e+00   8.054310e-02
  5.300550e-02   9.205090e+00   8.209080e-02
  5.347483e-02   9.014530e+00   8.018060e-02
  5.394416e-02   8.746760e+00   7.742320e-02
  5.441349e-02   8.630570e+00   7.837330e-02
  5.488283e-02   8.580630e+00   7.841970e-02
  5.535216e-02   8.323900e+00   7.853650e-02
  5.582149e-02   8.143450e+00   7.467580e-02
  5.629082e-02   8.120420e+00   7.569050e-02
  5.676016e-02   8.044210e+00   7.556240e-02
  5.722949e-02   7.722040e+00   7.642690e-02
  5.769882e-02   7.698610e+00   7.385160e-02
  5.816816e-02   7.791870e+00   7.348430e-02
  5.863749e-02   7.442090e+00   7.348040e-02
  5.910682e-02   7.291440e+00   7.591860e-02
  5.957615e-02   7.302430e+00   7.283610e-02
  6.004549e-02   6.995680e+00   7.272490e-02
  6.051482e-02   6.985110e+00   7.281130e-02
  6.098415e-02   6.927170e+00   7.348070e-02
  6.145348e-02   6.754580e+00   7.156050e-02
  6.192282e-02   6.671550e+00   7.076680e-02
  6.239215e-02   6.544310e+00   7.186690e-02
  6.286148e-02   6.404160e+00   7.202570e-02
  6.333081e-02   6.408750e+00   7.269650e-02
  6.380015e-02   6.260500e+00   6.879430e-02
  6.426948e-02   5.860670e+00   7.112030e-02
  6.473881e-02   6.035150e+00   7.085100e-02
  6.520814e-02   6.046690e+00   7.161190e-02
  6.567748e-02   5.927850e+00   6.891640e-02
  6.614681e-02   5.822620e+00   6.931070e-02
  6.661614e-02   5.818300e+00   6.953960e-02
  6.708548e-02   5.541580e+00   7.061670e-02
  6.755481e-02   5.569870e+00   6.849470e-02
  6.802414e-02   5.533310e+00   6.911870e-02
  6.849347e-02   5.457630e+00   6.913170e-02
  6.896281e-02   5.305280e+00   6.951850e-02
  6.943214e-02   5.301800e+00   6.837670e-02
  6.990147e-02   5.138120e+00   6.708730e-02
  7.037080e-02   4.943520e+00   6.780230e-02
  7.084014e-02   4.916310e+00   6.756730e-02
  7.130947e-02   4.782970e+00   6.861590e-02
  7.177880e-02   4.830110e+00   6.649550e-02
  7.224813e-02   4.834690e+00   6.684320e-02
  7.271747e-02   4.719390e+00   6.766120e-02
  7.318680e-02   4.686850e+00   6.705620e-02
  7.365613e-02   4.693410e+00   6.613800e-02
  7.412546e-02   4.691870e+00   6.582490e-02
  7.459480e-02   4.437770e+00   6.673290e-02
  7.506413e-02   4.347210e+00   6.588210e-02
  7.553346e-02   4.269000e+00   6.625580e-02
  7.600280e-02   4.229520e+00   6.506740e-02
  7.647213e-02   4.100580e+00   6.543870e-02
  7.694146e-02   4.220500e+00   6.635440e-02
  7.741079e-02   4.080090e+00   6.500550e-02
  7.788013e-02   4.172230e+00   6.417630e-02
  7.834946e-02   4.105590e+00   6.416710e-02
  7.881879e-02   4.033320e+00   6.594890e-02
  7.928812e-02   4.085250e+00   6.467540e-02
  7.975746e-02   3.955150e+00   6.368370e-02
  8.022679e-02   3.757130e+00   6.390260e-02
  8.069612e-02   3.699500e+00   6.529990e-02
  8.116545e-02   3.813550e+00   6.477650e-02
  8.163479e-02   3.618040e+00   6.254740e-02
  8.210412e-02   3.734640e+00   6.286130e-02
  8.257345e-02   3.568150e+00   6.425100e-02
  8.304279e-02   3.581460e+00   6.285390e-02
  8.351212e-02   3.577720e+00   6.378580e-02
  8.398145e-02   3.295800e+00   6.189600e-02
  8.445078e-02   3.308250e+00   6.262620e-02
  8.492012e-02   3.279580e+00   6.304110e-02
  8.538945e-02   3.182090e+00   6.285830e-02
  8.585878e-02   3.282860e+00   6.119060e-02
  8.632811e-02   3.130100e+00   6.180970e-02
  8.679745e-02   3.029820e+00   6.251610e-02
  8.726678e-02   3.177100e+00   6.224150e-02
  8.773611e-02   3.114340e+00   6.012210e-02
  8.820544e-02   2.937830e+00   6.122350e-02
  8.867478e-02   2.945030e+00   6.219330e-02
  8.914411e-02   3.082790e+00   6.220100e-02
  8.961344e-02   2.860660e+00   6.024170e-02
  9.008277e-02   2.875170e+00   6.029900e-02
  9.055211e-02   2.789920e+00   6.164150e-02
  9.102144e-02   2.699550e+00   6.042310e-02
  9.149077e-02   2.729250e+00   5.990610e-02
  9.196011e-02   2.653330e+00   6.002320e-02
  9.242944e-02   2.677320e+00   5.972290e-02
  9.289877e-02   2.660780e+00   6.073470e-02
  9.336810e-02   2.478510e+00   6.048480e-02
  9.383744e-02   2.530190e+00   5.798310e-02
  9.430677e-02   2.416690e+00   5.995680e-02
  9.477610e-02   2.465370e+00   6.021480e-02
  9.524543e-02   2.423780e+00   5.956180e-02
  9.571477e-02   2.320230e+00   5.801020e-02
  9.618410e-02   2.401360e+00   5.893880e-02
  9.665343e-02   2.442100e+00   5.960360e-02
  9.712276e-02   2.276010e+00   5.962530e-02
  9.759210e-02   2.333820e+00   5.754170e-02
  9.806143e-02   2.256110e+00   5.817210e-02
  9.853076e-02   2.246950e+00   5.893020e-02
  9.900009e-02   2.133170e+00   5.852720e-02
  9.946943e-02   2.104110e+00   5.759660e-02
  9.993876e-02   2.073180e+00   5.759210e-02
  1.004081e-01   2.140810e+00   5.796780e-02
  1.008774e-01   1.952580e+00   5.869220e-02
  1.013468e-01   1.865340e+00   5.720610e-02
  1.018161e-01   1.944950e+00   5.642670e-02
  1.022854e-01   2.024920e+00   5.849180e-02
  1.027548e-01   1.871230e+00   5.767570e-02
  1.032241e-01   1.895560e+00   5.765570e-02
  1.036934e-01   1.972190e+00   5.627110e-02
  1.041628e-01   1.821250e+00   5.711440e-02
  1.046321e-01   1.768300e+00   5.657610e-02
  1.051014e-01   1.778780e+00   5.728250e-02
  1.055708e-01   1.748640e+00   5.608460e-02
  1.060401e-01   1.799770e+00   5.631820e-02
  1.065094e-01   1.736030e+00   5.637980e-02
  1.069787e-01   1.776750e+00   5.696700e-02
  1.074481e-01   1.718630e+00   5.590840e-02
  1.079174e-01   1.649300e+00   5.545080e-02
  1.083867e-01   1.531430e+00   5.649750e-02
  1.088561e-01   1.573860e+00   5.615480e-02
  1.093254e-01   1.523510e+00   5.547210e-02
  1.097947e-01   1.707500e+00   5.647550e-02
  1.102641e-01   1.478060e+00   5.568830e-02
  1.107334e-01   1.504050e+00   5.580720e-02
  1.112027e-01   1.554860e+00   5.582000e-02
  1.116721e-01   1.422960e+00   5.432120e-02
  1.121414e-01   1.581560e+00   5.551880e-02
  1.126107e-01   1.379010e+00   5.501490e-02
  1.130801e-01   1.444510e+00   5.589000e-02
  1.135494e-01   1.387160e+00   5.418650e-02
  1.140187e-01   1.170850e+00   5.394400e-02
  1.144881e-01   1.275310e+00   5.510670e-02
  1.149574e-01   1.259820e+00   5.476670e-02
  1.154267e-01   1.397200e+00   5.408840e-02
  1.158961e-01   1.243320e+00   5.380720e-02
  1.163654e-01   1.147500e+00   5.481390e-02
  1.168347e-01   1.212740e+00   5.569940e-02
  1.173041e-01   1.094910e+00   5.329350e-02
  1.177734e-01   1.261480e+00   5.376470e-02
  1.182427e-01   1.247480e+00   5.360880e-02
  1.187121e-01   1.226150e+00   5.477420e-02
  1.191814e-01   1.326270e+00   5.441970e-02
  1.196507e-01   1.174630e+00   5.248620e-02
  1.201201e-01   1.119760e+00   5.503390e-02
  1.205894e-01   1.145070e+00   5.653260e-02
  1.210587e-01   1.137900e+00   5.736310e-02
  1.215281e-01   1.116950e+00   5.740860e-02
  1.219974e-01   1.062590e+00   5.815650e-02
  1.224667e-01   1.034190e+00   6.001810e-02
  1.229361e-01   1.011290e+00   6.040390e-02
  1.234054e-01   1.029300e+00   5.889490e-02
  1.238747e-01   9.795300e-01   6.105490e-02
  1.243441e-01   9.227240e-01   6.145920e-02
  1.248134e-01   1.017120e+00   6.184730e-02
  1.252827e-01   8.311510e-01   6.062710e-02
  1.257521e-01   9.536060e-01   6.190890e-02
  1.262214e-01   9.550180e-01   6.260950e-02
  1.266907e-01   9.089010e-01   6.126660e-02
  1.271601e-01   8.109990e-01   5.786280e-02
  1.276294e-01   8.828000e-01   5.660910e-02
  1.280987e-01   7.975130e-01   5.648940e-02
  1.285681e-01   9.336990e-01   5.665730e-02
  1.290374e-01   8.591650e-01   5.661540e-02
  1.295067e-01   8.887630e-01   5.355980e-02
  1.299760e-01   7.923510e-01   5.492750e-02
  1.304454e-01   7.472290e-01   5.415450e-02
  1.309147e-01   8.860780e-01   5.473690e-02
  1.313840e-01   7.617880e-01   5.260260e-02
  1.318534e-01   7.920680e-01   5.337000e-02
  1.323227e-01   7.284970e-01   5.275340e-02
  1.327920e-01   7.866610e-01   5.385150e-02
  1.332614e-01   7.255460e-01   5.216650e-02
  1.337307e-01   6.298430e-01   5.232890e-02
  1.342000e-01   8.859370e-01   5.298940e-02
  1.346694e-01   7.383870e-01   5.337770e-02
  1.351387e-01   6.608990e-01   5.261210e-02
  1.356080e-01   5.407820e-01   5.165730e-02
  1.360774e-01   6.496530e-01   5.229510e-02
  1.365467e-01   5.831220e-01   5.263130e-02
  1.370160e-01   5.954090e-01   5.218900e-02
  1.374854e-01   6.017340e-01   5.153180e-02
  1.379547e-01   6.795400e-01   5.190780e-02
  1.384240e-01   6.195170e-01   5.135890e-02
  1.388934e-01   5.691450e-01   5.330140e-02
  1.393627e-01   5.910990e-01   5.093860e-02
  1.398320e-01   5.392810e-01   5.107920e-02
  1.403014e-01   5.079130e-01   5.170820e-02
  1.407707e-01   5.826620e-01   5.181750e-02
  1.412400e-01   5.844110e-01   5.083850e-02
  1.417094e-01   5.421380e-01   5.014780e-02
  1.421787e-01   6.632000e-01   5.190170e-02
  1.426480e-01   5.588350e-01   5.117580e-02
  1.431174e-01   5.169340e-01   5.063270e-02
  1.435867e-01   4.985660e-01   4.997140e-02
  1.440560e-01   5.978020e-01   5.089470e-02
  1.445254e-01   5.988350e-01   5.103450e-02
  1.449947e-01   6.118270e-01   5.179520e-02
  1.454640e-01   5.372860e-01   4.987750e-02
  1.459334e-01   4.227330e-01   5.024520e-02
  1.464027e-01   4.969970e-01   5.089520e-02
  1.468720e-01   3.505140e-01   5.078310e-02
  1.473414e-01   4.492890e-01   4.920680e-02
  1.478107e-01   5.081390e-01   4.966040e-02
  1.482800e-01   5.405430e-01   5.074710e-02
  1.487494e-01   4.351140e-01   5.078930e-02
  1.492187e-01   4.596480e-01   4.877810e-02
  1.496880e-01   5.491930e-01   5.065260e-02
  1.501574e-01   5.532710e-01   5.218900e-02
  1.506267e-01   5.122780e-01   5.391220e-02
  1.510960e-01   3.152300e-01   5.301650e-02
  1.515654e-01   5.369680e-01   5.373180e-02
  1.520347e-01   4.062590e-01   5.493960e-02
  1.525040e-01   2.969100e-01   5.392560e-02
  1.529733e-01   3.191730e-01   5.227140e-02
  1.534427e-01   4.266490e-01   5.106360e-02
  1.539120e-01   4.925560e-01   5.122570e-02
  1.543813e-01   4.143090e-01   5.163320e-02
  1.548507e-01   3.881180e-01   5.064400e-02
  1.553200e-01   3.176560e-01   4.904050e-02
  1.557893e-01   3.493260e-01   4.898790e-02
  1.562587e-01   2.995530e-01   4.945560e-02
  1.567280e-01   3.897380e-01   4.911420e-02
  1.571973e-01   2.892510e-01   4.767920e-02
  1.576667e-01   2.698120e-01   4.862870e-02
  1.581360e-01   3.311770e-01   4.917280e-02
  1.586053e-01   3.396370e-01   4.939520e-02
  1.590747e-01   3.471420e-01   4.812180e-02
  1.595440e-01   3.754750e-01   4.865590e-02
  1.600133e-01   3.654530e-01   4.890350e-02
  1.604827e-01   3.336770e-01   4.884390e-02
  1.609520e-01   2.646640e-01   4.866420e-02
  1.614213e-01   3.995800e-01   4.790760e-02
  1.618907e-01   3.480360e-01   4.891660e-02
  1.623600e-01   3.879830e-01   4.876680e-02
  1.628293e-01   3.951430e-01   4.903430e-02
  1.632987e-01   3.093040e-01   4.743160e-02
  1.637680e-01   4.241110e-01   4.864000e-02
  1.642373e-01   3.445140e-01   4.835160e-02
  1.647067e-01   2.684270e-01   4.852410e-02
  1.651760e-01   3.372910e-01   4.698390e-02
  1.656453e-01   3.236460e-01   4.825740e-02
  1.661147e-01   2.980240e-01   4.796840e-02
  1.665840e-01   2.653250e-01   4.835480e-02
  1.670533e-01   3.054600e-01   4.762040e-02
  1.675227e-01   3.573180e-01   4.751180e-02
  1.679920e-01   2.713490e-01   4.746450e-02
  1.684613e-01   3.286430e-01   4.778770e-02
  1.689307e-01   1.726750e-01   4.721400e-02
  1.694000e-01   3.603750e-01   4.669450e-02
  1.698693e-01   3.043260e-01   4.735710e-02
  1.703387e-01   2.393340e-01   4.732200e-02
  1.708080e-01   2.876550e-01   4.719530e-02
  1.712773e-01   2.652560e-01   4.621220e-02
  1.717467e-01   2.472720e-01   4.723710e-02
  1.722160e-01   1.822850e-01   4.686860e-02
  1.726853e-01   2.429030e-01   4.765390e-02
  1.731547e-01   2.612580e-01   4.580860e-02
  1.736240e-01   2.755580e-01   4.629490e-02
  1.740933e-01   2.769470e-01   4.737050e-02
  1.745626e-01   3.877770e-01   4.722060e-02
  1.750320e-01   2.776910e-01   4.585000e-02
  1.755013e-01   4.049580e-01   4.652720e-02
  1.759706e-01   2.898850e-01   4.665960e-02
  1.764400e-01   2.978910e-01   4.640190e-02
  1.769093e-01   1.997070e-01   4.603390e-02
  1.773786e-01   1.362970e-01   4.572120e-02
  1.778480e-01   2.202730e-01   4.696290e-02
  1.783173e-01   2.124370e-01   4.612710e-02
  1.787866e-01   3.140620e-01   4.625410e-02
  1.792560e-01   1.922620e-01   4.548790e-02
  1.797253e-01   2.936340e-01   4.611320e-02
  1.801946e-01   1.853740e-01   4.578690e-02
  1.806640e-01   2.072890e-01   4.666700e-02
  1.811333e-01   2.186550e-01   4.504850e-02
  1.816026e-01   2.485760e-01   4.525580e-02
  1.820720e-01   2.035420e-01   4.591540e-02
  1.825413e-01   2.441130e-01   4.611350e-02
  1.830106e-01   3.259180e-01   4.458030e-02
  1.834800e-01   1.146070e-01   4.510620e-02
  1.839493e-01   2.823530e-01   4.543950e-02
  1.844186e-01   3.051010e-01   4.652390e-02
  1.848880e-01   1.116450e-01   4.463440e-02
  1.853573e-01   2.385830e-01   4.482190e-02
  1.858266e-01   1.778670e-01   4.544630e-02
  1.862960e-01   1.870870e-01   4.535950e-02
  1.867653e-01   3.093980e-01   4.474940e-02
  1.872346e-01   1.133140e-01   4.494210e-02
  1.877040e-01   2.321970e-01   4.512330e-02
  1.881733e-01   2.076100e-01   4.496310e-02
  1.886426e-01   1.292420e-01   4.503630e-02
  1.891120e-01   1.332670e-01   4.465090e-02
  1.895813e-01   1.857880e-01   4.440550e-02
  1.900506e-01   2.502470e-01   4.518140e-02
  1.905200e-01   1.797280e-01   4.509940e-02
  1.909893e-01   1.597240e-01   4.397290e-02
  1.914586e-01   2.153270e-01   4.462110e-02
  1.919280e-01   1.691320e-01   4.479310e-02
  1.923973e-01   1.461520e-01   4.477520e-02
  1.928666e-01   1.435400e-01   4.379480e-02
  1.933360e-01   1.897710e-01   4.420950e-02
  1.938053e-01   1.951800e-01   4.410680e-02
  1.942746e-01   1.799450e-01   4.426580e-02
  1.947440e-01   1.983980e-01   4.353000e-02
  1.952133e-01   1.450980e-01   4.387480e-02
  1.956826e-01   1.175570e-01   4.385850e-02
  1.961520e-01   1.651270e-01   4.400400e-02
  1.966213e-01   1.687820e-01   4.360840e-02
  1.970906e-01   2.009160e-01   4.340660e-02
  1.975599e-01   3.392430e-01   4.419620e-02
  1.980293e-01   2.093760e-01   4.402020e-02
  1.984986e-01   9.865280e-02   4.421740e-02
  1.989679e-01   1.883610e-01   4.295430e-02
  1.994373e-01   9.149650e-02   4.405890e-02
  1.999066e-01   1.790890e-01   4.345070e-02
  2.003759e-01   1.462820e-01   4.426050e-02
  2.008453e-01   1.587390e-01   4.463800e-02
  2.013146e-01   1.577820e-01   4.673520e-02
  2.017839e-01   2.789300e-01   4.632630e-02
  2.022533e-01   1.959450e-01   4.698790e-02
  2.027226e-01   1.684080e-01   4.783270e-02
  2.031919e-01   1.298340e-01   4.783530e-02
  2.036613e-01   7.581540e-02   4.759090e-02
  2.041306e-01   2.147600e-01   4.849520e-02
  2.045999e-01   3.007030e-01   4.887270e-02
  2.050693e-01   1.443950e-01   4.849700e-02
  2.055386e-01   2.806930e-01   4.862000e-02
  2.060079e-01   3.438900e-01   4.895700e-02
  2.064773e-01   1.518420e-01   4.879090e-02
  2.069466e-01   1.470410e-01   4.844900e-02
  2.074159e-01   1.473970e-01   4.691650e-02
  2.078853e-01   1.427080e-01   4.679600e-02
  2.083546e-01   1.783670e-01   4.597220e-02
  2.088239e-01   1.164320e-01   4.446570e-02
  2.092933e-01   2.166150e-01   4.450860e-02
  2.097626e-01   1.332110e-01   4.454830e-02
  2.102319e-01   1.607320e-01   4.460020e-02
  2.107013e-01   2.432470e-01   4.361980e-02
  2.111706e-01   7.528860e-02   4.371750e-02
  2.116399e-01   4.635010e-02   4.412340e-02
  2.121093e-01   9.216410e-02   4.404070e-02
  2.125786e-01   1.978070e-01   4.333680e-02
  2.130479e-01   7.700810e-02   4.365130e-02
  2.135173e-01   1.625210e-01   4.322510e-02
  2.139866e-01   1.493130e-01   4.347560e-02
  2.144559e-01   6.085910e-02   4.320550e-02
  2.149253e-01   6.926250e-02   4.323610e-02
  2.153946e-01   1.433920e-01   4.330950e-02
  2.158639e-01   1.590250e-01   4.334110e-02
  2.163333e-01   1.926950e-01   4.349900e-02
  2.168026e-01   1.943410e-01   4.312300e-02
  2.172719e-01   4.223050e-02   4.279430e-02
  2.177413e-01   1.770190e-01   4.275750e-02
  2.182106e-01   7.510280e-02   4.346400e-02
  2.186799e-01   8.011980e-02   4.224150e-02
  2.191493e-01   1.436580e-01   4.272530e-02
  2.196186e-01   5.488460e-02   4.263270e-02
  2.200879e-01   8.707410e-02   4.311490e-02
  2.205572e-01   1.316770e-01   4.215700e-02
  2.210266e-01   1.999470e-01   4.232670e-02
  2.214959e-01   1.436430e-01   4.276430e-02
  2.219652e-01   8.181350e-02   4.265640e-02
  2.224346e-01   1.652450e-01   4.188490e-02
  2.229039e-01   8.579130e-02   4.217780e-02
  2.233732e-01   2.071850e-01   4.247090e-02
  2.238426e-01   6.762460e-02   4.241660e-02
  2.243119e-01   1.439140e-01   4.170520e-02
  2.247812e-01   2.791330e-01   4.189560e-02
  2.252506e-01   2.638280e-01   4.187740e-02
  2.257199e-01   1.716850e-01   4.203410e-02
  2.261892e-01   1.255660e-01   4.181880e-02
  2.266586e-01   1.821920e-01   4.160260e-02
  2.271279e-01   7.335730e-02   4.171690e-02
  2.275972e-01   6.418220e-02   4.262400e-02
  2.280666e-01   1.589450e-01   4.180580e-02
  2.285359e-01   1.005620e-01   4.087320e-02
  2.290052e-01   1.825660e-01   4.175900e-02
  2.294746e-01   8.512200e-02   4.162220e-02
  2.299439e-01   3.784030e-02   4.169030e-02
  2.304132e-01   1.139530e-01   4.082090e-02
  2.308826e-01   6.429760e-02   4.142680e-02
  2.313519e-01  -1.880090e-02   4.146730e-02
  2.318212e-01   4.403080e-02   4.156450e-02
  2.322906e-01   7.183460e-02   4.061580e-02
  2.327599e-01   1.176440e-01   4.133830e-02
  2.332292e-01   1.153580e-01   4.130220e-02
  2.336986e-01   1.419970e-01   4.140820e-02
  2.341679e-01   1.591570e-01   4.067570e-02
  2.346372e-01   1.114900e-01   4.077640e-02
  2.351066e-01   9.309220e-02   4.130430e-02
  2.355759e-01   1.172440e-01   4.085820e-02
  2.360452e-01   1.079920e-01   4.112440e-02
  2.365146e-01  -5.632310e-03   4.009990e-02
  2.369839e-01   2.915050e-02   4.097140e-02
  2.374532e-01   1.091130e-01   4.121520e-02
  2.379226e-01   8.071980e-02   4.111980e-02
  2.383919e-01   1.208010e-01   4.015470e-02
  2.388612e-01   7.477980e-02   4.112890e-02
  2.393306e-01   3.444240e-02   4.069260e-02
  2.397999e-01   9.719700e-02   4.081530e-02
  2.402692e-01   1.491920e-01   3.995610e-02
  2.407386e-01   1.556370e-01   4.051680e-02
  2.412079e-01   9.524120e-02   4.053650e-02
  2.416772e-01   1.498840e-01   4.056890e-02
  2.421466e-01   4.062750e-02   3.982170e-02
  2.426159e-01   8.883570e-02   4.033570e-02
  2.430852e-01   9.022890e-02   4.049290e-02
  2.435545e-01   1.461330e-01   4.013530e-02
  2.440239e-01   1.066500e-01   3.996020e-02
  2.444932e-01   1.445230e-01   3.994420e-02
  2.449625e-01   4.210600e-02   4.010620e-02
  2.454319e-01  -1.724210e-03   4.006310e-02
  2.459012e-01  -1.654240e-02   3.994850e-02
  2.463705e-01   1.166080e-01   3.939720e-02
  2.468399e-01   1.271820e-01   3.977080e-02
  2.473092e-01   1.041760e-01   4.038530e-02
  2.477785e-01   1.296990e-01   4.051410e-02
  2.482479e-01   1.015340e-01   3.954420e-02
  2.487172e-01   6.833690e-02   3.966890e-02
  2.491865e-01   9.823520e-02   3.998900e-02
  2.496559e-01   2.524030e-02   3.953500e-02
  2.501252e-01   6.926660e-02   3.939140e-02
  2.505945e-01   3.448800e-02   3.915000e-02
  2.510639e-01   8.692090e-02   3.975630e-02
  2.515332e-01   1.099730e-01   3.941590e-02
  2.520025e-01   2.586820e-02   3.905070e-02
  2.524719e-01   2.343210e-01   3.886850e-02
  2.529412e-01   2.017970e-01   3.927780e-02
  2.534105e-01   6.167730e-02   3.948270e-02
  2.538799e-01   1.448210e-01   3.902690e-02
  2.543492e-01   1.211860e-01   3.856680e-02
  2.548185e-01   1.163770e-01   3.916720e-02
  2.552879e-01   1.502930e-01   3.963880e-02
  2.557572e-01   1.100110e-01   3.926830e-02
  2.562265e-01   1.545210e-01   3.823960e-02
  2.566959e-01   8.674340e-02   3.910020e-02
  2.571652e-01   6.111780e-02   3.942380e-02
  2.576345e-01   8.186230e-02   3.936160e-02
  2.581039e-01   5.149970e-02   3.904440e-02
  2.585732e-01   4.095520e-02   3.882140e-02
  2.590425e-01   1.159710e-01   3.911490e-02
  2.595119e-01   1.409000e-01   3.944850e-02
  2.599812e-01   1.093440e-01   3.852210e-02
  2.604505e-01   1.737190e-01   3.864520e-02
  2.609199e-01   1.319750e-01   3.903390e-02
  2.613892e-01   4.401950e-02   3.937250e-02
  2.618585e-01   8.934560e-02   3.834590e-02
  2.623279e-01   6.788840e-02   3.875650e-02
  2.627972e-01   1.067430e-01   3.909530e-02
  2.632665e-01  -9.849560e-03   3.891880e-02
  2.637359e-01   1.218800e-01   3.899010e-02
  2.642052e-01   1.577530e-01   3.863970e-02
  2.646745e-01  -8.108200e-03   3.828680e-02
  2.651438e-01   3.948040e-02   3.866660e-02
  2.656132e-01   1.150390e-02   3.880070e-02
  2.660825e-01   7.944270e-02   3.767870e-02
  2.665518e-01   9.809890e-02   3.820770e-02
  2.670212e-01   1.273340e-01   3.960830e-02
  2.674905e-01   7.245920e-02   3.857150e-02
  2.679598e-01   4.649300e-02   3.750420e-02
  2.684292e-01   5.209950e-02   3.869900e-02
  2.688985e-01   1.879540e-02   3.846810e-02
  2.693678e-01   5.833860e-02   3.846820e-02
  2.698372e-01   7.606290e-02   3.760170e-02
  2.703065e-01   8.052840e-02   3.813770e-02
  2.707758e-01   5.670830e-02   3.813210e-02
  2.712452e-01   7.349190e-02   3.806670e-02
  2.717145e-01   6.711190e-02   3.753250e-02
  2.721838e-01   7.797180e-02   3.793700e-02
  2.726532e-01   8.294070e-02   3.797320e-02
  2.731225e-01   2.146300e-01   3.825620e-02
  2.735918e-01   1.087030e-01   3.760020e-02
  2.740612e-01   4.306800e-02   3.758710e-02
  2.745305e-01   1.287440e-01   3.822700e-02
  2.749998e-01   8.520080e-02   3.828110e-02
  2.754692e-01   7.524550e-02   3.772440e-02
  2.759385e-01   1.218700e-01   3.747650e-02
  2.764078e-01   9.739980e-02   3.776980e-02
  2.768772e-01   6.354450e-02   3.765290e-02
  2.773465e-01   8.267010e-02   3.797030e-02
  2.778158e-01   1.143270e-01   3.704890e-02
  2.782852e-01   5.815630e-02   3.789210e-02
  2.787545e-01   5.217060e-02   3.738340e-02
  2.792238e-01   1.298900e-01   3.798620e-02
  2.796932e-01   5.150370e-02   3.690660e-02
  2.801625e-01   1.003420e-01   3.740910e-02
  2.806318e-01  -1.458200e-02   3.719710e-02
  2.811012e-01   8.388030e-02   3.860760e-02
  2.815705e-01   9.469820e-02   3.888450e-02
  2.820398e-01   1.398040e-02   3.972270e-02
  2.825092e-01   1.112910e-01   3.987260e-02
  2.829785e-01   4.715470e-02   4.030620e-02
  2.834478e-01   2.926950e-02   4.035010e-02
  2.839172e-01   6.655690e-02   4.028500e-02
  2.843865e-01  -4.445620e-03   4.047490e-02
  2.848558e-01   2.729590e-02   4.064390e-02
  2.853252e-01   8.098150e-02   4.087000e-02
  2.857945e-01   2.270950e-02   4.052500e-02
  2.862638e-01   8.636320e-02   4.117960e-02
  2.867332e-01   9.034480e-02   4.115210e-02
  2.872025e-01   9.786820e-02   4.122230e-02
  2.876718e-01  -4.670120e-03   3.915460e-02
  2.881411e-01   1.395100e-01   3.958250e-02
  2.886105e-01   5.994330e-02   3.884430e-02
  2.890798e-01   1.439470e-01   3.844520e-02
  2.895491e-01   2.183400e-02   3.782630e-02
  2.900185e-01   1.581840e-01   3.785970e-02
  2.904878e-01   7.610010e-02   3.797910e-02
  2.909571e-01   7.465830e-02   3.796660e-02
  2.914265e-01   1.206060e-02   3.738950e-02
  2.918958e-01   2.216810e-02   3.752990e-02
  2.923651e-01   1.241400e-01   3.784360e-02
  2.928345e-01   9.411730e-02   3.746600e-02
  2.933038e-01   9.356310e-02   3.743520e-02
  2.937731e-01   4.510150e-02   3.752110e-02
  2.942425e-01   5.016270e-02   3.780330e-02
  2.947118e-01   9.286810e-02   3.742560e-02
  2.951811e-01   1.078580e-01   3.724070e-02
  2.956505e-01   1.311620e-01   3.685070e-02
  2.961198e-01   9.625500e-02   3.720810e-02
  2.965891e-01   4.618090e-02   3.719220e-02
  2.970585e-01   1.207430e-02   3.751760e-02
  2.975278e-01   2.115420e-02   3.636390e-02
  2.979971e-01   5.252930e-02   3.700520e-02
  2.984665e-01   6.844970e-02   3.701000e-02
  2.989358e-01  -4.889350e-02   3.696610e-02
  2.994051e-01   1.430340e-01   3.667950e-02
  2.998745e-01   3.480160e-02   3.687830e-02
  3.003438e-01   1.922040e-02   3.685320e-02
  3.008131e-01   8.187140e-02   3.693640e-02
  3.012825e-01   9.411030e-02   3.675500e-02
  3.017518e-01   1.212820e-01   3.665340e-02
  3.022211e-01   1.235140e-01   3.760800e-02
  3.026905e-01   9.111580e-02   3.698520e-02
  3.031598e-01   1.652110e-02   3.617290e-02
  3.036291e-01   9.828960e-02   3.651960e-02
  3.040985e-01   5.563220e-02   3.668170e-02
  3.045678e-01   8.635080e-02   3.667860e-02
  3.050371e-01   3.956770e-02   3.612130e-02
  3.055065e-01   8.025610e-02   3.647220e-02
  3.059758e-01   1.050580e-01   3.665130e-02
  3.064451e-01   1.260810e-01   3.684120e-02
  3.069145e-01   3.878380e-02   3.638430e-02
  3.073838e-01  -5.475000e-02   3.557360e-02
  3.078531e-01  -1.446350e-05   3.612100e-02
  3.083225e-01   7.609700e-02   3.673540e-02
  3.087918e-01   2.597610e-02   3.657110e-02
  3.092611e-01   6.830520e-03   3.557350e-02
  3.097305e-01   7.398930e-02   3.607690e-02
  3.101998e-01   2.503530e-02   3.639070e-02
  3.106691e-01   3.592090e-02   3.636570e-02
  3.111384e-01   6.359540e-02   3.538160e-02
  3.116078e-01   1.749110e-02   3.586970e-02
  3.120771e-01   6.584290e-03   3.586420e-02
  3.125464e-01   6.855360e-02   3.644350e-02
  3.130158e-01   1.254200e-01   3.567930e-02
  3.134851e-01   9.110740e-02   3.614950e-02
  3.139544e-01   1.339650e-02   3.592990e-02
  3.144238e-01   4.911470e-02   3.602960e-02
  3.148931e-01   3.057660e-02   3.527390e-02
  3.153624e-01   8.745370e-02   3.535180e-02
  3.158318e-01   1.794760e-02   3.589280e-02
  3.163011e-01   6.767520e-02   3.595830e-02
  3.167704e-01   2.739350e-02   3.523670e-02
  3.172398e-01   7.441970e-02   3.535070e-02
  3.177091e-01   6.464530e-02   3.572940e-02
  3.181784e-01   9.171880e-02   3.598280e-02
  3.186478e-01   6.973540e-02   3.578980e-02
  3.191171e-01   1.484220e-01   3.487560e-02
  3.195864e-01  -2.100380e-02   3.523520e-02
  3.200558e-01   1.465860e-02   3.534360e-02
  3.205251e-01   6.793940e-02   3.554820e-02
  3.209944e-01  -3.117050e-02   3.454290e-02
  3.214638e-01   9.514560e-02   3.541950e-02
  3.219331e-01   1.250720e-01   3.538230e-02
  3.224024e-01   7.915630e-02   3.551940e-02
  3.228718e-01   7.120790e-02   3.484100e-02
  3.233411e-01   4.917890e-02   3.482460e-02
  3.238104e-01   6.105190e-03   3.513770e-02
  3.242798e-01   1.089400e-01   3.539810e-02
  3.247491e-01   8.543590e-02   3.489700e-02
  3.252184e-01   1.460830e-01   3.500930e-02
  3.256878e-01   2.892770e-02   3.528490e-02
  3.261571e-01  -2.131920e-02   3.502180e-02
  3.266264e-01   7.627270e-02   3.507520e-02
  3.270958e-01   9.856170e-03   3.472160e-02
  3.275651e-01   1.286670e-01   3.527210e-02
  3.280344e-01   5.648600e-02   3.512080e-02
  3.285038e-01   8.433990e-02   3.501790e-02
  3.289731e-01   5.696170e-02   3.467270e-02
  3.294424e-01   2.803860e-02   3.505060e-02
  3.299118e-01   1.043450e-01   3.482780e-02
  3.303811e-01   4.855470e-03   3.497610e-02
  3.308504e-01   6.907070e-02   3.436020e-02
  3.313198e-01   1.125570e-01   3.492180e-02
  3.317891e-01   1.851420e-02   3.493370e-02
  3.322584e-01   8.944940e-02   3.482120e-02
  3.327277e-01   5.726800e-02   3.419060e-02
  3.331971e-01   5.090260e-02   3.477770e-02
  3.336664e-01   1.656730e-01   3.470530e-02
  3.341357e-01  -3.533970e-02   3.455870e-02
  3.346051e-01   1.216770e-01   3.448790e-02
  3.350744e-01   2.578700e-02   3.457660e-02
  3.355437e-01  -3.227800e-02   3.483420e-02
  3.360131e-01   2.335470e-02   3.437660e-02
  3.364824e-01   9.706200e-02   3.533810e-02
  3.369517e-01   4.528270e-02   3.506330e-02
  3.374211e-01   1.856790e-01   3.567590e-02
  3.378904e-01   1.455360e-01   3.608400e-02
  3.383597e-01   8.330840e-02   3.664260e-02
  3.388291e-01   4.131500e-03   3.715680e-02
  3.392984e-01   4.573430e-02   3.675930e-02
  3.397677e-01   4.348490e-02   3.654710e-02
  3.402371e-01   1.403570e-01   3.664650e-02
  3.407064e-01   1.885570e-02   3.706380e-02
  3.411757e-01   4.437830e-02   3.720610e-02
  3.416451e-01   3.254970e-02   3.712330e-02
  3.421144e-01  -1.746310e-02   3.696420e-02
  3.425837e-01   8.350100e-02   3.691040e-02
  3.430531e-01   8.094680e-02   3.741530e-02
  3.435224e-01   5.203760e-03   3.718950e-02
  3.439917e-01  -2.884140e-02   3.733360e-02
  3.444611e-01   1.812710e-02   3.711290e-02
  3.449304e-01   1.615870e-02   3.723880e-02
  3.453997e-01  -3.282650e-04   3.753690e-02
  3.458691e-01   2.820700e-02   3.763310e-02
  3.463384e-01  -1.216310e-02   3.720810e-02
  3.468077e-01   9.841490e-02   3.780030e-02
  3.472771e-01   2.876930e-02   3.796810e-02
  3.477464e-01   2.765180e-02   3.787490e-02
  3.482157e-01   2.234830e-02   3.762140e-02
  3.486851e-01  -6.255020e-02   3.762960e-02
  3.491544e-01   8.913980e-02   3.814660e-02
  3.496237e-01   5.316520e-03   3.814070e-02
  3.500931e-01   8.146700e-02   3.774470e-02
  3.505624e-01   5.239810e-02   3.783860e-02
  3.510317e-01   6.187830e-02   3.807360e-02
  3.515011e-01   9.882070e-02   3.851930e-02
  3.519704e-01   5.668520e-02   3.810960e-02
  3.524397e-01   9.460980e-03   3.810710e-02
  3.529091e-01   1.752450e-02   3.838770e-02
  3.533784e-01   1.154680e-01   3.863080e-02
  3.538477e-01  -5.284690e-03   3.832560e-02
  3.543171e-01   1.694150e-02   3.787780e-02
  3.547864e-01   7.750510e-02   3.826830e-02
  3.552557e-01   5.037760e-02   3.859540e-02
  3.557250e-01   1.315900e-02   3.901110e-02
  3.561944e-01   9.801130e-02   3.880760e-02
  3.566637e-01   2.825210e-02   3.832620e-02
  3.571330e-01   9.501000e-02   3.856360e-02
  3.576024e-01   3.061670e-02   3.917340e-02
  3.580717e-01   9.815660e-02   3.828930e-02
  3.585410e-01   1.440930e-01   3.816000e-02
  3.590104e-01   2.020210e-02   3.833140e-02
  3.594797e-01   5.272190e-02   3.853640e-02
  3.599490e-01   5.854580e-02   3.841170e-02
  3.604184e-01   7.265470e-02   3.841620e-02
  3.608877e-01   1.121450e-01   3.840450e-02
  3.613570e-01   4.724250e-02   3.985440e-02
  3.618264e-01   6.868620e-02   4.150400e-02
  3.622957e-01   3.332150e-02   4.082070e-02
  3.627650e-01   9.064710e-02   4.160980e-02
  3.632344e-01   6.940370e-02   4.222430e-02
  3.637037e-01   1.905830e-02   4.309860e-02
  3.641730e-01   5.203270e-02   4.249370e-02
  3.646424e-01   3.666360e-02   4.283260e-02
  3.651117e-01   7.803840e-02   4.364980e-02
  3.655810e-01   5.780850e-02   4.429500e-02
  3.660504e-01   5.262250e-02   4.353930e-02
  3.665197e-01   9.477750e-02   4.361640e-02
  3.669890e-01   4.263640e-02   4.392960e-02
  3.674584e-01   9.673450e-02   4.500580e-02
  3.679277e-01   7.084590e-02   4.498850e-02
  3.683970e-01   9.907860e-03   4.425300e-02
  3.688664e-01   6.359590e-02   4.445680e-02
  3.693357e-01   1.304110e-01   4.584570e-02
  3.698050e-01  -2.063160e-02   4.523630e-02
  3.702744e-01   1.096060e-01   4.540020e-02
  3.707437e-01   4.617280e-03   4.526950e-02
  3.712130e-01   4.018490e-02   4.581930e-02
  3.716824e-01   1.162770e-02   4.605880e-02
  3.721517e-01  -7.365420e-02   4.656750e-02
  3.726210e-01   8.495620e-02   4.602670e-02
  3.730904e-01   3.707090e-02   4.626670e-02
  3.735597e-01   1.971000e-02   4.670330e-02
  3.740290e-01   1.134580e-01   4.674590e-02
  3.744984e-01   2.133920e-01   4.750060e-02
  3.749677e-01   1.615330e-01   4.714030e-02
  3.754370e-01  -4.320380e-02   4.752750e-02
  3.759064e-01   2.960590e-01   4.736780e-02
  3.763757e-01   6.831840e-02   4.794860e-02
  3.768450e-01   1.069020e-01   4.851610e-02
  3.773144e-01   6.596000e-02   4.809930e-02
  3.777837e-01   3.427860e-02   4.797280e-02
  3.782530e-01   4.191440e-02   4.871740e-02
  3.787223e-01   9.832800e-02   4.888660e-02
  3.791917e-01  -2.315280e-02   4.938670e-02
  3.796610e-01   2.856630e-02   4.867940e-02
  3.801303e-01   1.431180e-01   4.892490e-02
  3.805997e-01  -7.604400e-03   4.912780e-02
  3.810690e-01   1.156800e-02   4.996100e-02
  3.815383e-01   1.684350e-01   4.956040e-02
  3.820077e-01  -6.724940e-02   4.952490e-02
  3.824770e-01   1.118560e-01   5.090580e-02
  3.829463e-01  -3.110170e-02   5.036460e-02
  3.834157e-01   1.720350e-02   5.002410e-02
  3.838850e-01   1.523110e-02   5.034260e-02
  3.843543e-01   2.839800e-02   5.073060e-02
  3.848237e-01  -1.744560e-02   5.130850e-02
  3.852930e-01   1.344260e-01   5.076160e-02
  3.857623e-01   8.718760e-02   5.101110e-02
  3.862317e-01   1.619050e-01   5.172310e-02
  3.867010e-01   8.401470e-02   5.190680e-02
  3.871703e-01   4.562010e-03   5.150190e-02
  3.876397e-01   5.215060e-02   5.178600e-02
  3.881090e-01   5.996330e-02   5.274670e-02
  3.885783e-01   4.693340e-02   5.270880e-02
  3.890477e-01  -2.967260e-02   5.219230e-02
  3.895170e-01  -4.829650e-03   5.211520e-02
  3.899863e-01   2.079820e-02   5.269520e-02
  3.904557e-01   7.774350e-02   5.352120e-02
  3.909250e-01  -3.934900e-02   5.329420e-02
  3.913943e-01  -2.762190e-02   5.274600e-02
  3.918637e-01  -6.133540e-02   5.281250e-02
  3.923330e-01  -3.061040e-03   5.368780e-02
  3.928023e-01   9.389680e-02   5.319540e-02
  3.932717e-01   1.183330e-02   5.415090e-02
  3.937410e-01  -6.981250e-02   5.261320e-02
  3.942103e-01   2.838950e-02   5.355270e-02
  3.946797e-01   1.365570e-01   5.333310e-02
  3.951490e-01   2.352120e-02   5.429440e-02
  3.956183e-01   1.239180e-02   5.374220e-02
  3.960877e-01  -2.471120e-02   5.366310e-02
  3.965570e-01  -2.712860e-02   5.454900e-02
  3.970263e-01   5.827410e-02   5.445360e-02
  3.974957e-01  -2.293260e-02   5.448540e-02
  3.979650e-01   2.620950e-02   5.483830e-02
  3.984343e-01   1.375390e-01   5.475200e-02
  3.989037e-01   4.136100e-02   5.505280e-02
  3.993730e-01   4.317670e-02   5.534400e-02
  3.998423e-01   6.197380e-02   5.563590e-02
  4.003117e-01   1.005990e-01   5.507300e-02
  4.007810e-01   1.825850e-01   5.581970e-02
  4.012503e-01   1.076940e-01   5.652760e-02
  4.017196e-01  -5.636370e-02   5.659120e-02
  4.021890e-01   1.070360e-01   5.634870e-02
  4.026583e-01  -2.455890e-02   5.617320e-02
  4.031276e-01   1.029300e-01   5.730180e-02
  4.035970e-01  -1.878300e-02   5.700680e-02
  4.040663e-01   5.115810e-02   5.737570e-02
  4.045356e-01   6.760140e-02   5.722330e-02
  4.050050e-01  -5.925630e-03   5.744500e-02
  4.054743e-01  -3.879150e-02   5.724840e-02
  4.059436e-01   1.525400e-01   5.884710e-02
  4.064130e-01   1.019480e-01   5.799450e-02
range-from: 1
range-to: 840
