Sample description: REMARK 265
Sample: REMARK 265  c= 0 mg/ml  Code: 
  1.358155e-02   1.106660e+01   1.081610e-01
  1.405089e-02   1.100170e+01   1.009610e-01
  1.452022e-02   1.105330e+01   1.015250e-01
  1.498955e-02   1.082450e+01   9.578710e-02
  1.545888e-02   1.086880e+01   9.570670e-02
  1.592822e-02   1.072170e+01   9.121190e-02
  1.639755e-02   1.046120e+01   8.635990e-02
  1.686688e-02   1.044920e+01   8.911820e-02
  1.733622e-02   1.046450e+01   8.816230e-02
  1.780555e-02   1.022550e+01   8.140540e-02
  1.827488e-02   1.014520e+01   8.220080e-02
  1.874421e-02   1.018740e+01   7.863250e-02
  1.921355e-02   9.979780e+00   7.880530e-02
  1.968288e-02   1.000670e+01   7.751840e-02
  2.015221e-02   9.763220e+00   7.440870e-02
  2.062154e-02   9.655600e+00   7.165970e-02
  2.109088e-02   9.690170e+00   7.317990e-02
  2.156021e-02   9.598720e+00   7.271580e-02
  2.202954e-02   9.578620e+00   6.941480e-02
  2.249887e-02   9.379550e+00   6.800700e-02
  2.296821e-02   9.091600e+00   6.779380e-02
  2.343754e-02   9.098900e+00   6.822190e-02
  2.390687e-02   8.878770e+00   6.681350e-02
  2.437621e-02   8.956000e+00   6.455930e-02
  2.484554e-02   8.806200e+00   6.548110e-02
  2.531487e-02   8.595240e+00   6.437160e-02
  2.578420e-02   8.592540e+00   6.306430e-02
  2.625354e-02   8.544630e+00   6.162280e-02
  2.672287e-02   8.365690e+00   6.139490e-02
  2.719220e-02   8.369570e+00   6.203110e-02
  2.766153e-02   8.196850e+00   6.059320e-02
  2.813087e-02   8.061650e+00   5.798890e-02
  2.860020e-02   7.869140e+00   5.748470e-02
  2.906953e-02   7.927590e+00   5.924170e-02
  2.953886e-02   7.720130e+00   5.829760e-02
  3.000820e-02   7.559470e+00   5.586700e-02
  3.047753e-02   7.593210e+00   5.535010e-02
  3.094686e-02   7.378430e+00   5.509810e-02
  3.141619e-02   7.237350e+00   5.667290e-02
  3.188553e-02   7.346050e+00   5.340140e-02
  3.235486e-02   7.078030e+00   5.343830e-02
  3.282419e-02   7.104740e+00   5.335350e-02
  3.329353e-02   6.848720e+00   5.421560e-02
  3.376286e-02   6.888290e+00   5.107180e-02
  3.423219e-02   6.784560e+00   5.162680e-02
  3.470152e-02   6.664150e+00   5.193410e-02
  3.517086e-02   6.393390e+00   5.519210e-02
  3.564019e-02   6.419830e+00   5.433260e-02
  3.610952e-02   6.290570e+00   5.330370e-02
  3.657885e-02   6.130390e+00   5.578320e-02
  3.704819e-02   6.060460e+00   5.616120e-02
  3.751752e-02   6.023130e+00   5.817950e-02
  3.798685e-02   5.890710e+00   5.461920e-02
  3.845618e-02   5.906630e+00   5.733840e-02
  3.892552e-02   5.797790e+00   5.739070e-02
  3.939485e-02   5.618640e+00   5.787330e-02
  3.986418e-02   5.463330e+00   5.832810e-02
  4.033351e-02   5.437140e+00   6.074530e-02
  4.080285e-02   5.290030e+00   6.188720e-02
  4.127218e-02   5.296180e+00   6.419230e-02
  4.174151e-02   5.230110e+00   6.338030e-02
  4.221085e-02   4.999030e+00   6.459110e-02
  4.268018e-02   4.777470e+00   6.671490e-02
  4.314951e-02   5.024600e+00   6.804010e-02
  4.361884e-02   4.908290e+00   6.797610e-02
  4.408818e-02   4.790230e+00   6.971140e-02
  4.455751e-02   4.603750e+00   7.046670e-02
  4.502684e-02   4.539860e+00   7.089820e-02
  4.549617e-02   4.506660e+00   7.254230e-02
  4.596551e-02   4.230860e+00   7.101360e-02
  4.643484e-02   4.391920e+00   6.844080e-02
  4.690417e-02   4.178810e+00   6.678460e-02
  4.737350e-02   4.269400e+00   6.489010e-02
  4.784284e-02   4.208690e+00   6.511020e-02
  4.831217e-02   3.979780e+00   6.462650e-02
  4.878150e-02   4.147720e+00   6.354450e-02
  4.925083e-02   3.875580e+00   6.428950e-02
  4.972017e-02   3.889440e+00   6.356750e-02
  5.018950e-02   3.750050e+00   6.103640e-02
  5.065883e-02   3.644010e+00   6.159570e-02
  5.112817e-02   3.646740e+00   6.527210e-02
  5.159750e-02   3.498050e+00   6.244540e-02
  5.206683e-02   3.481460e+00   5.908800e-02
  5.253616e-02   3.261000e+00   6.063120e-02
  5.300550e-02   3.470550e+00   6.171850e-02
  5.347483e-02   3.309180e+00   6.050740e-02
  5.394416e-02   3.223340e+00   5.847050e-02
  5.441349e-02   3.300990e+00   5.920440e-02
  5.488283e-02   3.153310e+00   5.924290e-02
  5.535216e-02   3.066650e+00   5.927590e-02
  5.582149e-02   3.090560e+00   5.642470e-02
  5.629082e-02   2.909360e+00   5.714540e-02
  5.676016e-02   2.988370e+00   5.729540e-02
  5.722949e-02   2.804390e+00   5.834380e-02
  5.769882e-02   2.786010e+00   5.582280e-02
  5.816816e-02   2.888380e+00   5.625700e-02
  5.863749e-02   2.781670e+00   5.571370e-02
  5.910682e-02   2.695810e+00   5.854740e-02
  5.957615e-02   2.635610e+00   5.504310e-02
  6.004549e-02   2.630030e+00   5.460870e-02
  6.051482e-02   2.523500e+00   5.529260e-02
  6.098415e-02   2.568350e+00   5.610660e-02
  6.145348e-02   2.337760e+00   5.399950e-02
  6.192282e-02   2.472870e+00   5.393140e-02
  6.239215e-02   2.280690e+00   5.521190e-02
  6.286148e-02   2.290800e+00   5.465100e-02
  6.333081e-02   2.286910e+00   5.528380e-02
  6.380015e-02   2.369510e+00   5.266080e-02
  6.426948e-02   2.248750e+00   5.457990e-02
  6.473881e-02   2.287450e+00   5.430990e-02
  6.520814e-02   2.159410e+00   5.503960e-02
  6.567748e-02   2.120550e+00   5.358880e-02
  6.614681e-02   2.070230e+00   5.299970e-02
  6.661614e-02   2.123670e+00   5.323190e-02
  6.708548e-02   1.963380e+00   5.395620e-02
  6.755481e-02   2.055520e+00   5.333250e-02
  6.802414e-02   1.999030e+00   5.209800e-02
  6.849347e-02   1.799900e+00   5.292620e-02
  6.896281e-02   1.963390e+00   5.408040e-02
  6.943214e-02   1.801250e+00   5.237070e-02
  6.990147e-02   1.828050e+00   5.135920e-02
  7.037080e-02   1.810120e+00   5.274230e-02
  7.084014e-02   1.803010e+00   5.207730e-02
  7.130947e-02   1.778460e+00   5.226710e-02
  7.177880e-02   1.766730e+00   5.081580e-02
  7.224813e-02   1.735760e+00   5.122950e-02
  7.271747e-02   1.719190e+00   5.202800e-02
  7.318680e-02   1.720690e+00   5.227840e-02
  7.365613e-02   1.655700e+00   5.102750e-02
  7.412546e-02   1.788900e+00   5.108720e-02
  7.459480e-02   1.719950e+00   5.138910e-02
  7.506413e-02   1.618060e+00   5.090610e-02
  7.553346e-02   1.470940e+00   5.177250e-02
  7.600280e-02   1.424590e+00   4.987950e-02
  7.647213e-02   1.425200e+00   5.012480e-02
  7.694146e-02   1.530890e+00   5.121130e-02
  7.741079e-02   1.562040e+00   5.035620e-02
  7.788013e-02   1.366290e+00   4.924360e-02
  7.834946e-02   1.499660e+00   4.972440e-02
  7.881879e-02   1.409450e+00   5.070870e-02
  7.928812e-02   1.443980e+00   5.002100e-02
  7.975746e-02   1.507130e+00   4.898910e-02
  8.022679e-02   1.405220e+00   4.921680e-02
  8.069612e-02   1.361410e+00   5.017410e-02
  8.116545e-02   1.291250e+00   4.970550e-02
  8.163479e-02   1.321260e+00   4.975390e-02
  8.210412e-02   1.413590e+00   4.849230e-02
  8.257345e-02   1.348110e+00   4.961130e-02
  8.304279e-02   1.310070e+00   4.885330e-02
  8.351212e-02   1.197070e+00   4.931920e-02
  8.398145e-02   1.295840e+00   4.794080e-02
  8.445078e-02   1.237030e+00   4.870910e-02
  8.492012e-02   1.187040e+00   4.936430e-02
  8.538945e-02   1.164130e+00   4.871650e-02
  8.585878e-02   1.166100e+00   4.746180e-02
  8.632811e-02   1.120190e+00   4.767290e-02
  8.679745e-02   1.173870e+00   4.857540e-02
  8.726678e-02   1.167070e+00   4.839800e-02
  8.773611e-02   1.034230e+00   4.737130e-02
  8.820544e-02   1.046830e+00   4.739490e-02
  8.867478e-02   1.122290e+00   4.834050e-02
  8.914411e-02   1.108810e+00   4.789220e-02
  8.961344e-02   9.175020e-01   4.683670e-02
  9.008277e-02   1.092180e+00   4.710030e-02
  9.055211e-02   1.054160e+00   4.844000e-02
  9.102144e-02   1.049820e+00   4.718860e-02
  9.149077e-02   9.783320e-01   4.737540e-02
  9.196011e-02   9.094070e-01   4.682060e-02
  9.242944e-02   9.096850e-01   4.725180e-02
  9.289877e-02   8.585050e-01   4.742410e-02
  9.336810e-02   9.332950e-01   4.727650e-02
  9.383744e-02   9.245350e-01   4.507110e-02
  9.430677e-02   8.645800e-01   4.670860e-02
  9.477610e-02   8.050820e-01   4.669760e-02
  9.524543e-02   7.210290e-01   4.653370e-02
  9.571477e-02   8.930470e-01   4.529610e-02
  9.618410e-02   9.495760e-01   4.617750e-02
  9.665343e-02   8.478170e-01   4.662440e-02
  9.712276e-02   7.913050e-01   4.733300e-02
  9.759210e-02   8.395150e-01   4.498300e-02
  9.806143e-02   7.343270e-01   4.601320e-02
  9.853076e-02   7.481970e-01   4.610360e-02
  9.900009e-02   7.955580e-01   4.645060e-02
  9.946943e-02   7.925340e-01   4.495330e-02
  9.993876e-02   7.784560e-01   4.564620e-02
  1.004081e-01   6.989370e-01   4.545000e-02
  1.008774e-01   7.402720e-01   4.654170e-02
  1.013468e-01   6.802960e-01   4.489450e-02
  1.018161e-01   8.377110e-01   4.434170e-02
  1.022854e-01   7.290760e-01   4.643240e-02
  1.027548e-01   6.192820e-01   4.511470e-02
  1.032241e-01   7.031410e-01   4.526740e-02
  1.036934e-01   6.600700e-01   4.401020e-02
  1.041628e-01   6.973710e-01   4.480680e-02
  1.046321e-01   6.440220e-01   4.443560e-02
  1.051014e-01   7.143850e-01   4.540510e-02
  1.055708e-01   6.607170e-01   4.496900e-02
  1.060401e-01   6.321780e-01   4.423450e-02
  1.065094e-01   5.880500e-01   4.473930e-02
  1.069787e-01   5.626710e-01   4.523960e-02
  1.074481e-01   5.864590e-01   4.370790e-02
  1.079174e-01   6.239360e-01   4.361260e-02
  1.083867e-01   5.691050e-01   4.420610e-02
  1.088561e-01   4.908530e-01   4.408550e-02
  1.093254e-01   6.121030e-01   4.365790e-02
  1.097947e-01   5.741660e-01   4.318680e-02
  1.102641e-01   5.387280e-01   4.356820e-02
  1.107334e-01   5.005440e-01   4.389170e-02
  1.112027e-01   5.307500e-01   4.499970e-02
  1.116721e-01   6.230440e-01   4.329160e-02
  1.121414e-01   4.660070e-01   4.326470e-02
  1.126107e-01   5.008940e-01   4.332060e-02
  1.130801e-01   4.990940e-01   4.420900e-02
  1.135494e-01   5.200540e-01   4.312990e-02
  1.140187e-01   4.551690e-01   4.252530e-02
  1.144881e-01   4.463930e-01   4.382290e-02
  1.149574e-01   3.994440e-01   4.361540e-02
  1.154267e-01   4.264050e-01   4.225560e-02
  1.158961e-01   4.537050e-01   4.234910e-02
  1.163654e-01   4.421930e-01   4.295540e-02
  1.168347e-01   4.764510e-01   4.353960e-02
  1.173041e-01   4.204330e-01   4.204770e-02
  1.177734e-01   4.533160e-01   4.203850e-02
  1.182427e-01   4.863280e-01   4.276960e-02
  1.187121e-01   4.810970e-01   4.350290e-02
  1.191814e-01   3.702840e-01   4.245370e-02
  1.196507e-01   4.161640e-01   4.132690e-02
  1.201201e-01   4.502740e-01   4.308530e-02
  1.205894e-01   2.902420e-01   4.464510e-02
  1.210587e-01   4.218100e-01   4.631770e-02
  1.215281e-01   3.816400e-01   4.504370e-02
  1.219974e-01   3.368990e-01   4.648610e-02
  1.224667e-01   3.823500e-01   4.722270e-02
  1.229361e-01   4.455600e-01   4.701520e-02
  1.234054e-01   3.489820e-01   4.649740e-02
  1.238747e-01   4.502480e-01   4.814310e-02
  1.243441e-01   2.844590e-01   4.845730e-02
  1.248134e-01   3.954090e-01   4.877630e-02
  1.252827e-01   3.114420e-01   4.769180e-02
  1.257521e-01   3.452750e-01   4.887480e-02
  1.262214e-01   2.697800e-01   4.939300e-02
  1.266907e-01   3.628450e-01   4.857690e-02
  1.271601e-01   3.086090e-01   4.630500e-02
  1.276294e-01   2.784600e-01   4.465660e-02
  1.280987e-01   3.614640e-01   4.469250e-02
  1.285681e-01   2.887880e-01   4.460720e-02
  1.290374e-01   2.658740e-01   4.456150e-02
  1.295067e-01   3.565780e-01   4.285860e-02
  1.299760e-01   3.219260e-01   4.345730e-02
  1.304454e-01   1.916370e-01   4.274580e-02
  1.309147e-01   2.484520e-01   4.262160e-02
  1.313840e-01   3.072890e-01   4.220170e-02
  1.318534e-01   2.339390e-01   4.261000e-02
  1.323227e-01   2.617910e-01   4.176580e-02
  1.327920e-01   2.402850e-01   4.296880e-02
  1.332614e-01   2.292750e-01   4.190160e-02
  1.337307e-01   2.736410e-01   4.144610e-02
  1.342000e-01   2.037220e-01   4.172040e-02
  1.346694e-01   1.882200e-01   4.216340e-02
  1.351387e-01   1.905050e-01   4.142760e-02
  1.356080e-01   2.630040e-01   4.084340e-02
  1.360774e-01   2.697510e-01   4.176180e-02
  1.365467e-01   2.809450e-01   4.167280e-02
  1.370160e-01   2.108410e-01   4.130120e-02
  1.374854e-01   1.767860e-01   4.046270e-02
  1.379547e-01   2.769150e-01   4.072900e-02
  1.384240e-01   2.688240e-01   4.074430e-02
  1.388934e-01   2.877780e-01   4.174520e-02
  1.393627e-01   2.188470e-01   4.072780e-02
  1.398320e-01   2.035370e-01   4.062580e-02
  1.403014e-01   1.744720e-01   4.072570e-02
  1.407707e-01   2.608210e-01   4.081560e-02
  1.412400e-01   1.372730e-01   4.025930e-02
  1.417094e-01   2.126200e-01   4.070600e-02
  1.421787e-01   2.251720e-01   4.133870e-02
  1.426480e-01   2.558120e-01   4.053120e-02
  1.431174e-01   1.346300e-01   4.163340e-02
  1.435867e-01   1.592990e-01   3.949590e-02
  1.440560e-01   1.505080e-01   4.167300e-02
  1.445254e-01   6.402510e-02   4.023620e-02
  1.449947e-01   1.374570e-01   4.037050e-02
  1.454640e-01   2.276060e-01   3.889560e-02
  1.459334e-01   1.969350e-01   3.953710e-02
  1.464027e-01   2.103130e-01   4.012180e-02
  1.468720e-01   2.333950e-01   4.015790e-02
  1.473414e-01   2.374130e-01   3.891380e-02
  1.478107e-01   1.215210e-01   3.911470e-02
  1.482800e-01   8.054450e-02   3.995330e-02
  1.487494e-01   1.098120e-01   3.980980e-02
  1.492187e-01   1.563340e-01   3.866710e-02
  1.496880e-01   2.521760e-01   3.995260e-02
  1.501574e-01   2.205420e-01   4.136540e-02
  1.506267e-01   1.526150e-01   4.229120e-02
  1.510960e-01   2.606460e-01   4.191430e-02
  1.515654e-01   1.919650e-01   4.243930e-02
  1.520347e-01   1.190970e-01   4.343390e-02
  1.525040e-01   1.889890e-01   4.278470e-02
  1.529733e-01   2.073550e-01   4.144320e-02
  1.534427e-01   2.092750e-01   4.057420e-02
  1.539120e-01   2.023630e-01   4.051520e-02
  1.543813e-01   1.392470e-01   4.085170e-02
  1.548507e-01   2.074670e-01   4.017290e-02
  1.553200e-01   1.542480e-01   3.893890e-02
  1.557893e-01   1.386550e-01   3.882840e-02
  1.562587e-01   1.989280e-01   3.927460e-02
  1.567280e-01   8.433990e-02   3.882470e-02
  1.571973e-01   2.111300e-01   3.790130e-02
  1.576667e-01   1.142060e-01   3.896950e-02
  1.581360e-01   1.662490e-01   3.901560e-02
  1.586053e-01   2.613370e-01   3.913140e-02
  1.590747e-01   1.433630e-01   3.809170e-02
  1.595440e-01   1.212790e-01   3.902840e-02
  1.600133e-01   1.576250e-01   3.872280e-02
  1.604827e-01   2.320270e-01   3.874160e-02
  1.609520e-01   4.385690e-02   3.845810e-02
  1.614213e-01   1.289630e-01   3.838560e-02
  1.618907e-01   1.126190e-01   3.849570e-02
  1.623600e-01   1.540230e-01   3.879980e-02
  1.628293e-01   1.227740e-01   3.886820e-02
  1.632987e-01   5.139770e-02   3.712310e-02
  1.637680e-01   9.728850e-02   3.838240e-02
  1.642373e-01   1.725910e-01   3.812540e-02
  1.647067e-01   5.935440e-02   3.847760e-02
  1.651760e-01   3.742530e-02   3.702600e-02
  1.656453e-01   1.085310e-01   3.846980e-02
  1.661147e-01   6.732400e-02   3.842610e-02
  1.665840e-01   1.054370e-01   3.813000e-02
  1.670533e-01   5.368880e-02   3.728200e-02
  1.675227e-01   1.595570e-01   3.740040e-02
  1.679920e-01   6.536280e-02   3.762650e-02
  1.684613e-01   1.687970e-01   3.794050e-02
  1.689307e-01   1.970850e-01   3.749150e-02
  1.694000e-01   1.391860e-01   3.705040e-02
  1.698693e-01   1.549500e-01   3.742670e-02
  1.703387e-01   9.138000e-02   3.800920e-02
  1.708080e-01   9.670960e-02   3.778430e-02
  1.712773e-01   9.385770e-02   3.657930e-02
  1.717467e-01   1.145090e-01   3.748360e-02
  1.722160e-01   9.100110e-02   3.690300e-02
  1.726853e-01   9.629080e-02   3.783000e-02
  1.731547e-01   9.323620e-02   3.626680e-02
  1.736240e-01   5.118600e-02   3.672840e-02
  1.740933e-01   1.661280e-01   3.722730e-02
  1.745626e-01   1.266450e-01   3.736500e-02
  1.750320e-01   1.397160e-01   3.640610e-02
  1.755013e-01   9.054040e-02   3.645260e-02
  1.759706e-01   9.524400e-02   3.747880e-02
  1.764400e-01  -1.304240e-02   3.721980e-02
  1.769093e-01   1.696690e-01   3.649110e-02
  1.773786e-01   7.364150e-02   3.631510e-02
  1.778480e-01   1.730760e-01   3.717950e-02
  1.783173e-01   4.943920e-02   3.689820e-02
  1.787866e-01   7.601320e-02   3.660040e-02
  1.792560e-01   9.317500e-02   3.606020e-02
  1.797253e-01   9.283360e-02   3.658110e-02
  1.801946e-01   7.198850e-03   3.624880e-02
  1.806640e-01   1.120890e-01   3.692120e-02
  1.811333e-01   8.525300e-02   3.552960e-02
  1.816026e-01   1.420930e-01   3.598130e-02
  1.820720e-01   7.645850e-02   3.632640e-02
  1.825413e-01   5.339710e-02   3.661760e-02
  1.830106e-01   1.437870e-01   3.543940e-02
  1.834800e-01   1.547460e-01   3.587360e-02
  1.839493e-01   7.045950e-02   3.609670e-02
  1.844186e-01   9.709630e-02   3.640540e-02
  1.848880e-01   9.836280e-02   3.548440e-02
  1.853573e-01   4.838650e-02   3.559610e-02
  1.858266e-01   6.714170e-02   3.596440e-02
  1.862960e-01   5.512850e-02   3.599400e-02
  1.867653e-01   6.744990e-02   3.540170e-02
  1.872346e-01   6.698470e-02   3.548540e-02
  1.877040e-01   1.632840e-01   3.566180e-02
  1.881733e-01   9.052000e-02   3.573790e-02
  1.886426e-01   5.421560e-03   3.564240e-02
  1.891120e-01   8.263560e-02   3.600600e-02
  1.895813e-01   3.306150e-02   3.524090e-02
  1.900506e-01   6.325030e-02   3.609360e-02
  1.905200e-01   1.244000e-01   3.619400e-02
  1.909893e-01   9.213630e-02   3.461980e-02
  1.914586e-01   3.208700e-02   3.532230e-02
  1.919280e-01   5.891770e-02   3.533250e-02
  1.923973e-01   1.388320e-02   3.527350e-02
  1.928666e-01   7.369140e-02   3.505560e-02
  1.933360e-01   1.187460e-01   3.486620e-02
  1.938053e-01   1.360730e-01   3.496050e-02
  1.942746e-01   2.880250e-02   3.499650e-02
  1.947440e-01   9.442550e-02   3.457740e-02
  1.952133e-01   7.965870e-02   3.449420e-02
  1.956826e-01   7.815240e-02   3.482590e-02
  1.961520e-01   1.041110e-02   3.484550e-02
  1.966213e-01   8.396920e-02   3.456130e-02
  1.970906e-01   4.140350e-02   3.444800e-02
  1.975599e-01   1.734520e-01   3.471750e-02
  1.980293e-01   1.053000e-01   3.483690e-02
  1.984986e-01   3.876440e-02   3.496640e-02
  1.989679e-01   1.018630e-01   3.414130e-02
  1.994373e-01   6.700230e-02   3.483090e-02
  1.999066e-01   7.428220e-02   3.542410e-02
  2.003759e-01   1.083180e-01   3.499690e-02
  2.008453e-01   1.054850e-01   3.548690e-02
  2.013146e-01   9.342090e-02   3.660030e-02
  2.017839e-01  -1.412180e-03   3.674120e-02
  2.022533e-01   1.679630e-01   3.798190e-02
  2.027226e-01   1.038670e-01   3.780470e-02
  2.031919e-01   7.094640e-02   3.797130e-02
  2.036613e-01  -1.530460e-02   3.778990e-02
  2.041306e-01  -4.247090e-02   3.863730e-02
  2.045999e-01   1.292540e-01   3.830190e-02
  2.050693e-01   9.509620e-02   3.850430e-02
  2.055386e-01   9.185530e-02   3.892370e-02
  2.060079e-01   2.009130e-02   3.855570e-02
  2.064773e-01   3.809540e-02   3.874710e-02
  2.069466e-01   1.069810e-01   3.856020e-02
  2.074159e-01   1.009630e-01   3.709920e-02
  2.078853e-01   6.595500e-02   3.659800e-02
  2.083546e-01   5.720400e-03   3.634030e-02
  2.088239e-01   1.031290e-01   3.527040e-02
  2.092933e-01   1.247010e-01   3.538510e-02
  2.097626e-01   6.674360e-02   3.519360e-02
  2.102319e-01   5.927210e-02   3.536870e-02
  2.107013e-01   6.556620e-02   3.444120e-02
  2.111706e-01   2.277110e-03   3.476630e-02
  2.116399e-01   2.946750e-02   3.494730e-02
  2.121093e-01   6.628110e-02   3.478500e-02
  2.125786e-01   9.049350e-02   3.435320e-02
  2.130479e-01  -2.637450e-02   3.497990e-02
  2.135173e-01   8.787010e-02   3.536240e-02
  2.139866e-01   4.709030e-02   3.445470e-02
  2.144559e-01   3.016320e-02   3.525020e-02
  2.149253e-01   8.819770e-02   3.416920e-02
  2.153946e-01   1.215110e-01   3.422350e-02
  2.158639e-01   4.515060e-02   3.425680e-02
  2.163333e-01   7.176030e-02   3.429720e-02
  2.168026e-01   4.762720e-02   3.392030e-02
  2.172719e-01   5.787830e-02   3.395460e-02
  2.177413e-01   7.092150e-02   3.393440e-02
  2.182106e-01   9.594560e-02   3.427280e-02
  2.186799e-01   4.416230e-02   3.337510e-02
  2.191493e-01   8.472100e-02   3.385360e-02
  2.196186e-01  -1.328650e-02   3.373130e-02
  2.200879e-01  -7.357690e-03   3.415560e-02
  2.205572e-01   5.879990e-02   3.397780e-02
  2.210266e-01   4.704250e-02   3.362380e-02
  2.214959e-01   1.055780e-01   3.378560e-02
  2.219652e-01  -9.826110e-03   3.378400e-02
  2.224346e-01   3.816810e-02   3.305130e-02
  2.229039e-01   1.135110e-01   3.390790e-02
  2.233732e-01   6.568210e-03   3.361220e-02
  2.238426e-01   6.212270e-03   3.341640e-02
  2.243119e-01   4.985320e-02   3.316780e-02
  2.247812e-01   1.240820e-01   3.322940e-02
  2.252506e-01   1.625800e-03   3.322590e-02
  2.257199e-01   5.077130e-02   3.342220e-02
  2.261892e-01   1.568710e-02   3.321200e-02
  2.266586e-01   8.181110e-02   3.269930e-02
  2.271279e-01   8.796290e-02   3.318960e-02
  2.275972e-01   9.169690e-02   3.331610e-02
  2.280666e-01   1.137510e-01   3.358260e-02
  2.285359e-01   1.644400e-02   3.246970e-02
  2.290052e-01   5.129280e-02   3.297690e-02
  2.294746e-01   4.866140e-02   3.347080e-02
  2.299439e-01   1.649030e-02   3.315430e-02
  2.304132e-01   3.840900e-02   3.276460e-02
  2.308826e-01   2.030480e-02   3.278260e-02
  2.313519e-01   5.416060e-02   3.357930e-02
  2.318212e-01   1.202010e-01   3.293390e-02
  2.322906e-01   3.596130e-02   3.229620e-02
  2.327599e-01   6.523150e-02   3.265440e-02
  2.332292e-01   3.220720e-02   3.326140e-02
  2.336986e-01   3.866570e-02   3.276540e-02
  2.341679e-01   6.572670e-02   3.270810e-02
  2.346372e-01   1.170610e-02   3.225920e-02
  2.351066e-01   3.991960e-02   3.274170e-02
  2.355759e-01   4.693760e-03   3.233850e-02
  2.360452e-01   4.435730e-02   3.237140e-02
  2.365146e-01   7.432630e-03   3.236930e-02
  2.369839e-01  -1.659350e-02   3.345120e-02
  2.374532e-01   4.371000e-02   3.246760e-02
  2.379226e-01   1.002110e-01   3.219920e-02
  2.383919e-01   2.938430e-02   3.188460e-02
  2.388612e-01   4.344470e-02   3.232530e-02
  2.393306e-01  -3.236100e-02   3.218790e-02
  2.397999e-01   4.394440e-02   3.264010e-02
  2.402692e-01   1.149570e-01   3.176390e-02
  2.407386e-01   4.719700e-02   3.204680e-02
  2.412079e-01   1.319450e-01   3.253690e-02
  2.416772e-01   2.230280e-02   3.214680e-02
  2.421466e-01   3.402780e-02   3.166400e-02
  2.426159e-01   4.680420e-02   3.179610e-02
  2.430852e-01   5.494280e-02   3.219130e-02
  2.435545e-01   1.545210e-02   3.185660e-02
  2.440239e-01   4.563840e-02   3.174980e-02
  2.444932e-01   1.006490e-01   3.169380e-02
  2.449625e-01   2.052040e-03   3.176760e-02
  2.454319e-01  -2.593120e-02   3.183810e-02
  2.459012e-01   3.981980e-02   3.228990e-02
  2.463705e-01   7.638340e-02   3.123640e-02
  2.468399e-01   3.356070e-02   3.160610e-02
  2.473092e-01   3.277420e-02   3.229370e-02
  2.477785e-01   6.887530e-02   3.176520e-02
  2.482479e-01   5.506080e-02   3.114040e-02
  2.487172e-01  -9.725030e-03   3.146670e-02
  2.491865e-01  -1.310240e-03   3.210570e-02
  2.496559e-01   3.171340e-02   3.144250e-02
  2.501252e-01  -1.294380e-02   3.122400e-02
  2.505945e-01   1.042150e-02   3.143240e-02
  2.510639e-01   2.375670e-02   3.146080e-02
  2.515332e-01   7.366640e-02   3.132210e-02
  2.520025e-01  -1.214860e-02   3.098270e-02
  2.524719e-01   6.147810e-02   3.133750e-02
  2.529412e-01   2.043820e-02   3.117340e-02
  2.534105e-01  -5.161790e-03   3.136780e-02
  2.538799e-01   6.146530e-02   3.090760e-02
  2.543492e-01   5.551810e-02   3.107290e-02
  2.548185e-01  -8.772170e-04   3.095040e-02
  2.552879e-01   8.198160e-02   3.143990e-02
  2.557572e-01  -1.698750e-03   3.113930e-02
  2.562265e-01   7.701600e-02   3.038360e-02
  2.566959e-01   5.117040e-02   3.097540e-02
  2.571652e-01   1.895240e-02   3.117900e-02
  2.576345e-01   1.780790e-02   3.204920e-02
  2.581039e-01   7.787680e-02   3.042170e-02
  2.585732e-01   1.808940e-02   3.069710e-02
  2.590425e-01   2.137100e-02   3.140210e-02
  2.595119e-01   9.025890e-02   3.116190e-02
  2.599812e-01   1.280800e-02   3.040640e-02
  2.604505e-01   6.416710e-02   3.099520e-02
  2.609199e-01   3.153530e-03   3.090000e-02
  2.613892e-01   5.837230e-02   3.109260e-02
  2.618585e-01   3.719400e-02   3.061330e-02
  2.623279e-01  -1.343010e-02   3.055630e-02
  2.627972e-01   1.700780e-02   3.064040e-02
  2.632665e-01   1.138560e-01   3.115410e-02
  2.637359e-01   1.866140e-02   3.044290e-02
  2.642052e-01   7.258490e-02   3.043020e-02
  2.646745e-01   6.926960e-02   3.044890e-02
  2.651438e-01   5.211760e-02   3.076860e-02
  2.656132e-01   3.580760e-02   3.057560e-02
  2.660825e-01   3.551110e-02   2.996390e-02
  2.665518e-01   9.386610e-03   3.030950e-02
  2.670212e-01   5.642100e-02   3.066490e-02
  2.674905e-01   9.726170e-02   3.052160e-02
  2.679598e-01  -1.178080e-03   2.979710e-02
  2.684292e-01   9.064940e-03   3.069990e-02
  2.688985e-01  -3.678080e-02   3.028770e-02
  2.693678e-01   7.741170e-02   3.220070e-02
  2.698372e-01   8.939820e-02   2.983550e-02
  2.703065e-01   6.649670e-02   3.021060e-02
  2.707758e-01  -4.078210e-03   3.019440e-02
  2.712452e-01   3.372230e-02   3.072980e-02
  2.717145e-01   4.372510e-02   3.014140e-02
  2.721838e-01   5.564370e-02   3.052500e-02
  2.726532e-01   3.895760e-02   3.019830e-02
  2.731225e-01   6.408880e-02   3.093740e-02
  2.735918e-01  -3.066820e-02   2.985170e-02
  2.740612e-01  -2.740040e-04   3.000110e-02
  2.745305e-01   3.519960e-02   3.010460e-02
  2.749998e-01   4.093230e-02   3.004210e-02
  2.754692e-01  -3.912970e-04   2.997620e-02
  2.759385e-01   1.953060e-02   2.941650e-02
  2.764078e-01   6.360030e-02   2.999480e-02
  2.768772e-01   1.712010e-02   2.980300e-02
  2.773465e-01   2.510270e-02   2.998730e-02
  2.778158e-01   4.357910e-02   2.946170e-02
  2.782852e-01   5.742790e-02   2.983040e-02
  2.787545e-01   6.062400e-03   2.965160e-02
  2.792238e-01   3.988190e-02   3.003010e-02
  2.796932e-01   2.575300e-02   2.931430e-02
  2.801625e-01   3.297730e-02   2.975740e-02
  2.806318e-01  -6.418150e-02   2.953030e-02
  2.811012e-01   2.619610e-02   3.043800e-02
  2.815705e-01  -2.709650e-03   3.113680e-02
  2.820398e-01   1.904980e-02   3.141120e-02
  2.825092e-01   5.700090e-02   3.161750e-02
  2.829785e-01   4.157340e-02   3.220960e-02
  2.834478e-01   8.664840e-02   3.202100e-02
  2.839172e-01   7.136230e-02   3.206850e-02
  2.843865e-01   3.464240e-02   3.260920e-02
  2.848558e-01   6.671630e-02   3.234650e-02
  2.853252e-01   4.259740e-02   3.242000e-02
  2.857945e-01   9.366480e-02   3.265230e-02
  2.862638e-01   8.469740e-02   3.279580e-02
  2.867332e-01  -4.369140e-02   3.295130e-02
  2.872025e-01  -1.070530e-02   3.260860e-02
  2.876718e-01   2.115180e-02   3.153800e-02
  2.881411e-01   9.901150e-02   3.117800e-02
  2.886105e-01   1.354650e-02   3.112370e-02
  2.890798e-01   3.461980e-02   3.054040e-02
  2.895491e-01   6.988680e-02   3.041560e-02
  2.900185e-01   3.184180e-02   3.006500e-02
  2.904878e-01  -3.892070e-02   3.056020e-02
  2.909571e-01   5.723950e-03   3.013970e-02
  2.914265e-01   4.454930e-04   2.972970e-02
  2.918958e-01   7.701540e-02   2.986740e-02
  2.923651e-01   2.548610e-02   3.008740e-02
  2.928345e-01   1.721770e-02   2.970750e-02
  2.933038e-01   5.695840e-02   2.983460e-02
  2.937731e-01   3.627810e-02   3.013670e-02
  2.942425e-01   1.161860e-03   2.978660e-02
  2.947118e-01  -1.778260e-04   2.964960e-02
  2.951811e-01   3.563740e-02   3.004570e-02
  2.956505e-01   2.500050e-02   2.927140e-02
  2.961198e-01   4.668590e-02   2.957520e-02
  2.965891e-01  -3.314850e-02   2.984990e-02
  2.970585e-01   5.157890e-02   2.977540e-02
  2.975278e-01   6.823560e-02   2.891390e-02
  2.979971e-01   2.716650e-02   2.939220e-02
  2.984665e-01  -5.187320e-04   2.939210e-02
  2.989358e-01   1.362300e-02   2.971200e-02
  2.994051e-01   4.959430e-02   2.906540e-02
  2.998745e-01   6.186300e-02   2.918550e-02
  3.003438e-01   1.606340e-02   2.927920e-02
  3.008131e-01   6.097250e-02   2.961260e-02
  3.012825e-01   4.129700e-02   2.977590e-02
  3.017518e-01   2.370970e-02   2.898700e-02
  3.022211e-01  -1.283300e-03   2.913130e-02
  3.026905e-01  -1.079230e-02   2.923620e-02
  3.031598e-01  -6.803060e-02   2.865340e-02
  3.036291e-01   7.076840e-02   2.903040e-02
  3.040985e-01   5.697260e-02   2.939280e-02
  3.045678e-01   9.495420e-02   2.906270e-02
  3.050371e-01   3.452040e-02   2.915360e-02
  3.055065e-01  -1.281980e-02   2.868060e-02
  3.059758e-01   7.557660e-02   2.939480e-02
  3.064451e-01   5.118000e-02   2.909190e-02
  3.069145e-01   3.058360e-02   2.916990e-02
  3.073838e-01   3.804060e-02   2.830230e-02
  3.078531e-01   7.187470e-02   2.876010e-02
  3.083225e-01   5.607160e-02   2.896340e-02
  3.087918e-01  -3.539840e-03   2.884530e-02
  3.092611e-01   2.220070e-02   2.899150e-02
  3.097305e-01   5.608530e-02   2.858350e-02
  3.101998e-01   6.661060e-02   2.920620e-02
  3.106691e-01   2.776400e-02   2.920570e-02
  3.111384e-01   5.518840e-02   2.803340e-02
  3.116078e-01   3.355990e-03   2.845700e-02
  3.120771e-01   2.347510e-02   2.975570e-02
  3.125464e-01   5.331170e-03   2.896680e-02
  3.130158e-01  -1.511060e-02   2.800740e-02
  3.134851e-01   4.573210e-02   2.846480e-02
  3.139544e-01   4.452400e-02   2.842620e-02
  3.144238e-01   5.236320e-02   2.902680e-02
  3.148931e-01  -4.913290e-04   2.803260e-02
  3.153624e-01  -5.641570e-03   2.802180e-02
  3.158318e-01   7.516820e-02   2.846740e-02
  3.163011e-01   8.075080e-02   2.892850e-02
  3.167704e-01   4.714080e-02   2.834620e-02
  3.172398e-01   2.875540e-02   2.801950e-02
  3.177091e-01  -8.837260e-03   2.829050e-02
  3.181784e-01   1.200390e-02   2.836920e-02
  3.186478e-01   3.495730e-02   2.832990e-02
  3.191171e-01   2.921380e-02   2.748090e-02
  3.195864e-01   2.699890e-02   2.803100e-02
  3.200558e-01   8.135600e-02   2.813850e-02
  3.205251e-01   5.965390e-02   2.930980e-02
  3.209944e-01   6.896040e-03   2.747040e-02
  3.214638e-01   4.848370e-03   2.823940e-02
  3.219331e-01   5.918510e-02   2.804150e-02
  3.224024e-01   6.613430e-03   2.798610e-02
  3.228718e-01   5.054600e-02   2.770510e-02
  3.233411e-01  -5.039440e-03   2.766470e-02
  3.238104e-01   3.758980e-02   2.796710e-02
  3.242798e-01   5.075680e-02   2.797380e-02
  3.247491e-01   1.308920e-02   2.765880e-02
  3.252184e-01   3.315510e-02   2.769160e-02
  3.256878e-01   6.730210e-02   2.798130e-02
  3.261571e-01   2.533920e-02   2.778240e-02
  3.266264e-01   6.538020e-02   2.774870e-02
  3.270958e-01   1.060780e-02   2.793730e-02
  3.275651e-01  -3.109860e-02   2.818930e-02
  3.280344e-01   1.466110e-03   2.763870e-02
  3.285038e-01  -3.410880e-02   2.803190e-02
  3.289731e-01  -5.771740e-03   2.753910e-02
  3.294424e-01   9.485740e-03   2.763340e-02
  3.299118e-01   7.708400e-02   2.768360e-02
  3.303811e-01   5.393260e-02   2.782130e-02
  3.308504e-01   2.509490e-02   2.724300e-02
  3.313198e-01   3.747460e-02   2.766520e-02
  3.317891e-01   7.900560e-04   2.740250e-02
  3.322584e-01   1.736370e-02   2.765190e-02
  3.327277e-01   4.807890e-02   2.717870e-02
  3.331971e-01   3.216780e-02   2.765810e-02
  3.336664e-01   5.705720e-02   2.746670e-02
  3.341357e-01   2.219630e-02   2.742510e-02
  3.346051e-01   2.234030e-02   2.765680e-02
  3.350744e-01   8.869550e-02   2.749890e-02
  3.355437e-01   3.690000e-02   2.739350e-02
  3.360131e-01   5.049860e-02   2.727830e-02
  3.364824e-01   4.837260e-02   2.720170e-02
  3.369517e-01  -3.548730e-02   2.815830e-02
  3.374211e-01   2.175540e-02   2.860510e-02
  3.378904e-01   2.033110e-02   2.857860e-02
  3.383597e-01   3.761790e-02   2.911650e-02
  3.388291e-01  -8.157900e-03   2.959290e-02
  3.392984e-01   8.363000e-02   2.926560e-02
  3.397677e-01   5.997520e-02   2.946650e-02
  3.402371e-01   2.539940e-02   2.898960e-02
  3.407064e-01   2.828270e-02   3.000990e-02
  3.411757e-01  -2.657610e-02   2.932310e-02
  3.416451e-01  -2.350390e-02   2.941260e-02
  3.421144e-01   3.202910e-02   2.939410e-02
  3.425837e-01   1.093920e-01   2.930760e-02
  3.430531e-01   8.081790e-02   2.962120e-02
  3.435224e-01   1.864870e-02   2.958400e-02
  3.439917e-01   6.340300e-02   2.970940e-02
  3.444611e-01   1.130950e-01   2.945500e-02
  3.449304e-01  -1.686050e-02   2.961800e-02
  3.453997e-01   7.435670e-02   3.023210e-02
  3.458691e-01   5.981680e-02   3.112210e-02
  3.463384e-01   1.514750e-02   2.991370e-02
  3.468077e-01   4.202950e-03   2.997290e-02
  3.472771e-01  -3.151260e-02   3.008800e-02
  3.477464e-01   9.223700e-02   2.999050e-02
  3.482157e-01   5.726170e-03   2.974330e-02
  3.486851e-01   3.052080e-02   2.995480e-02
  3.491544e-01   6.088260e-02   3.000600e-02
  3.496237e-01   2.955450e-02   3.032130e-02
  3.500931e-01  -5.019550e-02   2.993520e-02
  3.505624e-01   3.869400e-02   3.008870e-02
  3.510317e-01   1.034330e-02   3.009000e-02
  3.515011e-01   9.306400e-02   3.096090e-02
  3.519704e-01   2.469220e-02   3.011160e-02
  3.524397e-01  -2.174880e-02   3.010320e-02
  3.529091e-01   4.626090e-02   3.028640e-02
  3.533784e-01   1.022460e-02   3.045610e-02
  3.538477e-01   7.858380e-02   3.089230e-02
  3.543171e-01   3.896750e-02   3.012480e-02
  3.547864e-01   3.669740e-02   3.022250e-02
  3.552557e-01   9.098950e-03   3.057730e-02
  3.557250e-01  -1.384050e-02   3.069690e-02
  3.561944e-01  -7.169080e-03   3.018450e-02
  3.566637e-01   6.337550e-02   3.074870e-02
  3.571330e-01   2.079040e-02   3.050020e-02
  3.576024e-01   6.193240e-02   3.135590e-02
  3.580717e-01  -1.694880e-02   3.023030e-02
  3.585410e-01   2.185130e-02   3.034960e-02
  3.590104e-01   3.764760e-04   3.047560e-02
  3.594797e-01   1.605340e-02   3.061460e-02
  3.599490e-01   6.191040e-02   3.068920e-02
  3.604184e-01   1.753480e-02   3.027620e-02
  3.608877e-01   4.378810e-03   3.042800e-02
  3.613570e-01  -3.302270e-02   3.167050e-02
  3.618264e-01   1.790620e-02   3.275760e-02
  3.622957e-01   4.671260e-02   3.249190e-02
  3.627650e-01  -7.680230e-03   3.305740e-02
  3.632344e-01  -6.130890e-03   3.344840e-02
  3.637037e-01   8.486070e-02   3.410120e-02
  3.641730e-01   3.621860e-02   3.430130e-02
  3.646424e-01   1.103700e-01   3.401120e-02
  3.651117e-01   6.459160e-02   3.410210e-02
  3.655810e-01   9.170150e-02   3.497390e-02
  3.660504e-01   4.187500e-02   3.446760e-02
  3.665197e-01   3.432410e-02   3.513230e-02
  3.669890e-01   6.660910e-03   3.479820e-02
  3.674584e-01   4.252100e-02   3.523850e-02
  3.679277e-01   7.992180e-02   3.548650e-02
  3.683970e-01   2.702900e-02   3.558880e-02
  3.688664e-01  -2.727300e-02   3.533830e-02
  3.693357e-01   4.778800e-02   3.606860e-02
  3.698050e-01   5.544160e-02   3.579840e-02
  3.702744e-01   9.054910e-02   3.615300e-02
  3.707437e-01   3.153070e-02   3.588350e-02
  3.712130e-01  -1.897860e-03   3.646260e-02
  3.716824e-01   3.987260e-02   3.652520e-02
  3.721517e-01   1.946780e-03   3.689230e-02
  3.726210e-01   1.468940e-01   3.654720e-02
  3.730904e-01   5.746800e-02   3.671820e-02
  3.735597e-01  -5.894060e-02   3.756730e-02
  3.740290e-01   2.350060e-02   3.711750e-02
  3.744984e-01  -1.111280e-02   3.791390e-02
  3.749677e-01   2.270900e-02   3.732750e-02
  3.754370e-01   1.641170e-02   3.781770e-02
  3.759064e-01   5.672140e-02   3.748600e-02
  3.763757e-01  -6.017270e-03   3.806500e-02
  3.768450e-01   8.483930e-02   3.802380e-02
  3.773144e-01   3.130750e-02   3.823500e-02
  3.777837e-01  -1.913320e-02   3.808510e-02
  3.782530e-01  -8.115240e-03   3.845720e-02
  3.787223e-01   4.107970e-02   3.852820e-02
  3.791917e-01   1.443110e-01   3.932500e-02
  3.796610e-01   4.787110e-02   3.923150e-02
  3.801303e-01  -3.540020e-02   3.940350e-02
  3.805997e-01  -2.190280e-02   3.905860e-02
  3.810690e-01  -3.530170e-02   3.956860e-02
  3.815383e-01  -1.146760e-03   3.913340e-02
  3.820077e-01   5.820470e-02   3.939000e-02
  3.824770e-01  -1.341180e-02   3.979130e-02
  3.829463e-01  -4.148640e-04   3.999570e-02
  3.834157e-01   8.030180e-02   3.980380e-02
  3.838850e-01   3.871170e-02   4.007580e-02
  3.843543e-01   5.367420e-02   4.087420e-02
  3.848237e-01   5.226690e-02   4.151870e-02
  3.852930e-01  -7.062790e-03   4.038870e-02
  3.857623e-01   1.150580e-03   4.041050e-02
  3.862317e-01  -1.031330e-02   4.087960e-02
  3.867010e-01   9.877850e-02   4.169040e-02
  3.871703e-01   8.648760e-03   4.093160e-02
  3.876397e-01   4.657000e-02   4.090080e-02
  3.881090e-01  -3.130760e-02   4.135160e-02
  3.885783e-01   3.554130e-03   4.190380e-02
  3.890477e-01  -8.183510e-02   4.145490e-02
  3.895170e-01   3.437240e-02   4.143790e-02
  3.899863e-01  -3.597210e-02   4.233680e-02
  3.904557e-01   3.457360e-03   4.252180e-02
  3.909250e-01  -9.689160e-03   4.223460e-02
  3.913943e-01   7.005840e-02   4.196640e-02
  3.918637e-01   1.096170e-01   4.196060e-02
  3.923330e-01  -2.523660e-02   4.271900e-02
  3.928023e-01   1.463320e-01   4.225440e-02
  3.932717e-01   4.194750e-02   4.262260e-02
range-from: 1
range-to: 810
