Sample description: REMARK 265
Sample: REMARK 265  c= 0 mg/ml  Code: 
  1.170422e-02   3.629450e+01   1.324040e-01
  1.217356e-02   3.618240e+01   1.242690e-01
  1.264289e-02   3.603900e+01   1.249080e-01
  1.311222e-02   3.570010e+01   1.188090e-01
  1.358155e-02   3.555390e+01   1.167060e-01
  1.405089e-02   3.522790e+01   1.096320e-01
  1.452022e-02   3.480300e+01   1.088660e-01
  1.498955e-02   3.466270e+01   1.045210e-01
  1.545888e-02   3.434780e+01   1.029860e-01
  1.592822e-02   3.427370e+01   9.931730e-02
  1.639755e-02   3.389920e+01   9.409160e-02
  1.686688e-02   3.352120e+01   9.520540e-02
  1.733622e-02   3.328570e+01   9.425720e-02
  1.780555e-02   3.293490e+01   8.933740e-02
  1.827488e-02   3.267390e+01   8.697300e-02
  1.874421e-02   3.257050e+01   8.655960e-02
  1.921355e-02   3.200550e+01   8.667890e-02
  1.968288e-02   3.168590e+01   8.524620e-02
  2.015221e-02   3.138930e+01   8.319710e-02
  2.062154e-02   3.118730e+01   7.828720e-02
  2.109088e-02   3.082210e+01   7.969180e-02
  2.156021e-02   3.036210e+01   7.995050e-02
  2.202954e-02   3.021670e+01   7.624810e-02
  2.249887e-02   2.972410e+01   7.443120e-02
  2.296821e-02   2.950120e+01   7.473200e-02
  2.343754e-02   2.920770e+01   7.504720e-02
  2.390687e-02   2.881080e+01   7.245620e-02
  2.437621e-02   2.836110e+01   7.385950e-02
  2.484554e-02   2.816330e+01   7.146200e-02
  2.531487e-02   2.786230e+01   7.060670e-02
  2.578420e-02   2.757190e+01   6.815660e-02
  2.625354e-02   2.707920e+01   6.708110e-02
  2.672287e-02   2.684180e+01   6.709170e-02
  2.719220e-02   2.638910e+01   6.673100e-02
  2.766153e-02   2.606500e+01   6.522430e-02
  2.813087e-02   2.572830e+01   6.303280e-02
  2.860020e-02   2.525730e+01   6.238700e-02
  2.906953e-02   2.510450e+01   6.524650e-02
  2.953886e-02   2.472370e+01   6.318090e-02
  3.000820e-02   2.440740e+01   5.975780e-02
  3.047753e-02   2.400000e+01   6.092870e-02
  3.094686e-02   2.363870e+01   5.990120e-02
  3.141619e-02   2.342770e+01   6.122280e-02
  3.188553e-02   2.300910e+01   5.669340e-02
  3.235486e-02   2.272660e+01   5.747670e-02
  3.282419e-02   2.246790e+01   5.762820e-02
  3.329353e-02   2.193330e+01   5.810620e-02
  3.376286e-02   2.178910e+01   5.468500e-02
  3.423219e-02   2.140870e+01   5.508220e-02
  3.470152e-02   2.114840e+01   5.541450e-02
  3.517086e-02   2.092680e+01   5.813540e-02
  3.564019e-02   2.055180e+01   5.712760e-02
  3.610952e-02   2.012720e+01   5.656520e-02
  3.657885e-02   1.974880e+01   5.906400e-02
  3.704819e-02   1.947170e+01   5.972110e-02
  3.751752e-02   1.908910e+01   6.079000e-02
  3.798685e-02   1.872770e+01   5.759810e-02
  3.845618e-02   1.856220e+01   6.035170e-02
  3.892552e-02   1.809910e+01   6.044680e-02
  3.939485e-02   1.796150e+01   6.079980e-02
  3.986418e-02   1.765200e+01   6.112160e-02
  4.033351e-02   1.742600e+01   6.357060e-02
  4.080285e-02   1.708750e+01   6.490820e-02
  4.127218e-02   1.675170e+01   6.573390e-02
  4.174151e-02   1.644790e+01   6.594780e-02
  4.221085e-02   1.623450e+01   6.719570e-02
  4.268018e-02   1.580440e+01   7.020070e-02
  4.314951e-02   1.561210e+01   7.034430e-02
  4.361884e-02   1.520590e+01   7.044730e-02
  4.408818e-02   1.511900e+01   7.104470e-02
  4.455751e-02   1.470220e+01   7.268260e-02
  4.502684e-02   1.451490e+01   7.278060e-02
  4.549617e-02   1.420850e+01   7.404020e-02
  4.596551e-02   1.405130e+01   7.137160e-02
  4.643484e-02   1.402100e+01   7.021700e-02
  4.690417e-02   1.364950e+01   7.088650e-02
  4.737350e-02   1.336630e+01   6.619340e-02
  4.784284e-02   1.305620e+01   6.631420e-02
  4.831217e-02   1.283790e+01   6.585660e-02
  4.878150e-02   1.257970e+01   6.448600e-02
  4.925083e-02   1.234470e+01   6.522230e-02
  4.972017e-02   1.211940e+01   6.444330e-02
  5.018950e-02   1.201910e+01   6.183090e-02
  5.065883e-02   1.178650e+01   6.233100e-02
  5.112817e-02   1.156020e+01   6.749990e-02
  5.159750e-02   1.137260e+01   6.308440e-02
  5.206683e-02   1.122140e+01   5.994140e-02
  5.253616e-02   1.091560e+01   6.133950e-02
  5.300550e-02   1.064590e+01   6.311430e-02
  5.347483e-02   1.042900e+01   6.086620e-02
  5.394416e-02   1.045430e+01   5.867690e-02
  5.441349e-02   1.027470e+01   5.921770e-02
  5.488283e-02   1.006090e+01   6.015300e-02
  5.535216e-02   9.862310e+00   5.917370e-02
  5.582149e-02   9.751960e+00   5.657990e-02
  5.629082e-02   9.594100e+00   5.695720e-02
  5.676016e-02   9.301800e+00   5.717200e-02
  5.722949e-02   9.192480e+00   5.745900e-02
  5.769882e-02   9.039690e+00   5.620980e-02
  5.816816e-02   8.941930e+00   5.513940e-02
  5.863749e-02   8.788340e+00   5.534340e-02
  5.910682e-02   8.650600e+00   5.808820e-02
  5.957615e-02   8.521670e+00   5.471230e-02
  6.004549e-02   8.317690e+00   5.387550e-02
  6.051482e-02   8.238790e+00   5.461340e-02
  6.098415e-02   8.061300e+00   5.524770e-02
  6.145348e-02   7.924790e+00   5.345220e-02
  6.192282e-02   7.758960e+00   5.308280e-02
  6.239215e-02   7.718980e+00   5.418730e-02
  6.286148e-02   7.619810e+00   5.378390e-02
  6.333081e-02   7.417210e+00   5.429740e-02
  6.380015e-02   7.350930e+00   5.175990e-02
  6.426948e-02   7.271620e+00   5.359800e-02
  6.473881e-02   7.231090e+00   5.336020e-02
  6.520814e-02   7.112470e+00   5.415610e-02
  6.567748e-02   6.837390e+00   5.157420e-02
  6.614681e-02   6.878370e+00   5.123890e-02
  6.661614e-02   6.616300e+00   5.186750e-02
  6.708548e-02   6.618510e+00   5.261970e-02
  6.755481e-02   6.547500e+00   5.136260e-02
  6.802414e-02   6.384590e+00   5.065780e-02
  6.849347e-02   6.219400e+00   5.149510e-02
  6.896281e-02   6.289090e+00   5.209250e-02
  6.943214e-02   6.054260e+00   5.086840e-02
  6.990147e-02   6.019950e+00   5.002420e-02
  7.037080e-02   6.043420e+00   5.067840e-02
  7.084014e-02   5.851590e+00   5.057880e-02
  7.130947e-02   5.688510e+00   5.119850e-02
  7.177880e-02   5.759520e+00   4.951900e-02
  7.224813e-02   5.524980e+00   4.948350e-02
  7.271747e-02   5.612560e+00   5.092740e-02
  7.318680e-02   5.388460e+00   4.989420e-02
  7.365613e-02   5.450590e+00   4.965010e-02
  7.412546e-02   5.378010e+00   4.879670e-02
  7.459480e-02   5.240110e+00   4.965970e-02
  7.506413e-02   5.214800e+00   4.904710e-02
  7.553346e-02   5.111600e+00   4.947360e-02
  7.600280e-02   5.109660e+00   4.812540e-02
  7.647213e-02   4.958180e+00   4.823250e-02
  7.694146e-02   4.943150e+00   4.929510e-02
  7.741079e-02   4.732360e+00   4.824370e-02
  7.788013e-02   4.800700e+00   4.751410e-02
  7.834946e-02   4.636940e+00   4.762900e-02
  7.881879e-02   4.661600e+00   4.863650e-02
  7.928812e-02   4.605990e+00   4.794440e-02
  7.975746e-02   4.472270e+00   4.685430e-02
  8.022679e-02   4.462070e+00   4.728610e-02
  8.069612e-02   4.339440e+00   4.793610e-02
  8.116545e-02   4.380250e+00   4.784350e-02
  8.163479e-02   4.382080e+00   4.644410e-02
  8.210412e-02   4.221590e+00   4.660850e-02
  8.257345e-02   4.136610e+00   4.724980e-02
  8.304279e-02   4.177390e+00   4.670290e-02
  8.351212e-02   4.071560e+00   4.704860e-02
  8.398145e-02   3.966200e+00   4.557340e-02
  8.445078e-02   3.983210e+00   4.641800e-02
  8.492012e-02   3.819160e+00   4.679670e-02
  8.538945e-02   3.802010e+00   4.652900e-02
  8.585878e-02   3.788310e+00   4.539950e-02
  8.632811e-02   3.709060e+00   4.530750e-02
  8.679745e-02   3.707320e+00   4.616190e-02
  8.726678e-02   3.557070e+00   4.592290e-02
  8.773611e-02   3.602300e+00   4.474480e-02
  8.820544e-02   3.452970e+00   4.514740e-02
  8.867478e-02   3.451740e+00   4.593980e-02
  8.914411e-02   3.500750e+00   4.571030e-02
  8.961344e-02   3.353620e+00   4.468790e-02
  9.008277e-02   3.332770e+00   4.470690e-02
  9.055211e-02   3.219330e+00   4.511660e-02
  9.102144e-02   3.270240e+00   4.466180e-02
  9.149077e-02   3.126780e+00   4.422300e-02
  9.196011e-02   3.127330e+00   4.445890e-02
  9.242944e-02   3.060510e+00   4.429320e-02
  9.289877e-02   3.112890e+00   4.481450e-02
  9.336810e-02   3.001980e+00   4.462520e-02
  9.383744e-02   2.958120e+00   4.273060e-02
  9.430677e-02   2.984720e+00   4.413240e-02
  9.477610e-02   2.884050e+00   4.417300e-02
  9.524543e-02   2.833780e+00   4.407130e-02
  9.571477e-02   2.815010e+00   4.266140e-02
  9.618410e-02   2.724310e+00   4.340610e-02
  9.665343e-02   2.791310e+00   4.391780e-02
  9.712276e-02   2.664190e+00   4.367680e-02
  9.759210e-02   2.675370e+00   4.261640e-02
  9.806143e-02   2.650490e+00   4.278240e-02
  9.853076e-02   2.527640e+00   4.332270e-02
  9.900009e-02   2.615130e+00   4.321640e-02
  9.946943e-02   2.555740e+00   4.226180e-02
  9.993876e-02   2.435090e+00   4.285370e-02
  1.004081e-01   2.374400e+00   4.278100e-02
  1.008774e-01   2.393260e+00   4.322450e-02
  1.013468e-01   2.366040e+00   4.234080e-02
  1.018161e-01   2.400340e+00   4.155170e-02
  1.022854e-01   2.175050e+00   4.351500e-02
  1.027548e-01   2.151300e+00   4.225950e-02
  1.032241e-01   2.198220e+00   4.274780e-02
  1.036934e-01   2.131340e+00   4.119000e-02
  1.041628e-01   2.173940e+00   4.196340e-02
  1.046321e-01   2.090460e+00   4.156070e-02
  1.051014e-01   2.026690e+00   4.204770e-02
  1.055708e-01   2.045790e+00   4.107990e-02
  1.060401e-01   2.022170e+00   4.133220e-02
  1.065094e-01   2.085240e+00   4.168120e-02
  1.069787e-01   1.994780e+00   4.202210e-02
  1.074481e-01   1.991940e+00   4.156560e-02
  1.079174e-01   1.929450e+00   4.072490e-02
  1.083867e-01   1.814050e+00   4.119650e-02
  1.088561e-01   1.870430e+00   4.149780e-02
  1.093254e-01   1.754710e+00   4.081790e-02
  1.097947e-01   1.747750e+00   4.029630e-02
  1.102641e-01   1.706040e+00   4.098730e-02
  1.107334e-01   1.780130e+00   4.171500e-02
  1.112027e-01   1.688130e+00   4.104760e-02
  1.116721e-01   1.664500e+00   3.994220e-02
  1.121414e-01   1.698260e+00   4.034170e-02
  1.126107e-01   1.617640e+00   4.054220e-02
  1.130801e-01   1.682660e+00   4.070610e-02
  1.135494e-01   1.585000e+00   4.011100e-02
  1.140187e-01   1.569010e+00   3.969910e-02
  1.144881e-01   1.483680e+00   4.042020e-02
  1.149574e-01   1.519380e+00   4.012120e-02
  1.154267e-01   1.529600e+00   3.934800e-02
  1.158961e-01   1.441080e+00   3.932300e-02
  1.163654e-01   1.474650e+00   4.013990e-02
  1.168347e-01   1.277230e+00   4.110720e-02
  1.173041e-01   1.292690e+00   3.915390e-02
  1.177734e-01   1.356550e+00   3.919910e-02
  1.182427e-01   1.367190e+00   3.938610e-02
  1.187121e-01   1.350500e+00   4.014850e-02
  1.191814e-01   1.309500e+00   3.944840e-02
  1.196507e-01   1.266680e+00   3.862610e-02
  1.201201e-01   1.275900e+00   4.026750e-02
  1.205894e-01   1.320150e+00   4.186850e-02
  1.210587e-01   1.131600e+00   4.192080e-02
  1.215281e-01   1.085720e+00   4.184580e-02
  1.219974e-01   1.149890e+00   4.267590e-02
  1.224667e-01   1.170800e+00   4.425560e-02
  1.229361e-01   1.157770e+00   4.353410e-02
  1.234054e-01   1.086030e+00   4.305360e-02
  1.238747e-01   1.100310e+00   4.452070e-02
  1.243441e-01   1.005460e+00   4.485000e-02
  1.248134e-01   1.142810e+00   4.553800e-02
  1.252827e-01   1.068950e+00   4.416610e-02
  1.257521e-01   1.075690e+00   4.580040e-02
  1.262214e-01   1.043420e+00   4.601280e-02
  1.266907e-01   1.003890e+00   4.458600e-02
  1.271601e-01   1.033640e+00   4.264460e-02
  1.276294e-01   1.001420e+00   4.129720e-02
  1.280987e-01   1.032610e+00   4.172140e-02
  1.285681e-01   9.818750e-01   4.173900e-02
  1.290374e-01   9.022640e-01   4.098360e-02
  1.295067e-01   1.016200e+00   3.911490e-02
  1.299760e-01   1.004830e+00   4.017560e-02
  1.304454e-01   9.648500e-01   3.957350e-02
  1.309147e-01   1.015690e+00   3.978960e-02
  1.313840e-01   9.468330e-01   3.864120e-02
  1.318534e-01   9.139380e-01   3.920770e-02
  1.323227e-01   8.663360e-01   3.855060e-02
  1.327920e-01   8.729110e-01   3.936740e-02
  1.332614e-01   8.291030e-01   3.839190e-02
  1.337307e-01   8.663060e-01   3.825770e-02
  1.342000e-01   8.447660e-01   3.852490e-02
  1.346694e-01   8.250460e-01   3.871300e-02
  1.351387e-01   8.203560e-01   3.843050e-02
  1.356080e-01   7.445950e-01   3.767280e-02
  1.360774e-01   8.192420e-01   3.826630e-02
  1.365467e-01   6.645350e-01   3.838300e-02
  1.370160e-01   8.048190e-01   3.877200e-02
  1.374854e-01   7.627690e-01   3.760830e-02
  1.379547e-01   7.363850e-01   3.768010e-02
  1.384240e-01   7.494370e-01   3.765170e-02
  1.388934e-01   7.392230e-01   3.820360e-02
  1.393627e-01   7.564090e-01   3.731090e-02
  1.398320e-01   6.738130e-01   3.766920e-02
  1.403014e-01   7.001550e-01   3.753420e-02
  1.407707e-01   7.662880e-01   3.764220e-02
  1.412400e-01   6.670310e-01   3.724670e-02
  1.417094e-01   6.520980e-01   3.656990e-02
  1.421787e-01   6.363520e-01   3.777780e-02
  1.426480e-01   6.537230e-01   3.754930e-02
  1.431174e-01   6.964310e-01   3.712100e-02
  1.435867e-01   5.929140e-01   3.636750e-02
  1.440560e-01   6.225400e-01   3.689430e-02
  1.445254e-01   6.383450e-01   3.712440e-02
  1.449947e-01   5.593570e-01   3.727750e-02
  1.454640e-01   6.620810e-01   3.584560e-02
  1.459334e-01   6.032320e-01   3.641200e-02
  1.464027e-01   6.091880e-01   3.721440e-02
  1.468720e-01   5.539980e-01   3.695840e-02
  1.473414e-01   5.710880e-01   3.602540e-02
  1.478107e-01   4.862220e-01   3.602270e-02
  1.482800e-01   5.048460e-01   3.689320e-02
  1.487494e-01   5.284810e-01   3.667320e-02
  1.492187e-01   4.643300e-01   3.575080e-02
  1.496880e-01   5.380490e-01   3.714980e-02
  1.501574e-01   5.152900e-01   3.803200e-02
  1.506267e-01   4.080680e-01   3.906040e-02
  1.510960e-01   5.504450e-01   3.874670e-02
  1.515654e-01   4.624170e-01   3.911510e-02
  1.520347e-01   4.967490e-01   4.019370e-02
  1.525040e-01   5.181550e-01   3.963540e-02
  1.529733e-01   5.109690e-01   3.821760e-02
  1.534427e-01   4.436750e-01   3.790210e-02
  1.539120e-01   4.350480e-01   3.722340e-02
  1.543813e-01   3.737560e-01   3.752430e-02
  1.548507e-01   5.096880e-01   3.704640e-02
  1.553200e-01   4.967020e-01   3.601150e-02
  1.557893e-01   4.587080e-01   3.608670e-02
  1.562587e-01   4.756020e-01   3.642780e-02
  1.567280e-01   3.704040e-01   3.607070e-02
  1.571973e-01   3.715140e-01   3.492490e-02
  1.576667e-01   4.555150e-01   3.539300e-02
  1.581360e-01   3.635720e-01   3.582460e-02
  1.586053e-01   4.842640e-01   3.680210e-02
  1.590747e-01   3.987300e-01   3.498700e-02
  1.595440e-01   4.216000e-01   3.550480e-02
  1.600133e-01   4.243030e-01   3.601720e-02
  1.604827e-01   4.245890e-01   3.569770e-02
  1.609520e-01   2.943010e-01   3.589270e-02
  1.614213e-01   3.816720e-01   3.514610e-02
  1.618907e-01   2.807250e-01   3.535020e-02
  1.623600e-01   3.288040e-01   3.538590e-02
  1.628293e-01   4.125900e-01   3.574040e-02
  1.632987e-01   3.553100e-01   3.412520e-02
  1.637680e-01   3.540330e-01   3.528360e-02
  1.642373e-01   2.980180e-01   3.501480e-02
  1.647067e-01   3.567560e-01   3.561740e-02
  1.651760e-01   3.406300e-01   3.404550e-02
  1.656453e-01   3.524510e-01   3.514460e-02
  1.661147e-01   3.425560e-01   3.502400e-02
  1.665840e-01   3.075190e-01   3.523160e-02
  1.670533e-01   3.288570e-01   3.433830e-02
  1.675227e-01   2.734580e-01   3.431420e-02
  1.679920e-01   3.210950e-01   3.457450e-02
  1.684613e-01   3.203570e-01   3.483040e-02
  1.689307e-01   2.977950e-01   3.455610e-02
  1.694000e-01   2.764030e-01   3.401140e-02
  1.698693e-01   3.096020e-01   3.432910e-02
  1.703387e-01   3.084390e-01   3.449550e-02
  1.708080e-01   3.113610e-01   3.430630e-02
  1.712773e-01   2.287150e-01   3.365290e-02
  1.717467e-01   1.390800e-01   3.435590e-02
  1.722160e-01   3.151380e-01   3.409080e-02
  1.726853e-01   3.210750e-01   3.475560e-02
  1.731547e-01   3.246560e-01   3.355160e-02
  1.736240e-01   2.972460e-01   3.429780e-02
  1.740933e-01   3.440770e-01   3.414930e-02
  1.745626e-01   2.027540e-01   3.424960e-02
  1.750320e-01   2.384980e-01   3.346420e-02
  1.755013e-01   3.025250e-01   3.343890e-02
  1.759706e-01   2.495600e-01   3.408430e-02
  1.764400e-01   2.482500e-01   3.374420e-02
  1.769093e-01   2.593020e-01   3.347200e-02
  1.773786e-01   2.740460e-01   3.331760e-02
  1.778480e-01   2.577050e-01   3.369340e-02
  1.783173e-01   2.473500e-01   3.366750e-02
  1.787866e-01   2.213400e-01   3.374280e-02
  1.792560e-01   2.948470e-01   3.307630e-02
  1.797253e-01   2.367960e-01   3.355710e-02
  1.801946e-01   1.466780e-01   3.321800e-02
  1.806640e-01   1.990480e-01   3.384710e-02
  1.811333e-01   2.666400e-01   3.290000e-02
  1.816026e-01   2.725380e-01   3.333650e-02
  1.820720e-01   2.371700e-01   3.345520e-02
  1.825413e-01   2.410740e-01   3.362500e-02
  1.830106e-01   1.640180e-01   3.247400e-02
  1.834800e-01   1.851380e-01   3.286770e-02
  1.839493e-01   2.164070e-01   3.352580e-02
  1.844186e-01   2.291220e-01   3.351990e-02
  1.848880e-01   1.801210e-01   3.251440e-02
  1.853573e-01   2.871540e-01   3.267270e-02
  1.858266e-01   2.441690e-01   3.299680e-02
  1.862960e-01   2.144820e-01   3.300530e-02
  1.867653e-01   1.577220e-01   3.244300e-02
  1.872346e-01   1.781430e-01   3.277540e-02
  1.877040e-01   1.744520e-01   3.276740e-02
  1.881733e-01   2.097790e-01   3.338160e-02
  1.886426e-01   1.726590e-01   3.304840e-02
  1.891120e-01   1.858660e-01   3.236230e-02
  1.895813e-01   2.088500e-01   3.233630e-02
  1.900506e-01   1.917770e-01   3.333980e-02
  1.905200e-01   1.729810e-01   3.272960e-02
  1.909893e-01   2.084080e-01   3.174990e-02
  1.914586e-01   1.912500e-01   3.328260e-02
  1.919280e-01   2.360440e-01   3.241160e-02
  1.923973e-01   2.104890e-01   3.269230e-02
  1.928666e-01   1.854960e-01   3.190160e-02
  1.933360e-01   1.782190e-01   3.195850e-02
  1.938053e-01   1.888050e-01   3.203550e-02
  1.942746e-01   2.244440e-01   3.234790e-02
  1.947440e-01   1.556920e-01   3.170090e-02
  1.952133e-01   2.887840e-01   3.170040e-02
  1.956826e-01   2.034670e-01   3.196760e-02
  1.961520e-01   2.211320e-01   3.211420e-02
  1.966213e-01   1.673290e-01   3.169450e-02
  1.970906e-01   2.028780e-01   3.160560e-02
  1.975599e-01   1.980520e-01   3.217650e-02
  1.980293e-01   2.248920e-01   3.195110e-02
  1.984986e-01   1.402500e-01   3.202980e-02
  1.989679e-01   1.879230e-01   3.130090e-02
  1.994373e-01   1.135430e-01   3.230480e-02
  1.999066e-01   2.390470e-01   3.159410e-02
  2.003759e-01   1.893930e-01   3.208050e-02
  2.008453e-01   2.059770e-01   3.266600e-02
  2.013146e-01   2.296460e-01   3.390870e-02
  2.017839e-01   7.761300e-02   3.382280e-02
  2.022533e-01   9.899700e-02   3.476590e-02
  2.027226e-01   1.463760e-01   3.442760e-02
  2.031919e-01   1.699690e-01   3.493170e-02
  2.036613e-01   1.514040e-01   3.479780e-02
  2.041306e-01   1.203990e-01   3.499160e-02
  2.045999e-01   1.824610e-01   3.520120e-02
  2.050693e-01   1.523960e-01   3.525810e-02
  2.055386e-01   2.404150e-01   3.530820e-02
  2.060079e-01   2.104230e-01   3.643970e-02
  2.064773e-01   1.848660e-01   3.600640e-02
  2.069466e-01   1.494170e-01   3.602770e-02
  2.074159e-01   1.653140e-01   3.426320e-02
  2.078853e-01   1.963950e-01   3.381390e-02
  2.083546e-01   2.748210e-01   3.354500e-02
  2.088239e-01   1.006190e-01   3.239250e-02
  2.092933e-01   1.548670e-01   3.248980e-02
  2.097626e-01   1.664310e-01   3.226900e-02
  2.102319e-01   2.116550e-01   3.263370e-02
  2.107013e-01   2.168490e-01   3.162110e-02
  2.111706e-01   2.115080e-01   3.188660e-02
  2.116399e-01   1.935840e-01   3.216720e-02
  2.121093e-01   2.182380e-01   3.191140e-02
  2.125786e-01   1.555330e-01   3.147760e-02
  2.130479e-01   1.592280e-01   3.194430e-02
  2.135173e-01   1.731110e-01   3.171090e-02
  2.139866e-01   1.594230e-01   3.168180e-02
  2.144559e-01   1.481970e-01   3.150780e-02
  2.149253e-01   7.740030e-02   3.139870e-02
  2.153946e-01   1.754950e-01   3.162920e-02
  2.158639e-01   2.187260e-01   3.143650e-02
  2.163333e-01   1.561220e-01   3.142070e-02
  2.168026e-01   2.435440e-01   3.135040e-02
  2.172719e-01   1.683700e-01   3.132480e-02
  2.177413e-01   1.622950e-01   3.112270e-02
  2.182106e-01   8.789650e-02   3.145640e-02
  2.186799e-01   1.108450e-01   3.058840e-02
  2.191493e-01   2.501170e-01   3.114440e-02
  2.196186e-01   2.111680e-01   3.140210e-02
  2.200879e-01   9.496820e-02   3.137810e-02
  2.205572e-01   1.258090e-01   3.043350e-02
  2.210266e-01   1.087860e-01   3.078560e-02
  2.214959e-01   1.599010e-01   3.095760e-02
  2.219652e-01   2.014310e-01   3.100190e-02
  2.224346e-01   1.594670e-01   3.039590e-02
  2.229039e-01   2.332110e-01   3.076110e-02
  2.233732e-01   5.835120e-02   3.079400e-02
  2.238426e-01   2.291220e-01   3.076460e-02
  2.243119e-01   1.819650e-01   3.039880e-02
  2.247812e-01   1.359210e-01   3.066570e-02
  2.252506e-01   1.387210e-01   3.079940e-02
  2.257199e-01   1.528530e-01   3.082100e-02
  2.261892e-01   1.754870e-01   3.068880e-02
  2.266586e-01   8.219110e-02   2.993760e-02
  2.271279e-01   1.184790e-01   3.046510e-02
  2.275972e-01   1.830480e-01   3.055780e-02
  2.280666e-01   1.300890e-01   3.052870e-02
  2.285359e-01   1.388950e-01   2.989270e-02
  2.290052e-01   1.613340e-01   3.023980e-02
  2.294746e-01   9.163700e-02   3.030120e-02
  2.299439e-01   1.379030e-01   3.048630e-02
  2.304132e-01   1.060160e-01   2.966290e-02
  2.308826e-01   6.689760e-02   3.005530e-02
  2.313519e-01   1.334740e-01   3.016260e-02
  2.318212e-01   1.832370e-01   3.018940e-02
  2.322906e-01   1.568120e-01   2.960890e-02
  2.327599e-01   1.480380e-01   2.995370e-02
  2.332292e-01   7.915770e-02   3.017630e-02
  2.336986e-01   1.185780e-01   3.001680e-02
  2.341679e-01   1.245920e-01   2.973440e-02
  2.346372e-01   1.432160e-01   2.971090e-02
  2.351066e-01   1.005800e-01   3.012240e-02
  2.355759e-01   1.573730e-01   3.004980e-02
  2.360452e-01   1.138300e-01   3.029310e-02
  2.365146e-01   1.004060e-01   2.932230e-02
  2.369839e-01   1.270490e-01   2.999770e-02
  2.374532e-01   1.537230e-01   2.976550e-02
  2.379226e-01   1.377580e-01   2.962580e-02
  2.383919e-01   1.682940e-01   2.924960e-02
  2.388612e-01   1.385850e-01   2.962620e-02
  2.393306e-01   1.082610e-01   2.950770e-02
  2.397999e-01   1.422260e-01   2.966840e-02
  2.402692e-01   1.638220e-01   2.909560e-02
  2.407386e-01   8.550240e-02   2.946680e-02
  2.412079e-01   8.580340e-02   2.939390e-02
  2.416772e-01   1.257580e-01   2.954820e-02
  2.421466e-01   1.087180e-01   2.913660e-02
  2.426159e-01   9.562480e-02   2.939390e-02
  2.430852e-01   6.055230e-02   2.947270e-02
  2.435545e-01   1.872170e-01   2.940300e-02
  2.440239e-01   9.446910e-02   2.918070e-02
  2.444932e-01   1.484970e-01   2.909380e-02
  2.449625e-01   7.773450e-02   2.925950e-02
  2.454319e-01   9.186520e-02   2.920630e-02
  2.459012e-01   6.695300e-02   2.925670e-02
  2.463705e-01   1.032640e-01   2.859630e-02
  2.468399e-01   5.827570e-02   2.892880e-02
  2.473092e-01   1.097100e-01   2.916980e-02
  2.477785e-01   5.558180e-02   2.935320e-02
  2.482479e-01   8.014720e-02   2.851830e-02
  2.487172e-01   1.130700e-01   2.892010e-02
  2.491865e-01   7.100940e-02   2.902080e-02
  2.496559e-01   1.251670e-01   2.890400e-02
  2.501252e-01   1.832890e-01   2.877920e-02
  2.505945e-01   1.550420e-01   2.870400e-02
  2.510639e-01   5.629210e-02   2.880200e-02
  2.515332e-01   8.031820e-02   2.868490e-02
  2.520025e-01   9.519040e-02   2.852130e-02
  2.524719e-01   7.230300e-02   2.829360e-02
  2.529412e-01   9.480350e-02   2.890560e-02
  2.534105e-01   9.371320e-02   2.876260e-02
  2.538799e-01   8.835850e-02   2.841340e-02
  2.543492e-01   6.039930e-02   2.848570e-02
  2.548185e-01   2.637600e-02   2.851130e-02
  2.552879e-01   7.445900e-02   2.900280e-02
  2.557572e-01   1.028310e-01   2.896350e-02
  2.562265e-01   9.456010e-02   2.791410e-02
  2.566959e-01   1.549910e-01   2.838470e-02
  2.571652e-01   1.003110e-01   2.872340e-02
  2.576345e-01   1.226980e-01   2.866590e-02
  2.581039e-01   9.670940e-02   2.785530e-02
  2.585732e-01   4.830640e-02   2.810950e-02
  2.590425e-01   7.314700e-02   2.866240e-02
  2.595119e-01   7.732940e-02   2.852440e-02
  2.599812e-01   1.255000e-01   2.796830e-02
  2.604505e-01   1.332310e-01   2.811680e-02
  2.609199e-01   1.223170e-01   2.843390e-02
  2.613892e-01   9.885100e-02   2.846850e-02
  2.618585e-01   9.714910e-02   2.787650e-02
  2.623279e-01   5.251740e-02   2.810580e-02
  2.627972e-01   1.113220e-01   2.807170e-02
  2.632665e-01   1.099680e-01   2.827740e-02
  2.637359e-01   4.306640e-02   2.793970e-02
  2.642052e-01   1.246750e-01   2.800560e-02
  2.646745e-01   5.306550e-02   2.794860e-02
  2.651438e-01   1.956110e-01   2.820610e-02
  2.656132e-01   2.975310e-02   2.807080e-02
  2.660825e-01   2.059730e-02   2.748780e-02
  2.665518e-01   1.086720e-01   2.780460e-02
  2.670212e-01   7.656520e-02   2.807000e-02
  2.674905e-01   8.769030e-02   2.794890e-02
  2.679598e-01   8.607240e-02   2.739080e-02
  2.684292e-01   6.648920e-02   2.777890e-02
  2.688985e-01   3.836520e-02   2.784760e-02
  2.693678e-01   9.721040e-02   2.809310e-02
  2.698372e-01   7.480900e-02   2.730570e-02
  2.703065e-01   1.129820e-02   2.777380e-02
  2.707758e-01   1.065130e-01   2.766920e-02
  2.712452e-01   9.035960e-02   2.781880e-02
  2.717145e-01   4.638710e-02   2.740630e-02
  2.721838e-01   6.470570e-02   2.761130e-02
  2.726532e-01   1.108510e-01   2.765780e-02
  2.731225e-01   3.092670e-02   2.758890e-02
  2.735918e-01   7.528120e-02   2.736330e-02
  2.740612e-01   7.543800e-02   2.718230e-02
  2.745305e-01   7.334730e-02   2.767360e-02
  2.749998e-01   3.212920e-03   2.749800e-02
  2.754692e-01   2.988620e-02   2.769050e-02
  2.759385e-01   3.420290e-02   2.714570e-02
  2.764078e-01   2.314130e-02   2.754440e-02
  2.768772e-01   1.278040e-01   2.731510e-02
  2.773465e-01   8.816180e-02   2.772000e-02
  2.778158e-01   8.690890e-02   2.696300e-02
  2.782852e-01   7.028920e-02   2.755100e-02
  2.787545e-01   1.017710e-01   2.723640e-02
  2.792238e-01   6.137120e-02   2.749560e-02
  2.796932e-01   9.915280e-02   2.686490e-02
  2.801625e-01  -9.000920e-03   2.721210e-02
  2.806318e-01   8.137800e-02   2.715550e-02
  2.811012e-01   1.679230e-02   2.784680e-02
  2.815705e-01   3.339080e-02   2.842040e-02
  2.820398e-01   1.065610e-01   2.886000e-02
  2.825092e-01   6.327180e-02   2.903270e-02
  2.829785e-01   1.130490e-01   2.917120e-02
  2.834478e-01   6.985900e-02   2.928820e-02
  2.839172e-01   7.082890e-02   2.948360e-02
  2.843865e-01   1.047220e-01   2.940180e-02
  2.848558e-01   8.177790e-02   2.961410e-02
  2.853252e-01   4.556880e-02   2.981170e-02
  2.857945e-01   1.026820e-01   2.951340e-02
  2.862638e-01   1.071900e-01   2.965400e-02
  2.867332e-01   8.909610e-02   2.988490e-02
  2.872025e-01   1.286630e-01   2.989760e-02
  2.876718e-01   4.239150e-02   2.852090e-02
  2.881411e-01   7.907240e-02   2.852760e-02
  2.886105e-01   4.599540e-02   2.861230e-02
  2.890798e-01   2.376190e-02   2.802150e-02
  2.895491e-01   6.966430e-02   2.759710e-02
  2.900185e-01   6.657360e-02   2.751890e-02
  2.904878e-01   7.479660e-02   2.773180e-02
  2.909571e-01   6.563700e-02   2.762480e-02
  2.914265e-01   7.071810e-02   2.725100e-02
  2.918958e-01   7.678610e-02   2.742180e-02
  2.923651e-01   5.806440e-02   2.755790e-02
  2.928345e-01   8.874530e-02   2.743480e-02
  2.933038e-01   9.993140e-02   2.716400e-02
  2.937731e-01   1.060820e-01   2.718580e-02
  2.942425e-01   7.991160e-02   2.728550e-02
  2.947118e-01   7.855490e-02   2.726500e-02
  2.951811e-01   4.308400e-02   2.731670e-02
  2.956505e-01   2.716280e-02   2.687260e-02
  2.961198e-01   9.613770e-02   2.737860e-02
  2.965891e-01   9.511460e-02   2.758740e-02
  2.970585e-01   6.914480e-02   2.725340e-02
  2.975278e-01   9.558900e-02   2.649390e-02
  2.979971e-01   1.188480e-02   2.736860e-02
  2.984665e-01   2.627950e-02   2.690940e-02
  2.989358e-01   6.659430e-02   2.691980e-02
  2.994051e-01   8.332210e-02   2.678620e-02
  2.998745e-01   8.978340e-02   2.671340e-02
  3.003438e-01   1.588800e-02   2.678270e-02
  3.008131e-01   6.040620e-02   2.678140e-02
  3.012825e-01   8.642320e-02   2.714930e-02
  3.017518e-01   1.214580e-01   2.693100e-02
  3.022211e-01   3.390520e-02   2.667710e-02
  3.026905e-01   3.432980e-02   2.675120e-02
  3.031598e-01   1.008990e-01   2.628430e-02
  3.036291e-01   6.033750e-02   2.658500e-02
  3.040985e-01   1.114910e-01   2.657470e-02
  3.045678e-01   4.851810e-02   2.669760e-02
  3.050371e-01   7.390090e-02   2.628460e-02
  3.055065e-01   9.270200e-02   2.629660e-02
  3.059758e-01   4.481650e-02   2.657910e-02
  3.064451e-01   2.546050e-02   2.698290e-02
  3.069145e-01   4.004260e-02   2.636610e-02
  3.073838e-01   6.426830e-02   2.593040e-02
  3.078531e-01   7.725870e-03   2.635770e-02
  3.083225e-01   2.249520e-02   2.649660e-02
  3.087918e-01   1.914100e-02   2.640870e-02
  3.092611e-01   1.857610e-02   2.580460e-02
  3.097305e-01   1.091060e-01   2.643320e-02
  3.101998e-01   5.845630e-02   2.664420e-02
  3.106691e-01   1.052080e-01   2.648160e-02
  3.111384e-01   5.659880e-02   2.566250e-02
  3.116078e-01   9.787830e-02   2.615870e-02
  3.120771e-01   1.136730e-01   2.605800e-02
  3.125464e-01   8.446520e-02   2.675250e-02
  3.130158e-01   1.032790e-01   2.576920e-02
  3.134851e-01   5.643620e-02   2.607020e-02
  3.139544e-01   4.386320e-02   2.604030e-02
  3.144238e-01   7.664150e-02   2.632610e-02
  3.148931e-01   6.850200e-02   2.577720e-02
  3.153624e-01   1.456530e-02   2.598940e-02
  3.158318e-01   9.703460e-02   2.607180e-02
  3.163011e-01   6.781600e-02   2.613110e-02
  3.167704e-01   4.995150e-03   2.575860e-02
  3.172398e-01   6.748630e-02   2.565940e-02
  3.177091e-01   5.506480e-02   2.598870e-02
  3.181784e-01   5.342420e-02   2.605900e-02
  3.186478e-01   5.791450e-02   2.592260e-02
  3.191171e-01   6.363550e-02   2.526800e-02
  3.195864e-01   6.321570e-02   2.621720e-02
  3.200558e-01   2.312370e-02   2.591200e-02
  3.205251e-01   5.697330e-02   2.613230e-02
  3.209944e-01   5.639590e-02   2.515100e-02
  3.214638e-01   6.061900e-02   2.572350e-02
  3.219331e-01   1.231940e-01   2.568580e-02
  3.224024e-01   3.251990e-02   2.563470e-02
  3.228718e-01   7.922480e-02   2.535580e-02
  3.233411e-01   4.220600e-02   2.544480e-02
  3.238104e-01   5.477080e-02   2.568280e-02
  3.242798e-01   5.693000e-02   2.560650e-02
  3.247491e-01   6.048020e-02   2.532540e-02
  3.252184e-01   3.091530e-02   2.535200e-02
  3.256878e-01   7.100150e-02   2.560000e-02
  3.261571e-01   4.580850e-02   2.586760e-02
  3.266264e-01   9.039010e-02   2.558680e-02
  3.270958e-01   8.892980e-02   2.553200e-02
  3.275651e-01   8.870960e-02   2.562090e-02
  3.280344e-01   4.746820e-02   2.531620e-02
  3.285038e-01   1.053890e-01   2.566920e-02
  3.289731e-01   1.039680e-01   2.543950e-02
  3.294424e-01   3.778050e-02   2.548410e-02
  3.299118e-01   9.708200e-03   2.539680e-02
  3.303811e-01   6.441660e-02   2.545900e-02
  3.308504e-01   1.029370e-01   2.512220e-02
  3.313198e-01   6.719450e-02   2.540930e-02
  3.317891e-01   2.932770e-02   2.522460e-02
  3.322584e-01   5.134100e-02   2.532850e-02
  3.327277e-01   4.865360e-02   2.517150e-02
  3.331971e-01   7.055990e-02   2.532900e-02
  3.336664e-01   5.071850e-02   2.514190e-02
  3.341357e-01   5.439020e-02   2.510570e-02
  3.346051e-01   7.468810e-02   2.508260e-02
  3.350744e-01   7.392900e-02   2.529990e-02
  3.355437e-01  -1.369470e-03   2.516250e-02
  3.360131e-01   5.804400e-02   2.504310e-02
  3.364824e-01   7.944720e-04   2.503870e-02
  3.369517e-01   9.255850e-02   2.577160e-02
  3.374211e-01   1.586940e-02   2.616300e-02
  3.378904e-01   5.986870e-02   2.618460e-02
  3.383597e-01   1.247810e-01   2.647160e-02
  3.388291e-01   1.010040e-01   2.692120e-02
  3.392984e-01   1.078340e-02   2.685140e-02
  3.397677e-01   5.299890e-02   2.677000e-02
  3.402371e-01  -1.727860e-02   2.715580e-02
  3.407064e-01   3.755050e-03   2.698960e-02
  3.411757e-01   4.717640e-02   2.693420e-02
  3.416451e-01  -2.458130e-02   2.690130e-02
  3.421144e-01   7.571800e-02   2.691720e-02
  3.425837e-01   1.800570e-02   2.698010e-02
  3.430531e-01   6.521990e-02   2.747370e-02
  3.435224e-01   7.070820e-02   2.716190e-02
  3.439917e-01   9.182060e-02   2.721220e-02
  3.444611e-01   3.719040e-02   2.699070e-02
  3.449304e-01   7.372350e-02   2.744530e-02
  3.453997e-01   9.611790e-02   2.741720e-02
  3.458691e-01   2.687600e-02   2.755360e-02
  3.463384e-01   1.508850e-02   2.708250e-02
  3.468077e-01   1.191330e-01   2.747070e-02
  3.472771e-01   7.955590e-02   2.756340e-02
  3.477464e-01   7.099010e-02   2.748350e-02
  3.482157e-01   4.679680e-02   2.727290e-02
  3.486851e-01   4.968010e-02   2.770890e-02
  3.491544e-01   4.648810e-02   2.752730e-02
  3.496237e-01   2.997010e-02   2.776840e-02
  3.500931e-01   1.137890e-02   2.754520e-02
  3.505624e-01   6.733470e-02   2.755930e-02
  3.510317e-01   4.312190e-02   2.753930e-02
  3.515011e-01   5.589280e-02   2.815110e-02
  3.519704e-01   9.544150e-02   2.775190e-02
  3.524397e-01  -1.453610e-02   2.756200e-02
  3.529091e-01   9.720610e-02   2.775380e-02
  3.533784e-01   7.669190e-02   2.799980e-02
  3.538477e-01   8.242600e-02   2.806190e-02
  3.543171e-01   6.588950e-02   2.757870e-02
  3.547864e-01   9.492490e-02   2.795880e-02
  3.552557e-01   1.243100e-01   2.803870e-02
  3.557250e-01  -1.196040e-02   2.811720e-02
  3.561944e-01   7.379820e-02   2.765090e-02
  3.566637e-01   8.372020e-02   2.792770e-02
  3.571330e-01   7.394960e-02   2.819600e-02
  3.576024e-01   8.540230e-02   2.846300e-02
  3.580717e-01   4.545900e-02   2.787360e-02
  3.585410e-01   5.638680e-02   2.784670e-02
  3.590104e-01   8.076090e-03   2.789450e-02
  3.594797e-01   1.691110e-02   2.801540e-02
  3.599490e-01   1.118050e-01   2.802620e-02
  3.604184e-01   5.294330e-02   2.797950e-02
  3.608877e-01   1.144710e-01   2.789680e-02
  3.613570e-01   4.135020e-02   2.922400e-02
  3.618264e-01   6.994110e-02   3.002030e-02
  3.622957e-01   5.638150e-02   3.016770e-02
  3.627650e-01   5.553610e-02   3.028150e-02
  3.632344e-01   3.426040e-02   3.063970e-02
  3.637037e-01   3.453630e-02   3.127630e-02
  3.641730e-01   4.693010e-02   3.112940e-02
  3.646424e-01   8.007100e-02   3.137810e-02
  3.651117e-01   2.192700e-02   3.121670e-02
  3.655810e-01   5.568530e-03   3.204930e-02
  3.660504e-01   1.066460e-01   3.160400e-02
  3.665197e-01   9.442240e-02   3.176480e-02
  3.669890e-01   6.746070e-02   3.227850e-02
  3.674584e-01   3.436310e-02   3.225970e-02
  3.679277e-01   8.895490e-02   3.262730e-02
  3.683970e-01   1.326440e-01   3.228930e-02
  3.688664e-01   9.829450e-03   3.233210e-02
  3.693357e-01   7.910140e-02   3.304600e-02
  3.698050e-01   9.369160e-02   3.295460e-02
  3.702744e-01   3.156710e-02   3.304270e-02
  3.707437e-01   8.138330e-02   3.309740e-02
  3.712130e-01   8.713910e-02   3.341000e-02
  3.716824e-01  -1.681250e-02   3.341370e-02
  3.721517e-01   1.937910e-02   3.377960e-02
  3.726210e-01   1.651710e-02   3.381860e-02
  3.730904e-01  -3.976410e-02   3.356700e-02
  3.735597e-01   3.136500e-02   3.446440e-02
  3.740290e-01   6.077760e-02   3.437370e-02
  3.744984e-01   8.220430e-02   3.435070e-02
  3.749677e-01   1.177920e-01   3.439290e-02
  3.754370e-01   6.633860e-02   3.470810e-02
  3.759064e-01  -4.637210e-02   3.444330e-02
  3.763757e-01   2.679520e-03   3.496150e-02
  3.768450e-01   6.319470e-02   3.495520e-02
  3.773144e-01   6.544740e-02   3.508630e-02
  3.777837e-01   3.676800e-02   3.489150e-02
  3.782530e-01   8.183480e-02   3.539390e-02
  3.787223e-01   5.919390e-02   3.526820e-02
  3.791917e-01   1.812490e-02   3.553270e-02
  3.796610e-01  -3.262910e-02   3.542230e-02
  3.801303e-01   7.600810e-03   3.600280e-02
  3.805997e-01   4.249380e-03   3.574500e-02
  3.810690e-01   5.937300e-02   3.624340e-02
  3.815383e-01  -8.736940e-04   3.623200e-02
  3.820077e-01  -4.905420e-03   3.620330e-02
  3.824770e-01   3.067600e-02   3.660380e-02
  3.829463e-01   5.635380e-02   3.675840e-02
  3.834157e-01   1.180470e-01   3.672420e-02
  3.838850e-01  -1.661420e-02   3.660690e-02
  3.843543e-01   1.132490e-01   3.696410e-02
  3.848237e-01   6.642300e-02   3.731360e-02
  3.852930e-01   1.136890e-01   3.721020e-02
  3.857623e-01   9.314800e-02   3.743450e-02
  3.862317e-01  -6.622310e-02   3.772010e-02
  3.867010e-01   2.996370e-02   3.776830e-02
  3.871703e-01   1.602440e-02   3.759070e-02
  3.876397e-01   8.430090e-02   3.793800e-02
  3.881090e-01  -9.007210e-03   3.839250e-02
  3.885783e-01   5.116650e-05   3.909540e-02
  3.890477e-01   3.173110e-02   3.801870e-02
  3.895170e-01  -2.502750e-02   3.806460e-02
  3.899863e-01   6.168800e-02   3.826860e-02
  3.904557e-01   3.234850e-02   3.916330e-02
  3.909250e-01  -5.375470e-02   3.863980e-02
  3.913943e-01   7.945100e-02   3.858190e-02
  3.918637e-01   4.264110e-02   3.867570e-02
  3.923330e-01   8.201370e-03   3.907390e-02
  3.928023e-01   4.319080e-02   3.860810e-02
  3.932717e-01   5.516270e-03   3.897830e-02
  3.937410e-01  -1.102970e-02   3.853770e-02
  3.942103e-01   1.502660e-02   3.898240e-02
  3.946797e-01   6.761650e-02   3.880380e-02
  3.951490e-01   6.167010e-02   3.943500e-02
  3.956183e-01   4.293280e-02   3.880050e-02
  3.960877e-01   1.864990e-02   3.951310e-02
  3.965570e-01   6.173810e-02   3.930430e-02
  3.970263e-01   9.776140e-02   3.978470e-02
  3.974957e-01   4.177030e-02   3.968960e-02
  3.979650e-01   9.515660e-03   3.983700e-02
  3.984343e-01   1.861230e-02   3.987220e-02
  3.989037e-01   2.393640e-02   3.992560e-02
  3.993730e-01   9.921060e-02   4.044590e-02
  3.998423e-01   5.600550e-02   4.035890e-02
  4.003117e-01   1.146940e-01   4.013770e-02
  4.007810e-01   6.737410e-02   4.051450e-02
  4.012503e-01   2.672730e-03   4.115840e-02
  4.017196e-01   9.865900e-02   4.124880e-02
  4.021890e-01  -3.942820e-02   4.070340e-02
  4.026583e-01  -4.553460e-02   4.094840e-02
  4.031276e-01   1.717290e-03   4.157170e-02
  4.035970e-01   5.258870e-02   4.129620e-02
  4.040663e-01   3.691110e-02   4.203730e-02
  4.045356e-01  -3.761690e-02   4.158950e-02
  4.050050e-01   8.192640e-02   4.200840e-02
  4.054743e-01   7.402550e-02   4.227720e-02
  4.059436e-01  -1.149940e-02   4.276300e-02
  4.064130e-01   1.464780e-02   4.217530e-02
  4.068823e-01  -8.909150e-02   4.228960e-02
  4.073516e-01   4.238290e-02   4.248570e-02
  4.078210e-01   4.689370e-02   4.307100e-02
  4.082903e-01   5.966980e-04   4.281090e-02
  4.087596e-01   1.109860e-01   4.308340e-02
  4.092290e-01   4.279600e-02   4.395450e-02
  4.096983e-01   3.754180e-02   4.370510e-02
  4.101676e-01  -1.422490e-02   4.391920e-02
  4.106370e-01  -4.661420e-02   4.380680e-02
  4.111063e-01   1.409430e-02   4.368950e-02
  4.115756e-01   3.695080e-03   4.474510e-02
  4.120450e-01   6.746560e-02   4.421190e-02
  4.125143e-01   6.130130e-02   4.419460e-02
  4.129836e-01   2.231670e-02   4.487550e-02
  4.134530e-01   1.035560e-01   4.502910e-02
  4.139223e-01   3.605130e-02   4.461820e-02
  4.143916e-01   1.135600e-01   4.470280e-02
  4.148610e-01   5.573330e-02   4.522440e-02
  4.153303e-01  -1.757080e-02   4.547590e-02
  4.157996e-01   3.595310e-02   4.578470e-02
  4.162690e-01  -4.463310e-02   4.522200e-02
  4.167383e-01   1.591170e-01   4.586730e-02
  4.172076e-01  -4.044170e-02   4.609400e-02
  4.176770e-01  -7.639200e-02   4.677850e-02
  4.181463e-01   1.100830e-01   4.591940e-02
  4.186156e-01   7.452380e-03   4.681840e-02
  4.190850e-01   2.386850e-03   4.656580e-02
  4.195543e-01   1.615910e-01   4.731020e-02
  4.200236e-01   2.002840e-01   4.739760e-02
  4.204930e-01   2.446790e-02   4.701770e-02
  4.209623e-01  -6.108310e-03   4.775530e-02
  4.214316e-01   1.189390e-02   4.862150e-02
  4.219010e-01   4.252970e-02   4.789180e-02
  4.223703e-01   3.194840e-02   4.767700e-02
  4.228396e-01   4.753780e-02   4.825910e-02
  4.233089e-01   6.309590e-02   4.916750e-02
  4.237783e-01  -7.603340e-04   4.831420e-02
  4.242476e-01  -2.185000e-02   4.886940e-02
  4.247169e-01   1.741810e-02   4.985670e-02
  4.251863e-01   6.964820e-02   4.956620e-02
  4.256556e-01   9.286130e-02   4.918000e-02
  4.261249e-01  -1.166360e-02   4.952230e-02
  4.265943e-01   1.460600e-01   5.058000e-02
  4.270636e-01   8.120920e-02   5.094500e-02
  4.275329e-01   1.622710e-02   5.026410e-02
  4.280023e-01   7.613940e-02   4.996860e-02
  4.284716e-01   1.096760e-01   5.065990e-02
  4.289409e-01  -4.221040e-02   5.201200e-02
  4.294103e-01   6.482190e-02   5.066870e-02
  4.298796e-01  -6.523960e-03   5.093790e-02
  4.303489e-01   1.753090e-02   5.160760e-02
  4.308183e-01   7.780380e-02   5.259770e-02
  4.312876e-01   3.548510e-02   5.308150e-02
  4.317569e-01   1.396360e-01   5.153850e-02
  4.322263e-01   1.079800e-01   5.296010e-02
  4.326956e-01   8.456840e-02   5.318240e-02
  4.331649e-01   1.708970e-02   5.299670e-02
  4.336343e-01   7.601830e-02   5.312480e-02
  4.341036e-01   5.996950e-02   5.335710e-02
  4.345729e-01  -2.657070e-02   5.382880e-02
  4.350423e-01   1.042430e-03   5.429640e-02
  4.355116e-01  -3.173390e-02   5.388070e-02
  4.359809e-01   4.609190e-02   5.446870e-02
  4.364503e-01   1.265040e-01   5.480010e-02
  4.369196e-01   4.175980e-02   5.594830e-02
  4.373889e-01   2.168700e-02   5.491820e-02
  4.378583e-01   2.442040e-02   5.534490e-02
  4.383276e-01  -7.374750e-02   5.565690e-02
  4.387969e-01   1.047880e-01   5.688270e-02
  4.392663e-01   9.652960e-02   5.479950e-02
  4.397356e-01  -3.063680e-02   5.554290e-02
  4.402049e-01   1.195860e-01   5.612970e-02
  4.406743e-01  -2.846650e-02   5.694100e-02
  4.411436e-01   6.907760e-03   5.533350e-02
  4.416129e-01   1.882530e-01   5.571790e-02
  4.420823e-01   8.634270e-02   5.670740e-02
  4.425516e-01   3.832680e-02   5.754500e-02
  4.430209e-01   1.278250e-03   5.567900e-02
  4.434903e-01   3.613860e-02   5.658440e-02
  4.439596e-01   5.914430e-02   5.721720e-02
  4.444289e-01   6.912800e-02   5.920830e-02
  4.448983e-01  -6.520750e-03   5.693510e-02
  4.453676e-01  -2.255710e-02   5.773570e-02
  4.458369e-01   1.165730e-01   5.846070e-02
  4.463062e-01   8.562590e-02   5.947240e-02
  4.467756e-01   5.095060e-02   5.910250e-02
  4.472449e-01   6.882120e-02   5.884280e-02
  4.477142e-01   4.997280e-02   5.927980e-02
  4.481836e-01  -1.142650e-01   6.071390e-02
  4.486529e-01   1.154180e-02   6.057590e-02
  4.491222e-01   2.063170e-01   6.014290e-02
  4.495916e-01   6.491560e-02   6.081780e-02
  4.500609e-01   1.418740e-01   6.184010e-02
  4.505302e-01   4.631260e-02   6.200150e-02
  4.509996e-01   4.153640e-02   6.132810e-02
  4.514689e-01   1.950230e-02   6.234500e-02
  4.519382e-01  -2.999790e-02   6.317810e-02
  4.524076e-01   7.193450e-02   6.441220e-02
  4.528769e-01   2.419530e-02   6.296830e-02
  4.533462e-01   1.317190e-01   6.346080e-02
  4.538156e-01   1.335100e-01   6.517530e-02
  4.542849e-01  -4.509890e-03   6.614830e-02
  4.547542e-01  -5.336460e-02   6.467720e-02
range-from: 1
range-to: 945
