Sample description: REMARK 265
Sample: REMARK 265  c= 0 mg/ml  Code: 
  9.826893e-03   1.672110e+01   2.116270e-01
  1.029623e-02   1.680390e+01   1.866360e-01
  1.076556e-02   1.647950e+01   1.922820e-01
  1.123489e-02   1.651520e+01   1.793230e-01
  1.170422e-02   1.646370e+01   1.638880e-01
  1.217356e-02   1.633420e+01   1.526480e-01
  1.264289e-02   1.603780e+01   1.531420e-01
  1.311222e-02   1.607650e+01   1.468800e-01
  1.358155e-02   1.588470e+01   1.426640e-01
  1.405089e-02   1.554150e+01   1.328600e-01
  1.452022e-02   1.568700e+01   1.321420e-01
  1.498955e-02   1.549440e+01   1.280990e-01
  1.545888e-02   1.545540e+01   1.248240e-01
  1.592822e-02   1.527000e+01   1.213940e-01
  1.639755e-02   1.492470e+01   1.125690e-01
  1.686688e-02   1.526240e+01   1.150150e-01
  1.733622e-02   1.485330e+01   1.134090e-01
  1.780555e-02   1.456530e+01   1.074860e-01
  1.827488e-02   1.429110e+01   1.044190e-01
  1.874421e-02   1.445510e+01   1.039110e-01
  1.921355e-02   1.446590e+01   1.043110e-01
  1.968288e-02   1.381770e+01   1.021100e-01
  2.015221e-02   1.414180e+01   9.859610e-02
  2.062154e-02   1.362390e+01   9.465290e-02
  2.109088e-02   1.370660e+01   9.671210e-02
  2.156021e-02   1.365300e+01   9.607990e-02
  2.202954e-02   1.342950e+01   9.160340e-02
  2.249887e-02   1.305420e+01   8.969610e-02
  2.296821e-02   1.308670e+01   9.202430e-02
  2.343754e-02   1.291810e+01   9.021330e-02
  2.390687e-02   1.280490e+01   8.732360e-02
  2.437621e-02   1.267700e+01   8.616360e-02
  2.484554e-02   1.255360e+01   8.562890e-02
  2.531487e-02   1.232010e+01   8.619600e-02
  2.578420e-02   1.215760e+01   8.219830e-02
  2.625354e-02   1.205260e+01   7.909640e-02
  2.672287e-02   1.173480e+01   8.101280e-02
  2.719220e-02   1.165960e+01   8.174920e-02
  2.766153e-02   1.149870e+01   7.902610e-02
  2.813087e-02   1.145830e+01   7.653340e-02
  2.860020e-02   1.128580e+01   7.612580e-02
  2.906953e-02   1.109740e+01   7.815240e-02
  2.953886e-02   1.076700e+01   7.675010e-02
  3.000820e-02   1.073110e+01   7.274870e-02
  3.047753e-02   1.037340e+01   7.368000e-02
  3.094686e-02   1.032140e+01   7.260680e-02
  3.141619e-02   1.040740e+01   7.577340e-02
  3.188553e-02   1.019250e+01   6.937290e-02
  3.235486e-02   1.007750e+01   7.043900e-02
  3.282419e-02   1.001370e+01   7.030040e-02
  3.329353e-02   9.762240e+00   7.298090e-02
  3.376286e-02   9.530580e+00   6.716340e-02
  3.423219e-02   9.349820e+00   6.774910e-02
  3.470152e-02   9.198040e+00   6.819980e-02
  3.517086e-02   9.185810e+00   7.265030e-02
  3.564019e-02   9.027370e+00   7.059270e-02
  3.610952e-02   8.966740e+00   7.008890e-02
  3.657885e-02   8.687240e+00   7.337250e-02
  3.704819e-02   8.514950e+00   7.452060e-02
  3.751752e-02   8.566000e+00   7.562810e-02
  3.798685e-02   8.263380e+00   7.167570e-02
  3.845618e-02   8.053830e+00   7.508440e-02
  3.892552e-02   7.824820e+00   7.425210e-02
  3.939485e-02   7.914740e+00   7.597030e-02
  3.986418e-02   7.774270e+00   7.649300e-02
  4.033351e-02   7.625320e+00   7.961560e-02
  4.080285e-02   7.484620e+00   8.105500e-02
  4.127218e-02   7.312610e+00   8.184050e-02
  4.174151e-02   7.212720e+00   8.295180e-02
  4.221085e-02   7.148400e+00   8.463860e-02
  4.268018e-02   6.935810e+00   8.798680e-02
  4.314951e-02   6.767410e+00   8.885230e-02
  4.361884e-02   6.722630e+00   8.890210e-02
  4.408818e-02   6.640710e+00   8.998340e-02
  4.455751e-02   6.593470e+00   9.223790e-02
  4.502684e-02   6.465820e+00   9.142250e-02
  4.549617e-02   6.404960e+00   9.369930e-02
  4.596551e-02   6.137460e+00   9.059260e-02
  4.643484e-02   5.936940e+00   8.932940e-02
  4.690417e-02   6.026250e+00   8.737820e-02
  4.737350e-02   5.932950e+00   8.683030e-02
  4.784284e-02   5.726880e+00   8.592400e-02
  4.831217e-02   5.679380e+00   8.524260e-02
  4.878150e-02   5.624750e+00   8.274530e-02
  4.925083e-02   5.585470e+00   8.507410e-02
  4.972017e-02   5.273850e+00   8.393860e-02
  5.018950e-02   5.219610e+00   7.959320e-02
  5.065883e-02   5.033910e+00   8.023670e-02
  5.112817e-02   5.127040e+00   8.220040e-02
  5.159750e-02   5.134140e+00   8.156160e-02
  5.206683e-02   4.855470e+00   7.700230e-02
  5.253616e-02   4.739250e+00   7.966430e-02
  5.300550e-02   4.679920e+00   8.023990e-02
  5.347483e-02   4.855440e+00   7.992370e-02
  5.394416e-02   4.708290e+00   7.629680e-02
  5.441349e-02   4.625380e+00   7.710570e-02
  5.488283e-02   4.546390e+00   7.799880e-02
  5.535216e-02   4.400830e+00   7.797600e-02
  5.582149e-02   4.110520e+00   7.385170e-02
  5.629082e-02   4.110850e+00   7.523700e-02
  5.676016e-02   4.155900e+00   7.527850e-02
  5.722949e-02   4.119450e+00   7.510740e-02
  5.769882e-02   3.922220e+00   7.320650e-02
  5.816816e-02   3.934720e+00   7.233940e-02
  5.863749e-02   3.874530e+00   7.318910e-02
  5.910682e-02   3.847160e+00   7.523510e-02
  5.957615e-02   3.646070e+00   7.154190e-02
  6.004549e-02   3.574290e+00   7.089510e-02
  6.051482e-02   3.640520e+00   7.189640e-02
  6.098415e-02   3.365690e+00   7.274920e-02
  6.145348e-02   3.452990e+00   7.025690e-02
  6.192282e-02   3.432540e+00   6.999380e-02
  6.239215e-02   3.341680e+00   7.162410e-02
  6.286148e-02   3.312430e+00   7.194460e-02
  6.333081e-02   3.291430e+00   7.199780e-02
  6.380015e-02   3.286650e+00   6.837090e-02
  6.426948e-02   3.111550e+00   7.152550e-02
  6.473881e-02   3.127200e+00   7.047550e-02
  6.520814e-02   2.987600e+00   7.047570e-02
  6.567748e-02   2.976900e+00   6.961760e-02
  6.614681e-02   3.077230e+00   6.938660e-02
  6.661614e-02   2.766070e+00   6.902670e-02
  6.708548e-02   2.809560e+00   7.009820e-02
  6.755481e-02   2.953290e+00   6.823680e-02
  6.802414e-02   2.849010e+00   6.757580e-02
  6.849347e-02   2.586000e+00   6.867760e-02
  6.896281e-02   2.764160e+00   6.919490e-02
  6.943214e-02   2.706480e+00   6.800980e-02
  6.990147e-02   2.660950e+00   6.661610e-02
  7.037080e-02   2.461420e+00   6.767060e-02
  7.084014e-02   2.575850e+00   6.746150e-02
  7.130947e-02   2.523620e+00   6.891520e-02
  7.177880e-02   2.573200e+00   6.594400e-02
  7.224813e-02   2.348010e+00   6.717470e-02
  7.271747e-02   2.384490e+00   6.739920e-02
  7.318680e-02   2.328410e+00   6.698790e-02
  7.365613e-02   2.116270e+00   6.702530e-02
  7.412546e-02   2.353640e+00   6.536160e-02
  7.459480e-02   2.146360e+00   6.637590e-02
  7.506413e-02   2.257870e+00   6.600280e-02
  7.553346e-02   2.313680e+00   6.696730e-02
  7.600280e-02   2.167970e+00   6.539550e-02
  7.647213e-02   2.164930e+00   6.496200e-02
  7.694146e-02   2.239110e+00   6.626200e-02
  7.741079e-02   2.143750e+00   6.515770e-02
  7.788013e-02   1.932610e+00   6.372920e-02
  7.834946e-02   2.056780e+00   6.439210e-02
  7.881879e-02   1.880880e+00   6.610860e-02
  7.928812e-02   2.017790e+00   6.483790e-02
  7.975746e-02   1.851230e+00   6.327780e-02
  8.022679e-02   1.924250e+00   6.418920e-02
  8.069612e-02   1.851790e+00   6.491160e-02
  8.116545e-02   1.896560e+00   6.557690e-02
  8.163479e-02   1.673180e+00   6.276190e-02
  8.210412e-02   1.804870e+00   6.519560e-02
  8.257345e-02   1.752530e+00   6.409850e-02
  8.304279e-02   1.693130e+00   6.309990e-02
  8.351212e-02   1.675080e+00   6.425800e-02
  8.398145e-02   1.749300e+00   6.191760e-02
  8.445078e-02   1.692410e+00   6.305680e-02
  8.492012e-02   1.547120e+00   6.313140e-02
  8.538945e-02   1.663970e+00   6.368910e-02
  8.585878e-02   1.637190e+00   6.145360e-02
  8.632811e-02   1.641470e+00   6.177430e-02
  8.679745e-02   1.476720e+00   6.317910e-02
  8.726678e-02   1.636190e+00   6.266140e-02
  8.773611e-02   1.619890e+00   6.066440e-02
  8.820544e-02   1.524740e+00   6.181300e-02
  8.867478e-02   1.460320e+00   6.246670e-02
  8.914411e-02   1.551500e+00   6.189050e-02
  8.961344e-02   1.511670e+00   6.063080e-02
  9.008277e-02   1.550570e+00   6.083850e-02
  9.055211e-02   1.390120e+00   6.168500e-02
  9.102144e-02   1.308730e+00   6.088810e-02
  9.149077e-02   1.369970e+00   6.047450e-02
  9.196011e-02   1.271780e+00   6.043980e-02
  9.242944e-02   1.291980e+00   6.025180e-02
  9.289877e-02   1.395550e+00   6.194440e-02
  9.336810e-02   1.312900e+00   6.106800e-02
  9.383744e-02   1.244090e+00   5.823110e-02
  9.430677e-02   1.308930e+00   6.033850e-02
  9.477610e-02   1.269260e+00   6.156550e-02
  9.524543e-02   1.211030e+00   6.080960e-02
  9.571477e-02   1.213180e+00   5.899020e-02
  9.618410e-02   1.235310e+00   5.963930e-02
  9.665343e-02   9.959990e-01   6.005630e-02
  9.712276e-02   1.132360e+00   5.973650e-02
  9.759210e-02   1.226030e+00   5.817590e-02
  9.806143e-02   1.167700e+00   5.936330e-02
  9.853076e-02   1.136380e+00   5.958940e-02
  9.900009e-02   1.019460e+00   5.962470e-02
  9.946943e-02   1.136570e+00   5.805160e-02
  9.993876e-02   1.018760e+00   5.830800e-02
  1.004081e-01   1.010580e+00   5.919000e-02
  1.008774e-01   1.086130e+00   5.979770e-02
  1.013468e-01   8.186670e-01   5.787290e-02
  1.018161e-01   9.697480e-01   5.713750e-02
  1.022854e-01   9.796940e-01   5.850850e-02
  1.027548e-01   9.922600e-01   5.825070e-02
  1.032241e-01   8.585290e-01   5.832030e-02
  1.036934e-01   1.051790e+00   5.683790e-02
  1.041628e-01   8.939430e-01   5.785490e-02
  1.046321e-01   8.919780e-01   5.736350e-02
  1.051014e-01   9.244070e-01   5.791330e-02
  1.055708e-01   9.164610e-01   5.782980e-02
  1.060401e-01   7.481180e-01   5.746030e-02
  1.065094e-01   8.585140e-01   5.698870e-02
  1.069787e-01   8.266090e-01   5.826010e-02
  1.074481e-01   9.050780e-01   5.644980e-02
  1.079174e-01   8.280180e-01   5.628030e-02
  1.083867e-01   8.230350e-01   5.701310e-02
  1.088561e-01   8.026690e-01   5.797210e-02
  1.093254e-01   8.605630e-01   5.631490e-02
  1.097947e-01   7.806430e-01   5.573260e-02
  1.102641e-01   8.009910e-01   5.693500e-02
  1.107334e-01   7.454370e-01   5.697090e-02
  1.112027e-01   7.267260e-01   5.644920e-02
  1.116721e-01   6.713340e-01   5.507390e-02
  1.121414e-01   6.750230e-01   5.581310e-02
  1.126107e-01   7.678710e-01   5.595740e-02
  1.130801e-01   6.052340e-01   5.637020e-02
  1.135494e-01   6.436610e-01   5.500660e-02
  1.140187e-01   5.773570e-01   5.524380e-02
  1.144881e-01   6.522800e-01   5.584730e-02
  1.149574e-01   5.988110e-01   5.609840e-02
  1.154267e-01   6.110740e-01   5.496880e-02
  1.158961e-01   5.848050e-01   5.499270e-02
  1.163654e-01   6.571280e-01   5.543300e-02
  1.168347e-01   6.415550e-01   5.612910e-02
  1.173041e-01   6.838430e-01   5.426350e-02
  1.177734e-01   5.383650e-01   5.420970e-02
  1.182427e-01   5.288580e-01   5.448150e-02
  1.187121e-01   7.357700e-01   5.560980e-02
  1.191814e-01   5.111440e-01   5.473980e-02
  1.196507e-01   6.576960e-01   5.334660e-02
  1.201201e-01   5.615260e-01   5.613820e-02
  1.205894e-01   5.123290e-01   5.752760e-02
  1.210587e-01   5.032980e-01   5.813290e-02
  1.215281e-01   3.949460e-01   5.804370e-02
  1.219974e-01   4.081460e-01   5.914570e-02
  1.224667e-01   4.509810e-01   6.074150e-02
  1.229361e-01   5.410500e-01   6.067520e-02
  1.234054e-01   5.935860e-01   6.043610e-02
  1.238747e-01   5.134400e-01   6.202910e-02
  1.243441e-01   4.420150e-01   6.249980e-02
  1.248134e-01   4.136080e-01   6.279380e-02
  1.252827e-01   4.497680e-01   6.143650e-02
  1.257521e-01   5.629920e-01   6.306600e-02
  1.262214e-01   5.090670e-01   6.378050e-02
  1.266907e-01   3.436020e-01   6.229970e-02
  1.271601e-01   3.839690e-01   5.889740e-02
  1.276294e-01   3.173280e-01   5.804150e-02
  1.280987e-01   4.758780e-01   5.866510e-02
  1.285681e-01   4.523790e-01   5.749230e-02
  1.290374e-01   4.044450e-01   5.689960e-02
  1.295067e-01   4.080680e-01   5.452280e-02
  1.299760e-01   3.337930e-01   5.686620e-02
  1.304454e-01   4.886890e-01   5.633720e-02
  1.309147e-01   4.087030e-01   5.545210e-02
  1.313840e-01   2.860140e-01   5.390710e-02
  1.318534e-01   3.882030e-01   5.435900e-02
  1.323227e-01   4.559370e-01   5.384130e-02
  1.327920e-01   4.932120e-01   5.541670e-02
  1.332614e-01   2.951090e-01   5.315820e-02
  1.337307e-01   4.250920e-01   5.342910e-02
  1.342000e-01   3.736840e-01   5.374660e-02
  1.346694e-01   3.604760e-01   5.422480e-02
  1.351387e-01   3.575870e-01   5.341790e-02
  1.356080e-01   3.867060e-01   5.265310e-02
  1.360774e-01   2.519250e-01   5.297270e-02
  1.365467e-01   3.321430e-01   5.401940e-02
  1.370160e-01   2.202180e-01   5.312780e-02
  1.374854e-01   3.214620e-01   5.220230e-02
  1.379547e-01   3.741130e-01   5.243350e-02
  1.384240e-01   2.443700e-01   5.238320e-02
  1.388934e-01   2.704760e-01   5.313160e-02
  1.393627e-01   3.573480e-01   5.198650e-02
  1.398320e-01   2.985750e-01   5.183080e-02
  1.403014e-01   3.314010e-01   5.246120e-02
  1.407707e-01   2.828990e-01   5.255540e-02
  1.412400e-01   3.405110e-01   5.231370e-02
  1.417094e-01   3.253310e-01   5.111750e-02
  1.421787e-01   2.336590e-01   5.243500e-02
  1.426480e-01   2.383160e-01   5.212950e-02
  1.431174e-01   2.968270e-01   5.157310e-02
  1.435867e-01   2.970740e-01   5.180170e-02
  1.440560e-01   1.775330e-01   5.153080e-02
  1.445254e-01   3.407490e-01   5.199130e-02
  1.449947e-01   4.396060e-01   5.210880e-02
  1.454640e-01   3.035920e-01   5.013240e-02
  1.459334e-01   2.883440e-01   5.136510e-02
  1.464027e-01   2.677340e-01   5.228200e-02
  1.468720e-01   3.197850e-01   5.214050e-02
  1.473414e-01   2.489490e-01   5.002610e-02
  1.478107e-01   2.328960e-01   5.043250e-02
  1.482800e-01   2.834730e-01   5.150340e-02
  1.487494e-01   1.853700e-01   5.128660e-02
  1.492187e-01   2.625540e-01   5.022030e-02
  1.496880e-01   2.048010e-01   5.141060e-02
  1.501574e-01   2.502990e-01   5.436930e-02
  1.506267e-01   1.765790e-01   5.446520e-02
  1.510960e-01   2.384080e-01   5.395600e-02
  1.515654e-01   2.368920e-01   5.459940e-02
  1.520347e-01   1.668680e-01   5.586250e-02
  1.525040e-01   2.198940e-01   5.546000e-02
  1.529733e-01   9.151840e-02   5.330110e-02
  1.534427e-01   1.717260e-01   5.270920e-02
  1.539120e-01   3.087570e-01   5.286630e-02
  1.543813e-01   2.017820e-01   5.259410e-02
  1.548507e-01   1.214820e-01   5.268500e-02
  1.553200e-01   1.028930e-01   5.004830e-02
  1.557893e-01   1.288350e-01   4.992750e-02
  1.562587e-01   2.244130e-01   5.113470e-02
  1.567280e-01   2.454520e-01   5.011900e-02
  1.571973e-01   2.023630e-01   4.878100e-02
  1.576667e-01   1.788940e-01   5.073130e-02
  1.581360e-01   9.163170e-02   5.021220e-02
  1.586053e-01   1.621280e-01   5.070980e-02
  1.590747e-01   2.976410e-01   4.913330e-02
  1.595440e-01   1.114420e-01   5.111480e-02
  1.600133e-01   1.069240e-01   4.979980e-02
  1.604827e-01   2.741730e-01   5.043670e-02
  1.609520e-01   1.146680e-01   4.955500e-02
  1.614213e-01   1.533300e-01   4.875540e-02
  1.618907e-01   2.056000e-01   4.960590e-02
  1.623600e-01   1.667480e-01   4.932830e-02
  1.628293e-01   1.882470e-01   5.011360e-02
  1.632987e-01   2.571890e-01   4.838320e-02
  1.637680e-01   2.068160e-01   4.946380e-02
  1.642373e-01   7.863100e-02   4.908000e-02
  1.647067e-01   8.654660e-02   4.957690e-02
  1.651760e-01   1.770150e-01   4.808520e-02
  1.656453e-01   1.748590e-01   4.884260e-02
  1.661147e-01   1.415040e-01   4.891060e-02
  1.665840e-01   1.147130e-01   4.969590e-02
  1.670533e-01   1.420180e-01   4.798750e-02
  1.675227e-01   8.703570e-02   4.810870e-02
  1.679920e-01   7.013050e-02   4.876490e-02
  1.684613e-01   1.715670e-01   4.922480e-02
  1.689307e-01   1.783910e-01   4.872220e-02
  1.694000e-01   2.490380e-01   4.775960e-02
  1.698693e-01   1.336540e-01   4.851470e-02
  1.703387e-01   1.357860e-01   4.898110e-02
  1.708080e-01   1.754660e-01   4.868430e-02
  1.712773e-01   1.652350e-01   4.712600e-02
  1.717467e-01   1.692370e-01   4.938770e-02
  1.722160e-01   1.676670e-01   4.755630e-02
  1.726853e-01   9.283030e-02   4.922070e-02
  1.731547e-01   1.954680e-01   4.672580e-02
  1.736240e-01   1.159150e-01   4.734610e-02
  1.740933e-01   1.206350e-01   4.790820e-02
  1.745626e-01   1.082500e-01   4.809510e-02
  1.750320e-01  -4.994200e-02   4.676180e-02
  1.755013e-01   1.176760e-01   4.693030e-02
  1.759706e-01   1.310470e-01   4.768260e-02
  1.764400e-01   1.102550e-01   4.736940e-02
  1.769093e-01   7.825430e-02   4.695420e-02
  1.773786e-01   1.263440e-01   4.708590e-02
  1.778480e-01   1.242800e-01   4.729310e-02
  1.783173e-01   1.290800e-01   4.706110e-02
  1.787866e-01   5.078670e-02   4.749580e-02
  1.792560e-01   5.291790e-02   4.672470e-02
  1.797253e-01   2.909430e-02   4.739380e-02
  1.801946e-01   1.270400e-01   4.667230e-02
  1.806640e-01   4.712700e-02   4.793820e-02
  1.811333e-01   5.138670e-02   4.607340e-02
  1.816026e-01   8.918520e-02   4.629930e-02
  1.820720e-01   1.272980e-02   4.758040e-02
  1.825413e-01   4.634970e-02   4.715120e-02
  1.830106e-01   1.280710e-01   4.562410e-02
  1.834800e-01   2.501000e-01   4.621410e-02
  1.839493e-01   6.782880e-02   4.644710e-02
  1.844186e-01   6.317830e-02   4.684160e-02
  1.848880e-01   1.296730e-01   4.566210e-02
  1.853573e-01   5.188620e-02   4.579210e-02
  1.858266e-01   7.398940e-02   4.626710e-02
  1.862960e-01   5.697390e-02   4.627620e-02
  1.867653e-01   1.089710e-01   4.556250e-02
  1.872346e-01  -1.482300e-02   4.561770e-02
  1.877040e-01   7.313580e-02   4.639330e-02
  1.881733e-01   1.413070e-01   4.601400e-02
  1.886426e-01  -4.315990e-03   4.586860e-02
  1.891120e-01   1.819660e-01   4.556470e-02
  1.895813e-01   1.485020e-01   4.541220e-02
  1.900506e-01   5.392580e-02   4.600550e-02
  1.905200e-01   1.788790e-01   4.598190e-02
  1.909893e-01   1.512300e-01   4.456220e-02
  1.914586e-01   1.033260e-01   4.550440e-02
  1.919280e-01   3.323850e-02   4.548300e-02
  1.923973e-01   1.642250e-01   4.547830e-02
  1.928666e-01   8.428080e-02   4.465050e-02
  1.933360e-01   1.569690e-01   4.535300e-02
  1.938053e-01  -3.810790e-02   4.486200e-02
  1.942746e-01   6.300470e-02   4.576800e-02
  1.947440e-01   4.209060e-02   4.449370e-02
  1.952133e-01   1.434960e-01   4.443800e-02
  1.956826e-01   8.063770e-02   4.519480e-02
  1.961520e-01   8.440930e-02   4.490220e-02
  1.966213e-01   1.771300e-01   4.452270e-02
  1.970906e-01   7.049110e-02   4.435340e-02
  1.975599e-01   1.577690e-02   4.462780e-02
  1.980293e-01   1.608450e-01   4.487350e-02
  1.984986e-01   8.020330e-02   4.543210e-02
  1.989679e-01   1.066300e-01   4.437680e-02
  1.994373e-01   5.978190e-02   4.511440e-02
  1.999066e-01  -5.616790e-02   4.424250e-02
  2.003759e-01   1.018890e-01   4.502700e-02
  2.008453e-01   1.305920e-01   4.568080e-02
  2.013146e-01   1.572940e-01   4.714060e-02
  2.017839e-01  -4.252330e-02   4.729450e-02
  2.022533e-01  -2.784550e-03   4.804550e-02
  2.027226e-01   7.503120e-02   4.849810e-02
  2.031919e-01   6.654130e-02   4.952620e-02
  2.036613e-01   4.051690e-02   4.867800e-02
  2.041306e-01  -1.135930e-01   4.906490e-02
  2.045999e-01   2.837460e-02   4.921990e-02
  2.050693e-01   1.378910e-01   5.010270e-02
  2.055386e-01   6.544930e-02   4.988610e-02
  2.060079e-01  -2.070110e-02   4.963050e-02
  2.064773e-01   1.207640e-01   5.027320e-02
  2.069466e-01   7.673900e-02   4.910320e-02
  2.074159e-01   7.541970e-02   4.778790e-02
  2.078853e-01   6.973130e-02   4.778900e-02
  2.083546e-01   7.675740e-02   4.721340e-02
  2.088239e-01   1.114300e-01   4.577390e-02
  2.092933e-01  -3.387040e-03   4.546970e-02
  2.097626e-01   2.514310e-02   4.524230e-02
  2.102319e-01   1.303700e-01   4.557780e-02
  2.107013e-01   9.372750e-02   4.436540e-02
  2.111706e-01  -3.825920e-02   4.526590e-02
  2.116399e-01   3.993920e-02   4.541690e-02
  2.121093e-01   1.173770e-01   4.477520e-02
  2.125786e-01   1.507100e-01   4.467830e-02
  2.130479e-01   4.982030e-02   4.455750e-02
  2.135173e-01   3.653300e-02   4.417970e-02
  2.139866e-01   6.458370e-02   4.479250e-02
  2.144559e-01   5.586530e-02   4.469270e-02
  2.149253e-01  -1.329910e-02   4.426570e-02
  2.153946e-01   6.830020e-02   4.402330e-02
  2.158639e-01   1.000400e-01   4.414220e-02
  2.163333e-01   1.705460e-01   4.418400e-02
  2.168026e-01   3.494340e-02   4.401310e-02
  2.172719e-01   9.952410e-02   4.368900e-02
  2.177413e-01   2.045740e-02   4.365880e-02
  2.182106e-01   3.805760e-02   4.408210e-02
  2.186799e-01   1.261430e-01   4.417600e-02
  2.191493e-01   5.155970e-02   4.442310e-02
  2.196186e-01  -3.709620e-02   4.475210e-02
  2.200879e-01   8.300060e-02   4.399580e-02
  2.205572e-01  -1.485810e-02   4.270540e-02
  2.210266e-01   1.134920e-01   4.450740e-02
  2.214959e-01   1.420390e-01   4.383070e-02
  2.219652e-01  -3.095130e-03   4.399780e-02
  2.224346e-01  -5.197840e-03   4.249770e-02
  2.229039e-01   1.971320e-02   4.313890e-02
  2.233732e-01  -2.507910e-03   4.323360e-02
  2.238426e-01   1.018890e-01   4.527380e-02
  2.243119e-01   1.575350e-02   4.263170e-02
  2.247812e-01   1.222350e-01   4.274900e-02
  2.252506e-01   2.853250e-02   4.277780e-02
  2.257199e-01  -1.698210e-02   4.295580e-02
  2.261892e-01   5.969770e-02   4.314900e-02
  2.266586e-01   6.341610e-02   4.235930e-02
  2.271279e-01   1.278520e-01   4.271950e-02
  2.275972e-01   6.460800e-02   4.285350e-02
  2.280666e-01   6.651190e-02   4.277710e-02
  2.285359e-01  -1.901770e-02   4.176240e-02
  2.290052e-01   2.501730e-02   4.246400e-02
  2.294746e-01   6.420640e-02   4.246940e-02
  2.299439e-01   6.337350e-02   4.268940e-02
  2.304132e-01   7.586550e-02   4.156140e-02
  2.308826e-01   6.136370e-02   4.221800e-02
  2.313519e-01   1.477270e-01   4.221340e-02
  2.318212e-01  -3.143550e-02   4.262810e-02
  2.322906e-01   9.128540e-02   4.156050e-02
  2.327599e-01   5.611870e-02   4.208120e-02
  2.332292e-01   3.037200e-02   4.222230e-02
  2.336986e-01   1.401250e-01   4.222900e-02
  2.341679e-01  -3.883280e-02   4.152010e-02
  2.346372e-01   5.099150e-02   4.154120e-02
  2.351066e-01  -8.143700e-03   4.238070e-02
  2.355759e-01   6.353690e-02   4.258880e-02
  2.360452e-01  -1.002700e-02   4.164580e-02
  2.365146e-01   1.856880e-02   4.107000e-02
  2.369839e-01   7.103500e-02   4.196560e-02
  2.374532e-01   6.654850e-02   4.182140e-02
  2.379226e-01   1.440340e-01   4.214190e-02
  2.383919e-01   1.105360e-01   4.111640e-02
  2.388612e-01   9.420180e-02   4.162390e-02
  2.393306e-01   6.383550e-02   4.147300e-02
  2.397999e-01  -4.349180e-02   4.186500e-02
  2.402692e-01  -1.738230e-02   4.082490e-02
  2.407386e-01   1.127710e-01   4.228950e-02
  2.412079e-01   2.452380e-02   4.154050e-02
  2.416772e-01  -3.857360e-02   4.130940e-02
  2.421466e-01  -1.602350e-02   4.073980e-02
  2.426159e-01   6.167830e-02   4.093410e-02
  2.430852e-01   6.482150e-02   4.140570e-02
  2.435545e-01   1.833080e-02   4.102930e-02
  2.440239e-01   6.848720e-02   4.087060e-02
  2.444932e-01   5.356450e-02   4.076240e-02
  2.449625e-01   1.263830e-01   4.156860e-02
  2.454319e-01   2.013230e-02   4.101780e-02
  2.459012e-01   3.264440e-02   4.090490e-02
  2.463705e-01   6.550100e-02   4.062780e-02
  2.468399e-01   3.533380e-02   4.157660e-02
  2.473092e-01   5.608050e-02   4.138260e-02
  2.477785e-01  -2.167740e-02   4.139610e-02
  2.482479e-01   9.682840e-03   4.005750e-02
  2.487172e-01  -2.249500e-02   4.046040e-02
  2.491865e-01  -6.222370e-02   4.071460e-02
  2.496559e-01   1.052440e-02   4.047490e-02
  2.501252e-01  -2.079570e-02   4.111700e-02
  2.505945e-01   1.242580e-02   4.144090e-02
  2.510639e-01  -3.879110e-02   4.086950e-02
  2.515332e-01   1.317090e-01   4.034700e-02
  2.520025e-01   3.868960e-02   3.992960e-02
  2.524719e-01   6.802440e-02   3.974000e-02
  2.529412e-01   2.365190e-02   4.051270e-02
  2.534105e-01   1.571390e-02   4.118420e-02
  2.538799e-01   6.743890e-02   3.978860e-02
  2.543492e-01  -1.470340e-02   3.980550e-02
  2.548185e-01   8.753450e-02   3.986860e-02
  2.552879e-01   7.994580e-02   4.045630e-02
  2.557572e-01   1.805160e-02   4.010730e-02
  2.562265e-01   7.819310e-02   3.909890e-02
  2.566959e-01   4.893010e-02   3.988450e-02
  2.571652e-01   4.823400e-02   4.012720e-02
  2.576345e-01   1.039850e-01   4.031400e-02
  2.581039e-01   1.035560e-01   3.917090e-02
  2.585732e-01   1.903300e-02   3.950010e-02
  2.590425e-01   6.135160e-02   3.987590e-02
  2.595119e-01   7.591250e-02   4.012310e-02
  2.599812e-01   4.915760e-02   4.004940e-02
  2.604505e-01  -1.598840e-02   3.937120e-02
  2.609199e-01  -8.008350e-03   3.975000e-02
  2.613892e-01   3.267540e-02   4.003370e-02
  2.618585e-01  -2.095630e-02   3.890100e-02
  2.623279e-01  -1.630420e-02   3.961210e-02
  2.627972e-01  -6.213010e-03   3.968770e-02
  2.632665e-01  -3.291500e-02   3.957310e-02
  2.637359e-01   5.280290e-02   3.961230e-02
  2.642052e-01   8.111240e-03   3.914130e-02
  2.646745e-01  -1.477950e-02   3.966220e-02
  2.651438e-01   7.933840e-02   3.959450e-02
  2.656132e-01   4.767770e-03   3.975810e-02
  2.660825e-01   1.093230e-02   3.853070e-02
  2.665518e-01  -3.519600e-02   3.944400e-02
  2.670212e-01   8.479960e-02   3.946800e-02
  2.674905e-01   1.184880e-02   3.926270e-02
  2.679598e-01   2.292420e-02   3.838710e-02
  2.684292e-01  -2.446980e-02   3.900660e-02
  2.688985e-01   6.570820e-02   3.950190e-02
  2.693678e-01   9.304560e-02   3.938730e-02
  2.698372e-01   1.164360e-01   3.909380e-02
  2.703065e-01   1.436700e-02   3.889550e-02
  2.707758e-01   6.693410e-02   3.888650e-02
  2.712452e-01  -4.634670e-02   3.894140e-02
  2.717145e-01   1.125600e-01   3.831820e-02
  2.721838e-01  -6.642350e-02   3.893510e-02
  2.726532e-01   5.154830e-02   3.886420e-02
  2.731225e-01  -6.685280e-03   3.877980e-02
  2.735918e-01   2.654030e-02   3.892500e-02
  2.740612e-01   1.977860e-02   3.845010e-02
  2.745305e-01  -5.921470e-03   3.952230e-02
  2.749998e-01   6.771800e-02   3.864380e-02
  2.754692e-01  -1.578840e-02   3.856220e-02
  2.759385e-01   1.029090e-01   3.787880e-02
  2.764078e-01   1.132700e-02   3.860820e-02
  2.768772e-01   5.516020e-02   3.864970e-02
  2.773465e-01   3.952370e-02   3.892310e-02
  2.778158e-01  -7.964540e-03   3.790020e-02
  2.782852e-01   5.569810e-02   3.891690e-02
  2.787545e-01   6.173480e-02   3.891290e-02
  2.792238e-01   5.766080e-02   3.865210e-02
  2.796932e-01   1.661130e-02   3.773970e-02
  2.801625e-01   2.498720e-02   3.856310e-02
  2.806318e-01   3.588900e-02   3.806780e-02
  2.811012e-01  -4.661760e-03   3.913320e-02
  2.815705e-01   3.081380e-02   4.095500e-02
  2.820398e-01   4.126630e-02   4.080560e-02
  2.825092e-01   7.611250e-02   4.161680e-02
  2.829785e-01   1.865090e-02   4.097740e-02
  2.834478e-01  -7.268160e-02   4.171520e-02
  2.839172e-01  -5.553080e-03   4.119040e-02
  2.843865e-01  -3.611190e-02   4.196890e-02
  2.848558e-01  -5.468350e-02   4.236920e-02
  2.853252e-01   8.099720e-02   4.172530e-02
  2.857945e-01   1.105650e-01   4.148090e-02
  2.862638e-01   7.273910e-02   4.168180e-02
  2.867332e-01  -3.885480e-02   4.195340e-02
  2.872025e-01   2.289560e-02   4.261100e-02
  2.876718e-01   2.624150e-02   4.010740e-02
  2.881411e-01   2.921690e-02   4.009960e-02
  2.886105e-01  -3.442610e-02   3.964850e-02
  2.890798e-01  -1.981270e-02   3.927420e-02
  2.895491e-01   4.413800e-02   3.864550e-02
  2.900185e-01  -1.468540e-02   3.869660e-02
  2.904878e-01   5.447180e-02   3.885500e-02
  2.909571e-01   5.559860e-02   3.883670e-02
  2.914265e-01  -1.317570e-02   3.828840e-02
  2.918958e-01   1.559880e-02   3.841310e-02
  2.923651e-01  -7.507520e-03   3.869500e-02
  2.928345e-01   3.533270e-02   3.848890e-02
  2.933038e-01   4.375890e-02   3.803240e-02
  2.937731e-01   4.287930e-02   3.819610e-02
  2.942425e-01   6.434210e-02   3.837310e-02
  2.947118e-01   9.326000e-02   3.821270e-02
  2.951811e-01   3.344270e-02   3.811930e-02
  2.956505e-01   8.803290e-03   3.767890e-02
  2.961198e-01   1.217680e-02   3.843520e-02
  2.965891e-01  -4.095230e-02   3.805620e-02
  2.970585e-01   6.414000e-02   3.833050e-02
  2.975278e-01  -6.707370e-03   3.755400e-02
  2.979971e-01  -1.097630e-02   3.783810e-02
  2.984665e-01   1.202900e-01   3.869260e-02
  2.989358e-01   8.445950e-03   3.782280e-02
  2.994051e-01  -8.727390e-03   3.738780e-02
  2.998745e-01   3.907400e-02   3.753080e-02
  3.003438e-01   2.774630e-02   3.766340e-02
  3.008131e-01   6.734210e-03   3.762550e-02
  3.012825e-01  -1.846040e-02   3.761100e-02
  3.017518e-01   1.722790e-02   3.755040e-02
  3.022211e-01   5.067600e-02   3.750680e-02
  3.026905e-01  -1.146730e-03   3.838580e-02
  3.031598e-01  -6.286510e-02   3.736900e-02
  3.036291e-01  -3.564480e-02   3.761440e-02
  3.040985e-01  -4.579530e-02   3.793320e-02
  3.045678e-01   9.570070e-03   3.739340e-02
  3.050371e-01   4.341560e-03   3.693570e-02
  3.055065e-01  -3.985330e-02   3.692910e-02
  3.059758e-01  -3.482510e-02   3.751420e-02
  3.064451e-01   8.051550e-02   3.745970e-02
  3.069145e-01  -3.894360e-02   3.704080e-02
  3.073838e-01   8.434840e-02   3.644910e-02
  3.078531e-01  -5.328370e-04   3.724230e-02
  3.083225e-01  -6.445120e-02   3.723120e-02
  3.087918e-01   1.222770e-01   3.749030e-02
  3.092611e-01  -1.419540e-02   3.624540e-02
  3.097305e-01   5.199460e-02   3.680750e-02
  3.101998e-01   9.532150e-02   3.744220e-02
  3.106691e-01   9.976770e-02   3.741690e-02
  3.111384e-01   7.329130e-02   3.640080e-02
  3.116078e-01   3.575350e-02   3.690780e-02
  3.120771e-01   4.311550e-02   3.659210e-02
  3.125464e-01   6.299920e-02   3.764980e-02
  3.130158e-01   1.068660e-02   3.602700e-02
  3.134851e-01  -8.311890e-02   3.699770e-02
  3.139544e-01  -6.246960e-02   3.658740e-02
  3.144238e-01  -8.822460e-02   3.763470e-02
  3.148931e-01  -6.279380e-03   3.611220e-02
  3.153624e-01   5.525280e-02   3.608430e-02
  3.158318e-01   5.553680e-02   3.666080e-02
  3.163011e-01   1.064320e-01   3.739740e-02
  3.167704e-01   6.512600e-02   3.610850e-02
  3.172398e-01   7.879210e-03   3.605960e-02
  3.177091e-01   1.977090e-02   3.642180e-02
  3.181784e-01   1.108590e-01   3.681640e-02
  3.186478e-01   6.210510e-03   3.711700e-02
  3.191171e-01   7.847260e-02   3.538830e-02
  3.195864e-01  -4.015930e-02   3.603870e-02
  3.200558e-01   2.490690e-02   3.621520e-02
  3.205251e-01   8.255000e-02   3.676860e-02
  3.209944e-01   6.000390e-02   3.540360e-02
  3.214638e-01   3.458050e-02   3.596500e-02
  3.219331e-01   4.836220e-02   3.607820e-02
  3.224024e-01   6.253980e-02   3.604900e-02
  3.228718e-01   1.579380e-02   3.563470e-02
  3.233411e-01   3.389810e-02   3.561900e-02
  3.238104e-01   9.209750e-02   3.630240e-02
  3.242798e-01   2.591270e-02   3.599860e-02
  3.247491e-01   3.809020e-02   3.562840e-02
  3.252184e-01  -1.290810e-02   3.562220e-02
  3.256878e-01  -3.216550e-02   3.640730e-02
  3.261571e-01   4.517810e-02   3.576460e-02
  3.266264e-01   4.513170e-03   3.589560e-02
  3.270958e-01   1.885700e-02   3.592180e-02
  3.275651e-01   4.728110e-02   3.622190e-02
  3.280344e-01   7.917140e-03   3.592620e-02
  3.285038e-01   1.508290e-02   3.565060e-02
  3.289731e-01  -3.758130e-02   3.541470e-02
  3.294424e-01   7.598150e-02   3.629140e-02
  3.299118e-01   5.054930e-03   3.587740e-02
  3.303811e-01  -3.090700e-03   3.623040e-02
  3.308504e-01   4.175260e-02   3.507750e-02
  3.313198e-01   5.909240e-02   3.587740e-02
  3.317891e-01   5.590450e-02   3.526510e-02
  3.322584e-01  -2.139980e-02   3.558740e-02
  3.327277e-01   4.640560e-02   3.498660e-02
  3.331971e-01   1.944920e-02   3.611290e-02
  3.336664e-01   1.262240e-02   3.639080e-02
  3.341357e-01   8.843250e-02   3.615690e-02
  3.346051e-01  -2.507500e-02   3.513940e-02
  3.350744e-01   7.248120e-03   3.537410e-02
  3.355437e-01   1.001130e-02   3.597520e-02
  3.360131e-01   6.755730e-02   3.511960e-02
  3.364824e-01   4.390300e-02   3.500540e-02
  3.369517e-01   2.910270e-03   3.619420e-02
  3.374211e-01  -5.807050e-03   3.622420e-02
  3.378904e-01  -4.285170e-03   3.678450e-02
  3.383597e-01   9.990780e-02   3.699270e-02
  3.388291e-01  -1.183520e-01   3.756100e-02
  3.392984e-01   8.117020e-02   3.845450e-02
  3.397677e-01   6.054310e-04   3.733370e-02
  3.402371e-01   1.047940e-02   3.730220e-02
  3.407064e-01  -3.169170e-02   3.756220e-02
  3.411757e-01   1.786610e-02   3.827980e-02
  3.416451e-01   1.829680e-02   3.785490e-02
  3.421144e-01   9.832040e-02   3.821200e-02
  3.425837e-01   2.851430e-02   3.769080e-02
  3.430531e-01  -4.663370e-02   3.808210e-02
  3.435224e-01  -1.769220e-02   3.863940e-02
  3.439917e-01  -3.142890e-02   3.820610e-02
  3.444611e-01  -4.089940e-02   3.783600e-02
  3.449304e-01   9.065730e-02   3.866480e-02
  3.453997e-01   5.487160e-02   3.841520e-02
  3.458691e-01   6.727370e-02   3.841940e-02
  3.463384e-01   1.301280e-01   3.815190e-02
  3.468077e-01   4.923440e-02   3.914190e-02
  3.472771e-01   2.815500e-02   3.908160e-02
  3.477464e-01   6.415510e-02   3.947340e-02
  3.482157e-01   2.170250e-02   3.834100e-02
  3.486851e-01  -1.801030e-02   3.855500e-02
  3.491544e-01   3.791900e-02   3.857860e-02
  3.496237e-01   2.074330e-02   3.905290e-02
  3.500931e-01   1.082070e-01   3.887790e-02
  3.505624e-01  -3.012160e-02   3.870290e-02
  3.510317e-01   2.835770e-02   3.872880e-02
  3.515011e-01   5.396670e-02   3.927640e-02
  3.519704e-01   4.482290e-02   3.908930e-02
  3.524397e-01  -7.834850e-02   3.871870e-02
  3.529091e-01   8.380760e-02   3.896590e-02
  3.533784e-01   9.687290e-03   3.919130e-02
  3.538477e-01   3.121460e-02   3.925300e-02
  3.543171e-01   9.038790e-02   3.878510e-02
  3.547864e-01   3.648820e-02   3.891440e-02
  3.552557e-01   3.181460e-02   3.967080e-02
  3.557250e-01  -3.717650e-02   3.952750e-02
  3.561944e-01  -7.843840e-03   3.882790e-02
  3.566637e-01   5.843670e-02   3.912190e-02
  3.571330e-01   4.744770e-02   3.925640e-02
  3.576024e-01   7.611130e-02   3.979650e-02
  3.580717e-01   6.471970e-02   3.899320e-02
  3.585410e-01   1.195570e-02   3.944970e-02
  3.590104e-01  -1.156990e-02   3.920940e-02
  3.594797e-01   6.330730e-02   3.942520e-02
  3.599490e-01   1.464070e-02   3.908930e-02
  3.604184e-01   4.314770e-02   3.898190e-02
  3.608877e-01   4.185700e-02   3.953070e-02
  3.613570e-01  -1.862550e-02   4.125100e-02
  3.618264e-01   4.554750e-02   4.216010e-02
  3.622957e-01   3.526700e-02   4.182600e-02
  3.627650e-01  -2.266380e-02   4.305370e-02
  3.632344e-01   2.459080e-02   4.307510e-02
  3.637037e-01   1.221400e-01   4.391020e-02
  3.641730e-01   1.179950e-01   4.350960e-02
  3.646424e-01   7.167200e-02   4.373610e-02
  3.651117e-01   1.242920e-01   4.392410e-02
  3.655810e-01  -1.661800e-02   4.493310e-02
  3.660504e-01  -2.766020e-02   4.439870e-02
  3.665197e-01   5.033090e-02   4.462770e-02
  3.669890e-01   1.095390e-01   4.532780e-02
  3.674584e-01   6.539470e-03   4.533840e-02
  3.679277e-01   5.802020e-02   4.566060e-02
  3.683970e-01  -6.353620e-02   4.526950e-02
  3.688664e-01   2.145450e-03   4.549410e-02
  3.693357e-01   3.951360e-02   4.645300e-02
  3.698050e-01  -4.059340e-02   4.597280e-02
  3.702744e-01  -7.379710e-02   4.637030e-02
  3.707437e-01  -1.000310e-01   4.609620e-02
range-from: 1
range-to: 770
