# Diamond Light Source Ltd.
# Non Crystalline Diffraction Results Export File
# Data extracted from file: /dls/b21/data/2014/sm9384-1/processing/results_b21-7734_detector_070314_132234.nxs
# Dataset name: /entry1/detector_processing/Average/data
# Title: Sample: HSP18.1 (Location   I A  2)
# Scan command: static readout
# q(1/A)      	Column      	Error       	
0.0096506812	4.0331636e-09	7.5401109e-12
0.0099254800	4.1676271e-09	7.5016529e-12
0.010200279 	4.2006367e-09	7.4034641e-12
0.010475079 	4.2408717e-09	7.2767868e-12
0.010749877 	4.2458530e-09	7.1593066e-12
0.011024676 	4.2434944e-09	7.0497289e-12
0.011299475 	4.2351336e-09	6.9342249e-12
0.011574275 	4.2110746e-09	6.8138589e-12
0.011849074 	4.2043751e-09	6.7219945e-12
0.012123873 	4.2091273e-09	6.6271329e-12
0.012398671 	4.1856514e-09	6.4982715e-12
0.012673471 	4.1587431e-09	6.4132822e-12
0.012948270 	4.1389447e-09	6.3393761e-12
0.013223069 	4.1310164e-09	6.2582712e-12
0.013497868 	4.1104453e-09	6.1674381e-12
0.013772667 	4.0915178e-09	6.0939773e-12
0.014047466 	4.0698223e-09	6.0074268e-12
0.014322265 	4.0535810e-09	5.9382816e-12
0.014597064 	4.0294865e-09	5.8686962e-12
0.014871864 	4.0064072e-09	5.7773799e-12
0.015146662 	3.9875663e-09	5.7033028e-12
0.015421461 	3.9796695e-09	5.6491335e-12
0.015696261 	3.9695993e-09	5.5927320e-12
0.015971059 	3.9438981e-09	5.5261598e-12
0.016245859 	3.9309538e-09	5.4649709e-12
0.016520657 	3.9060746e-09	5.4169408e-12
0.016795456 	3.8907344e-09	5.3556135e-12
0.017070256 	3.8734913e-09	5.2864427e-12
0.017345054 	3.8448875e-09	5.2359363e-12
0.017619854 	3.8298991e-09	5.1703151e-12
0.017894654 	3.8036068e-09	5.1141435e-12
0.018169452 	3.7807495e-09	5.0654932e-12
0.018444251 	3.7623300e-09	5.0180927e-12
0.018719049 	3.7521404e-09	4.9751618e-12
0.018993849 	3.7255203e-09	4.8966495e-12
0.019268649 	3.6968311e-09	4.8624980e-12
0.019543447 	3.6812682e-09	4.8133220e-12
0.019818246 	3.6649479e-09	4.7755749e-12
0.020093046 	3.6316263e-09	4.7165887e-12
0.020367844 	3.6107057e-09	4.6704880e-12
0.020642644 	3.5901908e-09	4.6355962e-12
0.020917442 	3.5663215e-09	4.5799258e-12
0.021192241 	3.5481349e-09	4.5464982e-12
0.021467041 	3.5256549e-09	4.5033820e-12
0.021741839 	3.5012306e-09	4.4497448e-12
0.022016639 	3.4800955e-09	4.4244582e-12
0.022291437 	3.4590562e-09	4.3800731e-12
0.022566237 	3.4405576e-09	4.3442723e-12
0.022841036 	3.4162999e-09	4.3108243e-12
0.023115834 	3.3946088e-09	4.2664301e-12
0.023390634 	3.3670833e-09	4.2160732e-12
0.023665434 	3.3457384e-09	4.1756351e-12
0.023940232 	3.3255405e-09	4.1443919e-12
0.024215031 	3.3032228e-09	4.1078842e-12
0.024489829 	3.2670193e-09	4.0574896e-12
0.024764629 	3.2489791e-09	4.0328973e-12
0.025039429 	3.2220639e-09	3.9946818e-12
0.025314227 	3.1978251e-09	3.9574897e-12
0.025589027 	3.1788359e-09	3.9197920e-12
0.025863826 	3.1541449e-09	3.8877642e-12
0.026138624 	3.1244174e-09	3.8484329e-12
0.026413424 	3.0994511e-09	3.8103049e-12
0.026688222 	3.0820129e-09	3.7848977e-12
0.026963022 	3.0509111e-09	3.7460317e-12
0.027237821 	3.0263123e-09	3.7125008e-12
0.027512619 	3.0016165e-09	3.6773024e-12
0.027787419 	2.9794320e-09	3.6454060e-12
0.028062219 	2.9525278e-09	3.6140865e-12
0.028337017 	2.9288805e-09	3.5770395e-12
0.028611816 	2.8987728e-09	3.5474809e-12
0.028886614 	2.8804505e-09	3.5234435e-12
0.029161414 	2.8460287e-09	3.4857835e-12
0.029436214 	2.8285165e-09	3.4576181e-12
0.029711012 	2.8021145e-09	3.4216876e-12
0.029985812 	2.7817284e-09	3.3951882e-12
0.030260609 	2.7546241e-09	3.3609439e-12
0.030535409 	2.7299323e-09	3.3404492e-12
0.030810209 	2.7010139e-09	3.3022096e-12
0.031085007 	2.6741860e-09	3.2716226e-12
0.031359807 	2.6493006e-09	3.2415611e-12
0.031634606 	2.6277414e-09	3.2142934e-12
0.031909406 	2.6028082e-09	3.1890263e-12
0.032184202 	2.5740254e-09	3.1562229e-12
0.032459002 	2.5519271e-09	3.1325970e-12
0.032733802 	2.5256985e-09	3.1032522e-12
0.033008602 	2.5040303e-09	3.0777028e-12
0.033283401 	2.4795879e-09	3.0519079e-12
0.033558197 	2.4509594e-09	3.0212699e-12
0.033832997 	2.4307238e-09	2.9974736e-12
0.034107797 	2.4088005e-09	2.9690788e-12
0.034382597 	2.3784383e-09	2.9424197e-12
0.034657396 	2.3583513e-09	2.9195923e-12
0.034932196 	2.3326077e-09	2.8871822e-12
0.035206992 	2.3061022e-09	2.8672553e-12
0.035481792 	2.2831710e-09	2.8373701e-12
0.035756592 	2.2624858e-09	2.8161024e-12
0.036031391 	2.2401037e-09	2.7916038e-12
0.036306191 	2.2172808e-09	2.7634132e-12
0.036580987 	2.1909741e-09	2.7401852e-12
0.036855787 	2.1681936e-09	2.7153150e-12
0.037130587 	2.1411082e-09	2.6916460e-12
0.037405387 	2.1159419e-09	2.6641421e-12
0.037680186 	2.0909952e-09	2.6401826e-12
0.037954982 	2.0677804e-09	2.6169178e-12
0.038229782 	2.0450786e-09	2.5902594e-12
0.038504582 	2.0230848e-09	2.5684186e-12
0.038779382 	1.9975508e-09	2.5423457e-12
0.039054181 	1.9723210e-09	2.5193029e-12
0.039328977 	1.9512738e-09	2.4982113e-12
0.039603777 	1.9265685e-09	2.4743434e-12
0.039878577 	1.9053064e-09	2.4557784e-12
0.040153377 	1.8791695e-09	2.4286072e-12
0.040428177 	1.8606174e-09	2.4103382e-12
0.040702976 	1.8368789e-09	2.3860536e-12
0.040977772 	1.8135758e-09	2.3634382e-12
0.041252572 	1.7887372e-09	2.3428668e-12
0.041527372 	1.7697716e-09	2.3200868e-12
0.041802172 	1.7467103e-09	2.2996789e-12
0.042076971 	1.7266812e-09	2.2782175e-12
0.042351767 	1.6991265e-09	2.2520547e-12
0.042626567 	1.6785335e-09	2.2327327e-12
0.042901367 	1.6574815e-09	2.2109231e-12
0.043176167 	1.6378323e-09	2.1923748e-12
0.043450966 	1.6177554e-09	2.1729929e-12
0.043725763 	1.5926382e-09	2.1501813e-12
0.044000562 	1.5690392e-09	2.1282347e-12
0.044275362 	1.5477513e-09	2.1066334e-12
0.044550162 	1.5296533e-09	2.0906352e-12
0.044824962 	1.5098875e-09	2.0693074e-12
0.045099758 	1.4997915e-09	2.0613012e-12
0.045374557 	1.4760122e-09	2.0972989e-12
0.045649357 	1.4525404e-09	2.1424167e-12
0.045924157 	1.4296161e-09	2.1679156e-12
0.046198957 	1.4103130e-09	2.1856024e-12
0.046473756 	1.3915661e-09	2.1984435e-12
0.046748552 	1.3718082e-09	2.2078619e-12
0.047023352 	1.3491654e-09	2.2130566e-12
0.047298152 	1.3297157e-09	2.2189236e-12
0.047572952 	1.3090969e-09	2.2234465e-12
0.047847752 	1.2852552e-09	2.2241863e-12
0.048122548 	1.2676953e-09	2.2269758e-12
0.048397347 	1.2518401e-09	2.2328727e-12
0.048672147 	1.2314931e-09	2.2299534e-12
0.048946947 	1.2102190e-09	2.2296659e-12
0.049221747 	1.1915483e-09	2.2286316e-12
0.049496543 	1.1706528e-09	2.2248371e-12
0.049771342 	1.1504990e-09	2.2202548e-12
0.050046142 	1.1471911e-09	2.1398415e-12
0.050320942 	1.1296063e-09	2.0454138e-12
0.050595742 	1.1110397e-09	1.9887343e-12
0.050870538 	1.0881073e-09	1.9382931e-12
0.051145338 	1.0694727e-09	1.9010032e-12
0.051420137 	1.0511065e-09	1.8638862e-12
0.051694937 	1.0303349e-09	1.8293431e-12
0.051969737 	1.0126922e-09	1.8023679e-12
0.052244537 	9.9423281e-10	1.7710686e-12
0.052519333 	9.8045627e-10	1.7485846e-12
0.052794132 	9.6576025e-10	1.7227966e-12
0.053068932 	9.4776853e-10	1.6985506e-12
0.053343732 	9.3051239e-10	1.6719707e-12
0.053618532 	9.1171670e-10	1.6480280e-12
0.053893328 	8.9996421e-10	1.6313070e-12
0.054168127 	8.8474239e-10	1.6084853e-12
0.054442927 	8.6721536e-10	1.5865073e-12
0.054717727 	8.5091234e-10	1.5643567e-12
0.054992527 	8.3494173e-10	1.5419814e-12
0.055267323 	8.1824675e-10	1.5218993e-12
0.055542123 	8.0099444e-10	1.5004826e-12
0.055816922 	7.9031426e-10	1.4861127e-12
0.056091722 	7.7498091e-10	1.4646602e-12
0.056366522 	7.5985501e-10	1.4471176e-12
0.056641318 	7.4499268e-10	1.4274723e-12
0.056916118 	7.2952394e-10	1.4084512e-12
0.057190917 	7.1692391e-10	1.3922654e-12
0.057465717 	7.0496570e-10	1.3759369e-12
0.057740517 	6.8964023e-10	1.3580047e-12
0.058015317 	6.7689182e-10	1.3408196e-12
0.058290113 	6.6621669e-10	1.3267692e-12
0.058564913 	6.5054423e-10	1.3092952e-12
0.058839712 	6.3624067e-10	1.2909854e-12
0.059114512 	6.2210243e-10	1.2736687e-12
0.059389312 	6.1149169e-10	1.2609431e-12
0.059664108 	5.9860700e-10	1.2440968e-12
0.059938908 	5.8535143e-10	1.2264216e-12
0.060213707 	5.7578653e-10	1.2145111e-12
0.060488507 	5.6338123e-10	1.2009525e-12
0.060763307 	5.5019839e-10	1.1827017e-12
0.061038103 	5.4065313e-10	1.1706819e-12
0.061312903 	5.2994537e-10	1.1570404e-12
0.061587702 	5.1670518e-10	1.1377095e-12
0.061862502 	5.0472310e-10	1.1256865e-12
0.062137302 	4.9415028e-10	1.1128464e-12
0.062412098 	4.8229781e-10	1.0960322e-12
0.062686898 	4.7385323e-10	1.0819616e-12
0.062961698 	4.6156884e-10	1.0673064e-12
0.063236497 	4.5164480e-10	1.0552499e-12
0.063511297 	4.4177156e-10	1.0430283e-12
0.063786097 	4.3069071e-10	1.0298263e-12
0.064060897 	4.2041767e-10	1.0154893e-12
0.064335696 	4.1211631e-10	1.0041979e-12
0.064610489 	4.0319345e-10	9.9201582e-13
0.064885288 	3.9402112e-10	9.7986777e-13
0.065160088 	3.8443304e-10	9.6702377e-13
0.065434888 	3.7529072e-10	9.5393366e-13
0.065709688 	3.6675671e-10	9.4234299e-13
0.065984488 	3.5745309e-10	9.2878255e-13
0.066259287 	3.4956635e-10	9.1853294e-13
0.066534087 	3.3975717e-10	9.0619379e-13
0.066808887 	3.3284392e-10	8.9622000e-13
0.067083687 	3.2359301e-10	8.8255195e-13
0.067358486 	3.1660091e-10	8.7285740e-13
0.067633279 	3.1053493e-10	8.6398667e-13
0.067908078 	3.0107189e-10	8.5085872e-13
0.068182878 	2.9342992e-10	8.4050784e-13
0.068457678 	2.8618805e-10	8.3037358e-13
0.068732478 	2.7735683e-10	8.1779044e-13
0.069007277 	2.7098121e-10	8.0873790e-13
0.069282077 	2.6439353e-10	7.9836685e-13
0.069556877 	2.5739319e-10	7.8676941e-13
0.069831677 	2.5159291e-10	7.7920580e-13
0.070106477 	2.4586866e-10	7.7079006e-13
0.070381269 	2.3870528e-10	7.5912464e-13
0.070656069 	2.3333721e-10	7.4972889e-13
0.070930868 	2.2579434e-10	7.3954878e-13
0.071205668 	2.2039094e-10	7.3120378e-13
0.071480468 	2.1415085e-10	7.2292644e-13
0.071755268 	2.0966914e-10	7.1507215e-13
0.072030067 	2.0254202e-10	7.0422270e-13
0.072304867 	1.9704285e-10	6.9827987e-13
0.072579667 	1.9335232e-10	6.9230044e-13
0.072854467 	1.8703437e-10	6.8306547e-13
0.073129267 	1.8275921e-10	6.7664038e-13
0.073404059 	1.7829736e-10	6.7004226e-13
0.073678859 	1.7249570e-10	6.6149511e-13
0.073953658 	1.6862413e-10	6.5529548e-13
0.074228458 	1.6410380e-10	6.4749719e-13
0.074503258 	1.5867237e-10	6.3922099e-13
0.074778058 	1.5432730e-10	6.3108058e-13
0.075052857 	1.4952059e-10	6.2239244e-13
0.075327657 	1.4585282e-10	6.1538150e-13
0.075602457 	1.4153420e-10	6.0825710e-13
0.075877257 	1.3853974e-10	6.0272105e-13
0.076152049 	1.3401516e-10	5.9369610e-13
0.076426849 	1.3069526e-10	5.8809804e-13
0.076701649 	1.2645100e-10	5.8017659e-13
0.076976448 	1.2448664e-10	5.7589502e-13
0.077251248 	1.1886014e-10	5.6519259e-13
0.077526048 	1.1681552e-10	5.5913781e-13
0.077800848 	1.1417627e-10	5.5354218e-13
0.078075647 	1.1016116e-10	5.4451257e-13
0.078350447 	1.0826654e-10	5.3886935e-13
0.078625247 	1.0445034e-10	5.3265964e-13
0.078900047 	1.0109612e-10	5.2644819e-13
0.079174839 	9.8397894e-11	5.2135949e-13
0.079449639 	9.6888726e-11	5.1750547e-13
0.079724438 	9.3646570e-11	5.1196905e-13
0.079999238 	9.0527377e-11	5.0646819e-13
0.080274038 	8.8521315e-11	5.0455571e-13
0.080548838 	8.4429422e-11	4.9881122e-13
0.080823638 	8.3944525e-11	4.9928697e-13
0.081098437 	8.1519416e-11	4.9471251e-13
0.081373237 	7.9422885e-11	4.9128892e-13
0.081648037 	7.6752021e-11	4.8720007e-13
0.081922829 	7.5486589e-11	4.8316700e-13
0.082197629 	7.2794631e-11	4.7940851e-13
0.082472429 	7.2028598e-11	4.7756905e-13
0.082747228 	6.9620323e-11	4.7201154e-13
0.083022028 	6.7388935e-11	4.6743707e-13
0.083296828 	6.5818212e-11	4.6266176e-13
0.083571628 	6.4489997e-11	4.6034780e-13
0.083846428 	6.3515665e-11	4.5713373e-13
0.084121227 	6.1891062e-11	4.5260963e-13
0.084396027 	6.0914364e-11	4.5016830e-13
0.084670827 	6.0400449e-11	4.4814974e-13
0.084945619 	5.7296497e-11	4.4170280e-13
0.085220419 	5.7188386e-11	4.3943842e-13
0.085495219 	5.5374393e-11	4.3379590e-13
0.085770018 	5.3525608e-11	4.2943627e-13
0.086044818 	5.3049322e-11	4.2774589e-13
0.086319618 	5.2069717e-11	4.2410070e-13
0.086594418 	5.1076636e-11	4.2144698e-13
0.086869217 	4.9835178e-11	4.1934723e-13
0.087144017 	4.8636296e-11	4.1675967e-13
0.087418817 	4.7884221e-11	4.1464399e-13
0.087693617 	4.7853336e-11	4.1304590e-13
0.087968409 	4.7303703e-11	4.1175619e-13
0.088243209 	4.7246766e-11	4.1086031e-13
0.088518009 	4.6113616e-11	4.1055782e-13
0.088792808 	4.4328742e-11	4.0819209e-13
0.089067608 	4.4248240e-11	4.0803464e-13
0.089342408 	4.3588615e-11	4.0348711e-13
0.089617208 	4.2762984e-11	4.0223489e-13
0.089892007 	4.2723509e-11	4.0177960e-13
0.090166807 	4.2828224e-11	4.0099244e-13
0.090441607 	4.2117001e-11	4.0062937e-13
0.090716399 	4.1288684e-11	3.9735926e-13
0.090991199 	4.0182808e-11	3.9483876e-13
0.091265999 	4.0457443e-11	3.9386213e-13
0.091540799 	4.0075401e-11	3.9324669e-13
0.091815598 	3.9313101e-11	3.9149101e-13
0.092090398 	3.9855064e-11	3.8960453e-13
0.092365198 	3.9513653e-11	3.8882748e-13
0.092639998 	3.8673488e-11	3.8593738e-13
0.092914797 	3.9686719e-11	3.8729737e-13
0.093189597 	3.9009115e-11	3.8568327e-13
0.093464397 	3.9143501e-11	3.8451076e-13
0.093739189 	3.8519975e-11	3.8324609e-13
0.094013989 	3.7943437e-11	3.8184660e-13
0.094288789 	3.8699474e-11	3.8220962e-13
0.094563589 	3.8220885e-11	3.7990688e-13
0.094838388 	3.8661834e-11	3.8031061e-13
0.095113188 	3.8169429e-11	3.7734608e-13
0.095387988 	3.8238655e-11	3.7806425e-13
0.095662788 	3.8328191e-11	3.7775902e-13
0.095937587 	3.8623930e-11	3.7615351e-13
0.096212387 	3.7776768e-11	3.7510118e-13
0.096487179 	3.8201140e-11	3.7381694e-13
0.096761979 	3.8847474e-11	3.7395442e-13
0.097036779 	3.8210116e-11	3.7260388e-13
0.097311579 	3.7587492e-11	3.7119358e-13
0.097586378 	3.8818528e-11	3.7239501e-13
0.097861178 	3.9095376e-11	3.7175460e-13
0.098135978 	3.9618180e-11	3.7225382e-13
0.098410778 	3.8673436e-11	3.6970703e-13
0.098685578 	3.9440239e-11	3.6957744e-13
0.098960377 	3.9163808e-11	3.6921114e-13
0.099235177 	3.9292351e-11	3.6881099e-13
0.099509969 	3.9934066e-11	3.6871312e-13
0.099784769 	3.9555876e-11	3.6708521e-13
0.10005957  	3.9955282e-11	3.6712856e-13
0.10033437  	4.0054866e-11	3.6706619e-13
0.10060917  	4.0482125e-11	3.6769172e-13
0.10088397  	4.0818685e-11	3.6723969e-13
0.10115877  	4.0144985e-11	3.6552594e-13
0.10143357  	3.9724331e-11	3.6424875e-13
0.10170837  	3.9094322e-11	3.6243862e-13
0.10198317  	3.9997027e-11	3.6371031e-13
0.10225796  	4.0590750e-11	3.6317227e-13
0.10253276  	4.0844921e-11	3.6270002e-13
0.10280756  	4.1391134e-11	3.6335629e-13
0.10308236  	4.2023732e-11	3.6351385e-13
0.10335716  	4.1749010e-11	3.6453371e-13
0.10363196  	4.0653984e-11	3.7000427e-13
0.10390676  	4.1389545e-11	3.7772774e-13
0.10418156  	4.1664318e-11	3.8170218e-13
0.10445636  	4.1785665e-11	3.8602503e-13
0.10473116  	4.2029935e-11	3.9077549e-13
0.10500596  	4.2258825e-11	3.9335795e-13
0.10528075  	4.2594012e-11	3.9564313e-13
0.10555555  	4.2953419e-11	3.9960908e-13
0.10583035  	4.2632422e-11	4.0118947e-13
0.10610515  	4.2760535e-11	4.0442858e-13
0.10637995  	4.3573166e-11	4.0666757e-13
0.10665475  	4.3082080e-11	4.0781194e-13
0.10692955  	4.2348951e-11	4.1038123e-13
0.10720435  	4.2908808e-11	4.1219998e-13
0.10747915  	4.2148989e-11	4.1306048e-13
0.10775395  	4.3076948e-11	4.1467868e-13
0.10802874  	4.4069463e-11	4.1851814e-13
0.10830354  	4.4196632e-11	4.1052104e-13
0.10857834  	4.4113053e-11	4.0138156e-13
0.10885314  	4.3317572e-11	3.9474199e-13
0.10912794  	4.3679959e-11	3.9092612e-13
0.10940274  	4.4675277e-11	3.9030536e-13
0.10967754  	4.4165387e-11	3.8676920e-13
0.10995234  	4.4123018e-11	3.8465409e-13
0.11022714  	4.3511930e-11	3.8087014e-13
0.11050194  	4.4976540e-11	3.8166909e-13
0.11077674  	4.2894317e-11	3.7692264e-13
0.11105153  	4.3775372e-11	3.7681314e-13
0.11132633  	4.3214217e-11	3.7542983e-13
0.11160113  	4.3851721e-11	3.7394249e-13
0.11187593  	4.4053483e-11	3.7268463e-13
0.11215073  	4.3084258e-11	3.7060955e-13
0.11242553  	4.3022346e-11	3.6948843e-13
0.11270033  	4.3240654e-11	3.6865072e-13
0.11297513  	4.2942455e-11	3.6734306e-13
0.11324993  	4.3003462e-11	3.6587457e-13
0.11352473  	4.3384674e-11	3.6595298e-13
0.11379952  	4.2372994e-11	3.6308264e-13
0.11407432  	4.2862741e-11	3.6312869e-13
0.11434912  	4.3800522e-11	3.6426927e-13
0.11462392  	4.2668782e-11	3.6121160e-13
0.11489872  	4.2088381e-11	3.6008018e-13
0.11517352  	4.2776123e-11	3.5944986e-13
0.11544832  	4.2437574e-11	3.5800751e-13
0.11572312  	4.1870230e-11	3.5729503e-13
0.11599792  	4.2459685e-11	3.5757858e-13
0.11627272  	4.1928381e-11	3.5477207e-13
0.11654752  	4.1723451e-11	3.5390329e-13
0.11682231  	4.0935852e-11	3.5322683e-13
0.11709711  	4.2607848e-11	3.5456203e-13
0.11737191  	4.1465057e-11	3.5184483e-13
0.11764671  	4.0891603e-11	3.5011767e-13
0.11792151  	4.1515857e-11	3.5077700e-13
0.11819631  	4.1206386e-11	3.4944419e-13
0.11847111  	4.1079650e-11	3.4834627e-13
0.11874591  	3.9923002e-11	3.4639972e-13
0.11902071  	4.0922075e-11	3.4673588e-13
0.11929551  	4.0453807e-11	3.4568054e-13
0.11957030  	3.9015229e-11	3.4277851e-13
0.11984510  	3.9753579e-11	3.4339345e-13
0.12011990  	3.9998511e-11	3.4373763e-13
0.12039470  	4.0392949e-11	3.4305610e-13
0.12066950  	3.9694584e-11	3.4119680e-13
0.12094430  	3.9009039e-11	3.3896901e-13
0.12121910  	3.8752612e-11	3.3840682e-13
0.12149390  	3.8708068e-11	3.3783997e-13
0.12176870  	3.7831155e-11	3.3459948e-13
0.12204350  	3.7796564e-11	3.3332091e-13
0.12231830  	3.7838056e-11	3.3403553e-13
0.12259309  	3.7925735e-11	3.3299974e-13
0.12286789  	3.7003574e-11	3.3187613e-13
0.12314269  	3.6814902e-11	3.3072273e-13
0.12341749  	3.6485950e-11	3.2979283e-13
0.12369229  	3.6699904e-11	3.2930272e-13
0.12396709  	3.5998652e-11	3.2766544e-13
0.12424189  	3.6465043e-11	3.2795064e-13
0.12451669  	3.5849455e-11	3.2628387e-13
0.12479149  	3.5495402e-11	3.2542279e-13
0.12506628  	3.5019713e-11	3.2402935e-13
0.12534109  	3.4543608e-11	3.2446580e-13
0.12561588  	3.4605967e-11	3.2476406e-13
0.12589069  	3.4896669e-11	3.2363532e-13
0.12616548  	3.3942744e-11	3.2180316e-13
0.12644029  	3.4530809e-11	3.2211918e-13
0.12671508  	3.3116794e-11	3.1859896e-13
0.12698987  	3.2896998e-11	3.1783739e-13
0.12726468  	3.2428508e-11	3.1610727e-13
0.12753947  	3.2103667e-11	3.1605548e-13
0.12781428  	3.2534784e-11	3.1537246e-13
0.12808907  	3.2524438e-11	3.1525799e-13
0.12836388  	3.1745381e-11	3.1364118e-13
0.12863867  	3.1348826e-11	3.1280219e-13
0.12891348  	3.0905035e-11	3.1135180e-13
0.12918827  	3.0432309e-11	3.1050786e-13
0.12946308  	3.0423393e-11	3.0995313e-13
0.12973787  	2.9665419e-11	3.0873372e-13
0.13001266  	2.9342032e-11	3.0815042e-13
0.13028747  	2.9365507e-11	3.0771417e-13
0.13056226  	2.8297588e-11	3.0586560e-13
0.13083707  	2.8561323e-11	3.0616086e-13
0.13111186  	2.8061921e-11	3.0474362e-13
0.13138667  	2.7737005e-11	3.0388927e-13
0.13166146  	2.7183051e-11	3.0310035e-13
0.13193627  	2.8079077e-11	3.0400332e-13
0.13221106  	2.7338399e-11	3.0223724e-13
0.13248587  	2.6594468e-11	3.0133418e-13
0.13276066  	2.6414463e-11	3.0021295e-13
0.13303545  	2.6052705e-11	2.9882176e-13
0.13331026  	2.6291502e-11	2.9892844e-13
0.13358505  	2.5090171e-11	2.9675177e-13
0.13385986  	2.5176626e-11	2.9620853e-13
0.13413465  	2.5403818e-11	2.9729997e-13
0.13440946  	2.4992716e-11	2.9529580e-13
0.13468425  	2.4271923e-11	2.9388804e-13
0.13495906  	2.3344278e-11	2.9269919e-13
0.13523385  	2.2825974e-11	2.9131182e-13
0.13550864  	2.2807872e-11	2.9131388e-13
0.13578345  	2.3145812e-11	2.9088187e-13
0.13605824  	2.2994174e-11	2.9000129e-13
0.13633305  	2.2554233e-11	2.8917548e-13
0.13660784  	2.2454372e-11	2.8867590e-13
0.13688265  	2.2290683e-11	2.8825678e-13
0.13715744  	2.1491571e-11	2.8600164e-13
0.13743225  	2.1727524e-11	2.8593940e-13
0.13770704  	2.1081324e-11	2.8465308e-13
0.13798185  	2.1021788e-11	2.8437907e-13
0.13825664  	1.9951027e-11	2.8283094e-13
0.13853143  	2.0920319e-11	2.8332531e-13
0.13880624  	2.0259135e-11	2.8289380e-13
0.13908103  	1.9885822e-11	2.8126294e-13
0.13935584  	1.9859120e-11	2.8071252e-13
0.13963063  	1.9541918e-11	2.8025374e-13
0.13990544  	1.8827637e-11	2.7873344e-13
0.14018023  	1.8902054e-11	2.7808371e-13
0.14045504  	1.8135708e-11	2.7727207e-13
0.14072983  	1.7794507e-11	2.7674054e-13
0.14100464  	1.8262300e-11	2.7598629e-13
0.14127943  	1.8185290e-11	2.7523833e-13
0.14155422  	1.8860731e-11	2.7584835e-13
0.14182903  	1.7715402e-11	2.7349306e-13
0.14210382  	1.6926471e-11	2.7291618e-13
0.14237863  	1.6964744e-11	2.7231635e-13
0.14265342  	1.7311323e-11	2.7257943e-13
0.14292823  	1.6965998e-11	2.7095890e-13
0.14320302  	1.6620734e-11	2.7005335e-13
0.14347783  	1.6090650e-11	2.7008455e-13
0.14375262  	1.5836386e-11	2.6936843e-13
0.14402743  	1.5910044e-11	2.6928186e-13
0.14430222  	1.5551924e-11	2.6811130e-13
0.14457701  	1.5394259e-11	2.6698175e-13
0.14485182  	1.4847561e-11	2.6634641e-13
0.14512661  	1.3965061e-11	2.6547099e-13
0.14540142  	1.4439069e-11	2.6581214e-13
0.14567621  	1.4410560e-11	2.6468628e-13
0.14595102  	1.4468804e-11	2.6565561e-13
0.14622581  	1.3867620e-11	2.6399987e-13
0.14650062  	1.3905058e-11	2.6304086e-13
0.14677541  	1.4044029e-11	2.6341738e-13
0.14705020  	1.3992665e-11	2.6289883e-13
0.14732501  	1.2936433e-11	2.6101560e-13
0.14759980  	1.2647831e-11	2.6050679e-13
0.14787461  	1.3361486e-11	2.6093721e-13
0.14814940  	1.3196814e-11	2.6009205e-13
0.14842421  	1.2239145e-11	2.5918032e-13
0.14869900  	1.2779540e-11	2.5979682e-13
0.14897381  	1.2317009e-11	2.5882906e-13
0.14924860  	1.2062958e-11	2.5811815e-13
0.14952341  	1.3020740e-11	2.5822275e-13
0.14979820  	1.1865607e-11	2.5678044e-13
0.15007299  	1.1984810e-11	2.5604280e-13
0.15034780  	1.2246038e-11	2.5656089e-13
0.15062259  	1.1892358e-11	2.5566661e-13
0.15089740  	1.1732040e-11	2.5545936e-13
0.15117219  	1.2098782e-11	2.5547384e-13
0.15144700  	1.1624132e-11	2.5463187e-13
0.15172179  	1.2163695e-11	2.5487295e-13
0.15199660  	1.1930585e-11	2.5380766e-13
0.15227139  	1.1503462e-11	2.5351479e-13
0.15254620  	1.0911143e-11	2.5211975e-13
0.15282099  	1.0642774e-11	2.5150213e-13
0.15309578  	1.1076049e-11	2.5138715e-13
0.15337059  	1.0880658e-11	2.5140201e-13
0.15364538  	1.0969850e-11	2.5096272e-13
0.15392019  	1.0430461e-11	2.5013609e-13
0.15419498  	1.0411566e-11	2.4935094e-13
0.15446979  	1.0484508e-11	2.5021204e-13
0.15474458  	1.0198497e-11	2.4914665e-13
0.15501939  	1.0544581e-11	2.4989177e-13
0.15529418  	1.0136703e-11	2.4911125e-13
0.15556899  	1.0358403e-11	2.4885646e-13
0.15584378  	1.0090600e-11	2.4767056e-13
0.15611857  	9.8785858e-12	2.4782609e-13
0.15639338  	9.7021358e-12	2.4773017e-13
0.15666817  	9.6419678e-12	2.4766539e-13
0.15694298  	1.0014471e-11	2.4681209e-13
0.15721777  	1.0052145e-11	2.4698952e-13
0.15749258  	9.8991856e-12	2.4610584e-13
0.15776737  	1.0034335e-11	2.4609682e-13
0.15804218  	9.4153149e-12	2.4540276e-13
0.15831697  	9.4805396e-12	2.4555241e-13
0.15859176  	9.3975331e-12	2.4504468e-13
0.15886657  	9.4208391e-12	2.4482518e-13
0.15914136  	9.5332249e-12	2.4482120e-13
0.15941617  	9.3971783e-12	2.4438310e-13
0.15969096  	9.8224666e-12	2.4479830e-13
0.15996577  	9.1234997e-12	2.4319156e-13
0.16024056  	9.1783985e-12	2.4323702e-13
0.16051537  	8.9862440e-12	2.4257213e-13
0.16079016  	9.0321778e-12	2.4302470e-13
0.16106497  	9.4663600e-12	2.4231341e-13
0.16133976  	9.2966416e-12	2.4301522e-13
0.16161455  	9.4257917e-12	2.4271454e-13
0.16188936  	9.9484049e-12	2.4772106e-13
0.16216415  	8.9251011e-12	2.4989304e-13
0.16243896  	8.7849858e-12	2.5210601e-13
0.16271375  	8.8006729e-12	2.5408251e-13
0.16298856  	8.9698153e-12	2.5640804e-13
0.16326335  	8.8680521e-12	2.5804481e-13
0.16353816  	9.1781730e-12	2.5906336e-13
0.16381295  	8.8021526e-12	2.6019662e-13
0.16408776  	9.3863780e-12	2.6210352e-13
0.16436255  	8.8275698e-12	2.6282893e-13
0.16463734  	8.3814240e-12	2.6283581e-13
0.16491215  	8.3175142e-12	2.6405069e-13
0.16518694  	8.5233027e-12	2.6521306e-13
0.16546175  	8.9884940e-12	2.6706485e-13
0.16573654  	8.6751231e-12	2.6834107e-13
0.16601135  	8.9159739e-12	2.6862808e-13
0.16628614  	8.6030107e-12	2.6989744e-13
0.16656095  	8.8882591e-12	2.6594921e-13
0.16683574  	8.8165742e-12	2.6119281e-13
0.16711055  	8.6133921e-12	2.5883321e-13
0.16738534  	8.5304975e-12	2.5750533e-13
0.16766013  	8.8351514e-12	2.5663643e-13
0.16793494  	8.7293332e-12	2.5453139e-13
0.16820973  	8.2526130e-12	2.5239880e-13
0.16848454  	8.2394534e-12	2.5162899e-13
0.16875933  	8.5351145e-12	2.5088094e-13
0.16903414  	8.8802845e-12	2.5029032e-13
0.16930893  	8.3240515e-12	2.4944665e-13
0.16958374  	8.6474768e-12	2.4945687e-13
0.16985853  	9.1252136e-12	2.4873530e-13
0.17013332  	8.3497410e-12	2.4700852e-13
0.17040813  	8.5675538e-12	2.4753680e-13
0.17068292  	8.6620077e-12	2.4720720e-13
0.17095773  	8.4653170e-12	2.4609665e-13
0.17123252  	7.9766697e-12	2.4493043e-13
0.17150733  	8.6498699e-12	2.4522531e-13
0.17178212  	8.3918844e-12	2.4458823e-13
0.17205693  	8.9449871e-12	2.4507642e-13
0.17233172  	8.2142982e-12	2.4391931e-13
0.17260653  	8.7781856e-12	2.4411742e-13
0.17288132  	8.3596593e-12	2.4289322e-13
0.17315611  	8.6351724e-12	2.4278629e-13
0.17343092  	8.1290998e-12	2.4254489e-13
0.17370571  	8.8809715e-12	2.4204851e-13
0.17398052  	8.7925084e-12	2.4117660e-13
0.17425531  	8.6066484e-12	2.3985872e-13
0.17453012  	8.1771733e-12	2.4007215e-13
0.17480491  	8.6880373e-12	2.3984981e-13
0.17507972  	8.7081228e-12	2.3917901e-13
0.17535451  	8.9596438e-12	2.3982216e-13
0.17562932  	8.6802293e-12	2.3844270e-13
0.17590411  	8.4481467e-12	2.3799102e-13
0.17617890  	8.2419358e-12	2.3746562e-13
0.17645371  	8.6120460e-12	2.3846634e-13
0.17672850  	8.3202143e-12	2.3748939e-13
0.17700331  	8.3078232e-12	2.3638911e-13
0.17727810  	8.3636396e-12	2.3632688e-13
0.17755291  	8.3610271e-12	2.3517535e-13
0.17782770  	7.8735620e-12	2.3491669e-13
0.17810251  	7.9958245e-12	2.3491961e-13
0.17837730  	8.3289894e-12	2.3513336e-13
0.17865211  	8.8819412e-12	2.3535468e-13
0.17892690  	8.1916817e-12	2.3495531e-13
0.17920169  	8.1958407e-12	2.3432672e-13
0.17947650  	8.4088014e-12	2.3445858e-13
0.17975129  	8.1989537e-12	2.3335725e-13
0.18002610  	7.8756775e-12	2.3316201e-13
0.18030089  	7.9146941e-12	2.3262406e-13
0.18057570  	8.3821465e-12	2.3324468e-13
0.18085049  	8.3535488e-12	2.3293130e-13
0.18112530  	8.4895120e-12	2.3223139e-13
0.18140009  	8.0187159e-12	2.3122265e-13
0.18167488  	8.1045570e-12	2.3250930e-13
0.18194969  	8.2765149e-12	2.3297957e-13
0.18222448  	8.0155847e-12	2.3190106e-13
0.18249929  	7.2663910e-12	2.3098949e-13
0.18277408  	7.9252811e-12	2.3113255e-13
0.18304889  	8.0293393e-12	2.3104936e-13
0.18332368  	7.5419879e-12	2.2997961e-13
0.18359849  	7.8235482e-12	2.3000856e-13
0.18387328  	8.0758438e-12	2.2991158e-13
0.18414809  	7.9704750e-12	2.3007383e-13
0.18442288  	7.4609676e-12	2.2887966e-13
0.18469767  	7.2084474e-12	2.2865458e-13
0.18497248  	7.3803099e-12	2.2871085e-13
0.18524727  	7.3169543e-12	2.2836922e-13
0.18552208  	7.6596455e-12	2.2862316e-13
0.18579687  	7.4975234e-12	2.2775588e-13
0.18607168  	7.4432795e-12	2.2735598e-13
0.18634647  	7.1522558e-12	2.2695168e-13
0.18662128  	7.3616131e-12	2.2708097e-13
0.18689607  	7.6593324e-12	2.2744651e-13
0.18717088  	7.5202180e-12	2.2717673e-13
0.18744567  	7.2555256e-12	2.2563795e-13
0.18772046  	6.4989494e-12	2.2537012e-13
0.18799527  	6.9741023e-12	2.2519641e-13
0.18827006  	6.9212765e-12	2.2561357e-13
0.18854487  	6.5786205e-12	2.2473904e-13
0.18881966  	6.7606684e-12	2.2455826e-13
0.18909447  	6.5527089e-12	2.2454515e-13
0.18936926  	6.9203024e-12	2.2450184e-13
0.18964407  	6.2614310e-12	2.2405104e-13
0.18991886  	6.8921370e-12	2.2383565e-13
0.19019367  	6.6174757e-12	2.2339011e-13
0.19046846  	6.7202754e-12	2.2343786e-13
0.19074325  	6.1037026e-12	2.2220622e-13
0.19101806  	6.2518883e-12	2.2231261e-13
0.19129285  	6.3550207e-12	2.2191870e-13
0.19156766  	6.5844582e-12	2.2192204e-13
0.19184245  	6.3680615e-12	2.2185133e-13
0.19211726  	6.4896075e-12	2.2139148e-13
0.19239205  	7.0230054e-12	2.2141727e-13
0.19266686  	6.6466819e-12	2.2092704e-13
0.19294165  	7.1131759e-12	2.2115548e-13
0.19321646  	6.2292185e-12	2.2053194e-13
0.19349125  	6.1461921e-12	2.1977636e-13
0.19376604  	6.6436843e-12	2.2050169e-13
0.19404085  	6.1592515e-12	2.1964246e-13
0.19431564  	5.8462809e-12	2.1886719e-13
0.19459045  	6.3107119e-12	2.1980508e-13
0.19486524  	5.8903598e-12	2.1859123e-13
0.19514005  	5.8037230e-12	2.1881370e-13
0.19541484  	5.4636196e-12	2.1857307e-13
0.19568965  	5.3980765e-12	2.1732616e-13
0.19596444  	5.9208164e-12	2.1748525e-13
0.19623923  	5.8965476e-12	2.1786616e-13
0.19651404  	5.5924098e-12	2.1707983e-13
0.19678883  	6.1055046e-12	2.1825246e-13
0.19706364  	5.4445502e-12	2.1677366e-13
0.19733843  	5.1700827e-12	2.1593682e-13
0.19761324  	5.4660807e-12	2.1658740e-13
0.19788803  	6.0750094e-12	2.1644806e-13
0.19816284  	5.1434208e-12	2.1577175e-13
0.19843763  	4.6214460e-12	2.1462849e-13
0.19871244  	5.3210708e-12	2.1560523e-13
0.19898723  	5.6974868e-12	2.1578053e-13
0.19926202  	5.2746605e-12	2.1501111e-13
0.19953683  	5.8051337e-12	2.1510446e-13
0.19981162  	5.4391569e-12	2.1443424e-13
0.20008643  	5.3109830e-12	2.1436539e-13
0.20036122  	5.5909075e-12	2.1454301e-13
0.20063603  	4.9070197e-12	2.1318806e-13
0.20091082  	4.9618144e-12	2.1352779e-13
0.20118563  	5.0151897e-12	2.1299753e-13
0.20146042  	5.3690498e-12	2.1297314e-13
0.20173523  	5.1006087e-12	2.1313485e-13
0.20201002  	5.1043943e-12	2.1276850e-13
0.20228481  	5.3155202e-12	2.1255465e-13
0.20255962  	5.0618927e-12	2.1215047e-13
0.20283441  	4.6884384e-12	2.1141400e-13
0.20310922  	4.7429612e-12	2.1128700e-13
0.20338401  	4.8577570e-12	2.1211303e-13
0.20365882  	4.8915789e-12	2.1125818e-13
0.20393361  	4.6466351e-12	2.1070026e-13
0.20420842  	4.1163761e-12	2.0978668e-13
0.20448321  	4.7094199e-12	2.1034575e-13
0.20475802  	4.8604736e-12	2.1067254e-13
0.20503281  	4.7704093e-12	2.1010018e-13
0.20530760  	4.5446680e-12	2.0957250e-13
0.20558241  	5.1136803e-12	2.0968551e-13
0.20585720  	4.4408669e-12	2.0896205e-13
0.20613201  	4.5825353e-12	2.0965886e-13
0.20640680  	4.5206122e-12	2.0884652e-13
0.20668161  	4.6675255e-12	2.0846264e-13
0.20695640  	4.4853921e-12	2.0861610e-13
0.20723121  	4.3927219e-12	2.0868465e-13
0.20750600  	4.6899247e-12	2.0825419e-13
0.20778079  	3.9248539e-12	2.0747726e-13
0.20805560  	4.1234676e-12	2.0729284e-13
0.20833039  	4.2171856e-12	2.0709153e-13
0.20860520  	4.4356823e-12	2.0801801e-13
0.20887999  	4.3282283e-12	2.0694979e-13
0.20915480  	4.6549696e-12	2.0713514e-13
0.20942959  	3.5771575e-12	2.0548415e-13
0.20970440  	4.0390729e-12	2.0636555e-13
0.20997919  	3.7483623e-12	2.0554003e-13
0.21025400  	4.3414538e-12	2.0576862e-13
0.21052879  	4.3442003e-12	2.0586106e-13
0.21080358  	3.9915055e-12	2.0500717e-13
0.21107839  	4.3759926e-12	2.0513251e-13
0.21135318  	3.8146261e-12	2.0440931e-13
0.21162799  	3.8352125e-12	2.0476627e-13
0.21190278  	4.1437838e-12	2.0442841e-13
0.21217759  	4.5151665e-12	2.0441237e-13
0.21245238  	4.2993777e-12	2.0442113e-13
0.21272719  	4.3830972e-12	2.0421043e-13
0.21300198  	3.9445300e-12	2.0331817e-13
0.21327679  	3.9390457e-12	2.0341828e-13
0.21355158  	3.3965901e-12	2.0274255e-13
0.21382637  	3.4716084e-12	2.0251175e-13
0.21410118  	3.4297151e-12	2.0228472e-13
0.21437597  	3.8867191e-12	2.0240287e-13
0.21465078  	4.2325709e-12	2.0222734e-13
0.21492557  	3.7254982e-12	2.0181098e-13
0.21520038  	3.6815906e-12	2.0147335e-13
0.21547517  	3.7634015e-12	2.0123334e-13
0.21574998  	3.4012142e-12	2.0071069e-13
0.21602477  	4.2128493e-12	2.0151377e-13
0.21629958  	3.8125744e-12	2.0088838e-13
0.21657437  	3.2202518e-12	2.0019823e-13
0.21684916  	3.5222580e-12	2.0066911e-13
0.21712397  	3.7509058e-12	2.0076636e-13
0.21739876  	3.8210515e-12	2.0015307e-13
0.21767357  	3.7022260e-12	2.0015481e-13
0.21794836  	3.5783750e-12	1.9979396e-13
0.21822317  	3.4030159e-12	1.9945546e-13
0.21849796  	3.6566696e-12	1.9928900e-13
0.21877277  	4.1188142e-12	1.9891298e-13
0.21904756  	3.5702407e-12	1.9909427e-13
0.21932235  	3.4590089e-12	1.9875357e-13
0.21959716  	3.2478020e-12	1.9882036e-13
0.21987195  	3.6437194e-12	1.9914874e-13
0.22014676  	3.5740356e-12	2.0165655e-13
0.22042155  	3.3193893e-12	2.0416618e-13
0.22069636  	3.6082970e-12	2.0619179e-13
0.22097115  	3.2130052e-12	2.0749209e-13
0.22124596  	3.1206032e-12	2.0793114e-13
0.22152075  	3.7576804e-12	2.0985899e-13
0.22179556  	3.4085803e-12	2.1034488e-13
0.22207035  	3.7045532e-12	2.1130123e-13
0.22234514  	3.5405351e-12	2.1193759e-13
0.22261995  	3.2663457e-12	2.1326226e-13
0.22289474  	3.5543242e-12	2.1454403e-13
0.22316955  	3.8323598e-12	2.1518185e-13
0.22344434  	3.8667676e-12	2.1562271e-13
0.22371915  	3.2645971e-12	2.1602413e-13
0.22399394  	2.9945571e-12	2.1633860e-13
0.22426875  	3.3266911e-12	2.1744942e-13
0.22454354  	3.2582509e-12	2.1791791e-13
0.22481835  	3.5618327e-12	2.1621108e-13
0.22509314  	3.1784653e-12	2.1284409e-13
0.22536793  	2.5484673e-12	2.1032026e-13
0.22564274  	3.0947079e-12	2.1006615e-13
0.22591753  	3.8219974e-12	2.0903780e-13
0.22619234  	3.7052865e-12	2.0808112e-13
0.22646713  	3.2612333e-12	2.0736013e-13
0.22674194  	3.3139680e-12	2.0650094e-13
0.22701673  	3.2171793e-12	2.0536616e-13
0.22729154  	3.5304426e-12	2.0529239e-13
0.22756633  	3.4609156e-12	2.0469049e-13
0.22784114  	3.2360174e-12	2.0430043e-13
0.22811593  	3.9215124e-12	2.0439392e-13
0.22839072  	3.2652761e-12	2.0384073e-13
0.22866553  	3.2477814e-12	2.0304163e-13
0.22894032  	3.3751732e-12	2.0297548e-13
0.22921513  	3.4077975e-12	2.0263066e-13
0.22948992  	3.5508345e-12	2.0271363e-13
0.22976473  	3.2409847e-12	2.0190415e-13
0.23003952  	3.2285409e-12	2.0148918e-13
0.23031433  	3.6525084e-12	2.0174838e-13
0.23058912  	3.0819618e-12	2.0102298e-13
0.23086391  	3.4384971e-12	2.0145269e-13
0.23113872  	3.5533570e-12	2.0140846e-13
0.23141351  	3.3504388e-12	2.0088049e-13
0.23168832  	3.3750088e-12	2.0064958e-13
0.23196311  	3.8275130e-12	2.0053348e-13
0.23223792  	3.4629639e-12	1.9943673e-13
0.23251271  	3.6621695e-12	2.0000569e-13
0.23278752  	3.2452381e-12	1.9927324e-13
0.23306231  	3.8912779e-12	1.9972884e-13
0.23333712  	3.8418236e-12	1.9998779e-13
0.23361191  	3.7225592e-12	2.0019686e-13
0.23388670  	3.4762573e-12	2.0010267e-13
0.23416151  	3.6645617e-12	1.9933793e-13
0.23443630  	3.9141459e-12	1.9969909e-13
0.23471111  	3.8093821e-12	1.9957769e-13
0.23498590  	3.1191284e-12	1.9933023e-13
0.23526071  	3.2314650e-12	1.9981824e-13
0.23553550  	3.8418197e-12	2.0000649e-13
0.23581031  	3.7041173e-12	1.9968215e-13
0.23608510  	3.7407573e-12	2.0024110e-13
0.23635991  	3.7413445e-12	1.9983691e-13
0.23663470  	3.4775989e-12	2.0066351e-13
0.23690949  	3.5280661e-12	2.0050574e-13
0.23718430  	3.3228164e-12	2.0004814e-13
0.23745909  	3.6250365e-12	2.0043406e-13
0.23773390  	3.8436871e-12	2.0044419e-13
0.23800869  	4.3645604e-12	2.0034873e-13
0.23828350  	3.2210799e-12	2.0041079e-13
0.23855829  	3.9065062e-12	2.0129960e-13
0.23883310  	3.8256061e-12	2.0027888e-13
0.23910789  	3.9934826e-12	2.0094668e-13
0.23938270  	3.6897178e-12	2.0068083e-13
0.23965749  	3.8663031e-12	2.0076165e-13
0.23993228  	3.4757364e-12	2.0003110e-13
0.24020709  	3.3705014e-12	2.0030185e-13
0.24048188  	3.8017926e-12	2.0012533e-13
0.24075669  	3.9065123e-12	2.0045580e-13
0.24103148  	3.3408636e-12	2.0056736e-13
0.24130629  	3.6098960e-12	2.0073854e-13
0.24158108  	3.4655254e-12	2.0104380e-13
0.24185589  	3.1456775e-12	2.0044283e-13
0.24213068  	3.2408837e-12	2.0076489e-13
0.24240547  	3.7996984e-12	2.0092059e-13
0.24268028  	3.5314223e-12	2.0093408e-13
0.24295507  	3.3235879e-12	2.0049972e-13
0.24322988  	3.7597113e-12	2.0054198e-13
0.24350467  	3.6777248e-12	2.0116496e-13
0.24377948  	3.9428959e-12	2.0126199e-13
0.24405427  	3.8826451e-12	2.0120849e-13
0.24432908  	3.7648712e-12	2.0092986e-13
0.24460387  	3.8508784e-12	2.0161500e-13
0.24487868  	3.9401095e-12	2.0164927e-13
0.24515347  	3.9647777e-12	2.0130529e-13
0.24542826  	4.0180311e-12	2.0208733e-13
0.24570307  	3.7509392e-12	2.0209477e-13
0.24597786  	3.6299026e-12	2.0102901e-13
0.24625267  	3.9907327e-12	2.0148771e-13
0.24652746  	3.6346501e-12	2.0151438e-13
0.24680227  	3.4936659e-12	2.0160524e-13
0.24707706  	3.7245532e-12	2.0163988e-13
0.24735187  	3.6826076e-12	2.0122226e-13
0.24762666  	3.6138293e-12	2.0153004e-13
0.24790147  	4.0896631e-12	2.0205041e-13
0.24817626  	3.6669231e-12	2.0150282e-13
0.24845105  	3.5457106e-12	2.0197688e-13
0.24872586  	2.8528891e-12	2.0125645e-13
0.24900065  	3.6990333e-12	2.0181042e-13
0.24927546  	3.9469487e-12	2.0134095e-13
0.24955025  	3.2115777e-12	2.0132320e-13
0.24982506  	3.5723076e-12	2.0154122e-13
0.25009987  	3.6324476e-12	2.0150556e-13
0.25037464  	4.0242293e-12	2.0181786e-13
0.25064945  	4.0124935e-12	2.0188433e-13
0.25092426  	4.1050952e-12	2.0201207e-13
0.25119904  	3.9391715e-12	2.0170149e-13
0.25147384  	3.7342902e-12	2.0189108e-13
0.25174865  	3.5833574e-12	2.0171501e-13
0.25202346  	3.6094177e-12	2.0159917e-13
0.25229824  	3.1760974e-12	2.0163896e-13
0.25257304  	3.6798711e-12	2.0209144e-13
0.25284785  	3.5990295e-12	2.0225939e-13
0.25312266  	3.9819918e-12	2.0196957e-13
0.25339743  	3.3827377e-12	2.0207821e-13
0.25367224  	4.0637541e-12	2.0237746e-13
0.25394705  	3.7871338e-12	2.0203609e-13
0.25422183  	3.2871629e-12	2.0245365e-13
0.25449663  	3.4704711e-12	2.0203105e-13
0.25477144  	3.4427116e-12	2.0215677e-13
0.25504625  	3.9362784e-12	2.0250332e-13
0.25532103  	4.2083719e-12	2.0304505e-13
0.25559583  	3.3680756e-12	2.0230651e-13
0.25587064  	3.4593244e-12	2.0236138e-13
0.25614545  	3.7551988e-12	2.0295513e-13
0.25642022  	3.8815019e-12	2.0279115e-13
0.25669503  	3.7315823e-12	2.0200402e-13
0.25696984  	3.5186619e-12	2.0247802e-13
0.25724462  	3.5568881e-12	2.0139520e-13
0.25751942  	3.5354278e-12	2.0177531e-13
0.25779423  	3.8006551e-12	2.0180601e-13
0.25806904  	4.1246043e-12	2.0216339e-13
0.25834382  	3.6776944e-12	2.0168695e-13
0.25861862  	3.9052624e-12	2.0187534e-13
0.25889343  	3.4715570e-12	2.0123814e-13
0.25916824  	3.8756259e-12	2.0159829e-13
0.25944301  	3.2481591e-12	2.0177587e-13
0.25971782  	3.5858449e-12	2.0167325e-13
0.25999263  	2.8708748e-12	2.0068294e-13
0.26026741  	3.6560828e-12	2.0174376e-13
0.26054221  	3.3164721e-12	2.0125979e-13
0.26081702  	3.7594168e-12	2.0185241e-13
0.26109183  	4.0024724e-12	2.0195263e-13
0.26136661  	3.7874591e-12	2.0153935e-13
0.26164141  	4.2098239e-12	2.0194336e-13
0.26191622  	3.5837698e-12	2.0166837e-13
0.26219103  	3.3898975e-12	2.0154662e-13
0.26246580  	3.7588968e-12	2.0180682e-13
0.26274061  	3.9708016e-12	2.0236925e-13
0.26301542  	3.4705713e-12	2.0199079e-13
0.26329020  	3.9124520e-12	2.0204717e-13
0.26356500  	3.7482556e-12	2.0129781e-13
0.26383981  	3.4748879e-12	2.0157897e-13
0.26411462  	3.2025246e-12	2.0156935e-13
0.26438940  	3.5037557e-12	2.0086686e-13
0.26466420  	3.9135826e-12	2.0152214e-13
0.26493901  	3.8765375e-12	2.0131375e-13
0.26521382  	3.3162967e-12	2.0073628e-13
0.26548859  	3.5068148e-12	2.0067833e-13
0.26576340  	3.6338007e-12	2.0045235e-13
0.26603821  	3.3963153e-12	2.0036144e-13
0.26631299  	3.7244244e-12	2.0018928e-13
0.26658779  	3.5068760e-12	2.0019544e-13
0.26686260  	4.0970660e-12	2.0118254e-13
0.26713741  	4.1164680e-12	2.0081259e-13
0.26741219  	3.0230349e-12	2.0002224e-13
0.26768699  	3.3599295e-12	2.0075737e-13
0.26796180  	3.3151231e-12	2.0076874e-13
0.26823661  	3.5191023e-12	2.0033843e-13
0.26851138  	3.7679469e-12	2.0091842e-13
0.26878619  	3.6734604e-12	2.0057141e-13
0.26906100  	3.5383536e-12	2.0042017e-13
0.26933578  	3.3697251e-12	2.0097895e-13
0.26961058  	3.4398164e-12	2.0088036e-13
0.26988539  	3.8876376e-12	2.0094671e-13
0.27016020  	3.7770238e-12	2.0109570e-13
0.27043498  	3.5368869e-12	2.0127414e-13
0.27070978  	3.8404358e-12	2.0163596e-13
0.27098459  	4.0258743e-12	2.0198138e-13
0.27125940  	3.6786082e-12	2.0111622e-13
0.27153417  	3.5488884e-12	2.0125298e-13
0.27180898  	3.5069025e-12	2.0068186e-13
0.27208379  	3.6451198e-12	2.0103492e-13
0.27235857  	3.0877312e-12	2.0052621e-13
0.27263337  	3.1457313e-12	2.0050892e-13
0.27290818  	3.6769919e-12	2.0159875e-13
0.27318299  	3.6463393e-12	2.0134017e-13
0.27345777  	3.6072712e-12	2.0160829e-13
0.27373257  	3.1735790e-12	2.0083415e-13
0.27400738  	3.3343636e-12	2.0125346e-13
0.27428216  	3.3134604e-12	2.0071660e-13
0.27455696  	3.2835969e-12	2.0058025e-13
0.27483177  	3.2677238e-12	2.0135040e-13
0.27510658  	3.3829604e-12	2.0088641e-13
0.27538136  	3.5523279e-12	2.0168101e-13
0.27565616  	3.4832122e-12	2.0131146e-13
0.27593097  	3.4657240e-12	2.0127265e-13
0.27620578  	3.1956688e-12	2.0112955e-13
0.27648056  	3.2707398e-12	2.0141209e-13
0.27675536  	3.6823856e-12	2.0194488e-13
0.27703017  	3.2368507e-12	2.0066177e-13
0.27730495  	3.3426801e-12	2.0138679e-13
0.27757975  	3.1250102e-12	2.0074964e-13
0.27785456  	3.2649031e-12	2.0158552e-13
0.27812937  	3.6347132e-12	2.0262410e-13
0.27840415  	3.3575126e-12	2.0504246e-13
0.27867895  	3.3987075e-12	2.0876780e-13
0.27895376  	3.5220271e-12	2.1137875e-13
0.27922857  	3.5666630e-12	2.1303985e-13
0.27950335  	3.3000510e-12	2.1485939e-13
0.27977815  	3.2097042e-12	2.1603028e-13
0.28005296  	4.0083882e-12	2.1802324e-13
0.28032774  	3.7452710e-12	2.1922670e-13
0.28060254  	3.2358356e-12	2.1995916e-13
0.28087735  	2.7720619e-12	2.2117082e-13
0.28115216  	3.4552172e-12	2.2288349e-13
0.28142694  	3.3611453e-12	2.2460167e-13
0.28170174  	3.4815315e-12	2.2521469e-13
0.28197655  	2.7201201e-12	2.2581097e-13
0.28225136  	3.3230244e-12	2.2807575e-13
0.28252614  	3.7032643e-12	2.2916716e-13
0.28280094  	2.9457782e-12	2.3007087e-13
0.28307575  	3.3704385e-12	2.2712840e-13
0.28335053  	3.1848929e-12	2.2371609e-13
0.28362533  	3.3649398e-12	2.2164510e-13
0.28390014  	2.7206885e-12	2.1969217e-13
0.28417495  	3.0872256e-12	2.1951241e-13
0.28444973  	3.0786571e-12	2.1784291e-13
0.28472453  	3.1371602e-12	2.1723672e-13
0.28499934  	3.4699984e-12	2.1711169e-13
0.28527415  	3.3123912e-12	2.1586450e-13
0.28554893  	3.7771492e-12	2.1628633e-13
0.28582373  	3.1038893e-12	2.1444669e-13
0.28609854  	2.9310874e-12	2.1440593e-13
0.28637332  	3.0193298e-12	2.1336615e-13
0.28664812  	3.2199499e-12	2.1398292e-13
0.28692293  	3.2221688e-12	2.1365326e-13
0.28719774  	3.4537312e-12	2.1327499e-13
0.28747252  	2.9692453e-12	2.1199367e-13
0.28774732  	2.7318746e-12	2.1156830e-13
0.28802213  	3.0202440e-12	2.1172551e-13
0.28829694  	3.2940773e-12	2.1153862e-13
0.28857172  	2.8198468e-12	2.1084488e-13
0.28884652  	3.4353794e-12	2.1143628e-13
0.28912133  	3.0954857e-12	2.1105252e-13
0.28939611  	2.7836938e-12	2.1041908e-13
0.28967091  	3.2920426e-12	2.1060742e-13
0.28994572  	3.5819208e-12	2.1124449e-13
0.29022053  	2.7950823e-12	2.1079606e-13
0.29049531  	3.0449610e-12	2.1064262e-13
0.29077011  	2.8998863e-12	2.1050517e-13
0.29104492  	3.3833119e-12	2.1113567e-13
0.29131973  	2.8883861e-12	2.0986946e-13
0.29159451  	2.4278416e-12	2.0982776e-13
0.29186931  	2.7717249e-12	2.1062049e-13
0.29214412  	3.1034702e-12	2.1105792e-13
0.29241890  	2.8759560e-12	2.1013902e-13
0.29269370  	2.7832940e-12	2.1048456e-13
0.29296851  	3.0405439e-12	2.1055048e-13
0.29324332  	3.1341119e-12	2.1107061e-13
0.29351810  	2.9822379e-12	2.1024315e-13
0.29379290  	2.9050889e-12	2.1025628e-13
0.29406771  	2.7944656e-12	2.0980335e-13
0.29434252  	3.0849138e-12	2.1047202e-13
0.29461730  	3.1258956e-12	2.1009111e-13
0.29489210  	3.2951903e-12	2.1025251e-13
0.29516691  	2.7899874e-12	2.0998245e-13
0.29544169  	3.2162389e-12	2.1082848e-13
0.29571649  	3.2325054e-12	2.1044847e-13
0.29599130  	2.8568790e-12	2.0994300e-13
0.29626611  	2.7333003e-12	2.0950911e-13
0.29654089  	2.9409897e-12	2.1008249e-13
0.29681569  	3.1660588e-12	2.0936989e-13
0.29709050  	2.7632261e-12	2.0927636e-13
0.29736528  	2.9660068e-12	2.0900486e-13
0.29764009  	2.7613153e-12	2.0891870e-13
0.29791489  	2.7886105e-12	2.0868179e-13
0.29818970  	2.9653239e-12	2.0852723e-13
0.29846448  	3.3505492e-12	2.0866925e-13
0.29873928  	2.8899793e-12	2.0755195e-13
0.29901409  	3.2228838e-12	2.0814291e-13
0.29928890  	2.5260391e-12	2.0723710e-13
0.29956368  	2.9272672e-12	2.0818011e-13
0.29983848  	3.1646515e-12	2.0750451e-13
0.30011329  	3.3658178e-12	2.0751567e-13
0.30038807  	2.9551040e-12	2.0803320e-13
0.30066288  	2.0929163e-12	2.0682579e-13
0.30093768  	2.6140310e-12	2.0699164e-13
0.30121249  	3.0666119e-12	2.0757156e-13
0.30148727  	2.8039207e-12	2.0784001e-13
0.30176207  	2.7911681e-12	2.0703926e-13
0.30203688  	2.6196131e-12	2.0735045e-13
0.30231169  	2.8458893e-12	2.0763438e-13
0.30258647  	3.1515983e-12	2.0699282e-13
0.30286127  	2.6195897e-12	2.0644112e-13
0.30313608  	2.3247298e-12	2.0656355e-13
0.30341086  	3.1217223e-12	2.0684916e-13
0.30368567  	3.1007768e-12	2.0618065e-13
0.30396047  	3.0935168e-12	2.0623562e-13
0.30423528  	3.1928355e-12	2.0625218e-13
0.30451006  	3.3344386e-12	2.0636933e-13
0.30478486  	2.7639746e-12	2.0559371e-13
0.30505967  	2.9415201e-12	2.0636182e-13
0.30533448  	3.0730308e-12	2.0556203e-13
0.30560926  	3.0422665e-12	2.0559925e-13
0.30588406  	2.9486426e-12	2.0548675e-13
0.30615887  	2.8718221e-12	2.0564461e-13
0.30643365  	3.2428394e-12	2.0583977e-13
0.30670846  	3.1433627e-12	2.0565696e-13
0.30698326  	2.7553005e-12	2.0518648e-13
0.30725807  	2.8880058e-12	2.0484734e-13
0.30753285  	2.9138061e-12	2.0495289e-13
0.30780765  	2.3793331e-12	2.0457120e-13
0.30808246  	3.0447274e-12	2.0462214e-13
0.30835727  	3.1564523e-12	2.0544604e-13
0.30863205  	2.5106586e-12	2.0461886e-13
0.30890685  	2.6889849e-12	2.0474959e-13
0.30918166  	3.1487818e-12	2.0532882e-13
0.30945644  	2.6626032e-12	2.0496319e-13
0.30973125  	2.7183986e-12	2.0440325e-13
0.31000605  	2.5721506e-12	2.0469942e-13
0.31028086  	2.4862942e-12	2.0522168e-13
0.31055564  	2.7518337e-12	2.0477881e-13
0.31083044  	3.0926509e-12	2.0501504e-13
0.31110525  	3.2583424e-12	2.0539245e-13
0.31138006  	2.8124937e-12	2.0535478e-13
0.31165484  	2.7043222e-12	2.0519442e-13
0.31192964  	2.8871187e-12	2.0478699e-13
0.31220445  	2.5146916e-12	2.0438561e-13
0.31247923  	2.8951186e-12	2.0479540e-13
0.31275403  	3.1009941e-12	2.0499916e-13
0.31302884  	2.6092804e-12	2.0497388e-13
0.31330365  	2.7220624e-12	2.0525250e-13
0.31357843  	2.5633224e-12	2.0521947e-13
0.31385323  	2.2766348e-12	2.0438166e-13
0.31412804  	2.9792442e-12	2.0515455e-13
0.31440285  	2.9579973e-12	2.0487500e-13
0.31467763  	2.6885655e-12	2.0503650e-13
0.31495243  	2.8621808e-12	2.0516827e-13
0.31522724  	2.3827025e-12	2.0498169e-13
0.31550202  	2.8241600e-12	2.0518172e-13
0.31577682  	2.5122760e-12	2.0453622e-13
0.31605163  	2.3662608e-12	2.0405291e-13
0.31632644  	1.8685756e-12	2.0417792e-13
0.31660122  	2.3295699e-12	2.0521750e-13
0.31687602  	2.5275832e-12	2.0465346e-13
0.31715083  	2.2966564e-12	2.0461799e-13
0.31742564  	2.4834262e-12	2.0436199e-13
0.31770042  	2.7025515e-12	2.0445306e-13
0.31797522  	2.6842905e-12	2.0474974e-13
0.31825003  	2.3962863e-12	2.0434271e-13
0.31852481  	2.8086585e-12	2.0499150e-13
0.31879961  	2.7454844e-12	2.0525437e-13
0.31907442  	2.3913033e-12	2.0470096e-13
0.31934923  	2.2037860e-12	2.0492557e-13
0.31962401  	3.0105200e-12	2.0522878e-13
0.31989881  	2.2642751e-12	2.0469801e-13
0.32017362  	2.2780894e-12	2.0501954e-13
0.32044840  	2.5194491e-12	2.0465865e-13
0.32072321  	2.5256719e-12	2.0530527e-13
0.32099801  	2.6109633e-12	2.0470206e-13
0.32127282  	2.9209853e-12	2.0524550e-13
0.32154760  	2.6189233e-12	2.0512033e-13
0.32182240  	2.6558376e-12	2.0530562e-13
0.32209721  	2.2398977e-12	2.0514084e-13
0.32237202  	2.5779743e-12	2.0499441e-13
0.32264680  	2.9289880e-12	2.0520732e-13
0.32292160  	2.3308560e-12	2.0486843e-13
0.32319641  	2.5200866e-12	2.0485313e-13
0.32347119  	2.4828774e-12	2.0521399e-13
0.32374600  	2.8279800e-12	2.0542156e-13
0.32402080  	2.4380706e-12	2.0430897e-13
0.32429561  	2.7268862e-12	2.0570560e-13
0.32457039  	2.8139214e-12	2.0515127e-13
0.32484519  	2.5302785e-12	2.0495831e-13
0.32512000  	2.8346880e-12	2.0492736e-13
0.32539481  	2.7600151e-12	2.0494638e-13
0.32566959  	3.1784005e-12	2.0571916e-13
0.32594439  	2.7273745e-12	2.0500847e-13
0.32621920  	2.5501649e-12	2.0498542e-13
0.32649398  	3.1203015e-12	2.0570542e-13
0.32676879  	2.9452751e-12	2.0515539e-13
0.32704359  	2.5150815e-12	2.0483040e-13
0.32731840  	2.4950369e-12	2.0494750e-13
0.32759318  	3.1047474e-12	2.0530097e-13
0.32786798  	2.9040563e-12	2.0544659e-13
0.32814279  	2.9599782e-12	2.0527808e-13
0.32841760  	2.8762554e-12	2.0493543e-13
0.32869238  	2.7787273e-12	2.0530782e-13
0.32896718  	2.4981627e-12	2.0474101e-13
0.32924199  	2.7993731e-12	2.0510922e-13
0.32951677  	2.5874053e-12	2.0475883e-13
0.32979158  	2.9778773e-12	2.0564742e-13
0.33006638  	2.9791306e-12	2.0582677e-13
0.33034119  	2.7478254e-12	2.0536318e-13
0.33061597  	2.8220993e-12	2.0533908e-13
0.33089077  	2.7233346e-12	2.0518778e-13
0.33116558  	3.1082702e-12	2.0548682e-13
0.33144039  	2.3442049e-12	2.0485382e-13
0.33171517  	2.9242529e-12	2.0554966e-13
0.33198997  	3.2249787e-12	2.0542769e-13
0.33226478  	2.8861206e-12	2.0570224e-13
0.33253956  	2.3665091e-12	2.0455183e-13
0.33281437  	2.5782250e-12	2.0484752e-13
0.33308917  	2.9637219e-12	2.0550099e-13
0.33336398  	2.9235217e-12	2.0572247e-13
0.33363876  	2.7088726e-12	2.0551442e-13
0.33391356  	2.9297955e-12	2.0623442e-13
0.33418837  	2.6103147e-12	2.0488765e-13
0.33446318  	2.6044100e-12	2.0486716e-13
0.33473796  	2.9263096e-12	2.0612086e-13
0.33501276  	2.8453925e-12	2.0505581e-13
0.33528757  	2.5580380e-12	2.0533567e-13
0.33556235  	2.3599495e-12	2.0500669e-13
0.33583716  	2.0752339e-12	2.0488987e-13
0.33611196  	2.7457305e-12	2.0590046e-13
0.33638677  	2.7939662e-12	2.0652005e-13
0.33666155  	2.9618018e-12	2.0999755e-13
0.33693635  	2.5698287e-12	2.1332818e-13
0.33721116  	3.2024828e-12	2.1699604e-13
0.33748597  	3.0642852e-12	2.1929562e-13
0.33776075  	3.0817978e-12	2.2099020e-13
0.33803555  	3.0894343e-12	2.2330949e-13
0.33831036  	3.0190878e-12	2.2415858e-13
0.33858514  	3.0865156e-12	2.2665596e-13
0.33885995  	2.8511293e-12	2.2790957e-13
0.33913475  	2.7877282e-12	2.2985886e-13
0.33940956  	3.1759367e-12	2.3121652e-13
0.33968434  	3.2042860e-12	2.3368587e-13
0.33995914  	2.7829815e-12	2.3409418e-13
0.34023395  	2.9121026e-12	2.3588567e-13
0.34050876  	2.8535251e-12	2.3634819e-13
0.34078354  	2.7573601e-12	2.3792857e-13
0.34105834  	3.0122643e-12	2.3994145e-13
0.34133315  	2.8286778e-12	2.3643996e-13
0.34160793  	2.6181132e-12	2.3106734e-13
0.34188274  	2.8786871e-12	2.2852610e-13
0.34215754  	2.7327279e-12	2.2650336e-13
0.34243235  	2.2896626e-12	2.2375430e-13
0.34270713  	3.0563928e-12	2.2374564e-13
0.34298193  	3.5119167e-12	2.2333479e-13
0.34325674  	3.3810951e-12	2.2236863e-13
0.34353155  	2.8659692e-12	2.2001079e-13
0.34380633  	3.1748027e-12	2.1968127e-13
0.34408113  	3.0670431e-12	2.1926809e-13
0.34435594  	3.5969361e-12	2.1891969e-13
0.34463072  	3.0208355e-12	2.1773136e-13
0.34490553  	2.5340934e-12	2.1660785e-13
0.34518033  	3.0664243e-12	2.1585533e-13
0.34545514  	2.4742467e-12	2.1535847e-13
0.34572992  	2.5502445e-12	2.1487472e-13
0.34600472  	2.7823826e-12	2.1479608e-13
0.34627953  	2.9370879e-12	2.1476088e-13
0.34655431  	3.0640601e-12	2.1495255e-13
0.34682912  	2.8316700e-12	2.1489379e-13
0.34710392  	2.7949947e-12	2.1484996e-13
0.34737873  	2.8871929e-12	2.1467336e-13
0.34765351  	2.4723851e-12	2.1412668e-13
0.34792832  	2.5933129e-12	2.1381249e-13
0.34820312  	2.7969543e-12	2.1336196e-13
0.34847793  	2.8519979e-12	2.1306244e-13
0.34875271  	2.7677246e-12	2.1261680e-13
0.34902751  	2.4521275e-12	2.1250723e-13
0.34930232  	2.8989465e-12	2.1221677e-13
0.34957710  	2.9617214e-12	2.1274367e-13
0.34985191  	2.8117725e-12	2.1294269e-13
0.35012671  	2.7662486e-12	2.1194720e-13
0.35040152  	2.7656889e-12	2.1198416e-13
0.35067630  	3.1146958e-12	2.1203608e-13
0.35095111  	2.9628053e-12	2.1151292e-13
0.35122591  	2.7943255e-12	2.1145485e-13
0.35150072  	3.1161651e-12	2.1127402e-13
0.35177550  	2.9583931e-12	2.1119093e-13
0.35205030  	2.9594172e-12	2.1110301e-13
0.35232511  	3.3467617e-12	2.1127926e-13
0.35259989  	2.4623140e-12	2.1042990e-13
0.35287470  	2.6886963e-12	2.1035562e-13
0.35314950  	2.6609962e-12	2.1035691e-13
0.35342431  	3.2077548e-12	2.1064633e-13
0.35369909  	2.9665517e-12	2.0981132e-13
0.35397390  	2.6041706e-12	2.0951508e-13
0.35424870  	2.6393200e-12	2.0947632e-13
0.35452351  	3.4788203e-12	2.0980983e-13
0.35479829  	3.1319823e-12	2.0930798e-13
0.35507309  	2.4339298e-12	2.0876282e-13
0.35534790  	3.1204705e-12	2.0949151e-13
0.35562268  	3.0891767e-12	2.0896791e-13
0.35589749  	3.1540851e-12	2.0933357e-13
0.35617229  	2.6539283e-12	2.0830237e-13
0.35644710  	2.7033319e-12	2.0852435e-13
0.35672188  	2.5083637e-12	2.0896045e-13
0.35699669  	2.7513226e-12	2.0883956e-13
0.35727149  	2.9530441e-12	2.0774863e-13
0.35754630  	3.1755766e-12	2.0844023e-13
0.35782108  	2.9192117e-12	2.0849343e-13
0.35809588  	2.2317879e-12	2.0714345e-13
0.35837069  	2.3010044e-12	2.0747951e-13
0.35864547  	2.7461204e-12	2.0697108e-13
0.35892028  	2.1227805e-12	2.0680168e-13
0.35919508  	2.1878669e-12	2.0706731e-13
0.35946989  	2.8851080e-12	2.0673305e-13
0.35974467  	2.6567557e-12	2.0638597e-13
0.36001948  	2.5650990e-12	2.0660445e-13
0.36029428  	2.8009600e-12	2.0627231e-13
0.36056909  	3.2279327e-12	2.0690890e-13
0.36084387  	3.0082349e-12	2.0666135e-13
0.36111867  	2.6765447e-12	2.0562737e-13
0.36139348  	2.3302009e-12	2.0618544e-13
0.36166826  	3.0041533e-12	2.0592463e-13
0.36194307  	2.8448116e-12	2.0596879e-13
0.36221787  	2.9507881e-12	2.0533434e-13
0.36249268  	2.4130626e-12	2.0449006e-13
0.36276746  	2.7294994e-12	2.0486099e-13
0.36304227  	3.1167714e-12	2.0449597e-13
0.36331707  	2.4877277e-12	2.0351064e-13
0.36359188  	2.6836946e-12	2.0358244e-13
0.36386666  	2.8331465e-12	2.0312522e-13
0.36414146  	2.5378254e-12	2.0294777e-13
0.36441627  	2.3506312e-12	2.0224031e-13
0.36469105  	2.5901336e-12	2.0217703e-13
0.36496586  	2.9343240e-12	2.0215943e-13
0.36524066  	2.9909695e-12	2.0232687e-13
0.36551547  	2.9748595e-12	2.0138563e-13
0.36579025  	2.9419553e-12	2.0104820e-13
0.36606506  	2.8928832e-12	2.0064384e-13
0.36633986  	2.7414525e-12	2.0014734e-13
0.36661467  	2.7086697e-12	2.0104336e-13
0.36688945  	2.4005769e-12	1.9999268e-13
0.36716425  	2.5559600e-12	1.9907048e-13
0.36743906  	3.0243330e-12	1.9946061e-13
0.36771384  	2.8895239e-12	1.9914626e-13
0.36798865  	2.8370572e-12	1.9921277e-13
0.36826345  	2.7746759e-12	1.9788949e-13
0.36853826  	2.4999139e-12	1.9813862e-13
0.36881304  	3.1439465e-12	1.9830684e-13
0.36908785  	2.6883717e-12	1.9740934e-13
0.36936265  	2.8876263e-12	1.9718236e-13
0.36963743  	2.7950231e-12	1.9674399e-13
0.36991224  	2.4782288e-12	1.9596258e-13
0.37018704  	2.7655970e-12	1.9607964e-13
0.37046185  	2.3924773e-12	1.9468150e-13
0.37073663  	2.9961554e-12	1.9522848e-13
0.37101144  	3.1035064e-12	1.9522077e-13
0.37128624  	2.4585978e-12	1.9490641e-13
0.37156105  	1.7812938e-12	1.9391898e-13
0.37183583  	2.1516751e-12	1.9340150e-13
0.37211064  	2.1740678e-12	1.9325709e-13
0.37238544  	2.4181985e-12	1.9396325e-13
0.37266022  	2.6610836e-12	1.9332502e-13
0.37293503  	2.7638512e-12	1.9317252e-13
0.37320983  	2.1974022e-12	1.9197029e-13
0.37348464  	2.4307240e-12	1.9135056e-13
0.37375942  	2.7486399e-12	1.9105452e-13
0.37403423  	2.6373090e-12	1.9112388e-13
0.37430903  	2.5125819e-12	1.9185070e-13
0.37458384  	2.3764586e-12	1.9103957e-13
0.37485862  	2.6382507e-12	1.9160911e-13
0.37513342  	2.7722666e-12	1.9172831e-13
0.37540823  	2.7833400e-12	1.9153551e-13
0.37568301  	2.8362636e-12	1.9188099e-13
0.37595782  	2.9566566e-12	1.9155229e-13
0.37623262  	2.5971191e-12	1.9084281e-13
0.37650743  	1.9673759e-12	1.8958244e-13
0.37678221  	2.2144693e-12	1.8960445e-13
0.37705702  	1.9288831e-12	1.8869792e-13
0.37733182  	2.7105241e-12	1.8893800e-13
0.37760663  	1.7727633e-12	1.8766449e-13
0.37788141  	2.4214394e-12	1.8854956e-13
0.37815621  	2.6671109e-12	1.8808109e-13
0.37843102  	2.1542147e-12	1.8625510e-13
0.37870580  	2.1032733e-12	1.8646539e-13
0.37898061  	2.2707101e-12	1.8705342e-13
0.37925541  	2.2797647e-12	1.8656107e-13
0.37953022  	1.9308752e-12	1.8588965e-13
0.37980500  	2.0423828e-12	1.8645469e-13
0.38007981  	2.5534245e-12	1.8663188e-13
0.38035461  	2.5865829e-12	1.8685036e-13
0.38062942  	1.9318100e-12	1.8600011e-13
0.38090420  	2.0772650e-12	1.8568052e-13
0.38117900  	2.0374683e-12	1.8532956e-13
0.38145381  	1.8630791e-12	1.8494882e-13
0.38172859  	2.1010171e-12	1.8395570e-13
0.38200340  	2.6013300e-12	1.8409615e-13
0.38227820  	2.1139464e-12	1.8333463e-13
0.38255301  	2.1028502e-12	1.8273845e-13
0.38282779  	2.3438636e-12	1.8281389e-13
