9.675 45.053 37.07
10.06 47.656 34.334
11.345 51.215 34.643
9.093 54.194 33.894

10.941 54.669 30.614
10.587 51.147 29.357
6.872 51.146 30.143
6.375 54.381 28.128
8.313 52.981 25.228
6.406 49.72 25.337
3.144 51.624 25.507
4.068 53.646 22.383
4.862 50.444 20.445
1.723 48.722 21.697
-0.413 51.697 20.656
1.114 51.623 17.211
-0.251 48.063 16.774
-3.552 48.834 18.489

-4.83 50.903 15.547
-8.5 50.66 16.584
-7.793 51.729 20.147
-9.689 48.952 21.884
-6.734 48.302 24.221
-5.89 44.868 22.816

-3.836 43.256 20.059
-3.993 39.759 18.46
-1.443 37.06 19.349

-0.031 37.433 15.806
0.531 41.169 16.353
2.142 40.171 19.691
5.07 38.397 18.022
5.507 41.183 15.474
5.508 43.89 18.161

10.362 41.534 17.509

10.189 45.265 16.764
11.203 45.799 20.383
14.158 43.45 20.06

15.8532 42.3124 16.8068
16.8139 39.8299 14.1791
17.3047 36.6096 12.3096
20.7601 37.0744 10.8658
21.7184 38.9838 7.66702

18.5576 40.5267 9.10632
20.5706 42.5391 11.6245
22.8685 43.8416 8.89213
19.9012 44.9028 6.76813
18.3407 46.7514 9.69911

15.1677 51.0384 9.32911

13.4427 48.0214 10.9101
15.0997 48.8004 14.2211
14.2247 52.5034 14.4341
11.0187 52.4664 12.3981

8.95374 49.9924 14.4421
5.83174 50.4434 12.2751
7.47574 49.2334 9.06411
5.34174 51.6224 6.96011
7.95674 52.9644 4.58111
8.33174 56.5054 5.91711

10.4727 58.0004 8.65411
10.3527 61.3234 10.4261
12.9427 63.8784 11.3571

13.7537 62.6614 14.8801
13.9787 59.0834 13.5641
16.3067 60.3974 10.8741
18.4687 62.1704 13.4411

18.6997 58.9544 15.4711
23.7127 59.5544 15.0261
24.0277 55.7924 14.8731
25.6777 55.8004 11.4341
29.0147 56.3714 15.8401

29.4947 53.1814 13.7871
31.6107 54.9514 11.2131
33.8367 56.3574 13.9191
34.2277 53.0204 15.6911
35.2197 51.2664 12.4581
37.7747 53.9724 11.7651
39.1237 53.7754 15.2931
39.5357 50.0184 14.8061
41.2517 50.3804 11.4531
43.6907 52.8644 12.9571
44.2377 50.4984 15.8781
44.9177 47.6794 13.4281
47.5217 49.6534 11.4321
49.3327 50.1764 14.7381
49.6877 46.5124 15.7531
50.3447 45.3744 12.1821

53.7557 47.1024 11.9791
54.7727 45.8494 8.51411
51.2547 46.4164 7.20411
51.0497 43.0024 5.58411
47.5467 42.5794 6.94011
48.3407 40.1044 9.71611
49.2367 40.7024 13.3181
51.9557 38.2534 14.3041
52.9187 37.2794 17.8491

56.0927 39.3494 17.5301
54.0067 42.4124 16.6091
51.5327 41.9524 19.4291
54.5197 41.8074 21.7721
56.3117 44.7644 20.1851
53.1357 46.6674 21.1181
55.9547 46.3304 25.4511
55.9957 49.8284 23.9271
52.5967 50.3574 25.5661
53.8087 49.5974 29.0881

51.9077 46.3544 29.5441
54.0787 43.4704 30.7031
53.0867 39.9664 29.7041
54.8107 36.6034 29.4181
55.3067 35.3414 25.8721

53.0127 32.3804 26.5731
50.3597 34.9974 27.3521
51.1947 37.0464 24.2361
50.8297 33.8024 22.3111
47.4817 33.0914 23.9341
46.8857 35.3814 19.3211
45.7377 31.7514 19.6801
42.2497 32.7884 20.7651
41.9867 35.6784 18.2771

42.972 33.5239 15.318
44.0203 32.7527 11.6629
44.5661 30.8328 8.42699
41.4247 32.7801 8.07072
41.5364 36.6197 8.50326
40.6356 36.7131 12.2591
37.8401 34.9508 13.955
35.1266 37.4618 14.2708
32.3087 40.0106 14.8562
29.6735 37.562 13.8925

28.0503 37.6283 17.3282
29.7861 40.897 18.1919
28.6264 42.4844 14.9395
25.0381 41.4098 15.5818

23.5811 38.2688 17.1488
21.2951 42.7938 19.7248
20.6081 39.5198 21.5108

End chain 1
