28.422 55.412 128.746
26.585 52.466 130.299

28.171 52.666 133.746
27.666 56.436 133.804
23.987 55.468 133.716
24.443 52.827 136.422
26.108 55.456 138.622
23.096 57.675 137.95
20.515 55.099 138.99
22.579 54.604 142.156
22.386 58.351 142.807
18.65 58.418 142.058
17.944 55.62 144.549
19.865 57.433 147.285
17.944 60.663 146.691
14.628 58.802 146.456

15.5873 56.8196 149.568
16.5178 54.8883 152.626
18.2115 52.2044 154.628
19.3746 55.4265 156.171
18.7459 59.2086 155.666
22.2422 59.9266 156.642
25.6523 58.9759 158.244
25.9757 62.5638 159.701
22.4692 62.7021 160.878

19.0429 61.4588 159.802
17.3577 63.3648 162.625
19.1745 66.5657 161.679
18.125 66.2011 158.044
14.4945 65.6874 159.043
14.5597 68.787 161.241
16.0184 70.8747 158.421
13.3335 69.6742 156.014
10.5867 70.5423 158.492
12.0032 74.0339 158.987

12.1959 74.8956 155.307
13.1192 75.5648 151.774
14.5147 75.0076 148.237
17.8029 76.219 149.425
21.1089 76.7743 151.175
23.3484 79.6814 151.873

26.5058 79.7786 149.76
28.3817 77.6545 152.293
25.5878 75.0789 152.347
25.5759 74.8696 148.552
29.34 74.3515 148.472
29.1086 71.5662 151.047
26.3852 69.8184 149.055

27.5462 72.3024 144.416
27.4982 68.5484 143.612
23.8512 67.7484 144.382
22.8192 66.6024 140.925
19.4772 65.1204 142.004
18.6022 68.0264 144.299
17.7422 66.0004 147.426
20.0792 67.8224 149.838
22.4492 64.8884 150.475
25.5262 63.4944 148.739
25.4072 59.9814 147.328
28.4472 58.1774 146.038

28.1862 59.3774 142.398
27.8392 63.0084 143.519
30.7102 62.3924 145.943
32.9312 61.4874 142.997
32.0792 64.9204 141.619
33.1482 66.3514 144.955
36.3162 64.2234 145.1
36.9902 65.2944 141.512

36.4052 68.6504 143.282
34.0182 69.6464 140.516
30.7212 71.4214 140.205
27.6662 69.4704 139.11

27.0922 71.3244 135.776
30.6352 70.6124 134.732
30.1752 66.9774 135.731
26.8542 66.7614 133.886
28.4092 68.2714 130.743
31.1152 65.5864 130.761
28.4512 62.8914 131.112
26.3082 64.2984 128.297
29.4312 64.3964 126.115
30.0672 60.7054 126.867
26.5082 59.8864 125.756
27.0542 62.0214 122.653
30.1702 60.0984 121.653
28.1872 56.8354 121.722
26.0812 58.1684 118.854
28.9062 60.0434 117.049

30.4252 56.8184 115.725
32.7692 58.4134 113.191
33.7292 61.0724 115.738
33.3662 64.1454 113.529
31.2542 66.0944 116.042
27.8492 65.5534 114.427
25.2482 62.8144 114.813
24.0232 62.0154 111.308
20.6902 60.2904 110.665

22.5382 57.0864 109.762
24.5872 57.1894 112.965
21.4182 57.7654 114.987
19.5912 54.8864 113.274
22.5942 52.5524 113.58
23.3492 53.1254 117.273
19.6932 53.1024 118.299
19.1172 49.7814 116.524
22.1232 48.2164 118.248
20.8122 49.4934 121.614

17.1813 48.708 120.836
16.2716 46.8859 123.98
15.6589 44.6152 127.052
18.4315 42.8943 125.165
20.7295 45.2587 123.27
24.1064 45.4155 121.489

25.0752 47.6411 124.413
27.1586 44.8651 125.961
28.973 44.2631 122.677
29.7594 47.9642 122.321
31.145 48.1085 125.857
33.3662 45.0927 125.213
34.7196 46.6492 122.021
35.5163 49.8965 123.828
37.3596 48.0282 126.576
39.4233 46.1129 124.024

40.3442 47.8864 120.848
40.5242 48.0739 117.117
40.1955 47.1801 113.435
39.9752 50.0942 111.061
36.5848 48.8504 109.803
34.0582 47.5577 107.283
30.8412 49.3355 107.942
28.2681 49.3462 105.15
29.6667 45.852 104.309
32.4994 43.4925 104.994

35.2159 40.8348 105.007
33.5237 38.9812 107.86
30.1894 39.0207 106.037
31.7914 37.6477 102.876
33.4493 34.8356 104.822
30.1529 33.8983 106.465

30.5279 32.3693 109.947
30.3479 35.7633 111.775

End chain 1
