28.422 55.412 128.746
26.585 52.466 130.299

28.171 52.666 133.746
27.666 56.436 133.804
23.987 55.468 133.716
24.443 52.827 136.422
26.108 55.456 138.622
23.096 57.675 137.95
20.515 55.099 138.99
22.579 54.604 142.156
22.386 58.351 142.807
18.65 58.418 142.058
17.944 55.62 144.549
19.865 57.433 147.285
17.944 60.663 146.691
14.628 58.802 146.456

14.568 58.126 150.193
11.242 56.298 150.293
11.816 54.283 147.128
8.593 55.291 145.378
10.47 56.019 142.135
10.009 59.825 142.404
12.073 62.656 143.9
10.114 65.344 145.775
11.215 68.834 146.805

11.654 67.495 150.326
13.909 64.645 149.206
15.82 67.046 146.977
16.201 69.561 149.811
17.576 66.911 152.158
20.327 66.169 149.641
21.067 69.825 148.898
21.233 70.612 152.617
23.582 67.665 153.226
26.038 69.29 150.765

25.6234 72.6916 152.429
27.3476 73.727 155.735
28.755 74.8038 159.125
31.3534 76.7047 156.997
30.3618 78.2633 153.588
33.0813 76.9556 151.323

36.355 77.5336 149.481
38.2921 75.602 152.119
35.8747 72.6784 151.893
36.1932 72.583 148.107
39.9871 72.571 148.329
39.9283 69.7039 150.823
37.6322 67.6709 148.579

38.7932 70.1549 143.94
38.7452 66.4009 143.136
35.0982 65.6009 143.906
34.0662 64.4549 140.449
30.7242 62.9729 141.528
29.8492 65.8789 143.823
28.9892 63.8529 146.95
31.3262 65.6749 149.362
33.6962 62.7409 149.999
36.7732 61.3469 148.263
36.6542 57.8339 146.852
39.6942 56.0299 145.562

39.4332 57.2299 141.922
39.0862 60.8609 143.043
41.9572 60.2449 145.467
44.1782 59.3399 142.521
43.3262 62.7729 141.143
44.3952 64.2039 144.479
47.5632 62.0759 144.624
48.2372 63.1469 141.036

47.6522 66.5029 142.806
45.2652 67.4989 140.04
41.9682 69.2739 139.729
38.9132 67.3229 138.634

38.3392 69.1769 135.3
41.8822 68.4649 134.256
41.4222 64.8299 135.255
38.1012 64.6139 133.41
39.6562 66.1239 130.267
42.3622 63.4389 130.285
39.6982 60.7439 130.636
37.5552 62.1509 127.821
40.6782 62.2489 125.639
41.3142 58.5579 126.391
37.7552 57.7389 125.28
38.3012 59.8739 122.177
41.4172 57.9509 121.177
39.4342 54.6879 121.246
37.3282 56.0209 118.378
40.1532 57.8959 116.573

41.6722 54.6709 115.249
44.0162 56.2659 112.715
44.9762 58.9249 115.262
44.6132 61.9979 113.053
42.5012 63.9469 115.566
39.0962 63.4059 113.951
36.4952 60.6669 114.337
35.2702 59.8679 110.832
31.9372 58.1429 110.189

33.7852 54.9389 109.286
35.8342 55.0419 112.489
32.6652 55.6179 114.511
30.8382 52.7389 112.798
33.8412 50.4049 113.104
34.5962 50.9779 116.797
30.9402 50.9549 117.823
30.3642 47.6339 116.048
33.3702 46.0689 117.772
32.0592 47.3459 121.138

28.7342 45.5589 120.61
26.6352 48.4069 119.186
25.8772 48.0739 115.486
23.9952 51.1029 114.207
22.8702 51.5659 110.627
24.8312 53.6019 108.108

22.5452 56.6319 108.399
22.4462 56.5609 112.199
26.2332 56.8669 112.036
26.1622 59.6069 109.395
23.7452 61.6159 111.551
25.8052 61.1629 114.733
28.8222 62.6359 112.904
26.6292 65.4079 111.409
25.0992 66.3359 114.784
28.4332 66.7109 116.594

30.0027 68.6432 113.665
33.3878 69.6229 114.793
36.5385 69.898 116.869
35.3 73.0877 118.514
33.2977 72.807 121.647
29.536 73.7543 121.346
26.642 75.1433 123.339
26.4867 73.1749 126.595
26.2368 69.4252 127.273
26.1322 65.8237 128.719

24.441 63.0063 126.81
21.6939 62.7539 129.424
21.0658 66.4986 129.266
20.8126 66.394 125.475
18.32 63.5291 125.624
16.1721 65.4005 128.14

16.5471 63.8715 131.622
16.3671 67.2655 133.45

End chain 1
