9.675 45.053 37.07
10.06 47.656 34.334
11.345 51.215 34.643
9.093 54.194 33.894

10.941 54.669 30.614
10.587 51.147 29.357
6.872 51.146 30.143
6.375 54.381 28.128
8.313 52.981 25.228
6.406 49.72 25.337
3.144 51.624 25.507
4.068 53.646 22.383
4.862 50.444 20.445
1.723 48.722 21.697
-0.413 51.697 20.656
1.114 51.623 17.211
-0.251 48.063 16.774
-3.552 48.834 18.489

-4.83 50.903 15.547
-8.5 50.66 16.584
-7.793 51.729 20.147
-9.689 48.952 21.884
-6.734 48.302 24.221
-5.89 44.868 22.816

-3.836 43.256 20.059
-3.993 39.759 18.46
-1.443 37.06 19.349

-0.031 37.433 15.806
0.531 41.169 16.353
2.142 40.171 19.691
5.07 38.397 18.022
5.507 41.183 15.474
5.508 43.89 18.161

10.362 41.534 17.509

10.189 45.265 16.764
11.203 45.799 20.383
14.158 43.45 20.06

12.641 40.294 21.555
13.144 37.184 19.397
11.26 34.223 20.869
10.92 30.933 19.016
7.424 29.794 17.978

7.342 27.485 20.988
8.487 30.085 23.497
5.976 32.602 22.155
3.075 30.15 22.314
3.943 28.973 25.836

0.77 33.26 25.466

-0.955 30.243 27.047
0.702 31.022 30.358
-0.173 34.725 30.571
-3.379 34.688 28.535

-5.444 32.214 30.579
-8.566 32.665 28.412
-6.922 31.455 25.201
-9.056 33.844 23.097
-6.441 35.186 20.718
-6.066 38.727 22.054

-3.925 40.222 24.791
-4.045 43.545 26.563
-1.455 46.1 27.494

-0.644 44.883 31.017
-0.419 41.305 29.701
1.909 42.619 27.011
4.071 44.392 29.578

4.302 41.176 31.608
9.315 41.776 31.163
9.63 38.014 31.01
11.28 38.022 27.571
14.617 38.593 31.977

15.097 35.403 29.924
17.213 37.173 27.35
19.439 38.579 30.056
19.83 35.242 31.828
20.822 33.488 28.595
23.377 36.194 27.902
24.726 35.997 31.43
25.138 32.24 30.943
26.854 32.602 27.59
29.293 35.086 29.094
29.84 32.72 32.015
30.52 29.901 29.565
33.124 31.875 27.569
34.935 32.398 30.875
35.29 28.734 31.89
35.947 27.596 28.319

39.358 29.324 28.116
40.375 28.071 24.651
36.857 28.638 23.341
36.652 25.224 21.721
33.149 24.801 23.077
33.943 22.326 25.853
34.839 22.924 29.455
37.558 20.475 30.441
38.521 19.501 33.986

41.695 21.571 33.667
39.609 24.634 32.746
37.135 24.174 35.566
40.122 24.029 37.909
41.914 26.986 36.322
38.738 28.889 37.255
41.557 28.552 41.588
41.598 32.05 40.064
38.199 32.579 41.703
39.411 31.819 45.225

37.51 28.576 45.681
39.681 25.692 46.84
38.689 22.188 45.841
40.413 18.825 45.555
40.909 17.563 42.009

38.615 14.602 42.71
35.962 17.219 43.489
36.797 19.268 40.373
36.432 16.024 38.448
33.084 15.313 40.071
32.488 17.603 35.458
31.34 13.973 35.817
27.852 15.01 36.902
27.589 17.9 34.414

27.8247 15.4684 31.5139
27.1823 13.844 28.1377
26.5267 12.399 24.7276
26.3743 10.1409 21.7116
27.9648 12.449 19.1263
31.5744 13.9198 19.2369
29.9184 17.226 20.3854
27.8633 20.2145 21.3551
28.7523 22.1932 24.4899
27.7245 22.4442 28.0743

26.5704 18.9303 28.948
24.2546 20.2589 31.6525
22.7307 22.7756 29.2469
22.1141 20.0679 26.6525

20.6571 16.9269 28.2195
18.3711 21.4519 30.7955
17.6841 18.1779 32.5815

End chain 1
