28.422 55.412 128.746
26.585 52.466 130.299

28.171 52.666 133.746
27.666 56.436 133.804
23.987 55.468 133.716
24.443 52.827 136.422
26.108 55.456 138.622
23.096 57.675 137.95
20.515 55.099 138.99
22.579 54.604 142.156
22.386 58.351 142.807
18.65 58.418 142.058
17.944 55.62 144.549
19.865 57.433 147.285
17.944 60.663 146.691
14.628 58.802 146.456

15.3643 57.1834 149.749
15.7844 53.6997 151.393
14.9172 50.9484 153.821
16.8198 53.5429 155.981
18.1262 57.1431 156.377
21.721 55.7675 156.797
22.4918 56.0903 160.425
24.6248 54.477 163.224
22.2698 55.1091 166.215

18.7947 56.5283 166.809
20.085 58.7876 169.579
22.8779 60.0851 167.352
20.4226 60.8515 164.554
18.151 62.7504 166.937
21.0687 64.8165 168.226
22.1351 65.6963 164.686
18.6071 66.7901 163.791
18.4068 69.0014 166.876
21.7316 70.6397 166.036

21.9243 71.5014 162.356
22.8475 72.1706 158.823
24.2431 71.6134 155.285
27.5312 72.8248 156.474
30.8372 73.3801 158.224
33.0767 76.2872 158.922

36.2341 76.3844 156.809
38.11 74.2603 159.341
35.3161 71.6847 159.395
35.3043 71.4755 155.601
39.0683 70.9573 155.521
38.8369 68.1721 158.096
36.1135 66.4242 156.103

37.2745 68.9082 151.464
37.2265 65.1542 150.66
33.5795 64.3542 151.43
32.5475 63.2082 147.973
29.2055 61.7262 149.052
28.3305 64.6322 151.347
27.4705 62.6062 154.474
29.8075 64.4282 156.886
32.1775 61.4942 157.523
35.2545 60.1002 155.787
35.1355 56.5872 154.376
38.1755 54.7832 153.086

37.9145 55.9832 149.446
37.5675 59.6142 150.567
40.4385 58.9982 152.991
42.6595 58.0932 150.045
41.8075 61.5262 148.667
42.8765 62.9572 152.003
46.0445 60.8292 152.148
46.7185 61.9002 148.56

46.1335 65.2562 150.33
43.7465 66.2522 147.564
40.4495 68.0272 147.253
37.3945 66.0762 146.158

36.8205 67.9302 142.824
40.3635 67.2182 141.78
39.9035 63.5832 142.779
36.5825 63.3672 140.934
38.1375 64.8772 137.791
40.8435 62.1922 137.809
38.1795 59.4972 138.16
36.0365 60.9042 135.345
39.1595 61.0022 133.163
39.7955 57.3112 133.915
36.2365 56.4922 132.804
36.7825 58.6272 129.701
39.8985 56.7042 128.701
37.9155 53.4412 128.77
35.8095 54.7742 125.902
38.6345 56.6492 124.097

40.1535 53.4242 122.773
42.4975 55.0192 120.239
43.4575 57.6782 122.786
43.0945 60.7512 120.577
40.9825 62.7002 123.09
37.5775 62.1592 121.475
34.9765 59.4202 121.861
33.7515 58.6212 118.356
30.4185 56.8962 117.713

32.2665 53.6922 116.81
34.3155 53.7952 120.013
31.1465 54.3712 122.035
29.3195 51.4922 120.322
32.3225 49.1582 120.628
33.0775 49.7312 124.321
29.4215 49.7082 125.347
28.8455 46.3872 123.572
31.8515 44.8222 125.296
30.5405 46.0992 128.662

26.9096 45.3138 127.885
25.9999 43.4917 131.028
25.3872 41.221 134.101
28.1598 39.5002 132.213
30.4578 41.8646 130.319
33.8347 42.0213 128.538

34.8035 44.2469 131.462
36.8869 41.4709 133.01
38.7013 40.869 129.725
39.4877 44.5701 129.37
40.8733 44.7143 132.906
43.0945 41.6985 132.262
44.4479 43.255 129.07
45.2446 46.5023 130.877
47.0879 44.634 133.625
49.1517 42.7187 131.073

50.0726 44.4922 127.896
50.2525 44.6797 124.166
49.9239 43.7859 120.483
49.7035 46.7 118.11
46.3131 45.4562 116.851
43.7865 44.1635 114.332
40.5696 45.9413 114.991
37.9964 45.9521 112.199
39.3951 42.4578 111.358
42.2277 40.0983 112.042

44.9442 37.4406 112.055
43.252 35.587 114.909
39.9177 35.6265 113.086
41.5197 34.2536 109.925
43.1777 31.4414 111.871
39.8813 30.5042 113.514

40.2563 28.9752 116.996
40.0763 32.3692 118.824

End chain 1
