28.422 55.412 128.746
26.585 52.466 130.299

28.171 52.666 133.746
27.666 56.436 133.804
23.987 55.468 133.716
24.443 52.827 136.422
26.108 55.456 138.622
23.096 57.675 137.95
20.515 55.099 138.99
22.579 54.604 142.156
22.386 58.351 142.807
18.65 58.418 142.058
17.944 55.62 144.549
19.865 57.433 147.285
17.944 60.663 146.691
14.628 58.802 146.456

14.568 58.126 150.193
11.242 56.298 150.293
11.816 54.283 147.128
8.593 55.291 145.378
10.47 56.019 142.135
10.009 59.825 142.404
12.073 62.656 143.9
10.114 65.344 145.775
11.215 68.834 146.805

11.654 67.495 150.326
13.909 64.645 149.206
15.82 67.046 146.977
16.201 69.561 149.811
17.576 66.911 152.158
20.327 66.169 149.641
21.067 69.825 148.898
21.233 70.612 152.617
23.582 67.665 153.226
26.038 69.29 150.765

26.271 72.672 152.496
23.522 74.428 150.53
20.485 76.32 151.832
18.085 76.481 148.868
14.662 77.966 149.435
11.542 75.947 148.727

10.976 78.134 145.628
14.485 77.249 144.445
13.862 73.514 144.976
10.592 73.698 143.031
12.552 75.523 140.304
15.154 72.766 140.072
12.341 70.263 139.631

13.502 72.747 134.992
13.454 68.993 134.188
9.807 68.193 134.958
8.775 67.047 131.501
5.433 65.565 132.58
4.558 68.471 134.875
3.698 66.445 138.002
6.035 68.267 140.414
8.405 65.333 141.051
11.482 63.939 139.315
11.363 60.426 137.904
14.403 58.622 136.614

14.142 59.822 132.974
13.795 63.453 134.095
16.666 62.837 136.519
18.887 61.932 133.573
18.035 65.365 132.195
19.104 66.796 135.531
22.272 64.668 135.676
22.946 65.739 132.088

22.7183 69.4955 132.855
24.9885 72.5142 133.145
23.568 74.8469 130.442
23.2198 75.6067 126.724

24.6132 72.2001 125.777
22.7201 70.5287 128.617
19.4705 72.1906 127.558
19.9433 71.0462 123.965
20.5764 67.4703 125.085
17.4357 67.482 127.225
15.3472 68.7724 124.324
16.6945 66.0643 122.023
15.8855 63.3624 124.57
12.3336 64.6569 124.959
11.8194 64.6612 121.194
13.072 61.0835 120.921
10.7191 59.9471 123.681
7.75811 61.6082 121.973
8.59787 59.929 118.669
8.82451 56.5258 120.345

10.8604 53.4243 121.06
9.42037 50.4068 119.47
9.029 48.1374 122.575
10.902 45.2542 124.411
9.86525 45.6758 128.128
10.8601 47.6197 131.325
12.1703 45.2358 133.985
9.68602 46.5601 136.554
6.30449 44.8001 135.84

5.27202 41.953 138.136
3.09553 44.2819 140.205
1.38357 45.6125 137.084
0.666364 42.0878 135.857
-0.835022 41.1217 139.212
-3.07917 44.1887 139.2
-4.30047 43.4011 135.689
-5.10768 39.819 136.669
-7.07081 40.9895 139.705
-9.07659 43.4273 137.589

-12.4016 41.6403 137.061
-14.5006 44.4883 135.637
-15.2586 44.1553 131.937
-17.1406 47.1843 130.658
-18.2656 47.6473 127.078
-16.3046 49.6833 124.559

-18.5906 52.7133 124.85
-18.6896 52.6423 128.65
-14.9026 52.9483 128.487
-14.9736 55.6883 125.846
-17.3906 57.6973 128.002
-15.3306 57.2443 131.184
-12.3136 58.7173 129.355
-14.5066 61.4893 127.86
-16.0366 62.4173 131.235
-12.7026 62.7923 133.045

-11.6073 65.0776 130.152
-10.3961 67.6088 127.685
-9.19256 69.9951 124.951
-5.45831 70.6303 125.581
-4.42961 73.3796 128.015
-6.5215 70.8317 129.874
-6.98705 67.1302 130.007
-7.64168 65.7304 133.451
-10.6613 67.5468 135.113
-13.6488 67.7943 137.473

-11.0859 66.9983 140.164
-13.5203 64.6765 141.932
-14.2727 62.8396 138.691
-10.5682 62.3726 137.983
-9.97798 60.9805 141.469
-12.8438 58.5158 141.076

-12.4688 56.9868 144.558
-12.6488 60.3808 146.386

End chain 1
