9.675 45.053 37.07
10.06 47.656 34.334
11.345 51.215 34.643
9.093 54.194 33.894

10.941 54.669 30.614
10.587 51.147 29.357
6.872 51.146 30.143
6.375 54.381 28.128
8.313 52.981 25.228
6.406 49.72 25.337
3.144 51.624 25.507
4.068 53.646 22.383
4.862 50.444 20.445
1.723 48.722 21.697
-0.413 51.697 20.656
1.114 51.623 17.211
-0.251 48.063 16.774
-3.552 48.834 18.489

-4.83 50.903 15.547
-8.5 50.66 16.584
-7.793 51.729 20.147
-9.689 48.952 21.884
-6.734 48.302 24.221
-5.89 44.868 22.816

-3.836 43.256 20.059
-3.993 39.759 18.46
-1.443 37.06 19.349

-0.031 37.433 15.806
0.531 41.169 16.353
2.142 40.171 19.691
5.07 38.397 18.022
5.507 41.183 15.474
5.508 43.89 18.161

10.362 41.534 17.509

10.189 45.265 16.764
11.203 45.799 20.383
14.158 43.45 20.06

15.6043 44.7975 16.7368
16.3347 44.9903 12.9428
17.0765 45.3461 9.32253
13.8182 47.0476 10.3584
12.203 48.7094 13.4704

9.8494 50.0712 16.1254
12.7197 51.7943 17.9241
13.9074 53.4025 14.6921
10.4119 54.6863 13.9329
10.1039 56.1893 17.4098

6.93088 60.4763 17.0398

5.20588 57.4593 18.6208
6.86288 58.2383 21.9318
5.98788 61.9413 22.1448
2.78188 61.9043 20.1088

1.31217 58.6868 21.2082
-1.36326 56.0547 20.1579
-1.08477 55.8242 16.3778
1.74609 55.056 13.8489
-0.5824 53.8168 11.1134
-0.681345 54.4328 7.36233

-1.01415 50.5605 7.26552
2.51875 49.1025 6.925
3.66276 45.5174 6.07881

4.47376 44.3004 9.60181
4.69876 40.7224 8.28581
7.02676 42.0364 5.59581
9.18876 43.8094 8.16281

9.41976 40.5934 10.1928
14.4328 41.1934 9.74781
14.7478 37.4314 9.59481
16.3978 37.4394 6.15581
19.7348 38.0104 10.5618

20.2148 34.8204 8.50881
22.3308 36.5904 5.93481
24.5568 37.9964 8.64081
24.9478 34.6594 10.4128
25.9398 32.9054 7.17981
28.4948 35.6114 6.48681
29.8438 35.4144 10.0148
30.2558 31.6574 9.52781
31.9718 32.0194 6.17481
34.4108 34.5034 7.67881
34.9578 32.1374 10.5998
35.6378 29.3184 8.14981
38.2418 31.2924 6.15381
40.0528 31.8154 9.45981
40.4078 28.1514 10.4748
41.0648 27.0134 6.90381

44.4758 28.7414 6.70081
45.4928 27.4884 3.23581
41.9748 28.0554 1.92581
41.7698 24.6414 0.305813
38.2668 24.2184 1.66181
39.0608 21.7434 4.43781
39.9568 22.3414 8.03981
42.6758 19.8924 9.02581
43.6388 18.9184 12.5708

46.8128 20.9884 12.2518
44.7268 24.0514 11.3308
42.2528 23.5914 14.1508
45.2398 23.4464 16.4938
47.0318 26.4034 14.9068
43.8558 28.3064 15.8398
46.6748 27.9694 20.1728
46.7158 31.4674 18.6488
43.3168 31.9964 20.2878
44.5288 31.2364 23.8098

42.6278 27.9934 24.2658
44.7988 25.1094 25.4248
43.8068 21.6054 24.4258
45.5308 18.2424 24.1398
46.0268 16.9804 20.5938

43.7328 14.0194 21.2948
41.0798 16.6364 22.0738
41.9148 18.6854 18.9578
41.5498 15.4414 17.0328
38.2018 14.7304 18.6558
37.6058 17.0204 14.0428
36.4578 13.3904 14.4018
32.9698 14.4274 15.4868
32.7068 17.3174 12.9988

34.5582 16.2751 9.86487
35.4717 15.54 6.21578
34.4175 18.8002 4.73697
33.2244 19.6208 1.32356
32.3502 21.9892 -1.63727
28.6878 22.092 -1.03724
28.6655 21.4766 2.77044
26.8225 21.7447 6.12574
24.6097 21.7306 3.04403
22.5232 21.005 0.0277783

24.0475 20.2275 -3.36556
26.2204 17.4913 -1.8706
23.2207 15.9153 -0.149884
21.2346 15.9252 -3.39

19.7776 12.7842 -1.823
17.4916 17.3092 0.753001
16.8046 14.0352 2.539

End chain 1
