9.675 45.053 37.07
10.06 47.656 34.334
11.345 51.215 34.643
9.093 54.194 33.894

10.941 54.669 30.614
10.587 51.147 29.357
6.872 51.146 30.143
6.375 54.381 28.128
8.313 52.981 25.228
6.406 49.72 25.337
3.144 51.624 25.507
4.068 53.646 22.383
4.862 50.444 20.445
1.723 48.722 21.697
-0.413 51.697 20.656
1.114 51.623 17.211
-0.251 48.063 16.774
-3.552 48.834 18.489

-4.83 50.903 15.547
-8.5 50.66 16.584
-7.793 51.729 20.147
-9.689 48.952 21.884
-6.734 48.302 24.221
-5.89 44.868 22.816

-3.836 43.256 20.059
-3.993 39.759 18.46
-1.443 37.06 19.349

-0.031 37.433 15.806
0.531 41.169 16.353
2.142 40.171 19.691
5.07 38.397 18.022
5.507 41.183 15.474
5.508 43.89 18.161

10.362 41.534 17.509

10.189 45.265 16.764
11.203 45.799 20.383
14.158 43.45 20.06

15.8532 42.3124 16.8068
16.8139 39.8299 14.1791
17.3047 36.6096 12.3096
20.7601 37.0744 10.8658
21.7184 38.9838 7.66702

18.5576 40.5267 9.10632
20.5706 42.5391 11.6245
22.8685 43.8416 8.89213
19.9012 44.9028 6.76813
18.3407 46.7514 9.69911

15.1677 51.0384 9.32911

13.4427 48.0214 10.9101
15.0997 48.8004 14.2211
14.2247 52.5034 14.4341
11.0187 52.4664 12.3981

10.3929 49.2656 14.3895
9.46801 45.8188 12.8642
8.53344 42.3885 11.3909
10.1127 40.6448 8.47994
11.9958 39.0728 11.4769
12.05 36.1483 13.9202

13.7135 36.8761 17.2965
15.5913 38.2517 20.3702
18.3602 38.3519 23.0028

19.1712 37.1349 26.5258
19.3962 33.5569 25.2098
21.7242 34.8709 22.5198
23.8862 36.6439 25.0868

24.1172 33.4279 27.1168
29.1302 34.0279 26.6718
29.4452 30.2659 26.5188
31.0952 30.2739 23.0798
34.4322 30.8449 27.4858

34.9122 27.6549 25.4328
37.0282 29.4249 22.8588
39.2542 30.8309 25.5648
39.6452 27.4939 27.3368
40.6372 25.7399 24.1038
43.1922 28.4459 23.4108
44.5412 28.2489 26.9388
44.9532 24.4919 26.4518
46.6692 24.8539 23.0988
49.1082 27.3379 24.6028
49.6552 24.9719 27.5238
50.3352 22.1529 25.0738
52.9392 24.1269 23.0778
54.7502 24.6499 26.3838
55.1052 20.9859 27.3988
55.7622 19.8479 23.8278

59.1732 21.5759 23.6248
60.1902 20.3229 20.1598
56.6722 20.8899 18.8498
56.4672 17.4759 17.2298
52.9642 17.0529 18.5858
53.7582 14.5779 21.3618
54.6542 15.1759 24.9638
57.3732 12.7269 25.9498
58.3362 11.7529 29.4948

61.5102 13.8229 29.1758
59.4242 16.8859 28.2548
56.9502 16.4259 31.0748
59.9372 16.2809 33.4178
61.7292 19.2379 31.8308
58.5532 21.1409 32.7638
61.3722 20.8039 37.0968
61.4132 24.3019 35.5728
58.0142 24.8309 37.2118
59.2262 24.0709 40.7338

57.3252 20.8279 41.1898
59.4962 17.9439 42.3488
58.5042 14.4399 41.3498
60.2282 11.0769 41.0638
60.7242 9.81487 37.5178

58.4302 6.85387 38.2188
55.7772 9.47087 38.9978
56.6122 11.5199 35.8818
56.2472 8.27587 33.9568
52.8992 7.56487 35.5798
52.3032 9.85487 30.9668
51.1552 6.22487 31.3258
47.6672 7.26187 32.4108
47.4042 10.1519 29.9228

48.3894 7.99738 26.9637
49.4377 7.22621 23.3086
49.9836 5.30623 20.0727
46.8422 7.25358 19.7164
46.9539 11.0932 20.149
46.053 11.1865 23.9048
43.2576 9.42423 25.6007
40.5441 11.9353 25.9166
37.7262 14.4841 26.5019
35.0909 12.0355 25.5383

33.4678 12.1018 28.9739
35.2036 15.3704 29.8376
34.0438 16.9579 26.5852
30.4556 15.8832 27.2275

28.9986 12.7422 28.7945
26.7126 17.2672 31.3705
26.0256 13.9932 33.1565

End chain 1
