28.422 55.412 128.746
26.585 52.466 130.299

28.171 52.666 133.746
27.666 56.436 133.804
23.987 55.468 133.716
24.443 52.827 136.422
26.108 55.456 138.622
23.096 57.675 137.95
20.515 55.099 138.99
22.579 54.604 142.156
22.386 58.351 142.807
18.65 58.418 142.058
17.944 55.62 144.549
19.865 57.433 147.285
17.944 60.663 146.691
14.628 58.802 146.456

15.3643 57.1834 149.749
15.7844 53.6997 151.393
14.9172 50.9484 153.821
16.8198 53.5429 155.981
18.1262 57.1431 156.377
21.721 55.7675 156.797
22.4918 56.0903 160.425
24.6248 54.477 163.224
22.2698 55.1091 166.215

18.7947 56.5283 166.809
20.085 58.7876 169.579
22.8779 60.0851 167.352
20.4226 60.8515 164.554
18.151 62.7504 166.937
21.0687 64.8165 168.226
22.1351 65.6963 164.686
18.6071 66.7901 163.791
18.4068 69.0014 166.876
21.7316 70.6397 166.036

21.9646 74.0217 167.767
19.2156 75.7777 165.801
16.1786 77.6697 167.103
13.7786 77.8307 164.139
10.3556 79.3157 164.706
7.23556 77.2967 163.998

6.66956 79.4837 160.899
10.1786 78.5987 159.716
9.55556 74.8637 160.247
6.28556 75.0477 158.302
8.24556 76.8727 155.575
10.8476 74.1157 155.343
8.03456 71.6127 154.902

9.19556 74.0967 150.263
9.14756 70.3427 149.459
5.50056 69.5427 150.229
4.46856 68.3967 146.772
1.12656 66.9147 147.851
0.251557 69.8207 150.146
-0.608443 67.7947 153.273
1.72856 69.6167 155.685
4.09856 66.6827 156.322
7.17556 65.2887 154.586
7.05656 61.7757 153.175
10.0966 59.9717 151.885

9.83556 61.1717 148.245
9.48856 64.8027 149.366
12.3596 64.1867 151.79
14.5806 63.2817 148.844
13.7286 66.7147 147.466
14.7976 68.1457 150.802
17.9656 66.0177 150.947
18.6396 67.0887 147.359

18.0546 70.4447 149.129
15.6676 71.4407 146.363
12.3706 73.2157 146.052
9.31556 71.2647 144.957

8.74156 73.1187 141.623
12.2846 72.4067 140.579
11.8246 68.7717 141.578
8.50356 68.5557 139.733
10.0586 70.0657 136.59
12.7646 67.3807 136.608
10.1006 64.6857 136.959
7.95756 66.0927 134.144
11.0806 66.1907 131.962
11.7166 62.4997 132.714
8.15756 61.6807 131.603
8.70356 63.8157 128.5
11.8196 61.8927 127.5
9.83656 58.6297 127.569
7.73056 59.9627 124.701
10.5556 61.8377 122.896

12.0746 58.6127 121.572
14.4186 60.2077 119.038
15.3786 62.8667 121.585
15.0156 65.9397 119.376
12.9036 67.8887 121.889
9.49856 67.3477 120.274
6.89756 64.6087 120.66
5.67256 63.8097 117.155
2.33956 62.0847 116.512

4.18756 58.8807 115.609
6.23656 58.9837 118.812
3.06756 59.5597 120.834
1.24056 56.6807 119.121
4.24356 54.3467 119.427
4.99856 54.9197 123.12
1.34256 54.8967 124.146
0.766557 51.5757 122.371
3.77256 50.0107 124.095
2.46156 51.2877 127.461

-0.863443 49.5007 126.933
-2.96244 52.3487 125.509
-3.72044 52.0157 121.809
-5.60244 55.0447 120.53
-6.72744 55.5077 116.95
-4.76644 57.5437 114.431

-7.05244 60.5737 114.722
-7.15144 60.5027 118.522
-3.36444 60.8087 118.359
-3.43544 63.5487 115.718
-5.85244 65.5577 117.874
-3.79244 65.1047 121.056
-0.775443 66.5777 119.227
-2.96844 69.3497 117.732
-4.49844 70.2777 121.107
-1.16444 70.6527 122.917

-0.124484 72.8928 119.984
1.85675 74.3911 117.194
3.52029 75.7374 113.947
0.967358 78.2113 115.324
-0.804383 80.8803 117.216
-4.03084 80.4559 119.309
-2.19307 80.1084 122.712
-3.59884 83.4846 123.748
-5.40248 86.4012 125.169
-3.61107 89.6033 125.9

-1.07187 90.8044 128.46
-1.25859 87.505 130.336
-0.713939 85.5393 127.13
2.32161 87.6455 126.24
3.82538 87.1096 129.689
3.33046 83.3507 129.427

3.70546 81.8217 132.909
3.52546 85.2157 134.737

End chain 1
