28.422 55.412 128.746
26.585 52.466 130.299

28.171 52.666 133.746
27.666 56.436 133.804
23.987 55.468 133.716
24.443 52.827 136.422
26.108 55.456 138.622
23.096 57.675 137.95
20.515 55.099 138.99
22.579 54.604 142.156
22.386 58.351 142.807
18.65 58.418 142.058
17.944 55.62 144.549
19.865 57.433 147.285
17.944 60.663 146.691
14.628 58.802 146.456

14.568 58.126 150.193
11.242 56.298 150.293
11.816 54.283 147.128
8.593 55.291 145.378
10.47 56.019 142.135
10.009 59.825 142.404
12.073 62.656 143.9
10.114 65.344 145.775
11.215 68.834 146.805

11.654 67.495 150.326
13.909 64.645 149.206
15.82 67.046 146.977
16.201 69.561 149.811
17.576 66.911 152.158
20.327 66.169 149.641
21.067 69.825 148.898
21.233 70.612 152.617
23.582 67.665 153.226
26.038 69.29 150.765

27.2119 72.2979 152.847
28.2367 74.6402 155.779
30.841 73.0388 158.162
31.6875 71.9054 154.707
31.9858 74.211 151.728
33.2802 77.505 152.968

36.2848 77.6973 150.649
38.4134 75.7005 153.083
35.7434 73.0105 153.362
35.4912 72.7324 149.58
39.2608 72.3724 149.259
39.3201 69.6269 151.886
36.55 67.7298 150.105

37.711 70.2138 145.466
37.663 66.4598 144.662
34.016 65.6598 145.432
32.984 64.5138 141.975
29.642 63.0318 143.054
28.767 65.9378 145.349
27.907 63.9118 148.476
30.244 65.7338 150.888
32.614 62.7998 151.525
35.691 61.4058 149.789
35.572 57.8928 148.378
38.612 56.0888 147.088

38.351 57.2888 143.448
38.004 60.9198 144.569
40.875 60.3038 146.993
43.096 59.3988 144.047
42.244 62.8318 142.669
43.313 64.2628 146.005
46.481 62.1348 146.15
47.155 63.2058 142.562

46.57 66.5618 144.332
44.183 67.5578 141.566
40.886 69.3328 141.255
37.831 67.3818 140.16

37.257 69.2358 136.826
40.8 68.5238 135.782
40.34 64.8888 136.781
37.019 64.6728 134.936
38.574 66.1828 131.793
41.28 63.4978 131.811
38.616 60.8028 132.162
36.473 62.2098 129.347
39.596 62.3078 127.165
40.232 58.6168 127.917
36.673 57.7978 126.806
37.219 59.9328 123.703
40.335 58.0098 122.703
38.352 54.7468 122.772
36.246 56.0798 119.904
39.071 57.9548 118.099

40.6316 54.4774 117.4
42.1003 51.8495 115.233
43.6963 48.8807 117.026
47.3165 48.7717 118.232
46.9713 45.376 116.501
46.1407 41.9714 114.961
48.115 39.828 117.514
47.8428 42.2104 120.356
45.4481 40.7755 123.034

44.2397 40.543 126.629
44.7601 44.2718 127.147
42.808 45.0813 123.989
39.9216 42.8677 125.089
39.8079 44.5448 128.498
39.7376 47.9948 126.905
36.8805 46.9844 124.612
34.8756 45.6343 127.545
35.3836 48.8538 129.499
34.232 50.9446 126.542

30.907 49.1576 126.014
28.808 52.0056 124.59
28.05 51.6726 120.89
26.168 54.7016 119.611
25.043 55.1646 116.031
27.004 57.2006 113.512

24.718 60.2306 113.803
24.619 60.1596 117.603
28.406 60.4656 117.44
28.335 63.2056 114.799
25.918 65.2146 116.955
27.978 64.7616 120.137
30.995 66.2346 118.308
28.802 69.0066 116.813
27.272 69.9346 120.188
30.606 70.3096 121.998

32.1755 72.2419 119.069
35.5606 73.2216 120.197
38.7113 73.4967 122.274
37.4728 76.6865 123.918
35.4705 76.4058 127.051
31.7088 77.353 126.75
28.8148 78.7421 128.743
28.6595 76.7737 132
28.4096 73.0239 132.677
28.305 69.4225 134.123

26.6138 66.6051 132.214
23.8667 66.3526 134.828
23.2386 70.0974 134.67
22.9854 69.9927 130.88
20.4928 67.1278 131.028
18.3449 68.9993 133.544

18.7199 67.4703 137.026
18.5399 70.8643 138.854

End chain 1
