9.675 45.053 37.07
10.06 47.656 34.334
11.345 51.215 34.643
9.093 54.194 33.894

10.941 54.669 30.614
10.587 51.147 29.357
6.872 51.146 30.143
6.375 54.381 28.128
8.313 52.981 25.228
6.406 49.72 25.337
3.144 51.624 25.507
4.068 53.646 22.383
4.862 50.444 20.445
1.723 48.722 21.697
-0.413 51.697 20.656
1.114 51.623 17.211
-0.251 48.063 16.774
-3.552 48.834 18.489

-4.83 50.903 15.547
-8.5 50.66 16.584
-7.793 51.729 20.147
-9.689 48.952 21.884
-6.734 48.302 24.221
-5.89 44.868 22.816

-3.836 43.256 20.059
-3.993 39.759 18.46
-1.443 37.06 19.349

-0.031 37.433 15.806
0.531 41.169 16.353
2.142 40.171 19.691
5.07 38.397 18.022
5.507 41.183 15.474
5.508 43.89 18.161

10.362 41.534 17.509

10.189 45.265 16.764
11.203 45.799 20.383
14.158 43.45 20.06

15.2173 44.8202 16.6705
18.6688 45.4448 15.0005
22.3027 44.0979 14.7315
21.8343 43.5575 11.0765
20.6057 45.1225 7.93246

19.2333 42.7997 5.25588
16.3114 41.8105 7.47551
15.4816 45.4532 8.17182
15.5291 46.274 4.46143
13.2026 43.3696 3.69038

10.0296 47.6566 3.32038

8.30456 44.6396 4.90138
9.96156 45.4186 8.21238
9.08656 49.1216 8.42538
5.88056 49.0846 6.38938

5.25469 45.8838 8.38074
4.32983 42.437 6.85543
3.39525 39.0067 5.38215
4.97453 37.263 2.4712
6.85764 35.691 5.46818
6.9118 32.7665 7.91146

8.57529 33.4942 11.2878
10.4531 34.8698 14.3614
13.222 34.97 16.9941

14.033 33.753 20.5171
14.258 30.175 19.2011
16.586 31.489 16.5111
18.748 33.262 19.0781

18.979 30.046 21.1081
23.992 30.646 20.6631
24.307 26.884 20.5101
25.957 26.892 17.0711
29.294 27.463 21.4771

29.774 24.273 19.4241
31.89 26.043 16.8501
34.116 27.449 19.5561
34.507 24.112 21.3281
35.499 22.358 18.0951
38.054 25.064 17.4021
39.403 24.867 20.9301
39.815 21.11 20.4431
41.531 21.472 17.0901
43.97 23.956 18.5941
44.517 21.59 21.5151
45.197 18.771 19.0651
47.801 20.745 17.0691
49.612 21.268 20.3751
49.967 17.604 21.3901
50.624 16.466 17.8191

54.035 18.194 17.6161
55.052 16.941 14.1511
51.534 17.508 12.8411
51.329 14.094 11.2211
47.826 13.671 12.5771
48.62 11.196 15.3531
49.516 11.794 18.9551
52.235 9.34503 19.9411
53.198 8.37103 23.4861

56.372 10.441 23.1671
54.286 13.504 22.2461
51.812 13.044 25.0661
54.799 12.899 27.4091
56.591 15.856 25.8221
53.415 17.759 26.7551
56.234 17.422 31.0881
56.275 20.92 29.5641
52.876 21.449 31.2031
54.088 20.689 34.7251

52.187 17.446 35.1811
54.358 14.562 36.3401
53.366 11.058 35.3411
55.09 7.69503 35.0551
55.586 6.43303 31.5091

53.292 3.47203 32.2101
50.639 6.08903 32.9891
51.474 8.13803 29.8731
51.109 4.89403 27.9481
47.761 4.18303 29.5711
47.165 6.47303 24.9581
46.017 2.84303 25.3171
42.529 3.88003 26.4021
42.266 6.77003 23.9141

43.2513 4.61554 20.955
44.2996 3.84438 17.2999
44.8454 1.9244 14.064
41.704 3.87175 13.7077
41.8157 7.71137 14.1402
40.9149 7.8047 17.896
38.1194 6.0424 19.592
35.4059 8.55347 19.9078
32.588 11.1023 20.4932
29.9528 8.65365 19.5295

28.3296 8.71998 22.9652
30.0654 11.9886 23.8289
28.9057 13.5761 20.5765
25.3174 12.5014 21.2187

23.8604 9.36041 22.7857
21.5744 13.8854 25.3617
20.8874 10.6114 27.1477

End chain 1
