28.422 55.412 128.746
26.585 52.466 130.299

28.171 52.666 133.746
27.666 56.436 133.804
23.987 55.468 133.716
24.443 52.827 136.422
26.108 55.456 138.622
23.096 57.675 137.95
20.515 55.099 138.99
22.579 54.604 142.156
22.386 58.351 142.807
18.65 58.418 142.058
17.944 55.62 144.549
19.865 57.433 147.285
17.944 60.663 146.691
14.628 58.802 146.456

14.568 58.126 150.193
11.242 56.298 150.293
11.816 54.283 147.128
8.593 55.291 145.378
10.47 56.019 142.135
10.009 59.825 142.404
12.073 62.656 143.9
10.114 65.344 145.775
11.215 68.834 146.805

11.654 67.495 150.326
13.909 64.645 149.206
15.82 67.046 146.977
16.201 69.561 149.811
17.576 66.911 152.158
20.327 66.169 149.641
21.067 69.825 148.898
21.233 70.612 152.617
23.582 67.665 153.226
26.038 69.29 150.765

25.6234 72.6916 152.429
27.3476 73.727 155.735
28.755 74.8038 159.125
31.3534 76.7047 156.997
30.3618 78.2633 153.588
33.0813 76.9556 151.323

36.355 77.5336 149.481
38.2921 75.602 152.119
35.8747 72.6784 151.893
36.1932 72.583 148.107
39.9871 72.571 148.329
39.9283 69.7039 150.823
37.6322 67.6709 148.579

38.7932 70.1549 143.94
38.7452 66.4009 143.136
35.0982 65.6009 143.906
34.0662 64.4549 140.449
30.7242 62.9729 141.528
29.8492 65.8789 143.823
28.9892 63.8529 146.95
31.3262 65.6749 149.362
33.6962 62.7409 149.999
36.7732 61.3469 148.263
36.6542 57.8339 146.852
39.6942 56.0299 145.562

39.4332 57.2299 141.922
39.0862 60.8609 143.043
41.9572 60.2449 145.467
44.1782 59.3399 142.521
43.3262 62.7729 141.143
44.3952 64.2039 144.479
47.5632 62.0759 144.624
48.2372 63.1469 141.036

47.6522 66.5029 142.806
45.2652 67.4989 140.04
41.9682 69.2739 139.729
38.9132 67.3229 138.634

38.3392 69.1769 135.3
41.8822 68.4649 134.256
41.4222 64.8299 135.255
38.1012 64.6139 133.41
39.6562 66.1239 130.267
42.3622 63.4389 130.285
39.6982 60.7439 130.636
37.5552 62.1509 127.821
40.6782 62.2489 125.639
41.3142 58.5579 126.391
37.7552 57.7389 125.28
38.3012 59.8739 122.177
41.4172 57.9509 121.177
39.4342 54.6879 121.246
37.3282 56.0209 118.378
40.1532 57.8959 116.573

41.7138 54.4185 115.873
43.1825 51.7906 113.707
44.7785 48.8217 115.499
48.3987 48.7128 116.705
48.0535 45.3171 114.975
47.2229 41.9125 113.435
49.1972 39.7691 115.988
48.925 42.1515 118.83
46.5303 40.7166 121.507

45.3219 40.4841 125.103
45.8423 44.2129 125.621
43.8902 45.0224 122.462
41.0038 42.8088 123.563
40.8901 44.4859 126.971
40.8198 47.9359 125.379
37.9627 46.9255 123.086
35.9578 45.5754 126.018
36.4658 48.7949 127.973
35.3142 50.8857 125.015

31.9892 49.0987 124.487
29.8902 51.9467 123.063
29.1322 51.6137 119.363
27.2502 54.6427 118.084
26.1252 55.1057 114.504
28.0862 57.1417 111.985

25.8002 60.1717 112.276
25.7012 60.1007 116.076
29.4882 60.4067 115.913
29.4172 63.1467 113.272
27.0002 65.1557 115.428
29.0602 64.7027 118.61
32.0772 66.1757 116.781
29.8842 68.9477 115.286
28.3542 69.8757 118.661
31.6882 70.2507 120.471

33.2577 72.183 117.543
36.6428 73.1627 118.671
39.7935 73.4378 120.747
38.555 76.6276 122.392
36.5527 76.3469 125.525
32.791 77.2941 125.223
29.897 78.6832 127.216
29.7417 76.7148 130.473
29.4918 72.965 131.151
29.3872 69.3636 132.597

27.696 66.5462 130.688
24.9489 66.2937 133.302
24.3208 70.0385 133.144
24.0676 69.9338 129.353
21.575 67.0689 129.502
19.4271 68.9404 132.017

19.8021 67.4114 135.499
19.6221 70.8054 137.327

End chain 1
