28.422 55.412 128.746
26.585 52.466 130.299

28.171 52.666 133.746
27.666 56.436 133.804
23.987 55.468 133.716
24.443 52.827 136.422
26.108 55.456 138.622
23.096 57.675 137.95
20.515 55.099 138.99
22.579 54.604 142.156
22.386 58.351 142.807
18.65 58.418 142.058
17.944 55.62 144.549
19.865 57.433 147.285
17.944 60.663 146.691
14.628 58.802 146.456

13.1311 56.4708 149.059
15.0486 53.3954 148.014
17.8639 50.9121 148.788
14.6178 49.0552 148.732
12.7029 49.5512 145.448
10.7535 51.8027 147.804
9.1156 54.1797 145.274
11.1232 57.4813 145.372
8.71162 59.8612 147.269

6.70143 62.4647 145.365
7.47027 65.112 147.981
11.1864 64.333 147.817
11.1764 64.6112 144.027
9.41644 67.9759 144.182
11.9449 69.2917 146.696
14.8453 68.1794 144.506
13.3378 69.8962 141.469
12.8748 73.1321 143.408
16.484 73.0506 144.595

18.0706 72.7701 141.095
19.6475 71.7544 137.743
21.6515 72.269 134.494
18.113 72.3481 133.079
14.4106 72.1267 132.791
13.4813 70.579 129.425

16.9078 68.9877 129.012
16.2457 66.5877 131.884
12.9078 65.5617 130.384
14.5183 64.9029 127.006
17.2145 62.7521 128.602
14.6135 60.7135 130.478
12.6289 60.1309 127.29

13.7899 62.6149 122.651
13.7419 58.8609 121.847
10.0949 58.0609 122.617
9.0629 56.9149 119.16
5.7209 55.4329 120.239
4.8459 58.3389 122.534
3.9859 56.3129 125.661
6.3229 58.1349 128.073
8.6929 55.2009 128.71
11.7699 53.8069 126.974
11.6509 50.2939 125.563
14.6909 48.4899 124.273

14.4299 49.6899 120.633
14.0829 53.3209 121.754
16.9539 52.7049 124.178
19.1749 51.7999 121.232
18.3229 55.2329 119.854
19.3919 56.6639 123.19
22.5599 54.5359 123.335
23.2339 55.6069 119.747

22.6489 58.9629 121.517
20.2619 59.9589 118.751
16.9649 61.7339 118.44
13.9099 59.7829 117.345

13.3359 61.6369 114.011
16.8789 60.9249 112.967
16.4189 57.2899 113.966
13.0979 57.0739 112.121
14.6529 58.5839 108.978
17.3589 55.8989 108.996
14.6949 53.2039 109.347
12.5519 54.6109 106.532
15.6749 54.7089 104.35
16.3109 51.0179 105.102
12.7519 50.1989 103.991
13.2979 52.3339 100.888
16.4139 50.4109 99.8879
14.4309 47.1479 99.9569
12.3249 48.4809 97.0889
15.1499 50.3559 95.2839

17.1854 47.2425 94.8337
19.0102 43.9523 94.1175
22.5739 44.3214 92.6234
24.5238 47.002 94.2767
23.5892 45.7443 97.6845
25.339 42.6719 99.2539
27.7687 45.2502 98.1655
27.6066 48.4985 99.9714
25.4487 46.6543 102.35

25.6843 44.9084 105.717
22.2197 46.1234 106.698
20.7483 44.8731 103.425
22.3367 41.4541 103.905
20.9486 41.1972 107.433
17.4572 42.093 106.229
17.6182 39.4562 103.497
18.7088 36.802 105.989
15.8484 37.6859 108.329
13.3278 37.4503 105.495

10.0028 35.6633 104.967
7.90384 38.5113 103.543
7.14584 38.1783 99.8429
5.26384 41.2073 98.5639
4.13884 41.6703 94.9839
6.09984 43.7063 92.4649

3.81384 46.7363 92.7559
3.71484 46.6653 96.5559
7.50184 46.9713 96.3929
7.43084 49.7113 93.7519
5.01384 51.7203 95.9079
7.07384 51.2673 99.0899
10.0908 52.7403 97.2609
7.89784 55.5123 95.7659
6.36784 56.4403 99.1409
9.70184 56.8153 100.951

10.8421 58.9646 98.0305
12.1786 59.4281 94.5285
13.5617 61.7685 91.9668
16.9564 59.9044 92.3151
20.7183 60.7586 92.6657
24.5741 60.8021 92.666
26.3148 62.3564 95.6225
28.8245 63.9035 98.119
28.7185 64.4059 101.925
31.2477 61.802 102.786

32.1099 60.1723 106.109
28.4578 60.1587 107.161
27.4184 58.5511 103.878
30.0537 55.8396 104.259
28.8955 55.0769 107.798
25.2816 54.7918 106.657

25.6566 53.2628 110.139
25.4766 56.6568 111.967

End chain 1
