28.422 55.412 128.746
26.585 52.466 130.299

28.171 52.666 133.746
27.666 56.436 133.804
23.987 55.468 133.716
24.443 52.827 136.422
26.108 55.456 138.622
23.096 57.675 137.95
20.515 55.099 138.99
22.579 54.604 142.156
22.386 58.351 142.807
18.65 58.418 142.058
17.944 55.62 144.549
19.865 57.433 147.285
17.944 60.663 146.691
14.628 58.802 146.456

14.568 58.126 150.193
11.242 56.298 150.293
11.816 54.283 147.128
8.593 55.291 145.378
10.47 56.019 142.135
10.009 59.825 142.404
12.073 62.656 143.9
10.114 65.344 145.775
11.215 68.834 146.805

11.654 67.495 150.326
13.909 64.645 149.206
15.82 67.046 146.977
16.201 69.561 149.811
17.576 66.911 152.158
20.327 66.169 149.641
21.067 69.825 148.898
21.233 70.612 152.617
23.582 67.665 153.226
26.038 69.29 150.765

26.271 72.672 152.496
23.522 74.428 150.53
20.485 76.32 151.832
18.085 76.481 148.868
14.662 77.966 149.435
11.542 75.947 148.727

10.976 78.134 145.628
14.485 77.249 144.445
13.862 73.514 144.976
10.592 73.698 143.031
12.552 75.523 140.304
15.154 72.766 140.072
12.341 70.263 139.631

13.502 72.747 134.992
13.454 68.993 134.188
9.807 68.193 134.958
8.775 67.047 131.501
5.433 65.565 132.58
4.558 68.471 134.875
3.698 66.445 138.002
6.035 68.267 140.414
8.405 65.333 141.051
11.482 63.939 139.315
11.363 60.426 137.904
14.403 58.622 136.614

14.142 59.822 132.974
13.795 63.453 134.095
16.666 62.837 136.519
18.887 61.932 133.573
18.035 65.365 132.195
19.104 66.796 135.531
22.272 64.668 135.676
22.946 65.739 132.088

22.361 69.095 133.858
19.974 70.091 131.092
16.677 71.866 130.781
13.622 69.915 129.686

13.048 71.769 126.352
16.591 71.057 125.308
16.131 67.422 126.307
12.81 67.206 124.462
14.365 68.716 121.319
17.071 66.031 121.337
14.407 63.336 121.688
12.264 64.743 118.873
15.387 64.841 116.691
16.023 61.15 117.443
12.464 60.331 116.332
13.01 62.466 113.229
16.126 60.543 112.229
14.143 57.28 112.298
12.037 58.613 109.43
14.862 60.488 107.625

16.8979 57.3865 108.34
15.4579 54.369 106.75
15.0665 52.0996 109.855
16.9395 49.2164 111.691
15.9027 49.638 115.408
16.8976 51.582 118.605
18.2078 49.198 121.265
15.7235 50.5223 123.834
12.342 48.7623 123.12

11.3095 45.9152 125.416
9.13302 48.2442 127.485
7.42106 49.5747 124.364
6.70385 46.05 123.137
5.20247 45.0839 126.492
2.95832 48.1509 126.48
1.73702 47.3633 122.969
0.929807 43.7812 123.948
-1.03332 44.9517 126.985
-3.0391 47.3895 124.869

-6.3641 45.6025 124.341
-8.4631 48.4505 122.917
-9.2211 48.1175 119.217
-11.1031 51.1465 117.938
-12.2281 51.6095 114.358
-10.2671 53.6455 111.839

-12.5531 56.6755 112.13
-12.6521 56.6045 115.93
-8.8651 56.9105 115.767
-8.9361 59.6505 113.126
-11.3531 61.6595 115.282
-9.2931 61.2065 118.464
-6.2761 62.6795 116.635
-8.4691 65.4515 115.14
-9.9991 66.3795 118.515
-6.6651 66.7545 120.325

-4.8611 68.1955 117.256
-4.8721 71.8615 118.254
-2.3801 73.3225 115.769
-3.8231 71.3045 112.859
-0.669096 69.4965 111.723
-2.4971 66.1435 111.844
-0.588096 64.7175 114.831
-0.720096 65.0165 118.627
2.2929 66.5605 120.313
3.0669 66.5405 124.014

1.2739 69.7425 124.996
-1.7831 68.5665 123.076
-1.5421 65.1805 124.841
-1.4611 66.9785 128.218
-4.4751 69.0605 127.204
-6.4231 66.1145 125.873

-6.0481 64.5855 129.355
-6.2281 67.9795 131.183

End chain 1
