9.675 45.053 37.07
10.06 47.656 34.334
11.345 51.215 34.643
9.093 54.194 33.894

10.941 54.669 30.614
10.587 51.147 29.357
6.872 51.146 30.143
6.375 54.381 28.128
8.313 52.981 25.228
6.406 49.72 25.337
3.144 51.624 25.507
4.068 53.646 22.383
4.862 50.444 20.445
1.723 48.722 21.697
-0.413 51.697 20.656
1.114 51.623 17.211
-0.251 48.063 16.774
-3.552 48.834 18.489

-3.92887 51.6589 15.849
-4.113 54.9913 13.8932
-6.27252 57.2663 16.1543
-7.12017 61.0025 16.5008
-5.12107 61.2968 19.6102
-3.96342 61.1669 23.2152

-0.49502 60.5827 24.3974
2.78923 60.3876 26.4596
5.51212 60.5645 29.1779

6.92412 60.9375 25.6349
7.48612 64.6735 26.1819
9.09712 63.6755 29.5199
12.0251 61.9015 27.8509
12.4621 64.6875 25.3029
12.4631 67.3945 27.9899

17.3171 65.0385 27.3379

17.1441 68.7695 26.5929
18.1581 69.3035 30.2119
21.1131 66.9545 29.8889

22.1725 68.3247 26.4994
25.6239 68.9494 24.8294
29.2578 67.6024 24.5603
28.7894 67.0621 20.9054
27.5608 68.627 17.7613

26.1884 66.3042 15.0848
23.2665 65.315 17.3044
22.4367 68.9578 18.0007
22.4842 69.7785 14.2903
20.1577 66.8741 13.5192

16.9847 71.1611 13.1492

15.2597 68.1441 14.7302
16.9167 68.9231 18.0412
16.0417 72.6261 18.2542
12.8357 72.5891 16.2182

12.2098 69.3883 18.2096
11.2849 65.9415 16.6843
10.3504 62.5112 15.211
11.9296 60.7675 12.3001
13.8128 59.1955 15.297
13.8669 56.271 17.7403

15.5304 56.9988 21.1166
17.4083 58.3743 24.1903
20.1771 58.4746 26.823

20.9881 57.2576 30.346
21.2131 53.6796 29.03
23.5411 54.9936 26.34
25.7031 56.7666 28.907

25.9341 53.5506 30.937
30.9471 54.1506 30.492
31.2621 50.3886 30.339
32.9121 50.3966 26.9
36.2491 50.9676 31.306

36.7291 47.7776 29.253
38.8451 49.5476 26.679
41.0711 50.9536 29.385
41.4621 47.6166 31.157
42.4541 45.8626 27.924
45.0091 48.5686 27.231
46.3581 48.3716 30.759
46.7701 44.6146 30.272
48.4861 44.9766 26.919
50.9251 47.4606 28.423
51.4721 45.0946 31.344
52.1521 42.2756 28.894
54.7561 44.2496 26.898
56.5671 44.7726 30.204
56.9221 41.1086 31.219
57.5791 39.9706 27.648

60.9901 41.6986 27.445
62.0071 40.4456 23.98
58.4891 41.0126 22.67
58.2841 37.5986 21.05
54.7811 37.1756 22.406
55.5751 34.7006 25.182
56.4711 35.2986 28.784
59.1901 32.8496 29.77
60.1531 31.8756 33.315

63.3271 33.9456 32.996
61.2411 37.0086 32.075
58.7671 36.5486 34.895
61.7541 36.4036 37.238
63.5461 39.3606 35.651
60.3701 41.2636 36.584
63.1891 40.9266 40.917
63.2301 44.4246 39.393
59.8311 44.9536 41.032
61.0431 44.1936 44.554

59.1421 40.9506 45.01
61.3131 38.0666 46.169
60.3211 34.5626 45.17
62.0451 31.1996 44.884
62.5411 29.9376 41.338

60.2471 26.9766 42.039
57.5941 29.5936 42.818
58.4291 31.6426 39.702
58.0641 28.3986 37.777
54.7161 27.6876 39.4
54.1201 29.9776 34.787
52.9721 26.3476 35.146
49.4841 27.3846 36.231
49.2211 30.2746 33.743

50.2064 28.1201 30.7838
51.2547 27.3489 27.1287
51.8005 25.4289 23.8928
48.6591 27.3763 23.5366
48.7708 31.2159 23.9691
47.87 31.3092 27.7249
45.0745 29.5469 29.4209
42.361 32.058 29.7367
39.5431 34.6068 30.322
36.9079 32.1582 29.3584

35.2847 32.2245 32.7941
37.0205 35.4931 33.6577
35.8608 37.0806 30.4054
32.2725 36.0059 31.0476

30.8155 32.8649 32.6146
28.5295 37.3899 35.1906
27.8425 34.1159 36.9766

End chain 1
