28.422 55.412 128.746
26.585 52.466 130.299

28.171 52.666 133.746
27.666 56.436 133.804
23.987 55.468 133.716
24.443 52.827 136.422
26.108 55.456 138.622
23.096 57.675 137.95
20.515 55.099 138.99
22.579 54.604 142.156
22.386 58.351 142.807
18.65 58.418 142.058
17.944 55.62 144.549
19.865 57.433 147.285
17.944 60.663 146.691
14.628 58.802 146.456

14.568 58.126 150.193
11.242 56.298 150.293
11.816 54.283 147.128
8.593 55.291 145.378
10.47 56.019 142.135
10.009 59.825 142.404
12.073 62.656 143.9
10.114 65.344 145.775
11.215 68.834 146.805

11.654 67.495 150.326
13.909 64.645 149.206
15.82 67.046 146.977
16.201 69.561 149.811
17.576 66.911 152.158
20.327 66.169 149.641
21.067 69.825 148.898
21.233 70.612 152.617
23.582 67.665 153.226
26.038 69.29 150.765

27.2119 72.2979 152.847
28.2367 74.6402 155.779
30.841 73.0388 158.162
31.6875 71.9054 154.707
31.9858 74.211 151.728
33.2802 77.505 152.968

36.2848 77.6973 150.649
38.4134 75.7005 153.083
35.7434 73.0105 153.362
35.4912 72.7324 149.58
39.2608 72.3724 149.259
39.3201 69.6269 151.886
36.55 67.7298 150.105

37.711 70.2138 145.466
37.663 66.4598 144.662
34.016 65.6598 145.432
32.984 64.5138 141.975
29.642 63.0318 143.054
28.767 65.9378 145.349
27.907 63.9118 148.476
30.244 65.7338 150.888
32.614 62.7998 151.525
35.691 61.4058 149.789
35.572 57.8928 148.378
38.612 56.0888 147.088

38.351 57.2888 143.448
38.004 60.9198 144.569
40.875 60.3038 146.993
43.096 59.3988 144.047
42.244 62.8318 142.669
43.313 64.2628 146.005
46.481 62.1348 146.15
47.155 63.2058 142.562

46.57 66.5618 144.332
44.183 67.5578 141.566
40.886 69.3328 141.255
37.831 67.3818 140.16

37.257 69.2358 136.826
40.8 68.5238 135.782
40.34 64.8888 136.781
37.019 64.6728 134.936
38.574 66.1828 131.793
41.28 63.4978 131.811
38.616 60.8028 132.162
36.473 62.2098 129.347
39.596 62.3078 127.165
40.232 58.6168 127.917
36.673 57.7978 126.806
37.219 59.9328 123.703
40.335 58.0098 122.703
38.352 54.7468 122.772
36.246 56.0798 119.904
39.071 57.9548 118.099

41.1065 54.8414 117.649
42.9313 51.5512 116.933
46.495 51.9202 115.439
48.4448 54.6009 117.092
47.5103 53.3432 120.5
49.2601 50.2707 122.069
51.6898 52.8491 120.981
51.5276 56.0973 122.787
49.3697 54.2531 125.165

49.6054 52.5072 128.532
46.1407 53.7222 129.513
44.6694 52.4719 126.24
46.2578 49.0529 126.72
44.8697 48.7961 130.249
41.3783 49.6918 129.044
41.5392 47.055 126.312
42.6299 44.4008 128.804
39.7694 45.2847 131.145
37.2489 45.0491 128.31

33.9239 43.2621 127.782
31.8249 46.1101 126.358
31.0669 45.7771 122.658
29.1849 48.8061 121.379
28.0599 49.2691 117.799
30.0209 51.3051 115.28

27.7349 54.3351 115.571
27.6359 54.2641 119.371
31.4229 54.5701 119.208
31.3519 57.3101 116.567
28.9349 59.3191 118.723
30.9949 58.8661 121.905
34.0119 60.3391 120.076
31.8189 63.1111 118.581
30.2889 64.0391 121.956
33.6229 64.4141 123.766

35.1924 66.3464 120.837
38.5775 67.3261 121.965
41.7283 67.6012 124.042
40.4897 70.791 125.686
38.4875 70.5103 128.819
34.7258 71.4575 128.518
31.8318 72.8466 130.511
31.6765 70.8782 133.768
31.4266 67.1284 134.445
31.3219 63.527 135.892

29.6307 60.7096 133.982
26.8837 60.4571 136.596
26.2556 64.2019 136.438
26.0024 64.0973 132.648
23.5098 61.2323 132.797
21.3619 63.1038 135.312

21.7369 61.5748 138.794
21.5569 64.9688 140.622

End chain 1
