9.675 45.053 37.07
10.06 47.656 34.334
11.345 51.215 34.643
9.093 54.194 33.894

10.941 54.669 30.614
10.587 51.147 29.357
6.872 51.146 30.143
6.375 54.381 28.128
8.313 52.981 25.228
6.406 49.72 25.337
3.144 51.624 25.507
4.068 53.646 22.383
4.862 50.444 20.445
1.723 48.722 21.697
-0.413 51.697 20.656
1.114 51.623 17.211
-0.251 48.063 16.774
-3.552 48.834 18.489

-4.83 50.903 15.547
-8.5 50.66 16.584
-7.793 51.729 20.147
-9.689 48.952 21.884
-6.734 48.302 24.221
-5.89 44.868 22.816

-3.836 43.256 20.059
-3.993 39.759 18.46
-1.443 37.06 19.349

-0.031 37.433 15.806
0.531 41.169 16.353
2.142 40.171 19.691
5.07 38.397 18.022
5.507 41.183 15.474
5.508 43.89 18.161

10.362 41.534 17.509

10.189 45.265 16.764
11.203 45.799 20.383
14.158 43.45 20.06

15.6044 44.4696 16.5985
16.2608 47.8766 15.3061
16.0041 51.6822 15.2751
14.7647 53.2173 11.9393
12.0706 50.8713 13.4146

11.225 51.0873 17.1134
12.4559 54.6787 17.2843
10.3591 55.6431 14.2649
7.25505 54.0762 15.7987
7.80238 55.9498 19.0595

4.62938 60.2368 18.6895

2.90438 57.2198 20.2705
4.56138 57.9988 23.5815
3.68638 61.7018 23.7945
0.480384 61.6648 21.7585

-0.989325 58.4473 22.8579
-3.66475 55.8152 21.8076
-3.38626 55.5847 18.0275
-0.555399 54.8165 15.4986
-2.88389 53.5774 12.7631
-2.98284 54.1933 9.01202

-3.31564 50.321 8.9152
0.217262 48.863 8.57469
1.36127 45.2779 7.7285

2.17227 44.0609 11.2515
2.39727 40.4829 9.9355
4.72527 41.7969 7.2455
6.88727 43.5699 9.8125

7.11827 40.3539 11.8425
12.1313 40.9539 11.3975
12.4463 37.1919 11.2445
14.0963 37.1999 7.8055
17.4333 37.7709 12.2115

17.9133 34.5809 10.1585
20.0293 36.3509 7.5845
22.2553 37.7569 10.2905
22.6463 34.4199 12.0625
23.6383 32.6659 8.8295
26.1933 35.3719 8.1365
27.5423 35.1749 11.6645
27.9543 31.4179 11.1775
29.6703 31.7799 7.8245
32.1093 34.2639 9.3285
32.6563 31.8979 12.2495
33.3363 29.0789 9.7995
35.9403 31.0529 7.8035
37.7513 31.5759 11.1095
38.1063 27.9119 12.1245
38.7633 26.7739 8.5535

42.1743 28.5019 8.3505
43.1913 27.2489 4.8855
39.6733 27.8159 3.5755
39.4683 24.4019 1.9555
35.9653 23.9789 3.3115
36.7593 21.5039 6.0875
37.6553 22.1019 9.6895
40.3743 19.6529 10.6755
41.3373 18.6789 14.2205

44.5113 20.7489 13.9015
42.4253 23.8119 12.9805
39.9513 23.3519 15.8005
42.9383 23.2069 18.1435
44.7303 26.1639 16.5565
41.5543 28.0669 17.4895
44.3733 27.7299 21.8225
44.4143 31.2279 20.2985
41.0153 31.7569 21.9375
42.2273 30.9969 25.4595

40.3263 27.7539 25.9155
42.4973 24.8699 27.0745
41.5053 21.3659 26.0755
43.2293 18.0029 25.7895
43.7253 16.7409 22.2435

41.4313 13.7799 22.9445
38.7783 16.3969 23.7235
39.6133 18.4459 20.6075
39.2483 15.2019 18.6825
35.9003 14.4909 20.3055
35.3043 16.7809 15.6925
34.1563 13.1509 16.0515
30.6683 14.1879 17.1365
30.4053 17.0779 14.6485

32.2567 16.0356 11.5146
33.1702 15.3005 7.86547
32.116 18.5607 6.38665
30.9229 19.3813 2.97324
30.0487 21.7497 0.0124171
26.3863 21.8525 0.612443
26.3641 21.2371 4.42012
24.521 21.5052 7.77543
22.3082 21.4911 4.69372
20.2217 20.7655 1.67746

21.746 19.988 -1.71587
23.9189 17.2518 -0.220917
20.9192 15.6758 1.4998
18.9331 15.6857 -1.74031

17.4761 12.5447 -0.173313
15.1901 17.0697 2.40269
14.5031 13.7957 4.18869

End chain 1
