9.675 45.053 37.07
10.06 47.656 34.334
11.345 51.215 34.643
9.093 54.194 33.894

10.941 54.669 30.614
10.587 51.147 29.357
6.872 51.146 30.143
6.375 54.381 28.128
8.313 52.981 25.228
6.406 49.72 25.337
3.144 51.624 25.507
4.068 53.646 22.383
4.862 50.444 20.445
1.723 48.722 21.697
-0.413 51.697 20.656
1.114 51.623 17.211
-0.251 48.063 16.774
-3.552 48.834 18.489

-4.83 50.903 15.547
-8.5 50.66 16.584
-7.793 51.729 20.147
-9.689 48.952 21.884
-6.734 48.302 24.221
-5.89 44.868 22.816

-3.836 43.256 20.059
-3.993 39.759 18.46
-1.443 37.06 19.349

-0.031 37.433 15.806
0.531 41.169 16.353
2.142 40.171 19.691
5.07 38.397 18.022
5.507 41.183 15.474
5.508 43.89 18.161

10.362 41.534 17.509

10.189 45.265 16.764
11.203 45.799 20.383
14.158 43.45 20.06

14.8727 44.9388 16.7035
13.2544 48.3838 16.6958
12.1009 52.0546 16.761
9.24627 54.6693 16.8624
10.2329 56.3295 13.4943

9.01744 59.821 12.614
11.023 61.342 15.4613
14.1685 59.5246 14.3453
13.7268 60.7504 10.7753
13.2978 64.3368 11.9571

10.1248 68.6238 11.5871

8.39976 65.6068 13.1681
10.0568 66.3858 16.4791
9.18176 70.0888 16.6921
5.97576 70.0518 14.6561

4.50605 66.8344 15.7554
1.83062 64.2022 14.7051
2.10911 63.9718 10.925
4.93997 63.2035 8.3961
2.61148 61.9644 5.66066
2.51254 62.5803 1.90955

2.17974 58.708 1.81274
5.71263 57.2501 1.47222
6.85664 53.6649 0.626034

7.66764 52.4479 4.14903
7.89264 48.8699 2.83303
10.2206 50.1839 0.143034
12.3826 51.9569 2.71003

12.6136 48.7409 4.74003
17.6266 49.3409 4.29503
17.9416 45.5789 4.14203
19.5916 45.5869 0.703034
22.9286 46.1579 5.10903

23.4086 42.9679 3.05603
25.5246 44.7379 0.482034
27.7506 46.1439 3.18803
28.1416 42.8069 4.96003
29.1336 41.0529 1.72703
31.6886 43.7589 1.03403
33.0376 43.5619 4.56203
33.4496 39.8049 4.07503
35.1656 40.1669 0.722034
37.6046 42.6509 2.22603
38.1516 40.2849 5.14703
38.8316 37.4659 2.69703
41.4356 39.4399 0.701034
43.2466 39.9629 4.00703
43.6016 36.2989 5.02203
44.2586 35.1609 1.45103

47.6696 36.8889 1.24803
48.6866 35.6359 -2.21697
45.1686 36.2029 -3.52697
44.9636 32.7889 -5.14697
41.4606 32.3659 -3.79097
42.2546 29.8909 -1.01497
43.1506 30.4889 2.58703
45.8696 28.0399 3.57303
46.8326 27.0659 7.11803

50.0066 29.1359 6.79903
47.9206 32.1989 5.87803
45.4466 31.7389 8.69803
48.4336 31.5939 11.041
50.2256 34.5509 9.45403
47.0496 36.4539 10.387
49.8686 36.1169 14.72
49.9096 39.6149 13.196
46.5106 40.1439 14.835
47.7226 39.3839 18.357

45.8216 36.1409 18.813
47.9926 33.2569 19.972
47.0006 29.7529 18.973
48.7246 26.3899 18.687
49.2206 25.1279 15.141

46.9266 22.1669 15.842
44.2736 24.7839 16.621
45.1086 26.8329 13.505
44.7436 23.5889 11.58
41.3956 22.8779 13.203
40.7996 25.1679 8.59003
39.6516 21.5379 8.94903
36.1636 22.5749 10.034
35.9006 25.4649 7.54603

37.0893 23.2231 4.63654
38.5483 21.0177 1.83071
40.7006 19.0113 4.13778
38.4877 17.2143 6.56205
36.9161 18.7285 9.57601
33.3378 18.8212 8.04825
33.6517 15.8362 5.67677
33.6506 16.8314 1.97796
34.1355 20.4952 0.797717
30.5722 19.7905 0.0542603

27.6188 18.4071 2.00525
27.5749 21.4487 4.28337
27.612 23.8037 1.30084
24.7136 21.9543 -0.318389

23.2566 18.8133 1.24861
20.9706 23.3383 3.82461
20.2836 20.0643 5.61061

End chain 1
