28.422 55.412 128.746
26.585 52.466 130.299

28.171 52.666 133.746
27.666 56.436 133.804
23.987 55.468 133.716
24.443 52.827 136.422
26.108 55.456 138.622
23.096 57.675 137.95
20.515 55.099 138.99
22.579 54.604 142.156
22.386 58.351 142.807
18.65 58.418 142.058
17.944 55.62 144.549
19.865 57.433 147.285
17.944 60.663 146.691
14.628 58.802 146.456

15.3643 57.1834 149.749
15.7844 53.6997 151.393
14.9172 50.9484 153.821
16.8198 53.5429 155.981
18.1262 57.1431 156.377
21.721 55.7675 156.797
22.4918 56.0903 160.425
24.6248 54.477 163.224
22.2698 55.1091 166.215

18.7947 56.5283 166.809
20.085 58.7876 169.579
22.8779 60.0851 167.352
20.4226 60.8515 164.554
18.151 62.7504 166.937
21.0687 64.8165 168.226
22.1351 65.6963 164.686
18.6071 66.7901 163.791
18.4068 69.0014 166.876
21.7316 70.6397 166.036

23.5814 70.1057 162.79
26.0483 67.1356 163.056
27.085 66.224 159.578
30.6824 67.1958 159.554
30.5243 69.4023 156.349
32.4625 71.9636 158.516

36.1102 72.7061 157.751
37.2631 70.4817 160.608
35.0721 67.6231 159.395
36.4504 67.9354 155.868
40.0257 67.8628 157.154
39.3257 64.7431 159.208
37.8025 62.9874 156.202

38.9635 65.4714 151.563
38.9155 61.7174 150.759
35.2685 60.9174 151.529
34.2365 59.7714 148.072
30.8945 58.2894 149.151
30.0195 61.1954 151.446
29.1595 59.1694 154.573
31.4965 60.9914 156.985
33.8665 58.0574 157.622
36.9435 56.6634 155.886
36.8245 53.1504 154.475
39.8645 51.3464 153.185

39.6035 52.5464 149.545
39.2565 56.1774 150.666
42.1275 55.5614 153.09
44.3485 54.6564 150.144
43.4965 58.0894 148.766
44.5655 59.5204 152.102
47.7335 57.3924 152.247
48.4075 58.4634 148.659

47.8225 61.8194 150.429
45.4355 62.8154 147.663
42.1385 64.5904 147.352
39.0835 62.6394 146.257

38.5095 64.4934 142.923
42.0525 63.7814 141.879
41.5925 60.1464 142.878
38.2715 59.9304 141.033
39.8265 61.4404 137.89
42.5325 58.7554 137.908
39.8685 56.0604 138.259
37.7255 57.4674 135.444
40.8485 57.5654 133.262
41.4845 53.8744 134.014
37.9255 53.0554 132.903
38.4715 55.1904 129.8
41.5875 53.2674 128.8
39.6045 50.0044 128.869
37.4985 51.3374 126.001
40.3235 53.2124 124.196

41.8425 49.9874 122.872
44.1865 51.5824 120.338
45.1465 54.2414 122.885
44.7835 57.3144 120.676
42.6715 59.2634 123.189
39.2665 58.7224 121.574
36.6655 55.9834 121.96
35.4405 55.1844 118.455
32.1075 53.4594 117.812

33.9555 50.2554 116.909
36.0045 50.3584 120.112
32.8355 50.9344 122.134
31.0085 48.0554 120.421
34.0115 45.7214 120.727
34.7665 46.2944 124.42
31.1105 46.2714 125.446
30.5345 42.9504 123.671
33.5405 41.3854 125.395
32.2295 42.6624 128.761

28.9045 40.8754 128.233
26.8055 43.7234 126.809
26.0475 43.3904 123.109
24.1655 46.4194 121.83
23.0405 46.8824 118.25
25.0015 48.9184 115.731

22.7155 51.9484 116.022
22.6165 51.8774 119.822
26.4035 52.1834 119.659
26.3325 54.9234 117.018
23.9155 56.9324 119.174
25.9755 56.4794 122.356
28.9925 57.9524 120.527
26.7995 60.7244 119.032
25.2695 61.6524 122.407
28.6035 62.0274 124.217

29.5244 63.8009 121.041
29.7044 63.9884 117.31
29.3757 63.0946 113.628
29.1553 66.0087 111.254
25.7649 64.7649 109.995
23.2384 63.4721 107.476
20.0214 65.25 108.135
17.4482 65.2607 105.343
18.8469 61.7665 104.502
21.6795 59.407 105.187

24.396 56.7493 105.2
22.7038 54.8957 108.053
19.3695 54.9352 106.23
20.9716 53.5622 103.069
22.6295 50.7501 105.015
19.3331 49.8128 106.658

19.7081 48.2838 110.14
19.5281 51.6778 111.968

End chain 1
