28.422 55.412 128.746
26.585 52.466 130.299

28.171 52.666 133.746
27.666 56.436 133.804
23.987 55.468 133.716
24.443 52.827 136.422
26.108 55.456 138.622
23.096 57.675 137.95
20.515 55.099 138.99
22.579 54.604 142.156
22.386 58.351 142.807
18.65 58.418 142.058
17.944 55.62 144.549
19.865 57.433 147.285
17.944 60.663 146.691
14.628 58.802 146.456

13.1311 56.4708 149.059
15.0486 53.3954 148.014
17.8639 50.9121 148.788
14.6178 49.0552 148.732
12.7029 49.5512 145.448
10.7535 51.8027 147.804
9.1156 54.1797 145.274
11.1232 57.4813 145.372
8.71162 59.8612 147.269

6.70143 62.4647 145.365
7.47027 65.112 147.981
11.1864 64.333 147.817
11.1764 64.6112 144.027
9.41644 67.9759 144.182
11.9449 69.2917 146.696
14.8453 68.1794 144.506
13.3378 69.8962 141.469
12.8748 73.1321 143.408
16.484 73.0506 144.595

17.6579 76.0585 146.677
18.6828 78.4009 149.609
21.287 76.7995 151.992
22.1335 75.666 148.537
22.4319 77.9716 145.558
23.7263 81.2656 146.798

26.7308 81.4579 144.479
28.8595 79.4611 146.913
26.1894 76.7711 147.192
25.9372 76.493 143.41
29.7068 76.133 143.088
29.7662 73.3875 145.715
26.996 71.4904 143.935

28.157 73.9744 139.296
28.109 70.2204 138.492
24.462 69.4204 139.262
23.43 68.2744 135.805
20.088 66.7924 136.884
19.213 69.6984 139.179
18.353 67.6724 142.306
20.69 69.4944 144.718
23.06 66.5604 145.355
26.137 65.1664 143.619
26.018 61.6534 142.208
29.058 59.8494 140.918

28.797 61.0494 137.278
28.45 64.6804 138.399
31.321 64.0644 140.823
33.542 63.1594 137.877
32.69 66.5924 136.499
33.759 68.0234 139.835
36.927 65.8954 139.98
37.601 66.9664 136.392

37.016 70.3224 138.162
34.629 71.3184 135.396
31.332 73.0934 135.085
28.277 71.1424 133.99

27.703 72.9964 130.656
31.246 72.2844 129.612
30.786 68.6494 130.611
27.465 68.4334 128.766
29.02 69.9434 125.623
31.726 67.2584 125.641
29.062 64.5634 125.992
26.919 65.9704 123.177
30.042 66.0684 120.995
30.678 62.3774 121.747
27.119 61.5584 120.636
27.665 63.6934 117.533
30.781 61.7704 116.533
28.798 58.5074 116.602
26.692 59.8404 113.734
29.517 61.7154 111.929

31.5525 58.602 111.479
33.3773 55.3118 110.763
36.941 55.6808 109.268
38.8909 58.3615 110.922
37.9563 57.1038 114.33
39.7061 54.0313 115.899
42.1358 56.6097 114.811
41.9737 59.8579 116.616
39.8158 58.0138 118.995

40.0514 56.2679 122.362
36.5868 57.4828 123.343
35.1154 56.2325 120.07
36.7038 52.8135 120.55
35.3157 52.5567 124.078
31.8243 53.4525 122.874
31.9853 50.8157 120.142
33.0759 48.1614 122.634
30.2155 49.0453 124.974
27.6949 48.8098 122.14

24.3699 47.0228 121.612
22.2709 49.8708 120.188
21.5129 49.5378 116.488
19.6309 52.5668 115.209
18.5059 53.0298 111.629
20.4669 55.0658 109.11

18.1809 58.0958 109.401
18.0819 58.0248 113.201
21.8689 58.3308 113.038
21.7979 61.0708 110.397
19.3809 63.0798 112.553
21.4409 62.6268 115.735
24.4579 64.0998 113.906
22.2649 66.8718 112.411
20.7349 67.7998 115.786
24.0689 68.1748 117.596

25.6384 70.1071 114.667
29.0236 71.0867 115.795
32.1743 71.3619 117.872
30.9358 74.5516 119.516
28.9335 74.2709 122.649
25.1718 75.2182 122.348
22.2778 76.6072 124.341
22.1225 74.6388 127.598
21.8726 70.889 128.275
21.768 67.2876 129.722

20.0768 64.4702 127.812
17.3297 64.2177 130.426
16.7016 67.9625 130.268
16.4484 67.8579 126.478
13.9558 64.993 126.627
11.8079 66.8644 129.142

12.1829 65.3354 132.624
12.0029 68.7294 134.452

End chain 1
