9.675 45.053 37.07
10.06 47.656 34.334
11.345 51.215 34.643
9.093 54.194 33.894

10.941 54.669 30.614
10.587 51.147 29.357
6.872 51.146 30.143
6.375 54.381 28.128
8.313 52.981 25.228
6.406 49.72 25.337
3.144 51.624 25.507
4.068 53.646 22.383
4.862 50.444 20.445
1.723 48.722 21.697
-0.413 51.697 20.656
1.114 51.623 17.211
-0.251 48.063 16.774
-3.552 48.834 18.489

-4.83 50.903 15.547
-8.5 50.66 16.584
-7.793 51.729 20.147
-9.689 48.952 21.884
-6.734 48.302 24.221
-5.89 44.868 22.816

-3.836 43.256 20.059
-3.993 39.759 18.46
-1.443 37.06 19.349

-0.031 37.433 15.806
0.531 41.169 16.353
2.142 40.171 19.691
5.07 38.397 18.022
5.507 41.183 15.474
5.508 43.89 18.161

10.362 41.534 17.509

10.189 45.265 16.764
11.203 45.799 20.383
14.158 43.45 20.06

15.8077 45.2714 17.049
16.5874 43.9401 13.6399
20.3393 43.2146 13.6287
20.4208 45.8309 10.893
18.276 48.8947 11.7416

15.3143 49.6528 13.999
17.3987 52.0425 16.0937
18.6003 53.8714 12.9866
15.0394 54.2489 11.7137
13.8916 55.6536 15.0532

10.7186 59.9406 14.6832

8.99362 56.9236 16.2642
10.6506 57.7026 19.5752
9.77562 61.4056 19.7882
6.56962 61.3686 17.7522

4.50462 58.8946 19.7962
1.38262 59.3456 17.6292
3.02662 58.1356 14.4182
0.892619 60.5246 12.3142
3.50762 61.8666 9.93523
3.88262 65.4076 11.2712

6.02362 66.9026 14.0082
5.90362 70.2256 15.7802
8.49362 72.7806 16.7112

9.30462 71.5636 20.2342
9.52962 67.9856 18.9182
11.8576 69.2996 16.2282
14.0196 71.0726 18.7952

14.2506 67.8566 20.8252
19.2636 68.4566 20.3802
19.5786 64.6946 20.2272
21.2286 64.7026 16.7882
24.5656 65.2736 21.1942

25.0456 62.0836 19.1412
27.1616 63.8536 16.5672
29.3876 65.2596 19.2732
29.7786 61.9226 21.0452
30.7706 60.1686 17.8122
33.3256 62.8746 17.1192
34.6746 62.6776 20.6472
35.0866 58.9206 20.1602
36.8026 59.2826 16.8072
39.2416 61.7666 18.3112
39.7886 59.4006 21.2322
40.4686 56.5816 18.7822
43.0726 58.5556 16.7862
44.8836 59.0786 20.0922
45.2386 55.4146 21.1072
45.8956 54.2766 17.5362

49.3066 56.0046 17.3332
50.3236 54.7516 13.8682
46.8056 55.3186 12.5582
46.6006 51.9046 10.9382
43.0976 51.4816 12.2942
43.8916 49.0066 15.0702
44.7876 49.6046 18.6722
47.5066 47.1556 19.6582
48.4696 46.1816 23.2032

51.6436 48.2516 22.8842
49.5576 51.3146 21.9632
47.0836 50.8546 24.7832
50.0706 50.7096 27.1262
51.8626 53.6666 25.5392
48.6866 55.5696 26.4722
51.5056 55.2326 30.8052
51.5466 58.7306 29.2812
48.1476 59.2596 30.9202
49.3596 58.4996 34.4422

47.4586 55.2566 34.8982
49.6296 52.3726 36.0572
48.6376 48.8686 35.0582
50.3616 45.5056 34.7722
50.8576 44.2436 31.2262

48.5636 41.2826 31.9272
45.9106 43.8996 32.7062
46.7456 45.9486 29.5902
46.3806 42.7046 27.6652
43.0326 41.9936 29.2882
42.4366 44.2836 24.6752
41.2886 40.6536 25.0342
37.8006 41.6906 26.1192
37.5376 44.5806 23.6312

38.4481 42.2993 20.6263
39.7134 41.2382 17.1719
40.3515 38.3011 14.8933
38.941 37.3018 18.3825
35.9825 38.9504 19.9098
33.7578 38.2035 17.0445
30.1184 37.8066 18.1648
28.0993 40.7527 17.1075
28.5589 44.2714 18.288
28.787 47.8404 19.5202

27.3328 46.728 22.8504
26.7079 50.3294 23.8908
24.9412 51.0726 20.6091
22.712 48.0204 21.0062

21.255 44.8794 22.5732
18.969 49.4044 25.1492
18.282 46.1304 26.9352

End chain 1
