9.675 45.053 37.07
10.06 47.656 34.334
11.345 51.215 34.643
9.093 54.194 33.894

10.941 54.669 30.614
10.587 51.147 29.357
6.872 51.146 30.143
6.375 54.381 28.128
8.313 52.981 25.228
6.406 49.72 25.337
3.144 51.624 25.507
4.068 53.646 22.383
4.862 50.444 20.445
1.723 48.722 21.697
-0.413 51.697 20.656
1.114 51.623 17.211
-0.251 48.063 16.774
-3.552 48.834 18.489

-4.59318 51.137 15.6381
-6.20419 54.0632 13.9594
-5.70923 57.5484 15.3661
-2.72996 56.0844 13.5996
-2.75584 54.1703 10.2309
-4.54908 57.463 10.2898

-3.473 61.0655 11.1195
-2.50515 64.5874 11.8724
-0.128447 66.6892 14.0814

1.28355 67.0622 10.5384
1.84555 70.7982 11.0854
3.45655 69.8002 14.4234
6.38455 68.0262 12.7544
6.82155 70.8122 10.2064
6.82255 73.5192 12.8934

11.6766 71.1632 12.2414

11.5036 74.8942 11.4964
12.5176 75.4282 15.1154
15.4726 73.0792 14.7924

13.9556 69.9232 16.2874
14.4586 66.8132 14.1294
12.5746 63.8522 15.6014
12.2346 60.5622 13.7484
8.73855 59.4232 12.7104

8.65655 57.1142 15.7204
9.80155 59.7142 18.2294
7.29055 62.2312 16.8874
4.38955 59.7792 17.0464
5.25755 58.6022 20.5684

2.08455 62.8892 20.1984

0.359553 59.8722 21.7794
2.01655 60.6512 25.0904
1.14155 64.3542 25.3034
-2.06445 64.3172 23.2674

-4.12945 61.8432 25.3114
-7.25145 62.2942 23.1444
-5.60745 61.0842 19.9334
-7.74145 63.4732 17.8294
-5.12645 64.8152 15.4504
-4.75145 68.3562 16.7864

-2.61045 69.8512 19.5234
-2.73045 73.1742 21.2954
-0.140447 75.7292 22.2264

0.670553 74.5122 25.7494
0.895553 70.9342 24.4334
3.22355 72.2482 21.7434
5.38555 74.0212 24.3104

5.61655 70.8052 26.3404
10.6296 71.4052 25.8954
10.9446 67.6432 25.7424
12.5946 67.6512 22.3034
15.9316 68.2222 26.7094

16.4116 65.0322 24.6564
18.5276 66.8022 22.0824
20.7536 68.2082 24.7884
21.1446 64.8712 26.5604
22.1366 63.1172 23.3274
24.6916 65.8232 22.6344
26.0406 65.6262 26.1624
26.4526 61.8692 25.6754
28.1686 62.2312 22.3224
30.6076 64.7152 23.8264
31.1546 62.3492 26.7474
31.8346 59.5302 24.2974
34.4386 61.5042 22.3014
36.2496 62.0272 25.6074
36.6046 58.3632 26.6224
37.2616 57.2252 23.0514

40.6726 58.9532 22.8484
41.6896 57.7002 19.3834
38.1716 58.2672 18.0734
37.9666 54.8532 16.4534
34.4636 54.4302 17.8094
35.2576 51.9552 20.5854
36.1536 52.5532 24.1874
38.8726 50.1042 25.1734
39.8356 49.1302 28.7184

43.0096 51.2002 28.3994
40.9236 54.2632 27.4784
38.4496 53.8032 30.2984
41.4366 53.6582 32.6414
43.2286 56.6152 31.0544
40.0526 58.5182 31.9874
42.8716 58.1812 36.3204
42.9126 61.6792 34.7964
39.5136 62.2082 36.4354
40.7256 61.4482 39.9574

38.8246 58.2052 40.4134
40.9956 55.3212 41.5724
40.0036 51.8172 40.5734
41.7276 48.4542 40.2874
42.2236 47.1922 36.7414

39.9296 44.2312 37.4424
37.2766 46.8482 38.2214
38.1116 48.8972 35.1054
37.7466 45.6532 33.1804
34.3986 44.9422 34.8034
33.8026 47.2322 30.1904
32.6546 43.6022 30.5494
29.1666 44.6392 31.6344
28.9036 47.5292 29.1464

30.2806 45.2722 26.4114
27.1356 43.7782 24.9254
28.2516 42.3052 21.5744
31.2586 40.7592 23.3664
34.1986 42.2492 21.4594
35.7916 43.4282 24.7074
35.0336 47.0922 24.0084
32.2216 49.6242 24.2514
30.8556 51.0562 20.9794
28.6236 54.1702 20.9224

25.3256 52.2872 21.3264
26.4976 50.2072 24.2644
27.6586 53.4762 25.7334
24.3096 55.2542 25.4764

22.8526 52.1132 27.0434
20.5666 56.6382 29.6194
19.8796 53.3642 31.4054

End chain 1
