28.422 55.412 128.746
26.585 52.466 130.299

28.171 52.666 133.746
27.666 56.436 133.804
23.987 55.468 133.716
24.443 52.827 136.422
26.108 55.456 138.622
23.096 57.675 137.95
20.515 55.099 138.99
22.579 54.604 142.156
22.386 58.351 142.807
18.65 58.418 142.058
17.944 55.62 144.549
19.865 57.433 147.285
17.944 60.663 146.691
14.628 58.802 146.456

14.568 58.126 150.193
11.242 56.298 150.293
11.816 54.283 147.128
8.593 55.291 145.378
10.47 56.019 142.135
10.009 59.825 142.404
12.073 62.656 143.9
10.114 65.344 145.775
11.215 68.834 146.805

11.654 67.495 150.326
13.909 64.645 149.206
15.82 67.046 146.977
16.201 69.561 149.811
17.576 66.911 152.158
20.327 66.169 149.641
21.067 69.825 148.898
21.233 70.612 152.617
23.582 67.665 153.226
26.038 69.29 150.765

26.271 72.672 152.496
23.522 74.428 150.53
20.485 76.32 151.832
18.085 76.481 148.868
14.662 77.966 149.435
11.542 75.947 148.727

10.976 78.134 145.628
14.485 77.249 144.445
13.862 73.514 144.976
10.592 73.698 143.031
12.552 75.523 140.304
15.154 72.766 140.072
12.341 70.263 139.631

13.502 72.747 134.992
13.454 68.993 134.188
9.807 68.193 134.958
8.775 67.047 131.501
5.433 65.565 132.58
4.558 68.471 134.875
3.698 66.445 138.002
6.035 68.267 140.414
8.405 65.333 141.051
11.482 63.939 139.315
11.363 60.426 137.904
14.403 58.622 136.614

14.142 59.822 132.974
13.795 63.453 134.095
16.666 62.837 136.519
18.887 61.932 133.573
18.035 65.365 132.195
19.104 66.796 135.531
22.272 64.668 135.676
22.946 65.739 132.088

23.4313 69.266 133.286
24.1194 72.5691 135.105
25.1724 76.167 135.344
26.3674 79.7534 136.081

24.0941 82.3442 134.48
24.9094 84.8775 137.193
28.6397 84.3183 136.729
28.3448 84.8104 132.972
26.4283 88.0571 133.45
29.0581 89.3674 135.861
31.8486 88.5453 133.415
30.0412 90.3449 130.598
29.5505 93.4344 132.756
33.2347 93.4878 133.687
34.2605 93.2268 130.037
31.9658 96.1029 129.086
33.3964 98.2854 131.849
36.9505 97.5536 130.72
36.0969 98.452 127.127
34.5361 101.741 128.218

33.2656 104.627 130.456
34.8506 107.252 132.862
33.395 109.198 135.83
31.3218 106.272 134.715
33.0435 102.849 134.452
33.2546 103.909 138.153
30.4787 106.183 139.64
29.366 103.314 137.339
29.3767 100.566 140.016

30.7291 98.7145 143.047
27.2329 98.309 144.48
25.9368 96.9298 141.184
28.7824 94.4171 141.006
28.0969 93.2424 144.554
24.4045 92.7713 143.788
25.2093 90.736 140.682
27.576 88.4999 142.641
24.9435 87.8923 145.314
22.3556 86.9624 142.691

19.0306 85.1754 142.163
16.9316 88.0234 140.739
16.1736 87.6904 137.039
14.2916 90.7194 135.76
13.1666 91.1824 132.18
15.1276 93.2184 129.661

12.8416 96.2484 129.952
12.7426 96.1774 133.752
16.5296 96.4834 133.589
16.4586 99.2234 130.948
14.0416 101.232 133.104
16.1016 100.779 136.286
19.1186 102.252 134.457
16.9256 105.024 132.962
15.3956 105.952 136.337
18.7296 106.327 138.147

19.6237 108.669 135.425
19.5974 112.097 133.573
21.5111 115.095 132.222
23.5787 112.14 131.08
21.5771 109.182 129.934
21.0857 112.062 127.482
24.0418 113.286 125.366
23.5568 109.453 125.611
20.7701 107.063 126.072
20.7249 108.034 122.464

23.6523 108.139 120.043
25.8174 106.115 122.422
23.0989 103.489 122.816
22.712 103.184 119.048
26.4594 102.736 118.602
26.5468 100.012 121.251

26.9218 98.4835 124.733
26.7418 101.877 126.561

End chain 1
