9.675 45.053 37.07
10.06 47.656 34.334
11.345 51.215 34.643
9.093 54.194 33.894

10.941 54.669 30.614
10.587 51.147 29.357
6.872 51.146 30.143
6.375 54.381 28.128
8.313 52.981 25.228
6.406 49.72 25.337
3.144 51.624 25.507
4.068 53.646 22.383
4.862 50.444 20.445
1.723 48.722 21.697
-0.413 51.697 20.656
1.114 51.623 17.211
-0.251 48.063 16.774
-3.552 48.834 18.489

-4.03824 52.2951 16.9826
-5.69849 55.5285 15.9513
-8.75876 54.4392 13.9993
-11.2127 55.9574 11.4145
-14.4543 56.0209 13.4706
-17.1198 53.8256 12.1361

-15.5886 50.3491 11.7239
-13.4575 47.0895 11.856
-12.0841 43.6758 11.4273

-10.6721 44.0488 7.8843
-10.1101 47.7848 8.4313
-8.4991 46.7868 11.7693
-5.5711 45.0128 10.1003
-5.1341 47.7988 7.5523
-5.1331 50.5058 10.2393

-0.279096 48.1498 9.5873

-0.452096 51.8808 8.8423
0.561904 52.4148 12.4613
3.5169 50.0658 12.1383

4.64472 53.0725 9.99947
5.52733 56.064 7.75634
6.95182 59.0293 6.033
5.22605 61.3911 8.39282
2.68457 62.2312 5.61162

0.671092 60.5202 2.88007
-2.44126 60.4872 5.06068
-2.06281 64.1906 5.82504
-1.7072 65.0155 2.13233
-4.83506 63.0288 1.28808

-8.00806 67.3158 0.918085

-9.73306 64.2988 2.49908
-8.07606 65.0778 5.81008
-8.95106 68.7808 6.02308
-12.1571 68.7438 3.98708

-12.7787 65.8253 6.27572
-16.1493 65.0854 4.7216
-19.2147 62.953 5.5104
-22.79 62.2619 4.67228
-24.0419 64.6414 7.43743
-24.6034 63.3445 11.0059

-22.0443 65.6837 12.6262
-19.8595 68.3849 13.9053
-17.6029 70.7792 15.7789

-16.7919 69.5622 19.3019
-16.5669 65.9842 17.9859
-14.2389 67.2982 15.2959
-12.0769 69.0712 17.8629

-11.8459 65.8552 19.8929
-6.83289 66.4552 19.4479
-6.51789 62.6932 19.2949
-4.86789 62.7012 15.8559
-1.53089 63.2722 20.2619

-1.05089 60.0822 18.2089
1.06511 61.8522 15.6349
3.29111 63.2582 18.3409
3.68211 59.9212 20.1129
4.67411 58.1672 16.8799
7.22911 60.8732 16.1869
8.57811 60.6762 19.7149
8.99011 56.9192 19.2279
10.7061 57.2812 15.8749
13.1451 59.7652 17.3789
13.6921 57.3992 20.2999
14.3721 54.5802 17.8499
16.9761 56.5542 15.8539
18.7871 57.0772 19.1599
19.1421 53.4132 20.1749
19.7991 52.2752 16.6039

23.2101 54.0032 16.4009
24.2271 52.7502 12.9359
20.7091 53.3172 11.6259
20.5041 49.9032 10.0059
17.0011 49.4802 11.3619
17.7951 47.0052 14.1379
18.6911 47.6032 17.7399
21.4101 45.1542 18.7259
22.3731 44.1802 22.2709

25.5471 46.2502 21.9519
23.4611 49.3132 21.0309
20.9871 48.8532 23.8509
23.9741 48.7082 26.1939
25.7661 51.6652 24.6069
22.5901 53.5682 25.5399
25.4091 53.2312 29.8729
25.4501 56.7292 28.3489
22.0511 57.2582 29.9879
23.2631 56.4982 33.5099

21.3621 53.2552 33.9659
23.5331 50.3712 35.1249
22.5411 46.8672 34.1259
24.2651 43.5042 33.8399
24.7611 42.2422 30.2939

22.4671 39.2812 30.9949
19.8141 41.8982 31.7739
20.6491 43.9472 28.6579
20.2841 40.7032 26.7329
16.9361 39.9922 28.3559
16.3401 42.2822 23.7429
15.1921 38.6522 24.1019
11.7041 39.6892 25.1869
11.4411 42.5792 22.6989

12.9424 40.5358 19.9261
12.1375 38.3797 16.9678
9.86815 37.1055 14.247
10.2227 33.6116 15.4433
8.2358 34.4214 18.683
5.54835 36.527 16.9875
5.25946 39.9047 15.3625
2.73667 42.2168 17.1735
5.81432 41.6746 19.4407
4.67132 43.554 22.5869

4.25105 40.4357 24.7181
1.65091 42.1545 26.8924
-0.307533 43.2741 23.834
-0.292297 39.749 22.414

-1.7493 36.608 23.981
-4.0353 41.133 26.557
-4.7223 37.859 28.343

End chain 1
