28.422 55.412 128.746
26.585 52.466 130.299

28.171 52.666 133.746
27.666 56.436 133.804
23.987 55.468 133.716
24.443 52.827 136.422
26.108 55.456 138.622
23.096 57.675 137.95
20.515 55.099 138.99
22.579 54.604 142.156
22.386 58.351 142.807
18.65 58.418 142.058
17.944 55.62 144.549
19.865 57.433 147.285
17.944 60.663 146.691
14.628 58.802 146.456

14.568 58.126 150.193
11.242 56.298 150.293
11.816 54.283 147.128
8.593 55.291 145.378
10.47 56.019 142.135
10.009 59.825 142.404
12.073 62.656 143.9
10.114 65.344 145.775
11.215 68.834 146.805

11.654 67.495 150.326
13.909 64.645 149.206
15.82 67.046 146.977
16.201 69.561 149.811
17.576 66.911 152.158
20.327 66.169 149.641
21.067 69.825 148.898
21.233 70.612 152.617
23.582 67.665 153.226
26.038 69.29 150.765

26.271 72.672 152.496
23.522 74.428 150.53
20.485 76.32 151.832
18.085 76.481 148.868
14.662 77.966 149.435
11.542 75.947 148.727

10.976 78.134 145.628
14.485 77.249 144.445
13.862 73.514 144.976
10.592 73.698 143.031
12.552 75.523 140.304
15.154 72.766 140.072
12.341 70.263 139.631

13.502 72.747 134.992
13.454 68.993 134.188
9.807 68.193 134.958
8.775 67.047 131.501
5.433 65.565 132.58
4.558 68.471 134.875
3.698 66.445 138.002
6.035 68.267 140.414
8.405 65.333 141.051
11.482 63.939 139.315
11.363 60.426 137.904
14.403 58.622 136.614

14.142 59.822 132.974
13.795 63.453 134.095
16.666 62.837 136.519
18.887 61.932 133.573
18.035 65.365 132.195
19.104 66.796 135.531
22.272 64.668 135.676
22.946 65.739 132.088

23.4313 69.266 133.286
24.1194 72.5691 135.105
25.1724 76.167 135.344
26.3674 79.7534 136.081

24.0941 82.3442 134.48
24.9094 84.8775 137.193
28.6397 84.3183 136.729
28.3448 84.8104 132.972
26.4283 88.0571 133.45
29.0581 89.3674 135.861
31.8486 88.5453 133.415
30.0412 90.3449 130.598
29.5505 93.4344 132.756
33.2347 93.4878 133.687
34.2605 93.2268 130.037
31.9658 96.1029 129.086
33.3964 98.2854 131.849
36.9505 97.5536 130.72
36.0969 98.452 127.127
34.5361 101.741 128.218

37.0684 103.458 130.317
39.6558 105.098 132.44
38.5091 105.496 136.06
35.0962 105.296 137.707
35.0971 102.997 140.655
32.5919 100.228 140.075
28.817 99.7845 139.207
28.0864 102.041 142.114
28.2224 103.794 145.531

31.2961 101.561 145.626
29.8365 99.5084 148.472
26.5681 99.0434 146.589
28.4143 97.8877 143.475
30.4257 95.3666 145.485
27.2695 93.9749 147.08
25.6086 93.5858 143.684
28.6348 91.745 142.307
28.6596 89.3682 145.272
24.9617 88.6152 144.823

21.6367 86.8282 144.295
19.5377 89.6762 142.871
18.7797 89.3432 139.171
16.8977 92.3722 137.892
15.7727 92.8352 134.312
17.7337 94.8712 131.793

15.4477 97.9012 132.084
15.3487 97.8302 135.884
19.1357 98.1362 135.721
19.0647 100.876 133.08
16.6477 102.885 135.236
18.7077 102.432 138.418
21.7247 103.905 136.589
19.5317 106.677 135.094
18.0017 107.605 138.469
21.3357 107.98 140.279

22.6233 110.378 137.7
26.2467 111.254 137.687
29.4007 113.207 138.045
29.8044 112.904 134.314
27.348 111.189 131.972
27.1158 114.566 130.47
30.3512 115.553 128.57
29.0159 112.18 127.618
25.439 111.232 126.901
26.1904 109.343 123.806

28.9822 106.91 124.658
26.8701 105.286 127.368
23.9472 104.869 124.976
26.1887 103.255 122.366
27.5816 100.818 124.928
24.0826 99.8431 126.046

24.4576 98.3141 129.528
24.2776 101.708 131.356

End chain 1
