9.675 45.053 37.07
10.06 47.656 34.334
11.345 51.215 34.643
9.093 54.194 33.894

10.941 54.669 30.614
10.587 51.147 29.357
6.872 51.146 30.143
6.375 54.381 28.128
8.313 52.981 25.228
6.406 49.72 25.337
3.144 51.624 25.507
4.068 53.646 22.383
4.862 50.444 20.445
1.723 48.722 21.697
-0.413 51.697 20.656
1.114 51.623 17.211
-0.251 48.063 16.774
-3.552 48.834 18.489

-3.90408 51.829 16.3183
-5.1304 55.2514 15.3816
-4.78 58.236 13.04
-4.17338 55.9137 10.2228
-7.16433 55.3009 8.05887
-10.5444 53.706 8.28551

-9.76715 52.1764 11.5715
-8.75008 49.6094 14.0367
-7.56952 46.3042 12.6547

-6.15752 46.6772 9.11172
-5.59552 50.4132 9.65872
-3.98452 49.4152 12.9967
-1.05652 47.6412 11.3277
-0.619516 50.4272 8.77972
-0.618516 53.1342 11.4667

4.23548 50.7782 10.8147

4.06248 54.5092 10.0697
5.07648 55.0432 13.6887
8.03148 52.6942 13.3657

9.1593 55.7009 11.2269
10.0419 58.6924 8.98377
11.4664 61.6576 7.26042
9.74063 64.0195 9.62024
7.19915 64.8596 6.83905

5.18567 63.1486 4.10749
2.07332 63.1156 6.2881
2.45177 66.819 7.05246
2.80738 67.6438 3.35975
-0.320476 65.6572 2.51551

-3.49348 69.9442 2.14551

-5.21848 66.9272 3.72651
-3.56148 67.7062 7.03751
-4.43648 71.4092 7.25051
-7.64248 71.3722 5.21451

-8.2641 68.4536 7.50314
-11.6347 67.7138 5.94903
-14.7001 65.5814 6.73782
-18.2754 64.8903 5.8997
-19.5273 67.2698 8.66485
-20.0888 65.9728 12.2333

-17.5297 68.3121 13.8536
-15.345 71.0133 15.1328
-13.0883 73.4075 17.0064

-12.2773 72.1905 20.5294
-12.0523 68.6125 19.2134
-9.72431 69.9265 16.5234
-7.56231 71.6995 19.0904

-7.33131 68.4835 21.1204
-2.31831 69.0835 20.6754
-2.00331 65.3215 20.5224
-0.353308 65.3295 17.0834
2.98369 65.9005 21.4894

3.46369 62.7105 19.4364
5.57969 64.4805 16.8624
7.80569 65.8865 19.5684
8.19669 62.5495 21.3404
9.18869 60.7955 18.1074
11.7437 63.5015 17.4144
13.0927 63.3045 20.9424
13.5047 59.5475 20.4554
15.2207 59.9095 17.1024
17.6597 62.3935 18.6064
18.2067 60.0275 21.5274
18.8867 57.2085 19.0774
21.4907 59.1825 17.0814
23.3017 59.7055 20.3874
23.6567 56.0415 21.4024
24.3137 54.9035 17.8314

27.7247 56.6315 17.6284
28.7417 55.3785 14.1634
25.2237 55.9455 12.8534
25.0187 52.5315 11.2334
21.5157 52.1085 12.5894
22.3097 49.6335 15.3654
23.2057 50.2315 18.9674
25.9247 47.7825 19.9534
26.8877 46.8085 23.4984

30.0617 48.8785 23.1794
27.9757 51.9415 22.2584
25.5017 51.4815 25.0784
28.4887 51.3365 27.4214
30.2807 54.2935 25.8344
27.1047 56.1965 26.7674
29.9237 55.8595 31.1004
29.9647 59.3575 29.5764
26.5657 59.8865 31.2154
27.7777 59.1265 34.7374

25.8767 55.8835 35.1934
28.0477 52.9995 36.3524
27.0557 49.4955 35.3534
28.7797 46.1325 35.0674
29.2757 44.8705 31.5214

26.9817 41.9095 32.2224
24.3287 44.5265 33.0014
25.1637 46.5755 29.8854
24.7987 43.3315 27.9604
21.4507 42.6205 29.5834
20.8547 44.9105 24.9704
19.7067 41.2805 25.3294
16.2187 42.3175 26.4144
15.9557 45.2075 23.9264

17.457 43.1642 21.1535
16.6521 41.0081 18.1952
14.3827 39.7339 15.4744
14.7373 36.24 16.6708
12.7504 37.0498 19.9104
10.0629 39.1554 18.2149
9.77404 42.533 16.5899
7.25125 44.8452 18.401
10.3289 44.303 20.6681
9.1859 46.1824 23.8143

8.76563 43.064 25.9455
6.16549 44.7829 28.1198
4.20705 45.9025 25.0614
4.22228 42.3774 23.6414

2.76528 39.2364 25.2084
0.479283 43.7614 27.7844
-0.207717 40.4874 29.5704

End chain 1
