28.422 55.412 128.746
26.585 52.466 130.299

28.171 52.666 133.746
27.666 56.436 133.804
23.987 55.468 133.716
24.443 52.827 136.422
26.108 55.456 138.622
23.096 57.675 137.95
20.515 55.099 138.99
22.579 54.604 142.156
22.386 58.351 142.807
18.65 58.418 142.058
17.944 55.62 144.549
19.865 57.433 147.285
17.944 60.663 146.691
14.628 58.802 146.456

14.568 58.126 150.193
11.242 56.298 150.293
11.816 54.283 147.128
8.593 55.291 145.378
10.47 56.019 142.135
10.009 59.825 142.404
12.073 62.656 143.9
10.114 65.344 145.775
11.215 68.834 146.805

11.654 67.495 150.326
13.909 64.645 149.206
15.82 67.046 146.977
16.201 69.561 149.811
17.576 66.911 152.158
20.327 66.169 149.641
21.067 69.825 148.898
21.233 70.612 152.617
23.582 67.665 153.226
26.038 69.29 150.765

26.271 72.672 152.496
23.522 74.428 150.53
20.485 76.32 151.832
18.085 76.481 148.868
14.662 77.966 149.435
11.542 75.947 148.727

10.976 78.134 145.628
14.485 77.249 144.445
13.862 73.514 144.976
10.592 73.698 143.031
12.552 75.523 140.304
15.154 72.766 140.072
12.341 70.263 139.631

13.502 72.747 134.992
13.454 68.993 134.188
9.807 68.193 134.958
8.775 67.047 131.501
5.433 65.565 132.58
4.558 68.471 134.875
3.698 66.445 138.002
6.035 68.267 140.414
8.405 65.333 141.051
11.482 63.939 139.315
11.363 60.426 137.904
14.403 58.622 136.614

14.142 59.822 132.974
13.795 63.453 134.095
16.666 62.837 136.519
18.887 61.932 133.573
18.035 65.365 132.195
19.104 66.796 135.531
22.272 64.668 135.676
22.946 65.739 132.088

22.3545 69.3501 132.819
21.7851 72.6197 134.533
20.4179 75.932 135.971
22.3899 79.1558 136.407

21.4635 79.6594 132.755
18.4761 81.8062 133.709
20.6293 83.966 135.977
23.1917 84.4784 133.217
20.482 85.5071 130.759
19.0572 88.0174 133.231
22.4916 89.5352 133.818
23.0797 89.8904 130.08
19.7231 91.6117 129.617
20.4805 94.0566 132.426
23.8605 94.9029 130.909
22.2839 95.5393 127.51
19.6774 97.8417 129.043
22.3584 99.8187 130.872
24.3703 100.234 127.675
21.3096 101.477 125.795

22.8286 98.2519 124.471
25.1726 99.8469 121.937
26.1326 102.506 124.484
25.7696 105.579 122.275
23.6576 107.528 124.788
20.2526 106.987 123.173
17.6516 104.248 123.559
16.4266 103.449 120.054
13.0936 101.724 119.411

14.9416 98.5199 118.508
16.9906 98.6229 121.711
13.8216 99.1989 123.733
11.9946 96.3199 122.02
14.9976 93.9859 122.326
15.7526 94.5589 126.019
12.0966 94.5359 127.045
11.5206 91.2149 125.27
14.5266 89.6499 126.994
13.2156 90.9269 130.36

9.89063 89.1399 129.832
7.79163 91.9879 128.408
7.03363 91.6549 124.708
5.15163 94.6839 123.429
4.02663 95.1469 119.849
5.98763 97.1829 117.33

3.70163 100.213 117.621
3.60263 100.142 121.421
7.38963 100.448 121.258
7.31863 103.188 118.617
4.90163 105.197 120.773
6.96163 104.744 123.955
9.97863 106.217 122.126
7.78563 108.989 120.631
6.25563 109.917 124.006
9.58963 110.292 125.816

11.8783 111.568 123.11
14.3713 114.259 122.581
14.8101 117.454 120.644
10.9941 117.503 120.512
7.67241 117.565 122.389
5.32454 114.819 121.308
4.58573 113.416 124.67
1.34969 115.03 126.053
0.147828 111.449 126.647
3.13321 109.965 128.514

3.43258 106.182 128.717
0.904698 106.037 131.551
-1.55962 108.165 129.591
-1.2171 105.925 126.54
-1.84009 102.815 128.634
-4.95966 104.353 130.165

-4.58466 102.824 133.647
-4.76466 106.218 135.475

End chain 1
