9.675 45.053 37.07
10.06 47.656 34.334
11.345 51.215 34.643
9.093 54.194 33.894

10.941 54.669 30.614
10.587 51.147 29.357
6.872 51.146 30.143
6.375 54.381 28.128
8.313 52.981 25.228
6.406 49.72 25.337
3.144 51.624 25.507
4.068 53.646 22.383
4.862 50.444 20.445
1.723 48.722 21.697
-0.413 51.697 20.656
1.114 51.623 17.211
-0.251 48.063 16.774
-3.552 48.834 18.489

-4.83 50.903 15.547
-8.5 50.66 16.584
-7.793 51.729 20.147
-9.689 48.952 21.884
-6.734 48.302 24.221
-5.89 44.868 22.816

-3.836 43.256 20.059
-3.993 39.759 18.46
-1.443 37.06 19.349

-0.031 37.433 15.806
0.531 41.169 16.353
2.142 40.171 19.691
5.07 38.397 18.022
5.507 41.183 15.474
5.508 43.89 18.161

10.362 41.534 17.509

10.189 45.265 16.764
11.203 45.799 20.383
14.158 43.45 20.06

15.2489 45.2709 16.8942
17.1548 46.4536 13.8783
14.667 45.7014 11.1543
11.9996 48.4758 11.2476
11.8339 52.1743 12.1353

9.61695 53.4976 9.34666
8.51957 56.4417 11.4847
12.1254 57.3029 12.321
13.1003 57.2128 8.64894
10.2174 59.5112 7.72731

7.04438 63.7982 7.35731

5.31938 60.7812 8.93831
6.97638 61.5602 12.2493
6.10138 65.2632 12.4623
2.89538 65.2262 10.4263

0.830382 62.7522 12.4703
-2.29162 63.2032 10.3033
-0.647618 61.9932 7.09231
-2.78162 64.3822 4.98831
-0.166618 65.7242 2.60931
0.208382 69.2652 3.94531

2.34938 70.7602 6.68231
2.22938 74.0832 8.45431
4.81938 76.6382 9.38531

5.63038 75.4212 12.9083
5.85538 71.8432 11.5923
8.18338 73.1572 8.90231
10.3454 74.9302 11.4693

10.5764 71.7142 13.4993
15.5894 72.3142 13.0543
15.9044 68.5522 12.9013
17.5544 68.5602 9.46231
20.8914 69.1312 13.8683

21.3714 65.9412 11.8153
23.4874 67.7112 9.24131
25.7134 69.1172 11.9473
26.1044 65.7802 13.7193
27.0964 64.0262 10.4863
29.6514 66.7322 9.79331
31.0004 66.5352 13.3213
31.4124 62.7782 12.8343
33.1284 63.1402 9.48131
35.5674 65.6242 10.9853
36.1144 63.2582 13.9063
36.7944 60.4392 11.4563
39.3984 62.4132 9.46031
41.2094 62.9362 12.7663
41.5644 59.2722 13.7813
42.2214 58.1342 10.2103

45.6324 59.8622 10.0073
46.6494 58.6092 6.54231
43.1314 59.1762 5.23231
42.9264 55.7622 3.61231
39.4234 55.3392 4.96831
40.2174 52.8642 7.74431
41.1134 53.4622 11.3463
43.8324 51.0132 12.3323
44.7954 50.0392 15.8773

47.9694 52.1092 15.5583
45.8834 55.1722 14.6373
43.4094 54.7122 17.4573
46.3964 54.5672 19.8003
48.1884 57.5242 18.2133
45.0124 59.4272 19.1463
47.8314 59.0902 23.4793
47.8724 62.5882 21.9553
44.4734 63.1172 23.5943
45.6854 62.3572 27.1163

43.7844 59.1142 27.5723
45.9554 56.2302 28.7313
44.9634 52.7262 27.7323
46.6874 49.3632 27.4463
47.1834 48.1012 23.9003

44.8894 45.1402 24.6013
42.2364 47.7572 25.3803
43.0714 49.8062 22.2643
42.7064 46.5622 20.3393
39.3584 45.8512 21.9623
38.7624 48.1412 17.3493
37.6144 44.5112 17.7083
34.1264 45.5482 18.7933
33.8634 48.4382 16.3053

35.2404 46.1812 13.5703
32.0954 44.6872 12.0843
33.2114 43.2142 8.73331
36.2184 41.6682 10.5253
39.1584 43.1582 8.61831
40.7514 44.3372 11.8663
39.9934 48.0012 11.1673
37.1814 50.5332 11.4103
35.8154 51.9652 8.13831
33.5834 55.0792 8.08131

30.2854 53.1962 8.48531
31.4574 51.1162 11.4233
32.6184 54.3852 12.8923
29.2694 56.1632 12.6353

27.8124 53.0222 14.2023
25.5264 57.5472 16.7783
24.8394 54.2732 18.5643

End chain 1
