9.675 45.053 37.07
10.06 47.656 34.334
11.345 51.215 34.643
9.093 54.194 33.894

10.941 54.669 30.614
10.587 51.147 29.357
6.872 51.146 30.143
6.375 54.381 28.128
8.313 52.981 25.228
6.406 49.72 25.337
3.144 51.624 25.507
4.068 53.646 22.383
4.862 50.444 20.445
1.723 48.722 21.697
-0.413 51.697 20.656
1.114 51.623 17.211
-0.251 48.063 16.774
-3.552 48.834 18.489

-4.03824 52.2951 16.9826
-5.69849 55.5285 15.9513
-8.75876 54.4392 13.9993
-11.2127 55.9574 11.4145
-14.4543 56.0209 13.4706
-17.1198 53.8256 12.1361

-15.5886 50.3491 11.7239
-13.4575 47.0895 11.856
-12.0841 43.6758 11.4273

-10.6721 44.0488 7.8843
-10.1101 47.7848 8.4313
-8.4991 46.7868 11.7693
-5.5711 45.0128 10.1003
-5.1341 47.7988 7.5523
-5.1331 50.5058 10.2393

-0.279096 48.1498 9.5873

-0.452096 51.8808 8.8423
0.561904 52.4148 12.4613
3.5169 50.0658 12.1383

4.98454 51.9312 9.22374
6.94355 53.8115 6.4724
5.94005 57.3827 6.54473
2.9978 59.4238 5.40877
2.19399 60.7978 1.95642

-1.60311 60.6485 2.00775
-1.7598 63.1573 4.85804
0.540399 65.5501 3.00699
-1.5893 65.3221 -0.132326
-4.7524 66.0522 1.84367

-7.9254 70.3392 1.47367

-9.6504 67.3222 3.05467
-7.9934 68.1012 6.36567
-8.8684 71.8042 6.57867
-12.0744 71.7672 4.54267

-12.696 68.8487 6.83131
-16.0666 68.1088 5.27719
-19.132 65.9764 6.06599
-22.7073 65.2853 5.22787
-23.9592 67.6648 7.99302
-24.5207 66.3679 11.5615

-21.9616 68.7071 13.1818
-19.7769 71.4083 14.4609
-17.5202 73.8026 16.3345

-16.7092 72.5856 19.8575
-16.4842 69.0076 18.5415
-14.1562 70.3216 15.8515
-11.9942 72.0946 18.4185

-11.7632 68.8786 20.4485
-6.75023 69.4786 20.0035
-6.43523 65.7166 19.8505
-4.78523 65.7246 16.4115
-1.44823 66.2956 20.8175

-0.968231 63.1056 18.7645
1.14777 64.8756 16.1905
3.37377 66.2816 18.8965
3.76477 62.9446 20.6685
4.75677 61.1906 17.4355
7.31177 63.8966 16.7425
8.66077 63.6996 20.2705
9.07277 59.9426 19.7835
10.7888 60.3046 16.4305
13.2278 62.7886 17.9345
13.7748 60.4226 20.8555
14.4548 57.6036 18.4055
17.0588 59.5776 16.4095
18.8698 60.1006 19.7155
19.2248 56.4366 20.7305
19.8818 55.2986 17.1595

23.2928 57.0266 16.9565
24.3098 55.7736 13.4915
20.7918 56.3406 12.1815
20.5868 52.9266 10.5615
17.0838 52.5036 11.9175
17.8778 50.0286 14.6935
18.7738 50.6266 18.2955
21.4928 48.1776 19.2815
22.4558 47.2036 22.8265

25.6298 49.2736 22.5075
23.5438 52.3366 21.5865
21.0698 51.8766 24.4065
24.0568 51.7316 26.7495
25.8488 54.6886 25.1625
22.6728 56.5916 26.0955
25.4918 56.2546 30.4285
25.5328 59.7526 28.9045
22.1338 60.2816 30.5435
23.3458 59.5216 34.0655

21.4448 56.2786 34.5215
23.6158 53.3946 35.6805
22.6238 49.8906 34.6815
24.3478 46.5276 34.3955
24.8438 45.2656 30.8495

22.5498 42.3046 31.5505
19.8968 44.9216 32.3295
20.7318 46.9706 29.2135
20.3668 43.7266 27.2885
17.0188 43.0156 28.9115
16.4228 45.3056 24.2985
15.2748 41.6756 24.6575
11.7868 42.7126 25.7425
11.5238 45.6026 23.2545

13.0251 43.5592 20.4817
12.2202 41.4031 17.5234
9.9508 40.129 14.8025
10.3053 36.635 15.9989
8.31845 37.4448 19.2386
5.631 39.5505 17.5431
5.34212 42.9281 15.9181
2.81933 45.2403 17.7291
5.89697 44.698 19.9963
4.75397 46.5774 23.1425

4.33371 43.4591 25.2737
1.73356 45.178 27.448
-0.224876 46.2975 24.3896
-0.20964 42.7724 22.9696

-1.66664 39.6314 24.5366
-3.95264 44.1564 27.1126
-4.63964 40.8824 28.8986

End chain 1
