9.675 45.053 37.07
10.06 47.656 34.334
11.345 51.215 34.643
9.093 54.194 33.894

10.941 54.669 30.614
10.587 51.147 29.357
6.872 51.146 30.143
6.375 54.381 28.128
8.313 52.981 25.228
6.406 49.72 25.337
3.144 51.624 25.507
4.068 53.646 22.383
4.862 50.444 20.445
1.723 48.722 21.697
-0.413 51.697 20.656
1.114 51.623 17.211
-0.251 48.063 16.774
-3.552 48.834 18.489

-4.83 50.903 15.547
-8.5 50.66 16.584
-7.793 51.729 20.147
-9.689 48.952 21.884
-6.734 48.302 24.221
-5.89 44.868 22.816

-3.836 43.256 20.059
-3.993 39.759 18.46
-1.443 37.06 19.349

-0.031 37.433 15.806
0.531 41.169 16.353
2.142 40.171 19.691
5.07 38.397 18.022
5.507 41.183 15.474
5.508 43.89 18.161

10.362 41.534 17.509

10.189 45.265 16.764
11.203 45.799 20.383
14.158 43.45 20.06

15.2489 45.2709 16.8942
17.1548 46.4536 13.8783
14.667 45.7014 11.1543
11.9996 48.4758 11.2476
11.8339 52.1743 12.1353

9.61695 53.4976 9.34666
8.51957 56.4417 11.4847
12.1254 57.3029 12.321
13.1003 57.2128 8.64894
10.2174 59.5112 7.72731

7.04438 63.7982 7.35731

5.31938 60.7812 8.93831
6.97638 61.5602 12.2493
6.10138 65.2632 12.4623
2.89538 65.2262 10.4263

2.27375 62.3076 12.7149
-1.09684 61.5678 11.1608
-4.16224 59.4353 11.9496
-7.73757 58.7442 11.1115
-8.98944 61.1237 13.8767
-9.55092 59.8268 17.4451

-6.99182 62.1661 19.0654
-4.80709 64.8673 20.3446
-2.55045 67.2615 22.2182

-1.73945 66.0445 25.7412
-1.51445 62.4665 24.4252
0.813549 63.7805 21.7352
2.97555 65.5535 24.3022

3.20655 62.3375 26.3322
8.21955 62.9375 25.8872
8.53455 59.1755 25.7342
10.1845 59.1835 22.2952
13.5215 59.7545 26.7012

14.0015 56.5645 24.6482
16.1175 58.3345 22.0742
18.3435 59.7405 24.7802
18.7345 56.4035 26.5522
19.7265 54.6495 23.3192
22.2815 57.3555 22.6262
23.6305 57.1585 26.1542
24.0425 53.4015 25.6672
25.7585 53.7635 22.3142
28.1975 56.2475 23.8182
28.7445 53.8815 26.7392
29.4245 51.0625 24.2892
32.0285 53.0365 22.2932
33.8395 53.5595 25.5992
34.1945 49.8955 26.6142
34.8515 48.7575 23.0432

38.2625 50.4855 22.8402
39.2795 49.2325 19.3752
35.7615 49.7995 18.0652
35.5565 46.3855 16.4452
32.0535 45.9625 17.8012
32.8475 43.4875 20.5772
33.7435 44.0855 24.1792
36.4625 41.6365 25.1652
37.4255 40.6625 28.7102

40.5995 42.7325 28.3912
38.5135 45.7955 27.4702
36.0395 45.3355 30.2902
39.0265 45.1905 32.6332
40.8185 48.1475 31.0462
37.6425 50.0505 31.9792
40.4615 49.7135 36.3122
40.5025 53.2115 34.7882
37.1035 53.7405 36.4272
38.3155 52.9805 39.9492

36.4145 49.7375 40.4052
38.5855 46.8535 41.5642
37.5935 43.3495 40.5652
39.3175 39.9865 40.2792
39.8135 38.7245 36.7332

37.5195 35.7635 37.4342
34.8665 38.3805 38.2132
35.7015 40.4295 35.0972
35.3365 37.1855 33.1722
31.9885 36.4745 34.7952
31.3925 38.7645 30.1822
30.2445 35.1345 30.5412
26.7565 36.1715 31.6262
26.4935 39.0615 29.1382

27.8705 36.8045 26.4032
24.7255 35.3105 24.9172
25.8415 33.8375 21.5662
28.8485 32.2915 23.3582
31.7885 33.7815 21.4512
33.3815 34.9605 24.6992
32.6235 38.6245 24.0002
29.8115 41.1565 24.2432
28.4455 42.5885 20.9712
26.2135 45.7025 20.9142

22.9155 43.8195 21.3182
24.0875 41.7395 24.2562
25.2485 45.0085 25.7252
21.8995 46.7865 25.4682

20.4425 43.6455 27.0352
18.1565 48.1705 29.6112
17.4695 44.8965 31.3972

End chain 1
