28.422 55.412 128.746
26.585 52.466 130.299

28.171 52.666 133.746
27.666 56.436 133.804
23.987 55.468 133.716
24.443 52.827 136.422
26.108 55.456 138.622
23.096 57.675 137.95
20.515 55.099 138.99
22.579 54.604 142.156
22.386 58.351 142.807
18.65 58.418 142.058
17.944 55.62 144.549
19.865 57.433 147.285
17.944 60.663 146.691
14.628 58.802 146.456

14.568 58.126 150.193
11.242 56.298 150.293
11.816 54.283 147.128
8.593 55.291 145.378
10.47 56.019 142.135
10.009 59.825 142.404
12.073 62.656 143.9
10.114 65.344 145.775
11.215 68.834 146.805

11.654 67.495 150.326
13.909 64.645 149.206
15.82 67.046 146.977
16.201 69.561 149.811
17.576 66.911 152.158
20.327 66.169 149.641
21.067 69.825 148.898
21.233 70.612 152.617
23.582 67.665 153.226
26.038 69.29 150.765

26.271 72.672 152.496
23.522 74.428 150.53
20.485 76.32 151.832
18.085 76.481 148.868
14.662 77.966 149.435
11.542 75.947 148.727

10.976 78.134 145.628
14.485 77.249 144.445
13.862 73.514 144.976
10.592 73.698 143.031
12.552 75.523 140.304
15.154 72.766 140.072
12.341 70.263 139.631

13.502 72.747 134.992
13.454 68.993 134.188
9.807 68.193 134.958
8.775 67.047 131.501
5.433 65.565 132.58
4.558 68.471 134.875
3.698 66.445 138.002
6.035 68.267 140.414
8.405 65.333 141.051
11.482 63.939 139.315
11.363 60.426 137.904
14.403 58.622 136.614

14.142 59.822 132.974
13.795 63.453 134.095
16.666 62.837 136.519
18.887 61.932 133.573
18.035 65.365 132.195
19.104 66.796 135.531
22.272 64.668 135.676
22.946 65.739 132.088

22.3545 69.3501 132.819
21.7851 72.6197 134.533
20.4179 75.932 135.971
22.3899 79.1558 136.407

21.4635 79.6594 132.755
18.4761 81.8062 133.709
20.6293 83.966 135.977
23.1917 84.4784 133.217
20.482 85.5071 130.759
19.0572 88.0174 133.231
22.4916 89.5352 133.818
23.0797 89.8904 130.08
19.7231 91.6117 129.617
20.4805 94.0566 132.426
23.8605 94.9029 130.909
22.2839 95.5393 127.51
19.6774 97.8417 129.043
22.3584 99.8187 130.872
24.3703 100.234 127.675
21.3096 101.477 125.795

20.0391 104.363 128.034
21.6241 106.988 130.44
20.1685 108.934 133.408
18.0953 106.008 132.292
19.817 102.586 132.03
20.0281 103.645 135.73
17.2522 105.919 137.217
16.1395 103.05 134.917
16.1502 100.302 137.593

17.5026 98.4506 140.624
14.0064 98.0452 142.057
12.7103 96.6659 138.762
15.5559 94.1532 138.583
14.8704 92.9786 142.132
11.1779 92.5074 141.366
11.9828 90.4721 138.259
14.3495 88.236 140.219
11.717 87.6284 142.892
9.12905 86.6985 140.269

5.80405 84.9115 139.741
3.70505 87.7595 138.317
2.94705 87.4265 134.617
1.06505 90.4555 133.338
-0.059946 90.9185 129.758
1.90105 92.9545 127.239

-0.384946 95.9845 127.53
-0.483946 95.9135 131.33
3.30305 96.2195 131.167
3.23205 98.9595 128.526
0.815054 100.968 130.682
2.87505 100.515 133.864
5.89205 101.988 132.035
3.69905 104.76 130.54
2.16905 105.688 133.915
5.50305 106.063 135.725

6.39721 108.405 133.003
6.37091 111.833 131.15
8.28462 114.831 129.799
10.3522 111.876 128.657
8.35058 108.918 127.512
7.85922 111.798 125.059
10.8153 113.022 122.943
10.3303 109.189 123.188
7.54363 106.799 123.649
7.49842 107.77 120.042

10.4258 107.875 117.62
12.5909 105.851 119.999
9.87243 103.225 120.393
9.48549 102.92 116.625
13.2329 102.472 116.179
13.3203 99.7486 118.828

13.6953 98.2196 122.31
13.5153 101.614 124.138

End chain 1
