9.675 45.053 37.07
10.06 47.656 34.334
11.345 51.215 34.643
9.093 54.194 33.894

10.941 54.669 30.614
10.587 51.147 29.357
6.872 51.146 30.143
6.375 54.381 28.128
8.313 52.981 25.228
6.406 49.72 25.337
3.144 51.624 25.507
4.068 53.646 22.383
4.862 50.444 20.445
1.723 48.722 21.697
-0.413 51.697 20.656
1.114 51.623 17.211
-0.251 48.063 16.774
-3.552 48.834 18.489

-4.83 50.903 15.547
-8.5 50.66 16.584
-7.793 51.729 20.147
-9.689 48.952 21.884
-6.734 48.302 24.221
-5.89 44.868 22.816

-3.836 43.256 20.059
-3.993 39.759 18.46
-1.443 37.06 19.349

-0.031 37.433 15.806
0.531 41.169 16.353
2.142 40.171 19.691
5.07 38.397 18.022
5.507 41.183 15.474
5.508 43.89 18.161

10.362 41.534 17.509

10.189 45.265 16.764
11.203 45.799 20.383
14.158 43.45 20.06

15.6256 45.3154 17.1454
17.5846 47.1958 14.3941
16.5811 50.7669 14.4664
13.6389 52.808 13.3305
12.8351 54.1821 9.87813

9.03798 54.0327 9.92945
8.88129 56.5416 12.7797
11.1815 58.9344 10.9287
9.0518 58.7063 7.78938
5.8887 59.4365 9.76538

2.7157 63.7235 9.39538

0.990698 60.7065 10.9764
2.6477 61.4855 14.2874
1.7727 65.1885 14.5004
-1.4333 65.1515 12.4644

-2.05493 62.2329 14.753
-5.42552 61.4931 13.1989
-8.49092 59.3607 13.9877
-12.0663 58.6695 13.1496
-13.3181 61.049 15.9147
-13.8796 59.7521 19.4832

-11.3205 62.0914 21.1035
-9.13578 64.7926 22.3826
-6.87913 67.1868 24.2562

-6.06813 65.9698 27.7792
-5.84313 62.3918 26.4632
-3.51513 63.7058 23.7732
-1.35313 65.4788 26.3402

-1.12213 62.2628 28.3702
3.89087 62.8628 27.9252
4.20587 59.1008 27.7722
5.85587 59.1088 24.3332
9.19287 59.6798 28.7392

9.67287 56.4898 26.6862
11.7889 58.2598 24.1122
14.0149 59.6658 26.8182
14.4059 56.3288 28.5902
15.3979 54.5748 25.3572
17.9529 57.2808 24.6642
19.3019 57.0838 28.1922
19.7139 53.3268 27.7052
21.4299 53.6888 24.3522
23.8689 56.1728 25.8562
24.4159 53.8068 28.7772
25.0959 50.9878 26.3272
27.6999 52.9618 24.3312
29.5109 53.4848 27.6372
29.8659 49.8208 28.6522
30.5229 48.6828 25.0812

33.9339 50.4108 24.8782
34.9509 49.1578 21.4132
31.4329 49.7248 20.1032
31.2279 46.3108 18.4832
27.7249 45.8878 19.8392
28.5189 43.4128 22.6152
29.4149 44.0108 26.2172
32.1339 41.5618 27.2032
33.0969 40.5878 30.7482

36.2709 42.6578 30.4292
34.1849 45.7208 29.5082
31.7109 45.2608 32.3282
34.6979 45.1158 34.6712
36.4899 48.0728 33.0842
33.3139 49.9758 34.0172
36.1329 49.6388 38.3502
36.1739 53.1368 36.8262
32.7749 53.6658 38.4652
33.9869 52.9058 41.9872

32.0859 49.6628 42.4432
34.2569 46.7788 43.6022
33.2649 43.2748 42.6032
34.9889 39.9118 42.3172
35.4849 38.6498 38.7712

33.1909 35.6888 39.4722
30.5379 38.3058 40.2512
31.3729 40.3548 37.1352
31.0079 37.1108 35.2102
27.6599 36.3998 36.8332
27.0639 38.6898 32.2202
25.9159 35.0598 32.5792
22.4279 36.0968 33.6642
22.1649 38.9868 31.1762

23.6662 36.9435 28.4034
22.8613 34.7874 25.4451
20.5919 33.5132 22.7242
20.9464 30.0192 23.9206
18.9596 30.829 27.1603
16.2721 32.9347 25.4648
15.9832 36.3123 23.8398
13.4604 38.6245 25.6508
16.5381 38.0822 27.918
15.3951 39.9616 31.0642

14.9748 36.8433 33.1954
12.3747 38.5622 35.3697
10.4162 39.6817 32.3113
10.4315 36.1567 30.8913

8.97446 33.0157 32.4583
6.68846 37.5407 35.0343
6.00146 34.2667 36.8203

End chain 1
