9.675 45.053 37.07
10.06 47.656 34.334
11.345 51.215 34.643
9.093 54.194 33.894

10.941 54.669 30.614
10.587 51.147 29.357
6.872 51.146 30.143
6.375 54.381 28.128
8.313 52.981 25.228
6.406 49.72 25.337
3.144 51.624 25.507
4.068 53.646 22.383
4.862 50.444 20.445
1.723 48.722 21.697
-0.413 51.697 20.656
1.114 51.623 17.211
-0.251 48.063 16.774
-3.552 48.834 18.489

-4.83 50.903 15.547
-8.5 50.66 16.584
-7.793 51.729 20.147
-9.689 48.952 21.884
-6.734 48.302 24.221
-5.89 44.868 22.816

-3.836 43.256 20.059
-3.993 39.759 18.46
-1.443 37.06 19.349

-0.031 37.433 15.806
0.531 41.169 16.353
2.142 40.171 19.691
5.07 38.397 18.022
5.507 41.183 15.474
5.508 43.89 18.161

10.362 41.534 17.509

10.189 45.265 16.764
11.203 45.799 20.383
14.158 43.45 20.06

12.641 40.294 21.555
13.144 37.184 19.397
11.26 34.223 20.869
10.92 30.933 19.016
7.424 29.794 17.978

7.342 27.485 20.988
8.487 30.085 23.497
5.976 32.602 22.155
3.075 30.15 22.314
3.943 28.973 25.836

0.77 33.26 25.466

-0.955 30.243 27.047
0.702 31.022 30.358
-0.173 34.725 30.571
-3.379 34.688 28.535

-5.05535 32.6598 31.4089
-4.51922 35.1155 34.3588
-4.05522 37.4682 37.3101
-5.40174 40.4188 35.3922
-6.58714 43.3484 33.3887
-6.69617 46.3829 35.7652

-7.96956 47.8246 38.9985
-4.77027 47.5526 41.0499
-2.02799 49.1465 43.0273

-1.21699 47.9295 46.5503
-0.991986 44.3515 45.2343
1.33601 45.6655 42.5443
3.49801 47.4385 45.1113

3.72901 44.2225 47.1413
8.74201 44.8225 46.6963
9.05701 41.0605 46.5433
10.707 41.0685 43.1043
14.044 41.6395 47.5103

14.524 38.4495 45.4573
16.64 40.2195 42.8833
18.866 41.6255 45.5893
19.257 38.2885 47.3613
20.249 36.5345 44.1283
22.804 39.2405 43.4353
24.153 39.0435 46.9633
24.565 35.2865 46.4763
26.281 35.6485 43.1233
28.72 38.1325 44.6273
29.267 35.7665 47.5483
29.947 32.9475 45.0983
32.551 34.9215 43.1023
34.362 35.4445 46.4083
34.717 31.7805 47.4233
35.374 30.6425 43.8523

38.785 32.3705 43.6493
39.802 31.1175 40.1843
36.284 31.6845 38.8743
36.079 28.2705 37.2543
32.576 27.8475 38.6103
33.37 25.3725 41.3863
34.266 25.9705 44.9883
36.985 23.5215 45.9743
37.948 22.5475 49.5193

41.122 24.6175 49.2003
39.036 27.6805 48.2793
36.562 27.2205 51.0993
39.549 27.0755 53.4423
41.341 30.0325 51.8553
38.165 31.9355 52.7883
40.984 31.5985 57.1213
41.025 35.0965 55.5973
37.626 35.6255 57.2363
38.838 34.8655 60.7583

36.937 31.6225 61.2143
39.108 28.7385 62.3733
38.116 25.2345 61.3743
39.84 21.8715 61.0883
40.336 20.6095 57.5423

38.042 17.6485 58.2433
35.389 20.2655 59.0223
36.224 22.3145 55.9063
35.859 19.0705 53.9813
32.511 18.3595 55.6043
31.915 20.6495 50.9913
30.767 17.0195 51.3503
27.279 18.0565 52.4353
27.016 20.9465 49.9473

28.393 18.6895 47.2123
25.248 17.1955 45.7263
26.364 15.7225 42.3753
29.371 14.1765 44.1673
32.311 15.6665 42.2603
33.904 16.8455 45.5083
33.146 20.5095 44.8093
30.334 23.0415 45.0523
28.968 24.4735 41.7803
26.736 27.5875 41.7233

23.438 25.7045 42.1273
24.61 23.6245 45.0653
25.771 26.8935 46.5343
22.422 28.6715 46.2773

20.965 25.5305 47.8443
18.679 30.0555 50.4203
17.992 26.7815 52.2063

End chain 1
