28.422 55.412 128.746
26.585 52.466 130.299

28.171 52.666 133.746
27.666 56.436 133.804
23.987 55.468 133.716
24.443 52.827 136.422
26.108 55.456 138.622
23.096 57.675 137.95
20.515 55.099 138.99
22.579 54.604 142.156
22.386 58.351 142.807
18.65 58.418 142.058
17.944 55.62 144.549
19.865 57.433 147.285
17.944 60.663 146.691
14.628 58.802 146.456

14.568 58.126 150.193
11.242 56.298 150.293
11.816 54.283 147.128
8.593 55.291 145.378
10.47 56.019 142.135
10.009 59.825 142.404
12.073 62.656 143.9
10.114 65.344 145.775
11.215 68.834 146.805

11.654 67.495 150.326
13.909 64.645 149.206
15.82 67.046 146.977
16.201 69.561 149.811
17.576 66.911 152.158
20.327 66.169 149.641
21.067 69.825 148.898
21.233 70.612 152.617
23.582 67.665 153.226
26.038 69.29 150.765

26.271 72.672 152.496
23.522 74.428 150.53
20.485 76.32 151.832
18.085 76.481 148.868
14.662 77.966 149.435
11.542 75.947 148.727

10.976 78.134 145.628
14.485 77.249 144.445
13.862 73.514 144.976
10.592 73.698 143.031
12.552 75.523 140.304
15.154 72.766 140.072
12.341 70.263 139.631

13.502 72.747 134.992
13.454 68.993 134.188
9.807 68.193 134.958
8.775 67.047 131.501
5.433 65.565 132.58
4.558 68.471 134.875
3.698 66.445 138.002
6.035 68.267 140.414
8.405 65.333 141.051
11.482 63.939 139.315
11.363 60.426 137.904
14.403 58.622 136.614

14.142 59.822 132.974
13.795 63.453 134.095
16.666 62.837 136.519
18.887 61.932 133.573
18.035 65.365 132.195
19.104 66.796 135.531
22.272 64.668 135.676
22.946 65.739 132.088

22.3664 69.406 132.58
21.7463 73.0363 133.329
19.7861 76.1761 132.289
21.863 76.9039 129.274

22.5717 75.1941 125.954
22.3031 71.7584 127.556
18.972 72.6555 129.151
17.6022 73.8861 125.826
18.6647 70.6768 124.09
16.9844 68.5606 126.763
13.7531 70.5332 126.43
13.763 70.0987 122.654
14.2823 66.349 122.99
11.3968 66.0716 125.448
9.09589 67.9937 123.112
10.0121 65.7367 120.195
9.30978 62.6231 122.258
5.91052 63.9638 123.302
4.99635 64.7298 119.694
5.98061 61.2262 118.599

5.32441 59.0167 121.57
4.80333 56.4078 124.253
5.66552 58.586 127.142
3.62708 61.6121 127.929
0.833891 64.185 127.177
-1.90507 66.8615 127.385
-3.33175 69.5428 124.944
-2.15388 67.3103 122.047
-3.26987 65.6233 118.783

-2.17306 62.0085 119.199
-4.68192 61.4685 122.002
-7.4944 62.9138 119.894
-6.60365 60.6464 116.977
-6.59926 57.5867 119.231
-10.0133 58.4942 120.633
-11.4425 58.9193 117.137
-10.0911 55.5321 116.068
-11.618 53.8524 119.116
-15.0006 55.4364 118.414

-17.9939 56.4925 116.362
-21.1849 54.7526 115.013
-23.6881 53.3452 112.426
-26.9636 54.9467 113.219
-25.8169 58.3798 112.419
-24.3716 61.8371 112.929

-25.6878 65.1057 111.505
-23.9969 67.1 114.263
-20.6839 65.3485 113.631
-20.8993 66.075 109.907
-21.603 69.751 110.567
-18.6214 70.0012 112.91
-16.3357 68.4028 110.328
-17.5117 70.8241 107.646
-16.8794 73.8025 109.92
-13.3665 72.582 110.703

-11.4998 71.665 107.529
-9.82157 70.3793 104.288
-9.29866 68.9416 100.873
-9.52991 65.3566 101.827
-7.32637 62.6374 103.426
-8.18298 60.3227 106.361
-6.08548 61.2824 109.355
-3.72281 58.5611 108.51
-3.80947 58.059 104.689
-0.551346 59.4482 103.582

2.97771 60.5427 102.693
4.43561 58.4894 105.539
2.50931 55.4066 104.431
3.74163 55.8023 100.858
7.34318 56.1098 102.031
7.02478 52.9672 104.144

7.39978 51.4382 107.626
7.21978 54.8322 109.454

End chain 1
