28.422 55.412 128.746
26.585 52.466 130.299

28.171 52.666 133.746
27.666 56.436 133.804
23.987 55.468 133.716
24.443 52.827 136.422
26.108 55.456 138.622
23.096 57.675 137.95
20.515 55.099 138.99
22.579 54.604 142.156
22.386 58.351 142.807
18.65 58.418 142.058
17.944 55.62 144.549
19.865 57.433 147.285
17.944 60.663 146.691
14.628 58.802 146.456

14.568 58.126 150.193
11.242 56.298 150.293
11.816 54.283 147.128
8.593 55.291 145.378
10.47 56.019 142.135
10.009 59.825 142.404
12.073 62.656 143.9
10.114 65.344 145.775
11.215 68.834 146.805

11.654 67.495 150.326
13.909 64.645 149.206
15.82 67.046 146.977
16.201 69.561 149.811
17.576 66.911 152.158
20.327 66.169 149.641
21.067 69.825 148.898
21.233 70.612 152.617
23.582 67.665 153.226
26.038 69.29 150.765

26.271 72.672 152.496
23.522 74.428 150.53
20.485 76.32 151.832
18.085 76.481 148.868
14.662 77.966 149.435
11.542 75.947 148.727

10.976 78.134 145.628
14.485 77.249 144.445
13.862 73.514 144.976
10.592 73.698 143.031
12.552 75.523 140.304
15.154 72.766 140.072
12.341 70.263 139.631

13.502 72.747 134.992
13.454 68.993 134.188
9.807 68.193 134.958
8.775 67.047 131.501
5.433 65.565 132.58
4.558 68.471 134.875
3.698 66.445 138.002
6.035 68.267 140.414
8.405 65.333 141.051
11.482 63.939 139.315
11.363 60.426 137.904
14.403 58.622 136.614

14.142 59.822 132.974
13.795 63.453 134.095
16.666 62.837 136.519
18.887 61.932 133.573
18.035 65.365 132.195
19.104 66.796 135.531
22.272 64.668 135.676
22.946 65.739 132.088

22.3664 69.406 132.58
21.7463 73.0363 133.329
19.7861 76.1761 132.289
21.863 76.9039 129.274

22.5717 75.1941 125.954
22.3031 71.7584 127.556
18.972 72.6555 129.151
17.6022 73.8861 125.826
18.6647 70.6768 124.09
16.9844 68.5606 126.763
13.7531 70.5332 126.43
13.763 70.0987 122.654
14.2823 66.349 122.99
11.3968 66.0716 125.448
9.09589 67.9937 123.112
10.0121 65.7367 120.195
9.30978 62.6231 122.258
5.91052 63.9638 123.302
4.99635 64.7298 119.694
5.98061 61.2262 118.599

6.51517 57.7651 117.105
9.76793 56.2008 115.985
10.6348 54.6626 112.539
11.7011 53.1936 109.177
10.5093 49.743 109.922
13.3046 47.2171 109.994
15.9057 49.7953 109.008
18.8152 47.7623 107.927
19.9261 45.4959 104.965

23.0617 43.8064 106.291
21.0443 41.8546 108.853
18.6095 40.6783 106.182
21.4619 39.5152 103.956
23.0327 37.5723 106.82
19.7281 35.8668 107.604
19.2718 34.8648 103.966
22.7756 33.3993 103.83
22.1586 31.3794 106.989
18.9056 30.001 105.589

15.9123 31.0571 103.536
12.7214 29.3173 102.187
10.2181 27.9099 99.6
6.94263 29.5114 100.393
8.08936 32.9444 99.5936
9.53467 36.4017 100.103

8.21841 39.6703 98.6795
9.90931 41.6646 101.437
13.2223 39.9131 100.806
13.0069 40.6396 97.0816
12.3032 44.3156 97.741
15.2849 44.5659 100.084
17.5706 42.9674 97.5028
16.3946 45.3887 94.82
17.0269 48.3671 97.0944
20.5398 47.1466 97.8772

21.4966 46.2221 94.3487
22.6296 45.9157 90.7336
23.4442 42.719 88.7539
26.9044 43.7821 89.9947
29.6078 45.6404 87.8883
31.0262 42.2127 86.7469
28.8057 39.013 86.9259
30.0987 38.1183 90.3507
28.1836 35.4931 92.393
28.735 37.5938 95.542

29.6479 41.1572 96.4967
32.043 39.9279 99.1791
33.7376 37.5736 96.7238
34.1751 40.3737 94.1917
35.717 42.6423 96.822
38.1611 39.9275 97.8702

38.5361 38.3985 101.352
38.3561 41.7925 103.18

End chain 1
