28.422 55.412 128.746
26.585 52.466 130.299

28.171 52.666 133.746
27.666 56.436 133.804
23.987 55.468 133.716
24.443 52.827 136.422
26.108 55.456 138.622
23.096 57.675 137.95
20.515 55.099 138.99
22.579 54.604 142.156
22.386 58.351 142.807
18.65 58.418 142.058
17.944 55.62 144.549
19.865 57.433 147.285
17.944 60.663 146.691
14.628 58.802 146.456

14.568 58.126 150.193
11.242 56.298 150.293
11.816 54.283 147.128
8.593 55.291 145.378
10.47 56.019 142.135
10.009 59.825 142.404
12.073 62.656 143.9
10.114 65.344 145.775
11.215 68.834 146.805

11.654 67.495 150.326
13.909 64.645 149.206
15.82 67.046 146.977
16.201 69.561 149.811
17.576 66.911 152.158
20.327 66.169 149.641
21.067 69.825 148.898
21.233 70.612 152.617
23.582 67.665 153.226
26.038 69.29 150.765

26.271 72.672 152.496
23.522 74.428 150.53
20.485 76.32 151.832
18.085 76.481 148.868
14.662 77.966 149.435
11.542 75.947 148.727

10.976 78.134 145.628
14.485 77.249 144.445
13.862 73.514 144.976
10.592 73.698 143.031
12.552 75.523 140.304
15.154 72.766 140.072
12.341 70.263 139.631

13.502 72.747 134.992
13.454 68.993 134.188
9.807 68.193 134.958
8.775 67.047 131.501
5.433 65.565 132.58
4.558 68.471 134.875
3.698 66.445 138.002
6.035 68.267 140.414
8.405 65.333 141.051
11.482 63.939 139.315
11.363 60.426 137.904
14.403 58.622 136.614

14.142 59.822 132.974
13.795 63.453 134.095
16.666 62.837 136.519
18.887 61.932 133.573
18.035 65.365 132.195
19.104 66.796 135.531
22.272 64.668 135.676
22.946 65.739 132.088

22.3664 69.406 132.58
21.7463 73.0363 133.329
19.7861 76.1761 132.289
21.863 76.9039 129.274

22.5717 75.1941 125.954
22.3031 71.7584 127.556
18.972 72.6555 129.151
17.6022 73.8861 125.826
18.6647 70.6768 124.09
16.9844 68.5606 126.763
13.7531 70.5332 126.43
13.763 70.0987 122.654
14.2823 66.349 122.99
11.3968 66.0716 125.448
9.09589 67.9937 123.112
10.0121 65.7367 120.195
9.30978 62.6231 122.258
5.91052 63.9638 123.302
4.99635 64.7298 119.694
5.98061 61.2262 118.599

5.32441 59.0167 121.57
4.80333 56.4078 124.253
5.66552 58.586 127.142
3.62708 61.6121 127.929
0.833891 64.185 127.177
-1.90507 66.8615 127.385
-3.33175 69.5428 124.944
-2.15388 67.3103 122.047
-3.26987 65.6233 118.783

-2.17306 62.0085 119.199
-4.68192 61.4685 122.002
-7.4944 62.9138 119.894
-6.60365 60.6464 116.977
-6.59926 57.5867 119.231
-10.0133 58.4942 120.633
-11.4425 58.9193 117.137
-10.0911 55.5321 116.068
-11.618 53.8524 119.116
-15.0006 55.4364 118.414

-14.6937 54.2937 114.764
-14.0067 52.4163 111.567
-17.31 52.6887 109.742
-16.8405 56.3905 109.156
-18.4645 58.5976 111.86
-21.8616 58.232 113.615

-23.9521 61.0766 112.208
-22.7993 63.4191 114.969
-19.1576 62.546 114.322
-19.5588 63.2082 110.602
-21.1499 66.5928 111.277
-18.3157 67.5671 113.614
-15.7136 66.5937 111.021
-17.4623 68.6564 108.351
-17.5807 71.6912 110.635
-13.8723 71.3775 111.404

-12.8979 70.9665 107.799
-10.8625 67.979 106.557
-8.41733 65.2794 105.223
-7.31799 61.7011 105.447
-8.10722 60.8125 101.907
-5.4551 63.3639 101.188
-2.2372 62.0716 102.828
-2.44844 65.5235 104.249
-5.27335 68.1796 103.994
-4.28991 68.9442 107.678

-1.9534 71.6385 108.991
-0.485389 69.2507 111.557
0.125349 66.6097 108.894
1.88007 69.1322 106.657
4.12445 70.2486 109.514
5.06751 66.6534 110.306

5.44251 65.1244 113.788
5.26251 68.5184 115.616

End chain 1
