28.422 55.412 128.746
26.585 52.466 130.299

28.171 52.666 133.746
27.666 56.436 133.804
23.987 55.468 133.716
24.443 52.827 136.422
26.108 55.456 138.622
23.096 57.675 137.95
20.515 55.099 138.99
22.579 54.604 142.156
22.386 58.351 142.807
18.65 58.418 142.058
17.944 55.62 144.549
19.865 57.433 147.285
17.944 60.663 146.691
14.628 58.802 146.456

14.568 58.126 150.193
11.242 56.298 150.293
11.816 54.283 147.128
8.593 55.291 145.378
10.47 56.019 142.135
10.009 59.825 142.404
12.073 62.656 143.9
10.114 65.344 145.775
11.215 68.834 146.805

11.654 67.495 150.326
13.909 64.645 149.206
15.82 67.046 146.977
16.201 69.561 149.811
17.576 66.911 152.158
20.327 66.169 149.641
21.067 69.825 148.898
21.233 70.612 152.617
23.582 67.665 153.226
26.038 69.29 150.765

26.271 72.672 152.496
23.522 74.428 150.53
20.485 76.32 151.832
18.085 76.481 148.868
14.662 77.966 149.435
11.542 75.947 148.727

10.976 78.134 145.628
14.485 77.249 144.445
13.862 73.514 144.976
10.592 73.698 143.031
12.552 75.523 140.304
15.154 72.766 140.072
12.341 70.263 139.631

13.502 72.747 134.992
13.454 68.993 134.188
9.807 68.193 134.958
8.775 67.047 131.501
5.433 65.565 132.58
4.558 68.471 134.875
3.698 66.445 138.002
6.035 68.267 140.414
8.405 65.333 141.051
11.482 63.939 139.315
11.363 60.426 137.904
14.403 58.622 136.614

14.142 59.822 132.974
13.795 63.453 134.095
16.666 62.837 136.519
18.887 61.932 133.573
18.035 65.365 132.195
19.104 66.796 135.531
22.272 64.668 135.676
22.946 65.739 132.088

22.361 69.095 133.858
19.974 70.091 131.092
16.677 71.866 130.781
13.622 69.915 129.686

13.048 71.769 126.352
16.591 71.057 125.308
16.131 67.422 126.307
12.81 67.206 124.462
14.365 68.716 121.319
17.071 66.031 121.337
14.407 63.336 121.688
12.264 64.743 118.873
15.387 64.841 116.691
16.023 61.15 117.443
12.464 60.331 116.332
13.01 62.466 113.229
16.126 60.543 112.229
14.143 57.28 112.298
12.037 58.613 109.43
14.862 60.488 107.625

16.7623 57.2484 108.472
18.8528 54.5793 110.105
21.041 51.6565 111.217
20.9089 50.35 114.81
24.6245 50.7859 115.51
25.28 47.0815 115.957
25.9791 43.4387 116.288
23.2926 41.0094 117.045
24.2241 39.4035 113.815

25.7555 37.6293 110.824
26.092 34.3953 112.791
22.4601 34.576 113.896
21.2983 35.1192 110.318
23.3111 32.1313 109.108
21.8338 29.9155 111.82
18.3033 30.9828 110.903
18.9227 30.223 107.232
20.2617 26.7672 108.073
17.2196 26.0048 110.219

14.2263 27.0609 108.167
11.0354 25.3211 106.817
8.53216 23.9137 104.23
5.25664 25.5152 105.023
6.40337 28.9482 104.224
7.84868 32.4055 104.733

6.53242 35.6741 103.31
8.22332 37.6684 106.068
11.5363 35.9169 105.436
11.321 36.6434 101.712
10.6173 40.3194 102.371
13.5989 40.5697 104.715
15.8846 38.9712 102.133
14.7086 41.3925 99.4505
15.3409 44.3709 101.725
18.8538 43.1504 102.508

20.6578 44.5914 99.4386
20.6468 48.2574 100.437
23.1388 49.7184 97.9516
21.6958 47.7004 95.0416
24.8498 45.8924 93.9056
23.0218 42.5394 94.0266
24.9308 41.1134 97.0136
24.7988 41.4124 100.81
27.8118 42.9564 102.496
28.5858 42.9364 106.197

26.7928 46.1384 107.179
23.7358 44.9624 105.259
23.9768 41.5764 107.024
24.0578 43.3744 110.401
21.0438 45.4564 109.387
19.0958 42.5104 108.056

19.4708 40.9814 111.538
19.2908 44.3754 113.366

End chain 1
