28.422 55.412 128.746
26.585 52.466 130.299

28.171 52.666 133.746
27.666 56.436 133.804
23.987 55.468 133.716
24.443 52.827 136.422
26.108 55.456 138.622
23.096 57.675 137.95
20.515 55.099 138.99
22.579 54.604 142.156
22.386 58.351 142.807
18.65 58.418 142.058
17.944 55.62 144.549
19.865 57.433 147.285
17.944 60.663 146.691
14.628 58.802 146.456

14.568 58.126 150.193
11.242 56.298 150.293
11.816 54.283 147.128
8.593 55.291 145.378
10.47 56.019 142.135
10.009 59.825 142.404
12.073 62.656 143.9
10.114 65.344 145.775
11.215 68.834 146.805

11.654 67.495 150.326
13.909 64.645 149.206
15.82 67.046 146.977
16.201 69.561 149.811
17.576 66.911 152.158
20.327 66.169 149.641
21.067 69.825 148.898
21.233 70.612 152.617
23.582 67.665 153.226
26.038 69.29 150.765

26.271 72.672 152.496
23.522 74.428 150.53
20.485 76.32 151.832
18.085 76.481 148.868
14.662 77.966 149.435
11.542 75.947 148.727

10.976 78.134 145.628
14.485 77.249 144.445
13.862 73.514 144.976
10.592 73.698 143.031
12.552 75.523 140.304
15.154 72.766 140.072
12.341 70.263 139.631

13.502 72.747 134.992
13.454 68.993 134.188
9.807 68.193 134.958
8.775 67.047 131.501
5.433 65.565 132.58
4.558 68.471 134.875
3.698 66.445 138.002
6.035 68.267 140.414
8.405 65.333 141.051
11.482 63.939 139.315
11.363 60.426 137.904
14.403 58.622 136.614

14.142 59.822 132.974
13.795 63.453 134.095
16.666 62.837 136.519
18.887 61.932 133.573
18.035 65.365 132.195
19.104 66.796 135.531
22.272 64.668 135.676
22.946 65.739 132.088

22.3664 69.406 132.58
21.7463 73.0363 133.329
19.7861 76.1761 132.289
21.863 76.9039 129.274

22.5717 75.1941 125.954
22.3031 71.7584 127.556
18.972 72.6555 129.151
17.6022 73.8861 125.826
18.6647 70.6768 124.09
16.9844 68.5606 126.763
13.7531 70.5332 126.43
13.763 70.0987 122.654
14.2823 66.349 122.99
11.3968 66.0716 125.448
9.09589 67.9937 123.112
10.0121 65.7367 120.195
9.30978 62.6231 122.258
5.91052 63.9638 123.302
4.99635 64.7298 119.694
5.98061 61.2262 118.599

3.71156 59.846 121.218
0.514773 58.0899 120.351
-3.18767 57.8753 119.315
-3.80393 54.5319 117.408
-2.23802 51.2181 116.185
-1.02403 47.9817 114.69
-3.91454 45.69 115.57
-3.12887 41.9455 115.957
-5.06888 42.4795 112.694

-3.69406 39.1253 111.553
-5.50087 37.3184 114.366
-8.78374 39.0141 113.477
-8.41067 38.0369 109.823
-7.73633 34.416 110.76
-10.8147 34.3176 112.987
-12.9885 35.7308 110.208
-11.7002 33.136 107.748
-12.4291 30.3173 110.191
-15.9718 31.5787 110.74

-18.9651 32.6348 108.687
-22.1561 30.895 107.338
-24.6593 29.4876 104.751
-27.9348 31.0891 105.544
-26.7881 34.5221 104.745
-25.3428 37.9794 105.254

-26.659 41.248 103.83
-24.9681 43.2423 106.588
-21.6551 41.4908 105.957
-21.8705 42.2173 102.233
-22.5742 45.8933 102.892
-19.5926 46.1436 105.235
-17.3069 44.5451 102.654
-18.4829 46.9664 99.971
-17.8506 49.9448 102.245
-14.3376 48.7243 103.028

-12.4709 47.8074 99.8548
-10.7928 46.5217 96.6137
-10.2699 45.084 93.1978
-10.5011 41.4989 94.1526
-8.29757 38.7798 95.751
-9.15418 36.465 98.6865
-7.05667 37.4248 101.68
-4.69401 34.7034 100.836
-4.78067 34.2013 97.0139
-1.52254 35.5906 95.9073

2.00652 36.685 95.018
3.46442 34.6318 97.8643
1.53812 31.549 96.756
2.77044 31.9446 93.1828
6.37198 32.2521 94.3564
6.05359 29.1095 96.4695

6.42859 27.5805 99.9515
6.24859 30.9745 101.779

End chain 1
