9.675 45.053 37.07
10.06 47.656 34.334
11.345 51.215 34.643
9.093 54.194 33.894

10.941 54.669 30.614
10.587 51.147 29.357
6.872 51.146 30.143
6.375 54.381 28.128
8.313 52.981 25.228
6.406 49.72 25.337
3.144 51.624 25.507
4.068 53.646 22.383
4.862 50.444 20.445
1.723 48.722 21.697
-0.413 51.697 20.656
1.114 51.623 17.211
-0.251 48.063 16.774
-3.552 48.834 18.489

-4.83 50.903 15.547
-8.5 50.66 16.584
-7.793 51.729 20.147
-9.689 48.952 21.884
-6.734 48.302 24.221
-5.89 44.868 22.816

-3.836 43.256 20.059
-3.993 39.759 18.46
-1.443 37.06 19.349

-0.031 37.433 15.806
0.531 41.169 16.353
2.142 40.171 19.691
5.07 38.397 18.022
5.507 41.183 15.474
5.508 43.89 18.161

10.362 41.534 17.509

10.189 45.265 16.764
11.203 45.799 20.383
14.158 43.45 20.06

15.5239 45.8515 17.5279
13.8915 44.7678 14.3256
11.654 43.0079 11.925
10.1734 44.096 8.51475
10.4113 47.9349 8.08584

9.04965 51.0418 6.37232
10.5358 53.2893 9.0524
13.935 51.627 8.69833
13.8716 52.0804 4.92562
13.0078 55.7638 5.28561

9.83485 60.0508 4.91561

8.10985 57.0338 6.49661
9.76685 57.8128 9.80761
8.89185 61.5158 10.0206
5.68585 61.4788 7.98461

4.0095 59.4505 10.8585
4.54563 61.9062 13.8084
5.00963 64.259 16.7597
3.66311 67.2096 14.8418
2.47771 70.1392 12.8383
2.36867 73.1736 15.2148

1.09529 74.6154 18.4481
4.29458 74.3433 20.4995
7.03686 75.9373 22.4769

7.84786 74.7203 25.9999
8.07286 71.1423 24.6839
10.4009 72.4563 21.9939
12.5629 74.2293 24.5609

12.7939 71.0133 26.5909
17.8069 71.6133 26.1459
18.1219 67.8513 25.9929
19.7719 67.8593 22.5539
23.1089 68.4303 26.9599

23.5889 65.2403 24.9069
25.7049 67.0103 22.3329
27.9309 68.4163 25.0389
28.3219 65.0793 26.8109
29.3139 63.3253 23.5779
31.8689 66.0313 22.8849
33.2179 65.8343 26.4129
33.6299 62.0773 25.9259
35.3459 62.4393 22.5729
37.7849 64.9233 24.0769
38.3319 62.5573 26.9979
39.0119 59.7383 24.5479
41.6159 61.7123 22.5519
43.4269 62.2353 25.8579
43.7819 58.5713 26.8729
44.4389 57.4333 23.3019

47.8499 59.1613 23.0989
48.8669 57.9083 19.6339
45.3489 58.4753 18.3239
45.1439 55.0613 16.7039
41.6409 54.6383 18.0599
42.4349 52.1633 20.8359
43.3309 52.7613 24.4379
46.0499 50.3123 25.4239
47.0129 49.3383 28.9689

50.1869 51.4083 28.6499
48.1009 54.4713 27.7289
45.6269 54.0113 30.5489
48.6139 53.8663 32.8919
50.4059 56.8233 31.3049
47.2299 58.7263 32.2379
50.0489 58.3893 36.5709
50.0899 61.8873 35.0469
46.6909 62.4163 36.6859
47.9029 61.6563 40.2079

46.0019 58.4133 40.6639
48.1729 55.5293 41.8229
47.1809 52.0253 40.8239
48.9049 48.6623 40.5379
49.4009 47.4003 36.9919

47.1069 44.4393 37.6929
44.4539 47.0563 38.4719
45.2889 49.1053 35.3559
44.9239 45.8613 33.4309
41.5759 45.1503 35.0539
40.9799 47.4403 30.4409
39.8319 43.8103 30.7999
36.3439 44.8473 31.8849
36.0809 47.7373 29.3969

37.4579 45.4803 26.6619
34.3129 43.9863 25.1759
35.4289 42.5133 21.8249
38.4359 40.9673 23.6169
41.3759 42.4573 21.7099
42.9689 43.6363 24.9579
42.2109 47.3003 24.2589
39.3989 49.8323 24.5019
38.0329 51.2643 21.2299
35.8009 54.3783 21.1729

32.5029 52.4953 21.5769
33.6749 50.4153 24.5149
34.8359 53.6843 25.9839
31.4869 55.4623 25.7269

30.0299 52.3213 27.2939
27.7439 56.8463 29.8699
27.0569 53.5723 31.6559

End chain 1
