9.675 45.053 37.07
10.06 47.656 34.334
11.345 51.215 34.643
9.093 54.194 33.894

10.941 54.669 30.614
10.587 51.147 29.357
6.872 51.146 30.143
6.375 54.381 28.128
8.313 52.981 25.228
6.406 49.72 25.337
3.144 51.624 25.507
4.068 53.646 22.383
4.862 50.444 20.445
1.723 48.722 21.697
-0.413 51.697 20.656
1.114 51.623 17.211
-0.251 48.063 16.774
-3.552 48.834 18.489

-4.83 50.903 15.547
-8.5 50.66 16.584
-7.793 51.729 20.147
-9.689 48.952 21.884
-6.734 48.302 24.221
-5.89 44.868 22.816

-3.836 43.256 20.059
-3.993 39.759 18.46
-1.443 37.06 19.349

-0.031 37.433 15.806
0.531 41.169 16.353
2.142 40.171 19.691
5.07 38.397 18.022
5.507 41.183 15.474
5.508 43.89 18.161

10.362 41.534 17.509

10.189 45.265 16.764
11.203 45.799 20.383
14.158 43.45 20.06

15.4205 44.9672 16.869
15.514 45.5856 13.0592
15.5429 44.166 9.42981
13.5094 41.139 10.4862
9.93279 41.1654 9.2201

7.45251 43.6954 7.84525
8.28547 46.1617 10.6142
12.0088 45.8129 9.93714
11.49 46.4325 6.22366
9.44411 49.5559 6.93183

6.27111 53.8429 6.56183

4.54611 50.8259 8.14283
6.20311 51.6049 11.4538
5.32811 55.3079 11.6668
2.12211 55.2709 9.63083

0.445758 53.2426 12.5048
0.981886 55.6983 15.4546
1.44589 58.0511 18.4059
0.0993716 61.0017 16.488
-1.08603 63.9313 14.4846
-1.19507 66.9657 16.861

-2.46845 68.4075 20.0943
0.730839 68.1354 22.1457
3.47312 69.7294 24.1231

4.28412 68.5124 27.6461
4.50912 64.9344 26.3301
6.83712 66.2484 23.6401
8.99912 68.0214 26.2071

9.23012 64.8054 28.2371
14.2431 65.4054 27.7921
14.5581 61.6434 27.6391
16.2081 61.6514 24.2001
19.5451 62.2224 28.6061

20.0251 59.0324 26.5531
22.1411 60.8024 23.9791
24.3671 62.2084 26.6851
24.7581 58.8714 28.4571
25.7501 57.1174 25.2241
28.3051 59.8234 24.5311
29.6541 59.6264 28.0591
30.0661 55.8694 27.5721
31.7821 56.2314 24.2191
34.2211 58.7154 25.7231
34.7681 56.3494 28.6441
35.4481 53.5304 26.1941
38.0521 55.5044 24.1981
39.8631 56.0274 27.5041
40.2181 52.3634 28.5191
40.8751 51.2254 24.9481

44.2861 52.9534 24.7451
45.3031 51.7004 21.2801
41.7851 52.2674 19.9701
41.5801 48.8534 18.3501
38.0771 48.4304 19.7061
38.8711 45.9554 22.4821
39.7671 46.5534 26.0841
42.4861 44.1044 27.0701
43.4491 43.1304 30.6151

46.6231 45.2004 30.2961
44.5371 48.2634 29.3751
42.0631 47.8034 32.1951
45.0501 47.6584 34.5381
46.8421 50.6154 32.9511
43.6661 52.5184 33.8841
46.4851 52.1814 38.2171
46.5261 55.6794 36.6931
43.1271 56.2084 38.3321
44.3391 55.4484 41.8541

42.4381 52.2054 42.3101
44.6091 49.3214 43.4691
43.6171 45.8174 42.4701
45.3411 42.4544 42.1841
45.8371 41.1924 38.6381

43.5431 38.2314 39.3391
40.8901 40.8484 40.1181
41.7251 42.8974 37.0021
41.3601 39.6534 35.0771
38.0121 38.9424 36.7001
37.4161 41.2324 32.0871
36.2681 37.6024 32.4461
32.7801 38.6394 33.5311
32.5171 41.5294 31.0431

32.6783 39.1371 28.177
34.1383 39.2788 24.6149
36.0759 40.4343 21.6634
34.3029 42.6089 19.2286
31.6696 41.211 16.828
32.945 42.657 13.6064
34.7814 45.678 12.2753
31.5949 46.8071 13.7831
28.4402 46.3182 15.991
27.6324 46.6499 12.2191

28.9877 45.9915 8.7302
31.4422 43.4153 10.0647
28.6796 41.624 11.9626
26.4941 41.4983 8.85599

25.0371 38.3573 10.423
22.7511 42.8823 12.999
22.0641 39.6083 14.785

End chain 1
