9.675 45.053 37.07
10.06 47.656 34.334
11.345 51.215 34.643
9.093 54.194 33.894

10.941 54.669 30.614
10.587 51.147 29.357
6.872 51.146 30.143
6.375 54.381 28.128
8.313 52.981 25.228
6.406 49.72 25.337
3.144 51.624 25.507
4.068 53.646 22.383
4.862 50.444 20.445
1.723 48.722 21.697
-0.413 51.697 20.656
1.114 51.623 17.211
-0.251 48.063 16.774
-3.552 48.834 18.489

-3.64621 51.7824 16.1544
-4.077 55.0006 18.0177
-7.07878 55.9157 19.995
-8.58438 58.9923 21.6584
-11.1962 59.0782 19.0086
-12.1158 55.7961 17.482

-13.2951 52.5107 15.9495
-15.1695 49.9669 14.0065
-16.4876 48.7774 10.6004

-15.0756 49.1504 7.05744
-14.5136 52.8864 7.60444
-12.9026 51.8884 10.9424
-9.97458 50.1144 9.27344
-9.53758 52.9004 6.72544
-9.53658 55.6074 9.41244

-4.68258 53.2514 8.76044

-4.85558 56.9824 8.01544
-3.84158 57.5164 11.6344
-0.886576 55.1674 11.3114

0.0621457 56.565 7.97778
1.12193 59.1326 5.39447
1.41264 56.9181 2.31115
0.942564 55.6501 -1.14408
-0.567446 52.2932 -2.12143

-1.63931 49.3249 -4.23879
-4.30551 48.3593 -1.7086
-5.67132 51.9053 -1.64965
-5.86066 51.9989 -5.44416
-7.72842 48.6902 -5.52917

-10.9014 52.9772 -5.89917

-12.6264 49.9602 -4.31817
-10.9694 50.7392 -1.00717
-11.8444 54.4422 -0.794167
-15.0504 54.4052 -2.83017

-16.7268 52.377 0.0437714
-16.1906 54.8327 2.9936
-15.7266 57.1854 5.9449
-17.0732 60.1361 4.02701
-18.2586 63.0657 2.02357
-18.3676 66.1001 4.40003

-19.641 67.5418 7.63332
-16.4417 67.2698 9.68474
-13.6994 68.8638 11.6621

-12.8884 67.6468 15.1851
-12.6634 64.0688 13.8691
-10.3354 65.3828 11.1791
-8.17341 67.1558 13.7461

-7.94241 63.9398 15.7761
-2.92941 64.5398 15.3311
-2.61441 60.7778 15.1781
-0.96441 60.7858 11.7391
2.37259 61.3568 16.1451

2.85259 58.1668 14.0921
4.96859 59.9368 11.5181
7.19459 61.3428 14.2241
7.58559 58.0058 15.9961
8.57759 56.2518 12.7631
11.1326 58.9578 12.0701
12.4816 58.7608 15.5981
12.8936 55.0038 15.1111
14.6096 55.3658 11.7581
17.0486 57.8498 13.2621
17.5956 55.4838 16.1831
18.2756 52.6648 13.7331
20.8796 54.6388 11.7371
22.6906 55.1618 15.0431
23.0456 51.4978 16.0581
23.7026 50.3598 12.4871

27.1136 52.0878 12.2841
28.1306 50.8348 8.81911
24.6126 51.4018 7.50911
24.4076 47.9878 5.88911
20.9046 47.5648 7.24511
21.6986 45.0898 10.0211
22.5946 45.6878 13.6231
25.3136 43.2388 14.6091
26.2766 42.2648 18.1541

29.4506 44.3348 17.8351
27.3646 47.3978 16.9141
24.8906 46.9378 19.7341
27.8776 46.7928 22.0771
29.6696 49.7498 20.4901
26.4936 51.6528 21.4231
29.3126 51.3158 25.7561
29.3536 54.8138 24.2321
25.9546 55.3428 25.8711
27.1666 54.5828 29.3931

25.2656 51.3398 29.8491
27.4366 48.4558 31.0081
26.4446 44.9518 30.0091
28.1686 41.5888 29.7231
28.6646 40.3268 26.1771

26.3706 37.3658 26.8781
23.7176 39.9828 27.6571
24.5526 42.0318 24.5411
24.1876 38.7878 22.6161
20.8396 38.0768 24.2391
20.2436 40.3668 19.6261
19.0956 36.7368 19.9851
15.6076 37.7738 21.0701
15.3446 40.6638 18.5821

15.5058 38.2715 15.716
16.9658 38.4131 12.1539
18.9034 39.5687 9.20245
17.1304 41.7432 6.7676
14.4971 40.3453 4.36701
15.7724 41.7914 1.14537
17.6089 44.8124 -0.185717
14.4224 45.9415 1.32209
11.2677 45.4526 3.52995
10.4599 45.7843 -0.241854

11.8151 45.1259 -3.73079
14.2697 42.5496 -2.39629
11.507 40.7583 -0.498407
9.3216 40.6327 -3.605

7.8646 37.4917 -2.038
5.5786 42.0167 0.537995
4.8916 38.7427 2.324

End chain 1
