9.675 45.053 37.07
10.06 47.656 34.334
11.345 51.215 34.643
9.093 54.194 33.894

10.941 54.669 30.614
10.587 51.147 29.357
6.872 51.146 30.143
6.375 54.381 28.128
8.313 52.981 25.228
6.406 49.72 25.337
3.144 51.624 25.507
4.068 53.646 22.383
4.862 50.444 20.445
1.723 48.722 21.697
-0.413 51.697 20.656
1.114 51.623 17.211
-0.251 48.063 16.774
-3.552 48.834 18.489

-4.83 50.903 15.547
-8.5 50.66 16.584
-7.793 51.729 20.147
-9.689 48.952 21.884
-6.734 48.302 24.221
-5.89 44.868 22.816

-3.836 43.256 20.059
-3.993 39.759 18.46
-1.443 37.06 19.349

-0.031 37.433 15.806
0.531 41.169 16.353
2.142 40.171 19.691
5.07 38.397 18.022
5.507 41.183 15.474
5.508 43.89 18.161

10.362 41.534 17.509

10.189 45.265 16.764
11.203 45.799 20.383
14.158 43.45 20.06

15.5632 45.3076 16.9662
16.892 47.4162 14.1511
19.8069 46.854 11.7395
16.9721 44.4199 11.5006
13.2797 45.5563 11.1888

10.3141 47.2667 12.8388
12.5956 49.0945 15.2671
14.8106 50.3048 12.4261
11.7998 51.5962 10.4998
10.5348 53.479 13.5491

7.36179 57.766 13.1791

5.63679 54.749 14.7601
7.29379 55.528 18.0711
6.41879 59.231 18.2841
3.21279 59.194 16.2481

1.53644 57.1657 19.122
2.07257 59.6215 22.0718
2.53657 61.9742 25.0231
1.19005 64.9248 23.1052
0.0046475 67.8544 21.1018
-0.104388 70.8889 23.4783

-1.37777 72.3306 26.7115
1.82152 72.0586 28.763
4.5638 73.6525 30.7403

5.3748 72.4355 34.2633
5.5998 68.8575 32.9473
7.9278 70.1715 30.2573
10.0898 71.9445 32.8243

10.3208 68.7285 34.8543
15.3338 69.3285 34.4093
15.6488 65.5665 34.2563
17.2988 65.5745 30.8173
20.6358 66.1455 35.2233

21.1158 62.9555 33.1703
23.2318 64.7255 30.5963
25.4578 66.1315 33.3023
25.8488 62.7945 35.0743
26.8408 61.0405 31.8413
29.3958 63.7465 31.1483
30.7448 63.5495 34.6763
31.1568 59.7925 34.1893
32.8728 60.1545 30.8363
35.3118 62.6385 32.3403
35.8588 60.2725 35.2613
36.5388 57.4535 32.8113
39.1428 59.4275 30.8153
40.9538 59.9505 34.1213
41.3088 56.2865 35.1363
41.9658 55.1485 31.5653

45.3768 56.8765 31.3623
46.3938 55.6235 27.8973
42.8758 56.1905 26.5873
42.6708 52.7765 24.9673
39.1678 52.3535 26.3233
39.9618 49.8785 29.0993
40.8578 50.4765 32.7013
43.5768 48.0275 33.6873
44.5398 47.0535 37.2323

47.7138 49.1235 36.9133
45.6278 52.1865 35.9923
43.1538 51.7265 38.8123
46.1408 51.5815 41.1553
47.9328 54.5385 39.5683
44.7568 56.4415 40.5013
47.5758 56.1045 44.8343
47.6168 59.6025 43.3103
44.2178 60.1315 44.9493
45.4298 59.3715 48.4713

43.5288 56.1285 48.9273
45.6998 53.2445 50.0863
44.7078 49.7405 49.0873
46.4318 46.3775 48.8013
46.9278 45.1155 45.2553

44.6338 42.1545 45.9563
41.9808 44.7715 46.7353
42.8158 46.8205 43.6193
42.4508 43.5765 41.6943
39.1028 42.8655 43.3173
38.5068 45.1555 38.7043
37.3588 41.5255 39.0633
33.8708 42.5625 40.1483
33.6078 45.4525 37.6603

33.5811 43.6073 34.3524
33.0233 43.7306 30.6478
30.0521 41.5223 30.1342
29.0514 37.9123 30.223
27.348 34.4407 30.3982
28.6559 32.2364 33.3178
30.1874 35.574 34.353
27.1639 37.3419 35.5658
23.8492 36.5772 37.2749
24.5137 38.8527 40.1626

22.7008 38.3188 43.4597
23.4317 41.8852 44.5503
22.1141 43.2633 41.2628
18.9109 41.2443 41.5887

17.4539 38.1033 43.1557
15.1679 42.6283 45.7317
14.4809 39.3543 47.5177

End chain 1
