9.675 45.053 37.07
10.06 47.656 34.334
11.345 51.215 34.643
9.093 54.194 33.894

10.941 54.669 30.614
10.587 51.147 29.357
6.872 51.146 30.143
6.375 54.381 28.128
8.313 52.981 25.228
6.406 49.72 25.337
3.144 51.624 25.507
4.068 53.646 22.383
4.862 50.444 20.445
1.723 48.722 21.697
-0.413 51.697 20.656
1.114 51.623 17.211
-0.251 48.063 16.774
-3.552 48.834 18.489

-3.64621 51.7824 16.1544
-4.077 55.0006 18.0177
-7.07878 55.9157 19.995
-8.58438 58.9923 21.6584
-11.1962 59.0782 19.0086
-12.1158 55.7961 17.482

-13.2951 52.5107 15.9495
-15.1695 49.9669 14.0065
-16.4876 48.7774 10.6004

-15.0756 49.1504 7.05744
-14.5136 52.8864 7.60444
-12.9026 51.8884 10.9424
-9.97458 50.1144 9.27344
-9.53758 52.9004 6.72544
-9.53658 55.6074 9.41244

-4.68258 53.2514 8.76044

-4.85558 56.9824 8.01544
-3.84158 57.5164 11.6344
-0.886576 55.1674 11.3114

0.375884 56.6846 8.12042
0.469443 57.303 4.31061
0.498323 55.8834 0.681243
-1.53513 52.8565 1.73763
-5.11179 52.8829 0.47154

-7.59207 55.4129 -0.903312
-6.7591 57.8791 1.8656
-3.03581 57.5303 1.18858
-3.55453 58.1499 -2.52491
-5.60047 61.2733 -1.81673

-8.77347 65.5603 -2.18673

-10.4985 62.5433 -0.605733
-8.84147 63.3223 2.70527
-9.71647 67.0253 2.91827
-12.9225 66.9883 0.882267

-14.5988 64.96 3.75621
-14.0627 67.4158 6.70603
-13.5987 69.7685 9.65733
-14.9452 72.7191 7.73944
-16.1306 75.6487 5.736
-16.2396 78.6832 8.11246

-17.513 80.1249 11.3458
-14.3137 79.8529 13.3972
-11.5715 81.4468 15.3745

-10.7605 80.2298 18.8975
-10.5355 76.6518 17.5815
-8.20746 77.9658 14.8915
-6.04546 79.7388 17.4585

-5.81446 76.5228 19.4885
-0.801455 77.1228 19.0435
-0.486455 73.3608 18.8905
1.16354 73.3688 15.4515
4.50054 73.9398 19.8575

4.98054 70.7498 17.8045
7.09654 72.5198 15.2305
9.32254 73.9258 17.9365
9.71354 70.5888 19.7085
10.7055 68.8348 16.4755
13.2605 71.5408 15.7825
14.6095 71.3438 19.3105
15.0215 67.5868 18.8235
16.7375 67.9488 15.4705
19.1765 70.4328 16.9745
19.7235 68.0668 19.8955
20.4035 65.2478 17.4455
23.0075 67.2218 15.4495
24.8185 67.7448 18.7555
25.1735 64.0808 19.7705
25.8305 62.9428 16.1995

29.2415 64.6708 15.9965
30.2585 63.4178 12.5315
26.7405 63.9848 11.2215
26.5355 60.5708 9.60155
23.0325 60.1478 10.9575
23.8265 57.6728 13.7335
24.7225 58.2708 17.3355
27.4415 55.8218 18.3215
28.4045 54.8478 21.8665

31.5785 56.9178 21.5475
29.4925 59.9808 20.6265
27.0185 59.5208 23.4465
30.0055 59.3758 25.7895
31.7975 62.3328 24.2025
28.6215 64.2358 25.1355
31.4405 63.8988 29.4685
31.4815 67.3968 27.9445
28.0825 67.9258 29.5835
29.2945 67.1658 33.1055

27.3935 63.9228 33.5615
29.5645 61.0388 34.7205
28.5725 57.5348 33.7215
30.2965 54.1718 33.4355
30.7925 52.9098 29.8895

28.4985 49.9488 30.5905
25.8455 52.5658 31.3695
26.6805 54.6148 28.2535
26.3155 51.3708 26.3285
22.9675 50.6598 27.9515
22.3715 52.9498 23.3385
21.2235 49.3198 23.6975
17.7355 50.3568 24.7825
17.4725 53.2468 22.2945

17.6337 50.8546 19.4284
19.0937 50.9962 15.8664
21.0314 52.1518 12.9149
19.2583 54.3263 10.48
16.6251 52.9284 8.07944
17.9004 54.3745 4.8578
19.7368 57.3955 3.52672
16.5503 58.5246 5.03452
13.3956 58.0356 7.24239
12.5878 58.3673 3.47058

13.9431 57.709 -0.0183599
16.3976 55.1327 1.31615
13.635 53.3414 3.21403
11.4496 53.2157 0.107429

9.99256 50.0747 1.67443
7.70656 54.5997 4.25043
7.01956 51.3257 6.03643

End chain 1
