9.675 45.053 37.07
10.06 47.656 34.334
11.345 51.215 34.643
9.093 54.194 33.894

10.941 54.669 30.614
10.587 51.147 29.357
6.872 51.146 30.143
6.375 54.381 28.128
8.313 52.981 25.228
6.406 49.72 25.337
3.144 51.624 25.507
4.068 53.646 22.383
4.862 50.444 20.445
1.723 48.722 21.697
-0.413 51.697 20.656
1.114 51.623 17.211
-0.251 48.063 16.774
-3.552 48.834 18.489

-3.6043 51.3737 15.5548
-3.63842 53.9145 12.8625
-2.97304 55.7318 9.56601
-0.133508 57.9834 10.4818
2.04523 56.0174 12.8076
1.79973 53.7127 9.8071

4.38943 52.9361 7.1742
7.83385 52.0595 5.68683
7.71106 50.2865 2.3864

9.12306 50.6595 -1.1566
9.68506 54.3955 -0.609595
11.2961 53.3975 2.7284
14.2241 51.6235 1.0594
14.6611 54.4095 -1.4886
14.6621 57.1165 1.1984

19.5161 54.7605 0.546405

19.3431 58.4915 -0.198595
20.3571 59.0255 3.4204
23.3121 56.6765 3.0974

24.2608 58.0741 -0.236254
25.3206 60.6416 -2.81956
25.6113 58.4271 -5.90288
25.1412 57.1591 -9.35811
23.6312 53.8023 -10.3355

22.5593 50.834 -12.4528
19.8931 49.8684 -9.92263
18.5273 53.4143 -9.86369
18.338 53.5079 -13.6582
16.4702 50.1992 -13.7432

13.2972 54.4862 -14.1132

11.5722 51.4692 -12.5322
13.2292 52.2482 -9.2212
12.3542 55.9512 -9.0082
9.14821 55.9142 -11.0442

7.47186 53.886 -8.17026
8.00799 56.3417 -5.22043
8.47199 58.6945 -2.26913
7.12548 61.6451 -4.18703
5.94007 64.5747 -6.19047
5.83104 67.6091 -3.814

4.55765 69.0509 -0.580716
7.75694 68.7788 1.4707
10.4992 70.3728 3.44808

11.3102 69.1558 6.97108
11.5352 65.5778 5.65508
13.8632 66.8918 2.96508
16.0252 68.6648 5.53208

16.2562 65.4488 7.56208
21.2692 66.0488 7.11708
21.5842 62.2868 6.96408
23.2342 62.2948 3.52508
26.5712 62.8658 7.93108

27.0512 59.6758 5.87808
29.1672 61.4458 3.30408
31.3932 62.8518 6.01008
31.7842 59.5148 7.78208
32.7762 57.7608 4.54908
35.3312 60.4668 3.85608
36.6802 60.2698 7.38408
37.0922 56.5128 6.89708
38.8082 56.8748 3.54408
41.2472 59.3588 5.04808
41.7942 56.9928 7.96908
42.4742 54.1738 5.51908
45.0782 56.1478 3.52308
46.8892 56.6708 6.82908
47.2442 53.0068 7.84408
47.9012 51.8688 4.27308

51.3122 53.5968 4.07008
52.3292 52.3438 0.60508
48.8112 52.9108 -0.70492
48.6062 49.4968 -2.32492
45.1032 49.0738 -0.96892
45.8972 46.5988 1.80708
46.7932 47.1968 5.40908
49.5122 44.7478 6.39508
50.4752 43.7738 9.94008

53.6492 45.8438 9.62108
51.5632 48.9068 8.70008
49.0892 48.4468 11.5201
52.0762 48.3018 13.8631
53.8682 51.2588 12.2761
50.6922 53.1618 13.2091
53.5112 52.8248 17.5421
53.5522 56.3228 16.0181
50.1532 56.8518 17.6571
51.3652 56.0918 21.1791

49.4642 52.8488 21.6351
51.6352 49.9648 22.7941
50.6432 46.4608 21.7951
52.3672 43.0978 21.5091
52.8632 41.8358 17.9631

50.5692 38.8748 18.6641
47.9162 41.4918 19.4431
48.7512 43.5408 16.3271
48.3862 40.2968 14.4021
45.0382 39.5858 16.0251
44.4422 41.8758 11.4121
43.2942 38.2458 11.7711
39.8062 39.2828 12.8561
39.5432 42.1728 10.3681

39.7044 39.7805 7.50194
41.1644 39.9222 3.9399
43.102 41.0777 0.98842
41.329 43.2523 -1.44643
38.6957 41.8544 -3.84703
39.9711 43.3004 -7.06867
41.8075 46.3214 -8.39975
38.621 47.4505 -6.89195
35.4663 46.9616 -4.68408
34.6585 47.2933 -8.45589

36.0138 46.6349 -11.9448
38.4683 44.0587 -10.6103
35.7057 42.2673 -8.71244
33.5202 42.1417 -11.819

32.0632 39.0007 -10.252
29.7772 43.5257 -7.67604
29.0902 40.2517 -5.89004

End chain 1
