9.675 45.053 37.07
10.06 47.656 34.334
11.345 51.215 34.643
9.093 54.194 33.894

10.941 54.669 30.614
10.587 51.147 29.357
6.872 51.146 30.143
6.375 54.381 28.128
8.313 52.981 25.228
6.406 49.72 25.337
3.144 51.624 25.507
4.068 53.646 22.383
4.862 50.444 20.445
1.723 48.722 21.697
-0.413 51.697 20.656
1.114 51.623 17.211
-0.251 48.063 16.774
-3.552 48.834 18.489

-4.20108 51.6095 15.9026
-6.55592 53.8142 14.0525
-5.80151 54.1854 10.2499
-6.08981 50.6103 11.3562
-7.18239 47.7365 13.715
-3.51137 46.9659 14.2849

-2.51569 44.2866 16.7132
-3.15331 40.8578 15.0247
-2.90561 37.2594 13.9294

-1.49361 37.6324 10.3864
-0.931606 41.3684 10.9334
0.679394 40.3704 14.2714
3.60739 38.5964 12.6024
4.04439 41.3824 10.0544
4.04539 44.0894 12.7414

8.89939 41.7334 12.0894

8.72639 45.4644 11.3444
9.74039 45.9984 14.9634
12.6954 43.6494 14.6404

13.9253 46.0989 12.0831
14.0201 49.954 12.3532
16.2783 51.8785 10.0376
13.4411 54.1449 9.1218
12.3024 54.9869 12.7033

9.7073 53.842 15.2326
9.97111 57.1224 17.1332
9.51126 59.1238 13.9354
6.42505 57.1108 13.0047
4.90644 57.6669 16.4438

1.73344 61.9539 16.0738

0.00843633 58.9369 17.6548
1.66544 59.7159 20.9658
0.790436 63.4189 21.1788
-2.41556 63.3819 19.1428

-2.84111 60.3136 21.2867
-4.46125 57.3953 22.904
-5.84346 54.3748 24.659
-8.08591 56.1429 27.0515
-11.4288 55.8578 25.4671
-14.9043 55.278 27.0938

-18.4461 53.8919 26.5476
-18.1909 51.5996 23.5966
-17.3484 48.0169 22.6128

-16.5374 46.7999 26.1358
-16.3124 43.2219 24.8198
-13.9844 44.5359 22.1298
-11.8224 46.3089 24.6968

-11.5914 43.0929 26.7268
-6.57839 43.6929 26.2818
-6.26339 39.9309 26.1288
-4.61339 39.9389 22.6898
-1.27639 40.5099 27.0958

-0.796385 37.3199 25.0428
1.31961 39.0899 22.4688
3.54561 40.4959 25.1748
3.93661 37.1589 26.9468
4.92861 35.4049 23.7138
7.48361 38.1109 23.0208
8.83261 37.9139 26.5488
9.24461 34.1569 26.0618
10.9606 34.5189 22.7088
13.3996 37.0029 24.2128
13.9466 34.6369 27.1338
14.6266 31.8179 24.6838
17.2306 33.7919 22.6878
19.0416 34.3149 25.9938
19.3966 30.6509 27.0088
20.0536 29.5129 23.4378

23.4646 31.2409 23.2348
24.4816 29.9879 19.7698
20.9636 30.5549 18.4598
20.7586 27.1409 16.8398
17.2556 26.7179 18.1958
18.0496 24.2429 20.9718
18.9456 24.8409 24.5738
21.6646 22.3919 25.5598
22.6276 21.4179 29.1048

25.8016 23.4879 28.7858
23.7156 26.5509 27.8648
21.2416 26.0909 30.6848
24.2286 25.9459 33.0278
26.0206 28.9029 31.4408
22.8446 30.8059 32.3738
25.6636 30.4689 36.7068
25.7046 33.9669 35.1828
22.3056 34.4959 36.8218
23.5176 33.7359 40.3438

21.6166 30.4929 40.7998
23.7876 27.6089 41.9588
22.7956 24.1049 40.9598
24.5196 20.7419 40.6738
25.0156 19.4799 37.1278

22.7216 16.5189 37.8288
20.0686 19.1359 38.6078
20.9036 21.1849 35.4918
20.5386 17.9409 33.5668
17.1906 17.2299 35.1898
16.5946 19.5199 30.5768
15.4466 15.8899 30.9358
11.9586 16.9269 32.0208
11.6956 19.8169 29.5328

13.0076 17.5293 26.8809
14.022 15.2766 24.1188
12.9667 13.4899 20.8428
11.9554 17.2284 21.2869
11.0534 20.9414 21.8605
9.12065 20.292 25.0442
6.21449 21.3765 22.8101
3.80448 20.8075 19.9662
5.0876 23.9048 18.0299
3.23539 27.2767 18.5702

2.47168 25.4608 21.8202
0.207693 28.2848 22.9789
-1.68796 28.2462 19.6852
-2.20169 24.4877 19.9136

-3.65869 21.3467 21.4806
-5.94469 25.8717 24.0566
-6.63169 22.5977 25.8426

End chain 1
