9.675 45.053 37.07
10.06 47.656 34.334
11.345 51.215 34.643
9.093 54.194 33.894

10.941 54.669 30.614
10.587 51.147 29.357
6.872 51.146 30.143
6.375 54.381 28.128
8.313 52.981 25.228
6.406 49.72 25.337
3.144 51.624 25.507
4.068 53.646 22.383
4.862 50.444 20.445
1.723 48.722 21.697
-0.413 51.697 20.656
1.114 51.623 17.211
-0.251 48.063 16.774
-3.552 48.834 18.489

-4.83 50.903 15.547
-8.5 50.66 16.584
-7.793 51.729 20.147
-9.689 48.952 21.884
-6.734 48.302 24.221
-5.89 44.868 22.816

-3.836 43.256 20.059
-3.993 39.759 18.46
-1.443 37.06 19.349

-0.031 37.433 15.806
0.531 41.169 16.353
2.142 40.171 19.691
5.07 38.397 18.022
5.507 41.183 15.474
5.508 43.89 18.161

10.362 41.534 17.509

10.189 45.265 16.764
11.203 45.799 20.383
14.158 43.45 20.06

15.3879 45.8994 17.5028
15.4827 49.7545 17.7728
17.7409 51.679 15.4572
14.9037 53.9454 14.5414
13.765 54.7874 18.1229

11.1699 53.6425 20.6523
11.4337 56.923 22.5528
10.9739 58.9244 19.355
7.88765 56.9114 18.4243
6.36904 57.4675 21.8634

3.19604 61.7545 21.4934

1.47104 58.7375 23.0744
3.12804 59.5165 26.3854
2.25304 63.2195 26.5984
-0.952958 63.1825 24.5624

-3.01796 60.7085 26.6064
-6.13996 61.1595 24.4394
-4.49596 59.9495 21.2284
-6.62996 62.3385 19.1244
-4.01496 63.6805 16.7454
-3.63996 67.2215 18.0814

-1.49896 68.7165 20.8184
-1.61896 72.0395 22.5904
0.971042 74.5945 23.5214

1.78204 73.3775 27.0444
2.00704 69.7995 25.7284
4.33504 71.1135 23.0384
6.49704 72.8865 25.6054

6.72804 69.6705 27.6354
11.741 70.2705 27.1904
12.056 66.5085 27.0374
13.706 66.5165 23.5984
17.043 67.0875 28.0044

17.523 63.8975 25.9514
19.639 65.6675 23.3774
21.865 67.0735 26.0834
22.256 63.7365 27.8554
23.248 61.9825 24.6224
25.803 64.6885 23.9294
27.152 64.4915 27.4574
27.564 60.7345 26.9704
29.28 61.0965 23.6174
31.719 63.5805 25.1214
32.266 61.2145 28.0424
32.946 58.3955 25.5924
35.55 60.3695 23.5964
37.361 60.8925 26.9024
37.716 57.2285 27.9174
38.373 56.0905 24.3464

41.784 57.8185 24.1434
42.801 56.5655 20.6784
39.283 57.1325 19.3684
39.078 53.7185 17.7484
35.575 53.2955 19.1044
36.369 50.8205 21.8804
37.265 51.4185 25.4824
39.984 48.9695 26.4684
40.947 47.9955 30.0134

44.121 50.0655 29.6944
42.035 53.1285 28.7734
39.561 52.6685 31.5934
42.548 52.5235 33.9364
44.34 55.4805 32.3494
41.164 57.3835 33.2824
43.983 57.0465 37.6154
44.024 60.5445 36.0914
40.625 61.0735 37.7304
41.837 60.3135 41.2524

39.936 57.0705 41.7084
42.107 54.1865 42.8674
41.115 50.6825 41.8684
42.839 47.3195 41.5824
43.335 46.0575 38.0364

41.041 43.0965 38.7374
38.388 45.7135 39.5164
39.223 47.7625 36.4004
38.858 44.5185 34.4754
35.51 43.8075 36.0984
34.914 46.0975 31.4854
33.766 42.4675 31.8444
30.278 43.5045 32.9294
30.015 46.3945 30.4414

31.4949 43.8695 27.9153
29.5673 43.3986 24.739
27.4452 43.4535 21.5752
26.384 40.5177 19.5008
23.1295 40.9621 21.396
19.9178 42.3642 22.9216
21.5063 44.2781 25.8694
24.7913 44.4977 27.6283
23.2745 42.5085 30.5891
26.3291 40.1566 30.0053

26.8785 37.9714 33.0657
23.4713 38.9069 34.4652
21.7787 38.0672 31.1678
23.4918 34.6772 31.0405

22.0348 31.5362 32.6075
19.7488 36.0612 35.1835
19.0618 32.7872 36.9695

End chain 1
