28.422 55.412 128.746
26.585 52.466 130.299

28.171 52.666 133.746
27.666 56.436 133.804
23.987 55.468 133.716
24.443 52.827 136.422
26.108 55.456 138.622
23.096 57.675 137.95
20.515 55.099 138.99
22.579 54.604 142.156
22.386 58.351 142.807
18.65 58.418 142.058
17.944 55.62 144.549
19.865 57.433 147.285
17.944 60.663 146.691
14.628 58.802 146.456

14.568 58.126 150.193
11.242 56.298 150.293
11.816 54.283 147.128
8.593 55.291 145.378
10.47 56.019 142.135
10.009 59.825 142.404
12.073 62.656 143.9
10.114 65.344 145.775
11.215 68.834 146.805

11.654 67.495 150.326
13.909 64.645 149.206
15.82 67.046 146.977
16.201 69.561 149.811
17.576 66.911 152.158
20.327 66.169 149.641
21.067 69.825 148.898
21.233 70.612 152.617
23.582 67.665 153.226
26.038 69.29 150.765

26.271 72.672 152.496
23.522 74.428 150.53
20.485 76.32 151.832
18.085 76.481 148.868
14.662 77.966 149.435
11.542 75.947 148.727

10.976 78.134 145.628
14.485 77.249 144.445
13.862 73.514 144.976
10.592 73.698 143.031
12.552 75.523 140.304
15.154 72.766 140.072
12.341 70.263 139.631

13.502 72.747 134.992
13.454 68.993 134.188
9.807 68.193 134.958
8.775 67.047 131.501
5.433 65.565 132.58
4.558 68.471 134.875
3.698 66.445 138.002
6.035 68.267 140.414
8.405 65.333 141.051
11.482 63.939 139.315
11.363 60.426 137.904
14.403 58.622 136.614

14.142 59.822 132.974
13.795 63.453 134.095
16.666 62.837 136.519
18.887 61.932 133.573
18.035 65.365 132.195
19.104 66.796 135.531
22.272 64.668 135.676
22.946 65.739 132.088

24.1525 69.0257 133.287
24.6009 71.2952 136.325
23.1584 69.2076 139.153
25.3608 66.5281 137.802

28.9913 66.7825 138.896
28.4843 64.0969 141.537
26.8827 61.7662 138.998
29.7703 62.2616 136.578
32.3099 61.4938 139.299
30.4722 58.306 140.249
30.389 57.1589 136.627
34.1194 57.7761 136.245
34.8698 55.7857 139.394
32.7643 52.8688 138.168
34.5564 52.8573 134.817
37.952 52.8386 136.524
36.9347 49.9169 138.731
35.7319 47.9353 135.719
39.0016 48.5545 133.884
41.0197 47.398 136.89

39.2545 44.6201 138.666
36.7358 41.8284 138.927
34.9456 38.7356 140.186
34.1203 36.4409 137.215
35.4111 37.5367 133.811
38.5901 35.6664 132.757
41.8042 34.0633 131.654
39.9751 31.8423 129.08
40.1246 29.3305 126.137

43.2907 29.5643 128.226
42.1686 26.6755 130.426
41.4329 24.5186 127.385
44.8614 25.249 125.917
46.5653 24.3198 129.184
44.6592 21.0365 129.357
45.6377 20.1693 125.788
49.2993 20.8798 126.517
49.2141 18.6672 129.606
47.6498 15.8162 127.639

44.3248 14.0292 127.111
42.2258 16.8772 125.687
41.4678 16.5442 121.987
39.5858 19.5732 120.708
38.4608 20.0362 117.128
40.4218 22.0722 114.609

38.1358 25.1022 114.9
38.0368 25.0312 118.7
41.8238 25.3372 118.537
41.7528 28.0772 115.896
39.3358 30.0862 118.052
41.3958 29.6332 121.234
44.4128 31.1062 119.405
42.2198 33.8782 117.91
40.6898 34.8062 121.285
44.0238 35.1812 123.095

43.9558 37.8348 120.283
44.2993 39.403 116.938
41.0861 38.9792 115.123
39.117 39.0535 118.441
37.4153 38.888 121.841
38.7186 42.351 122.273
37.4325 43.7207 118.905
41.0551 44.3761 118.066
44.1565 43.8578 120.273
45.3193 46.7825 122.254

48.3946 48.1214 124.041
48.4362 45.1456 126.404
48.1989 42.7098 123.497
51.0848 44.4152 121.706
53.2462 44.2499 124.828
52.517 40.5446 125.254

52.892 39.0156 128.736
52.712 42.4096 130.564

End chain 1
