28.422 55.412 128.746
26.585 52.466 130.299

28.171 52.666 133.746
27.666 56.436 133.804
23.987 55.468 133.716
24.443 52.827 136.422
26.108 55.456 138.622
23.096 57.675 137.95
20.515 55.099 138.99
22.579 54.604 142.156
22.386 58.351 142.807
18.65 58.418 142.058
17.944 55.62 144.549
19.865 57.433 147.285
17.944 60.663 146.691
14.628 58.802 146.456

15.3128 56.708 149.495
16.0449 54.6256 152.522
16.8805 52.4985 155.666
16.0487 49.4203 157.622
18.298 48.7313 154.532
21.6595 49.7896 153.357
21.422 52.9116 151.355
23.4035 55.394 149.129
25.367 55.2434 152.317

22.7232 57.8679 153.069
24.8765 59.3929 155.805
27.8736 59.5792 153.475
25.8024 61.2952 150.79
24.5162 63.8583 153.284
28.0458 64.6195 154.469
29.2431 65.1127 150.896
26.3739 67.4938 150.161
27.1438 69.5364 153.272
30.8109 69.7997 152.309

31.0439 73.1817 154.04
28.2949 74.9377 152.074
25.2579 76.8297 153.376
22.8579 76.9907 150.412
19.4349 78.4757 150.979
16.3149 76.4567 150.271

15.7489 78.6437 147.172
19.2579 77.7587 145.989
18.6349 74.0237 146.52
15.3649 74.2077 144.575
17.3249 76.0327 141.848
19.9269 73.2757 141.616
17.1139 70.7727 141.175

18.2749 73.2567 136.536
18.2269 69.5027 135.732
14.5799 68.7027 136.502
13.5479 67.5567 133.045
10.2059 66.0747 134.124
9.33086 68.9807 136.419
8.47086 66.9547 139.546
10.8079 68.7767 141.958
13.1779 65.8427 142.595
16.2549 64.4487 140.859
16.1359 60.9357 139.448
19.1759 59.1317 138.158

18.9149 60.3317 134.518
18.5679 63.9627 135.639
21.4389 63.3467 138.063
23.6599 62.4417 135.117
22.8079 65.8747 133.739
23.8769 67.3057 137.075
27.0449 65.1777 137.22
27.7189 66.2487 133.632

26.8056 69.9252 133.425
25.9444 71.9576 136.623
26.0334 75.6171 137.528
27.3406 75.4668 141.127

31.1392 75.568 141.18
31.2628 73.0571 144.03
28.9333 70.6938 142.178
31.0672 70.8951 139.039
34.2199 70.1248 141.017
32.5818 67.1021 142.636
31.4645 65.7748 139.255
34.9705 66.1551 137.839
36.4702 64.2912 140.792
33.9911 61.4409 140.376
34.797 61.1517 136.673
38.526 61.026 137.395
38.0308 58.2866 139.983
35.9698 56.2236 137.546
38.6362 56.557 134.858
41.3492 55.4439 137.275

39.584 52.666 139.052
37.0653 49.8743 139.313
35.2751 46.7815 140.572
34.4498 44.4868 137.601
35.7407 45.5826 134.197
38.9197 43.7123 133.143
42.1337 42.1092 132.04
40.3047 39.8881 129.466
40.4541 37.3764 126.523

43.6203 37.6102 128.612
42.4981 34.7214 130.812
41.7624 32.5645 127.771
45.1909 33.2949 126.303
46.8948 32.3657 129.57
44.9887 29.0824 129.743
45.9672 28.2152 126.174
49.6288 28.9257 126.903
49.5436 26.7131 129.992
47.9793 23.8621 128.025

44.6543 22.0751 127.497
42.5553 24.9231 126.073
41.7973 24.5901 122.373
39.9153 27.6191 121.094
38.7903 28.0821 117.514
40.7513 30.1181 114.995

38.4653 33.1481 115.286
38.3663 33.0771 119.086
42.1533 33.3831 118.923
42.0823 36.1231 116.282
39.6653 38.1321 118.438
41.7253 37.6791 121.62
44.7423 39.1521 119.791
42.5493 41.9241 118.296
41.0193 42.8521 121.671
44.3533 43.2271 123.481

45.6047 45.0838 120.502
48.5936 47.5028 120.73
51.891 49.0408 122.079
52.3332 52.5712 123.29
49.3362 54.9437 123.575
49.6721 54.3458 127.211
53.391 53.8682 128.077
54.0553 50.4573 129.468
54.8434 48.7251 132.861
56.6877 45.9553 130.846

59.109 43.7143 132.733
56.3441 42.5102 135.045
54.0961 41.6944 132.092
56.8682 39.7169 130.404
57.5103 37.7245 133.576
53.8168 36.8984 133.92

54.1918 35.3694 137.402
54.0118 38.7634 139.23

End chain 1
