28.422 55.412 128.746
26.585 52.466 130.299

28.171 52.666 133.746
27.666 56.436 133.804
23.987 55.468 133.716
24.443 52.827 136.422
26.108 55.456 138.622
23.096 57.675 137.95
20.515 55.099 138.99
22.579 54.604 142.156
22.386 58.351 142.807
18.65 58.418 142.058
17.944 55.62 144.549
19.865 57.433 147.285
17.944 60.663 146.691
14.628 58.802 146.456

15.3128 56.708 149.495
16.0449 54.6256 152.522
16.8805 52.4985 155.666
16.0487 49.4203 157.622
18.298 48.7313 154.532
21.6595 49.7896 153.357
21.422 52.9116 151.355
23.4035 55.394 149.129
25.367 55.2434 152.317

22.7232 57.8679 153.069
24.8765 59.3929 155.805
27.8736 59.5792 153.475
25.8024 61.2952 150.79
24.5162 63.8583 153.284
28.0458 64.6195 154.469
29.2431 65.1127 150.896
26.3739 67.4938 150.161
27.1438 69.5364 153.272
30.8109 69.7997 152.309

31.0439 73.1817 154.04
28.2949 74.9377 152.074
25.2579 76.8297 153.376
22.8579 76.9907 150.412
19.4349 78.4757 150.979
16.3149 76.4567 150.271

15.7489 78.6437 147.172
19.2579 77.7587 145.989
18.6349 74.0237 146.52
15.3649 74.2077 144.575
17.3249 76.0327 141.848
19.9269 73.2757 141.616
17.1139 70.7727 141.175

18.2749 73.2567 136.536
18.2269 69.5027 135.732
14.5799 68.7027 136.502
13.5479 67.5567 133.045
10.2059 66.0747 134.124
9.33086 68.9807 136.419
8.47086 66.9547 139.546
10.8079 68.7767 141.958
13.1779 65.8427 142.595
16.2549 64.4487 140.859
16.1359 60.9357 139.448
19.1759 59.1317 138.158

18.9149 60.3317 134.518
18.5679 63.9627 135.639
21.4389 63.3467 138.063
23.6599 62.4417 135.117
22.8079 65.8747 133.739
23.8769 67.3057 137.075
27.0449 65.1777 137.22
27.7189 66.2487 133.632

28.9253 69.5354 134.831
29.3738 71.8049 137.87
27.9312 69.7173 140.698
30.1337 67.0378 139.346

33.7641 67.2922 140.441
33.2572 64.6066 143.081
31.6556 62.2759 140.543
34.5431 62.7713 138.122
37.0828 62.0035 140.843
35.2451 58.8157 141.793
35.1619 57.6686 138.171
38.8923 58.2858 137.789
39.6427 56.2954 140.938
37.5371 53.3785 139.713
39.3292 53.367 136.361
42.7249 53.3484 138.068
41.7076 50.4266 140.275
40.5048 48.445 137.264
43.7745 49.0643 135.428
45.7926 47.9077 138.434

44.0274 45.1299 140.21
41.5086 42.3381 140.471
39.7184 39.2453 141.73
38.8931 36.9506 138.76
40.184 38.0464 135.355
43.363 36.1761 134.302
46.5771 34.573 133.198
44.748 32.352 130.624
44.8974 29.8403 127.682

48.0636 30.074 129.771
46.9414 27.1853 131.97
46.2058 25.0283 128.929
49.6343 25.7587 127.461
51.3381 24.8295 130.728
49.432 21.5462 130.901
50.4106 20.679 127.333
54.0721 21.3895 128.061
53.9869 19.1769 131.15
52.4227 16.326 129.183

49.0977 14.539 128.655
46.9987 17.387 127.231
46.2407 17.054 123.531
44.3587 20.083 122.252
43.2337 20.546 118.672
45.1947 22.582 116.153

42.9087 25.612 116.444
42.8097 25.541 120.244
46.5967 25.847 120.081
46.5257 28.587 117.44
44.1087 30.596 119.596
46.1687 30.143 122.778
49.1857 31.616 120.949
46.9927 34.388 119.454
45.4627 35.316 122.829
48.7967 35.691 124.639

48.7286 38.3445 121.827
49.0721 39.9127 118.482
45.8589 39.4889 116.667
43.8899 39.5632 119.985
42.1881 39.3977 123.385
43.4914 42.8607 123.817
42.2054 44.2304 120.45
45.8279 44.8858 119.61
48.9294 44.3675 121.817
50.0922 47.2922 123.798

53.1675 48.6311 125.585
53.2091 45.6553 127.948
52.9717 43.2195 125.041
55.8577 44.9249 123.251
58.019 44.7596 126.372
57.2899 41.0543 126.798

57.6649 39.5253 130.28
57.4849 42.9193 132.108

End chain 1
