9.675 45.053 37.07
10.06 47.656 34.334
11.345 51.215 34.643
9.093 54.194 33.894

10.941 54.669 30.614
10.587 51.147 29.357
6.872 51.146 30.143
6.375 54.381 28.128
8.313 52.981 25.228
6.406 49.72 25.337
3.144 51.624 25.507
4.068 53.646 22.383
4.862 50.444 20.445
1.723 48.722 21.697
-0.413 51.697 20.656
1.114 51.623 17.211
-0.251 48.063 16.774
-3.552 48.834 18.489

-3.83922 51.8727 16.3308
-6.28598 54.6805 15.418
-8.63731 57.4655 14.5757
-12.2385 56.8495 15.9341
-14.1738 56.5719 12.7723
-13.7122 52.8309 12.3277

-12.4685 49.3327 12.5682
-9.76847 46.7023 11.6534
-7.73298 43.5421 12.0521

-6.32098 43.9151 8.50908
-5.75898 47.6511 9.05608
-4.14798 46.6531 12.3941
-1.21998 44.8791 10.7251
-0.782976 47.6651 8.17708
-0.781976 50.3721 10.8641

4.07202 48.0161 10.2121

3.89902 51.7471 9.46708
4.91302 52.2811 13.0861
7.86802 49.9321 12.7631

9.09792 52.3815 10.2058
9.19269 56.2366 10.4759
11.451 58.1611 8.1603
8.61373 60.4275 7.24451
7.47502 61.2695 10.826

4.87993 60.1246 13.3553
5.14374 63.4051 15.2559
4.68389 65.4065 12.0581
1.59768 63.3935 11.1274
0.0790655 63.9496 14.5665

-3.09393 68.2366 14.1965

-4.81893 65.2196 15.7775
-3.16193 65.9986 19.0885
-4.03693 69.7016 19.3015
-7.24293 69.6646 17.2655

-7.66848 66.5963 19.4094
-9.28862 63.6779 21.0267
-10.6708 60.6574 22.7817
-12.9133 62.4255 25.1742
-16.2562 62.1404 23.5898
-19.7317 61.5607 25.2165

-23.2734 60.1745 24.6703
-23.0183 57.8822 21.7193
-22.1758 54.2996 20.7355

-21.3648 53.0826 24.2585
-21.1398 49.5046 22.9425
-18.8118 50.8186 20.2525
-16.6498 52.5916 22.8195

-16.4188 49.3756 24.8495
-11.4058 49.9756 24.4045
-11.0908 46.2136 24.2515
-9.44076 46.2216 20.8125
-6.10376 46.7926 25.2185

-5.62376 43.6026 23.1655
-3.50776 45.3726 20.5915
-1.28176 46.7786 23.2975
-0.890756 43.4416 25.0695
0.101244 41.6876 21.8365
2.65624 44.3936 21.1435
4.00524 44.1966 24.6715
4.41724 40.4396 24.1845
6.13324 40.8016 20.8315
8.57224 43.2856 22.3355
9.11924 40.9196 25.2565
9.79924 38.1006 22.8065
12.4032 40.0746 20.8105
14.2142 40.5976 24.1165
14.5692 36.9336 25.1315
15.2262 35.7956 21.5605

18.6372 37.5236 21.3575
19.6542 36.2706 17.8925
16.1362 36.8376 16.5825
15.9312 33.4236 14.9625
12.4282 33.0006 16.3185
13.2222 30.5256 19.0945
14.1182 31.1236 22.6965
16.8372 28.6746 23.6825
17.8002 27.7006 27.2275

20.9742 29.7706 26.9085
18.8882 32.8336 25.9875
16.4142 32.3736 28.8075
19.4012 32.2286 31.1505
21.1932 35.1856 29.5635
18.0172 37.0886 30.4965
20.8362 36.7516 34.8295
20.8772 40.2496 33.3055
17.4782 40.7786 34.9445
18.6902 40.0186 38.4665

16.7892 36.7756 38.9225
18.9602 33.8916 40.0815
17.9682 30.3876 39.0825
19.6922 27.0246 38.7965
20.1882 25.7626 35.2505

17.8942 22.8016 35.9515
15.2412 25.4186 36.7305
16.0762 27.4676 33.6145
15.7112 24.2236 31.6895
12.3632 23.5126 33.3125
11.7672 25.8026 28.6995
10.6192 22.1726 29.0585
7.13124 23.2096 30.1435
6.86824 26.0996 27.6555

8.18026 23.812 25.0036
9.1946 21.5592 22.2415
8.13932 19.7726 18.9655
7.12799 23.5111 19.4096
6.22607 27.2241 19.9832
4.29328 26.5747 23.1669
1.38712 27.6592 20.9328
-1.02289 27.0901 18.0889
0.260229 30.1875 16.1526
-1.59198 33.5594 16.6929

-2.35569 31.7435 19.9429
-4.61968 34.5674 21.1016
-6.51533 34.5289 17.808
-7.02906 30.7703 18.0363

-8.48606 27.6293 19.6033
-10.7721 32.1543 22.1793
-11.4591 28.8803 23.9653

End chain 1
