28.422 55.412 128.746
26.585 52.466 130.299

28.171 52.666 133.746
27.666 56.436 133.804
23.987 55.468 133.716
24.443 52.827 136.422
26.108 55.456 138.622
23.096 57.675 137.95
20.515 55.099 138.99
22.579 54.604 142.156
22.386 58.351 142.807
18.65 58.418 142.058
17.944 55.62 144.549
19.865 57.433 147.285
17.944 60.663 146.691
14.628 58.802 146.456

14.568 58.126 150.193
11.242 56.298 150.293
11.816 54.283 147.128
8.593 55.291 145.378
10.47 56.019 142.135
10.009 59.825 142.404
12.073 62.656 143.9
10.114 65.344 145.775
11.215 68.834 146.805

11.654 67.495 150.326
13.909 64.645 149.206
15.82 67.046 146.977
16.201 69.561 149.811
17.576 66.911 152.158
20.327 66.169 149.641
21.067 69.825 148.898
21.233 70.612 152.617
23.582 67.665 153.226
26.038 69.29 150.765

26.271 72.672 152.496
23.522 74.428 150.53
20.485 76.32 151.832
18.085 76.481 148.868
14.662 77.966 149.435
11.542 75.947 148.727

10.976 78.134 145.628
14.485 77.249 144.445
13.862 73.514 144.976
10.592 73.698 143.031
12.552 75.523 140.304
15.154 72.766 140.072
12.341 70.263 139.631

13.502 72.747 134.992
13.454 68.993 134.188
9.807 68.193 134.958
8.775 67.047 131.501
5.433 65.565 132.58
4.558 68.471 134.875
3.698 66.445 138.002
6.035 68.267 140.414
8.405 65.333 141.051
11.482 63.939 139.315
11.363 60.426 137.904
14.403 58.622 136.614

14.142 59.822 132.974
13.795 63.453 134.095
16.666 62.837 136.519
18.887 61.932 133.573
18.035 65.365 132.195
19.104 66.796 135.531
22.272 64.668 135.676
22.946 65.739 132.088

22.361 69.095 133.858
19.974 70.091 131.092
16.677 71.866 130.781
13.622 69.915 129.686

13.048 71.769 126.352
16.591 71.057 125.308
16.131 67.422 126.307
12.81 67.206 124.462
14.365 68.716 121.319
17.071 66.031 121.337
14.407 63.336 121.688
12.264 64.743 118.873
15.387 64.841 116.691
16.023 61.15 117.443
12.464 60.331 116.332
13.01 62.466 113.229
16.126 60.543 112.229
14.143 57.28 112.298
12.037 58.613 109.43
14.862 60.488 107.625

16.7819 57.1426 108.125
17.1819 53.9086 110.118
19.0425 51.7053 112.7
19.466 48.7838 110.309
17.5311 49.6923 107.207
18.0356 52.6669 105.026
20.4677 55.4971 105.338
21.8464 52.8171 107.744
21.91 49.673 105.748

23.3993 48.3379 102.516
24.4859 45.1251 104.231
21.0122 44.6121 105.685
19.4067 45.1093 102.276
21.7611 42.5821 100.691
20.9749 40.0165 103.382
17.238 40.4877 102.876
17.5899 40.0214 99.1204
19.5785 36.8196 99.6067
16.9525 35.4343 101.979

13.6275 33.6473 101.451
11.5285 36.4953 100.027
10.7705 36.1623 96.327
8.88847 39.1913 95.048
7.76347 39.6543 91.468
9.72447 41.6903 88.949

7.43847 44.7203 89.24
7.33947 44.6493 93.04
11.1265 44.9553 92.877
11.0555 47.6953 90.236
8.63847 49.7043 92.392
10.6985 49.2513 95.574
13.7155 50.7243 93.745
11.5225 53.4963 92.25
9.99247 54.4243 95.625
13.3265 54.7993 97.435

13.2584 57.4528 94.6231
13.602 59.021 91.2776
10.3887 58.5972 89.463
8.41972 58.6715 92.7808
6.71794 58.506 96.1811
8.02125 61.969 96.613
6.73522 63.3387 93.2453
10.3577 63.9941 92.406
13.4592 63.4758 94.6131
14.622 66.4005 96.5939

17.6973 67.7394 98.3807
17.7389 64.7636 100.744
17.5015 62.3278 97.8366
20.3875 64.0333 96.0462
22.5489 63.8679 99.1678
21.8197 60.1626 99.5939

22.1947 58.6336 103.076
22.0147 62.0276 104.904

End chain 1
