28.422 55.412 128.746
26.585 52.466 130.299

28.171 52.666 133.746
27.666 56.436 133.804
23.987 55.468 133.716
24.443 52.827 136.422
26.108 55.456 138.622
23.096 57.675 137.95
20.515 55.099 138.99
22.579 54.604 142.156
22.386 58.351 142.807
18.65 58.418 142.058
17.944 55.62 144.549
19.865 57.433 147.285
17.944 60.663 146.691
14.628 58.802 146.456

14.568 58.126 150.193
11.242 56.298 150.293
11.816 54.283 147.128
8.593 55.291 145.378
10.47 56.019 142.135
10.009 59.825 142.404
12.073 62.656 143.9
10.114 65.344 145.775
11.215 68.834 146.805

11.654 67.495 150.326
13.909 64.645 149.206
15.82 67.046 146.977
16.201 69.561 149.811
17.576 66.911 152.158
20.327 66.169 149.641
21.067 69.825 148.898
21.233 70.612 152.617
23.582 67.665 153.226
26.038 69.29 150.765

26.271 72.672 152.496
23.522 74.428 150.53
20.485 76.32 151.832
18.085 76.481 148.868
14.662 77.966 149.435
11.542 75.947 148.727

10.976 78.134 145.628
14.485 77.249 144.445
13.862 73.514 144.976
10.592 73.698 143.031
12.552 75.523 140.304
15.154 72.766 140.072
12.341 70.263 139.631

13.502 72.747 134.992
13.454 68.993 134.188
9.807 68.193 134.958
8.775 67.047 131.501
5.433 65.565 132.58
4.558 68.471 134.875
3.698 66.445 138.002
6.035 68.267 140.414
8.405 65.333 141.051
11.482 63.939 139.315
11.363 60.426 137.904
14.403 58.622 136.614

14.142 59.822 132.974
13.795 63.453 134.095
16.666 62.837 136.519
18.887 61.932 133.573
18.035 65.365 132.195
19.104 66.796 135.531
22.272 64.668 135.676
22.946 65.739 132.088

22.361 69.095 133.858
19.974 70.091 131.092
16.677 71.866 130.781
13.622 69.915 129.686

13.048 71.769 126.352
16.591 71.057 125.308
16.131 67.422 126.307
12.81 67.206 124.462
14.365 68.716 121.319
17.071 66.031 121.337
14.407 63.336 121.688
12.264 64.743 118.873
15.387 64.841 116.691
16.023 61.15 117.443
12.464 60.331 116.332
13.01 62.466 113.229
16.126 60.543 112.229
14.143 57.28 112.298
12.037 58.613 109.43
14.862 60.488 107.625

17.3052 57.5386 107.517
16.8226 54.8231 104.765
17.2075 54.2675 101.1
14.4877 52.5403 99.0427
15.3127 49.124 97.539
16.1471 49.3629 101.247
13.3206 50.5314 103.607
12.4151 47.095 102.123
15.3289 44.7525 102.747

16.5551 41.9642 100.474
15.3816 39.3136 102.932
11.94 40.9095 103.159
11.627 41.0033 99.3727
12.5767 37.3331 99.1065
9.99215 36.3747 101.723
7.28053 38.3087 99.8925
8.144 36.6016 96.6088
7.98574 33.172 98.2384
4.5807 33.9371 99.7429

1.2557 32.1501 99.2149
-0.843299 34.9981 97.7909
-1.6013 34.6651 94.0909
-3.4833 37.6941 92.8119
-4.6083 38.1571 89.2319
-2.6473 40.1931 86.7129

-4.9333 43.2231 87.0039
-5.0323 43.1521 90.8039
-1.2453 43.4581 90.6409
-1.3163 46.1981 87.9999
-3.7333 48.2071 90.1559
-1.6733 47.7541 93.3379
1.3437 49.2271 91.5089
-0.849299 51.9991 90.0139
-2.3793 52.9271 93.3889
0.954701 53.3021 95.1989

2.27481 55.2545 92.2304
3.04698 56.9031 88.8247
-0.264794 55.9152 87.0817
2.13413 54.5851 84.3589
4.13199 51.333 84.6632
7.8244 51.9721 84.0394
6.76499 50.8599 80.4926
5.84221 49.5761 77.0401
5.15348 50.7839 73.4825
8.77615 50.6742 72.7

11.1111 47.8316 71.7456
9.79984 45.6723 74.5847
6.20297 46.3028 73.5322
6.98677 45.3537 69.9367
8.64851 42.1222 71.05
5.64745 41.2039 73.1932

6.02245 39.6749 76.6752
5.84245 43.0689 78.5032

End chain 1
