28.422 55.412 128.746
26.585 52.466 130.299

28.171 52.666 133.746
27.666 56.436 133.804
23.987 55.468 133.716
24.443 52.827 136.422
26.108 55.456 138.622
23.096 57.675 137.95
20.515 55.099 138.99
22.579 54.604 142.156
22.386 58.351 142.807
18.65 58.418 142.058
17.944 55.62 144.549
19.865 57.433 147.285
17.944 60.663 146.691
14.628 58.802 146.456

14.568 58.126 150.193
11.242 56.298 150.293
11.816 54.283 147.128
8.593 55.291 145.378
10.47 56.019 142.135
10.009 59.825 142.404
12.073 62.656 143.9
10.114 65.344 145.775
11.215 68.834 146.805

11.654 67.495 150.326
13.909 64.645 149.206
15.82 67.046 146.977
16.201 69.561 149.811
17.576 66.911 152.158
20.327 66.169 149.641
21.067 69.825 148.898
21.233 70.612 152.617
23.582 67.665 153.226
26.038 69.29 150.765

26.271 72.672 152.496
23.522 74.428 150.53
20.485 76.32 151.832
18.085 76.481 148.868
14.662 77.966 149.435
11.542 75.947 148.727

10.976 78.134 145.628
14.485 77.249 144.445
13.862 73.514 144.976
10.592 73.698 143.031
12.552 75.523 140.304
15.154 72.766 140.072
12.341 70.263 139.631

13.502 72.747 134.992
13.454 68.993 134.188
9.807 68.193 134.958
8.775 67.047 131.501
5.433 65.565 132.58
4.558 68.471 134.875
3.698 66.445 138.002
6.035 68.267 140.414
8.405 65.333 141.051
11.482 63.939 139.315
11.363 60.426 137.904
14.403 58.622 136.614

14.142 59.822 132.974
13.795 63.453 134.095
16.666 62.837 136.519
18.887 61.932 133.573
18.035 65.365 132.195
19.104 66.796 135.531
22.272 64.668 135.676
22.946 65.739 132.088

22.361 69.095 133.858
19.974 70.091 131.092
16.677 71.866 130.781
13.622 69.915 129.686

13.048 71.769 126.352
16.591 71.057 125.308
16.131 67.422 126.307
12.81 67.206 124.462
14.365 68.716 121.319
17.071 66.031 121.337
14.407 63.336 121.688
12.264 64.743 118.873
15.387 64.841 116.691
16.023 61.15 117.443
12.464 60.331 116.332
13.01 62.466 113.229
16.126 60.543 112.229
14.143 57.28 112.298
12.037 58.613 109.43
14.862 60.488 107.625

16.4238 56.939 107.359
16.1443 53.1045 107.737
18.7097 53.0021 110.658
20.2938 51.8313 113.872
20.4555 49.03 111.423
21.5161 49.0286 107.684
18.025 49.3279 106.224
15.4407 47.0277 104.822
15.3421 48.8261 101.434

18.7679 48.5451 99.8126
19.9604 46.1596 102.52
16.8888 43.9662 102.076
17.4207 43.8157 98.3158
21.0588 42.8166 98.773
20.0952 40.0473 101.191
17.5042 38.6954 98.7614
20.0378 38.6582 95.929
22.5521 36.7812 98.0732
19.948 34.1807 99.0213

16.623 32.3937 98.4933
14.524 35.2417 97.0693
13.766 34.9087 93.3693
11.884 37.9377 92.0903
10.759 38.4007 88.5103
12.72 40.4367 85.9913

10.434 43.4667 86.2823
10.335 43.3957 90.0823
14.122 43.7017 89.9193
14.051 46.4417 87.2783
11.634 48.4507 89.4343
13.694 47.9977 92.6163
16.711 49.4707 90.7873
14.518 52.2427 89.2923
12.988 53.1707 92.6673
16.322 53.5457 94.4773

16.254 56.1992 91.6655
16.5975 57.7674 88.32
13.3843 57.3436 86.5054
11.4152 57.4179 89.8231
9.71346 57.2524 93.2235
11.0168 60.7154 93.6554
9.73073 62.0851 90.2877
13.3532 62.7405 89.4484
16.4547 62.2222 91.6554
17.6175 65.1469 93.6363

20.6928 66.4858 95.4231
20.7344 63.51 97.7865
20.4971 61.0743 94.879
23.383 62.7797 93.0886
25.5444 62.6143 96.2102
24.8152 58.909 96.6362

25.1902 57.38 100.118
25.0102 60.774 101.946

End chain 1
