28.422 55.412 128.746
26.585 52.466 130.299

28.171 52.666 133.746
27.666 56.436 133.804
23.987 55.468 133.716
24.443 52.827 136.422
26.108 55.456 138.622
23.096 57.675 137.95
20.515 55.099 138.99
22.579 54.604 142.156
22.386 58.351 142.807
18.65 58.418 142.058
17.944 55.62 144.549
19.865 57.433 147.285
17.944 60.663 146.691
14.628 58.802 146.456

14.568 58.126 150.193
11.242 56.298 150.293
11.816 54.283 147.128
8.593 55.291 145.378
10.47 56.019 142.135
10.009 59.825 142.404
12.073 62.656 143.9
10.114 65.344 145.775
11.215 68.834 146.805

11.654 67.495 150.326
13.909 64.645 149.206
15.82 67.046 146.977
16.201 69.561 149.811
17.576 66.911 152.158
20.327 66.169 149.641
21.067 69.825 148.898
21.233 70.612 152.617
23.582 67.665 153.226
26.038 69.29 150.765

26.271 72.672 152.496
23.522 74.428 150.53
20.485 76.32 151.832
18.085 76.481 148.868
14.662 77.966 149.435
11.542 75.947 148.727

10.976 78.134 145.628
14.485 77.249 144.445
13.862 73.514 144.976
10.592 73.698 143.031
12.552 75.523 140.304
15.154 72.766 140.072
12.341 70.263 139.631

13.502 72.747 134.992
13.454 68.993 134.188
9.807 68.193 134.958
8.775 67.047 131.501
5.433 65.565 132.58
4.558 68.471 134.875
3.698 66.445 138.002
6.035 68.267 140.414
8.405 65.333 141.051
11.482 63.939 139.315
11.363 60.426 137.904
14.403 58.622 136.614

14.142 59.822 132.974
13.795 63.453 134.095
16.666 62.837 136.519
18.887 61.932 133.573
18.035 65.365 132.195
19.104 66.796 135.531
22.272 64.668 135.676
22.946 65.739 132.088

24.1525 69.0257 133.287
24.6009 71.2952 136.325
23.1584 69.2076 139.153
25.3608 66.5281 137.802

28.9913 66.7825 138.896
28.4843 64.0969 141.537
26.8827 61.7662 138.998
29.7703 62.2616 136.578
32.3099 61.4938 139.299
30.4722 58.306 140.249
30.389 57.1589 136.627
34.1194 57.7761 136.245
34.8698 55.7857 139.394
32.7643 52.8688 138.168
34.5564 52.8573 134.817
37.952 52.8386 136.524
36.9347 49.9169 138.731
35.7319 47.9353 135.719
39.0016 48.5545 133.884
41.0197 47.398 136.89

42.5816 43.849 136.623
42.302 40.0145 137.002
44.8674 39.9121 139.922
46.4515 38.7413 143.137
46.6132 35.94 140.687
47.6738 35.9386 136.948
44.1827 36.238 135.489
41.5984 33.9377 134.086
41.4998 35.7361 130.698

44.9256 35.4551 129.077
46.1181 33.0696 131.785
43.0465 30.8762 131.34
43.5784 30.7257 127.58
47.2165 29.7266 128.037
46.253 26.9573 130.455
43.6619 25.6054 128.026
46.1955 25.5682 125.193
48.7098 23.6912 127.338
46.1057 21.0907 128.286

42.7807 19.3037 127.758
40.6817 22.1517 126.334
39.9237 21.8187 122.634
38.0417 24.8477 121.355
36.9167 25.3107 117.775
38.8777 27.3467 115.256

36.5917 30.3767 115.547
36.4927 30.3057 119.347
40.2797 30.6117 119.184
40.2087 33.3517 116.543
37.7917 35.3607 118.699
39.8517 34.9077 121.881
42.8687 36.3807 120.052
40.6757 39.1527 118.557
39.1457 40.0807 121.932
42.4797 40.4557 123.742

42.4117 43.1092 120.93
42.7552 44.6774 117.585
39.542 44.2536 115.77
37.573 44.3279 119.088
35.8712 44.1624 122.488
37.1745 47.6254 122.92
35.8885 48.9951 119.552
39.511 49.6505 118.713
42.6124 49.1322 120.92
43.7752 52.0569 122.901

46.8505 53.3958 124.688
46.8922 50.42 127.051
46.6548 47.9843 124.144
49.5408 49.6897 122.353
51.7021 49.5243 125.475
50.9729 45.819 125.901

51.3479 44.29 129.383
51.1679 47.684 131.211

End chain 1
