9.675 45.053 37.07
10.06 47.656 34.334
11.345 51.215 34.643
9.093 54.194 33.894

10.941 54.669 30.614
10.587 51.147 29.357
6.872 51.146 30.143
6.375 54.381 28.128
8.313 52.981 25.228
6.406 49.72 25.337
3.144 51.624 25.507
4.068 53.646 22.383
4.862 50.444 20.445
1.723 48.722 21.697
-0.413 51.697 20.656
1.114 51.623 17.211
-0.251 48.063 16.774
-3.552 48.834 18.489

-3.83065 52.0378 16.3209
-4.50551 55.1119 14.1258
-6.39757 56.6921 11.1703
-10.0397 55.7908 11.8067
-10.4315 53.1291 9.1995
-7.3675 51.1873 10.386

-6.42366 47.663 11.3738
-5.21134 44.3332 12.7193
-2.77616 41.7156 13.8733

-1.36416 42.0886 10.3303
-0.802164 45.8246 10.8773
0.808836 44.8266 14.2153
3.73684 43.0526 12.5463
4.17384 45.8386 9.99832
4.17484 48.5456 12.6853

9.02884 46.1896 12.0333

8.85584 49.9206 11.2883
9.86984 50.4546 14.9073
12.8248 48.1056 14.5843

14.0547 50.555 12.0271
14.1495 54.4101 12.2971
16.4078 56.3346 9.98154
13.5705 58.601 9.06575
12.4318 59.443 12.6472

9.83674 58.2981 15.1766
10.1005 61.5785 17.0771
9.6407 63.5799 13.8793
6.55449 61.567 12.9486
5.03588 62.123 16.3877

1.86288 66.41 16.0177

0.137878 63.393 17.5987
1.79488 64.172 20.9097
0.919878 67.875 21.1227
-2.28612 67.838 19.0867

-2.71166 64.7698 21.2307
-4.33181 61.8514 22.8479
-5.71402 58.8309 24.6029
-7.95647 60.599 26.9955
-11.2993 60.3139 25.4111
-14.7749 59.7341 27.0377

-18.3166 58.348 26.4916
-18.0615 56.0557 23.5405
-17.2189 52.473 22.5568

-16.4079 51.256 26.0798
-16.1829 47.678 24.7638
-13.8549 48.992 22.0738
-11.6929 50.765 24.6408

-11.4619 47.549 26.6708
-6.44894 48.149 26.2258
-6.13394 44.387 26.0728
-4.48394 44.395 22.6338
-1.14694 44.966 27.0398

-0.666944 41.776 24.9868
1.44906 43.546 22.4128
3.67506 44.952 25.1188
4.06606 41.615 26.8908
5.05806 39.861 23.6578
7.61306 42.567 22.9648
8.96206 42.37 26.4928
9.37406 38.613 26.0058
11.0901 38.975 22.6528
13.5291 41.459 24.1568
14.0761 39.093 27.0778
14.7561 36.274 24.6278
17.3601 38.248 22.6318
19.1711 38.771 25.9378
19.5261 35.107 26.9528
20.1831 33.969 23.3818

23.5941 35.697 23.1788
24.6111 34.444 19.7138
21.0931 35.011 18.4038
20.8881 31.597 16.7838
17.3851 31.174 18.1398
18.1791 28.699 20.9158
19.0751 29.297 24.5178
21.7941 26.848 25.5038
22.7571 25.874 29.0488

25.9311 27.944 28.7298
23.8451 31.007 27.8088
21.3711 30.547 30.6288
24.3581 30.402 32.9718
26.1501 33.359 31.3848
22.9741 35.262 32.3178
25.7931 34.925 36.6508
25.8341 38.423 35.1268
22.4351 38.952 36.7658
23.6471 38.192 40.2878

21.7461 34.949 40.7438
23.9171 32.065 41.9028
22.9251 28.561 40.9038
24.6491 25.198 40.6178
25.1451 23.936 37.0718

22.8511 20.975 37.7728
20.1981 23.592 38.5518
21.0331 25.641 35.4358
20.6681 22.397 33.5108
17.3201 21.686 35.1338
16.7241 23.976 30.5208
15.5761 20.346 30.8798
12.0881 21.383 31.9648
11.8251 24.273 29.4768

12.9845 21.8542 26.6721
14.8473 19.4613 24.3571
17.3663 16.7656 24.0566
20.0005 19.2445 23.1675
22.4138 21.6893 24.9954
24.0595 18.3298 25.2107
26.2739 16.4927 22.6996
28.39 15.3872 25.6324
29.5233 14.9749 29.1958
29.5273 11.1952 29.7859

28.7939 8.05948 31.8039
26.3759 9.95017 34.0447
24.5437 11.3701 31.0331
24.2079 7.91498 29.4865

22.7509 4.77398 31.0535
20.4649 9.29898 33.6295
19.7779 6.02498 35.4155

End chain 1
