9.675 45.053 37.07
10.06 47.656 34.334
11.345 51.215 34.643
9.093 54.194 33.894

10.941 54.669 30.614
10.587 51.147 29.357
6.872 51.146 30.143
6.375 54.381 28.128
8.313 52.981 25.228
6.406 49.72 25.337
3.144 51.624 25.507
4.068 53.646 22.383
4.862 50.444 20.445
1.723 48.722 21.697
-0.413 51.697 20.656
1.114 51.623 17.211
-0.251 48.063 16.774
-3.552 48.834 18.489

-4.3672 51.7873 16.2311
-7.90847 52.4 15.2676
-11.6081 52.6024 16.015
-13.8643 50.0406 14.5403
-10.6275 47.9138 14.9164
-9.27856 46.5285 18.2906

-9.08818 43.3306 16.2056
-6.99089 43.7268 12.9827
-3.2795 42.8089 13.0675

-1.8675 43.1819 9.52446
-1.3055 46.9179 10.0715
0.3055 45.9199 13.4095
3.2335 44.1459 11.7405
3.6705 46.9319 9.19246
3.6715 49.6389 11.8795

8.5255 47.2829 11.2275

8.3525 51.0139 10.4825
9.3665 51.5479 14.1015
12.3215 49.1989 13.7785

13.5514 51.6483 11.2212
13.6462 55.5034 11.4913
15.9044 57.4279 9.17568
13.0672 59.6943 8.25989
11.9285 60.5363 11.8414

9.33341 59.3914 14.3707
9.59721 62.6718 16.2712
9.13736 64.6732 13.0734
6.05115 62.6603 12.1428
4.53254 63.2163 15.5819

1.35954 67.5033 15.2119

-0.365458 64.4863 16.7929
1.29154 65.2653 20.1039
0.416542 68.9683 20.3169
-2.78946 68.9313 18.2809

-3.215 65.8631 20.4248
-4.83514 62.9447 22.0421
-6.21736 59.9242 23.797
-8.4598 61.6923 26.1896
-11.8027 61.4072 24.6052
-15.2782 60.8275 26.2319

-18.82 59.4413 25.6857
-18.5648 57.149 22.7346
-17.7223 53.5664 21.7509

-16.9113 52.3494 25.2739
-16.6863 48.7714 23.9579
-14.3583 50.0854 21.2679
-12.1963 51.8584 23.8349

-11.9653 48.6424 25.8649
-6.95228 49.2424 25.4199
-6.63728 45.4804 25.2669
-4.98728 45.4884 21.8279
-1.65028 46.0594 26.2339

-1.17028 42.8694 24.1809
0.94572 44.6394 21.6069
3.17172 46.0454 24.3129
3.56272 42.7084 26.0849
4.55472 40.9544 22.8519
7.10972 43.6604 22.1589
8.45872 43.4634 25.6869
8.87072 39.7064 25.1999
10.5867 40.0684 21.8469
13.0257 42.5524 23.3509
13.5727 40.1864 26.2719
14.2527 37.3674 23.8219
16.8567 39.3414 21.8259
18.6677 39.8644 25.1319
19.0227 36.2004 26.1469
19.6797 35.0624 22.5759

23.0907 36.7904 22.3729
24.1077 35.5374 18.9079
20.5897 36.1044 17.5979
20.3847 32.6904 15.9779
16.8817 32.2674 17.3339
17.6757 29.7924 20.1099
18.5717 30.3904 23.7119
21.2907 27.9414 24.6979
22.2537 26.9674 28.2429

25.4277 29.0374 27.9239
23.3417 32.1004 27.0029
20.8677 31.6404 29.8229
23.8547 31.4954 32.1659
25.6467 34.4524 30.5789
22.4707 36.3554 31.5119
25.2897 36.0184 35.8449
25.3307 39.5164 34.3209
21.9317 40.0454 35.9599
23.1437 39.2854 39.4819

21.2427 36.0424 39.9379
23.4137 33.1584 41.0969
22.4217 29.6544 40.0979
24.1457 26.2914 39.8119
24.6417 25.0294 36.2659

22.3477 22.0684 36.9669
19.6947 24.6854 37.7459
20.5297 26.7344 34.6299
20.1647 23.4904 32.7049
16.8167 22.7794 34.3279
16.2207 25.0694 29.7149
15.0727 21.4394 30.0739
11.5847 22.4764 31.1589
11.3217 25.3664 28.6709

11.6358 22.5955 26.111
11.3442 20 23.447
9.01073 19.2361 20.523
5.56407 19.47 22.2192
6.42525 22.9199 23.2424
8.27937 24.9598 25.8481
6.44136 28.3748 26.2322
6.08073 31.3804 24.0174
8.15217 32.8039 26.788
10.1802 34.2458 29.664

6.91484 33.0668 31.21
6.9324 35.9514 33.6842
7.51736 38.4665 30.8958
4.63707 37.0367 28.8704

3.18007 33.8957 30.4374
0.894072 38.4207 33.0134
0.207072 35.1467 34.7994

End chain 1
