9.675 45.053 37.07
10.06 47.656 34.334
11.345 51.215 34.643
9.093 54.194 33.894

10.941 54.669 30.614
10.587 51.147 29.357
6.872 51.146 30.143
6.375 54.381 28.128
8.313 52.981 25.228
6.406 49.72 25.337
3.144 51.624 25.507
4.068 53.646 22.383
4.862 50.444 20.445
1.723 48.722 21.697
-0.413 51.697 20.656
1.114 51.623 17.211
-0.251 48.063 16.774
-3.552 48.834 18.489

-4.83 50.903 15.547
-8.5 50.66 16.584
-7.793 51.729 20.147
-9.689 48.952 21.884
-6.734 48.302 24.221
-5.89 44.868 22.816

-3.836 43.256 20.059
-3.993 39.759 18.46
-1.443 37.06 19.349

-0.031 37.433 15.806
0.531 41.169 16.353
2.142 40.171 19.691
5.07 38.397 18.022
5.507 41.183 15.474
5.508 43.89 18.161

10.362 41.534 17.509

10.189 45.265 16.764
11.203 45.799 20.383
14.158 43.45 20.06

15.3879 45.8994 17.5028
15.4827 49.7545 17.7728
17.7409 51.679 15.4572
14.9037 53.9454 14.5414
13.765 54.7874 18.1229

11.1699 53.6425 20.6523
11.4337 56.923 22.5528
10.9739 58.9244 19.355
7.88765 56.9114 18.4243
6.36904 57.4675 21.8634

3.19604 61.7545 21.4934

1.47104 58.7375 23.0744
3.12804 59.5165 26.3854
2.25304 63.2195 26.5984
-0.952958 63.1825 24.5624

-1.3785 60.1142 26.7063
-2.99864 57.1958 28.3236
-4.38086 54.1753 30.0786
-6.6233 55.9434 32.4711
-9.96618 55.6583 30.8867
-13.4417 55.0786 32.5134

-16.9835 53.6924 31.9672
-16.7283 51.4001 29.0162
-15.8858 47.8175 28.0324

-15.0748 46.6005 31.5554
-14.8498 43.0225 30.2394
-12.5218 44.3365 27.5494
-10.3598 46.1095 30.1164

-10.1288 42.8935 32.1464
-5.11578 43.4935 31.7014
-4.80078 39.7315 31.5484
-3.15078 39.7395 28.1094
0.18622 40.3105 32.5154

0.66622 37.1205 30.4624
2.78222 38.8905 27.8884
5.00822 40.2965 30.5944
5.39922 36.9595 32.3664
6.39122 35.2055 29.1334
8.94622 37.9115 28.4404
10.2952 37.7145 31.9684
10.7072 33.9575 31.4814
12.4232 34.3195 28.1284
14.8622 36.8035 29.6324
15.4092 34.4375 32.5534
16.0892 31.6185 30.1034
18.6932 33.5925 28.1074
20.5042 34.1155 31.4134
20.8592 30.4515 32.4284
21.5162 29.3135 28.8574

24.9272 31.0415 28.6544
25.9442 29.7885 25.1894
22.4262 30.3555 23.8794
22.2212 26.9415 22.2594
18.7182 26.5185 23.6154
19.5122 24.0435 26.3914
20.4082 24.6415 29.9934
23.1272 22.1925 30.9794
24.0902 21.2185 34.5244

27.2642 23.2885 34.2054
25.1782 26.3515 33.2844
22.7042 25.8915 36.1044
25.6912 25.7465 38.4474
27.4832 28.7035 36.8604
24.3072 30.6065 37.7934
27.1262 30.2695 42.1264
27.1672 33.7675 40.6024
23.7682 34.2965 42.2414
24.9802 33.5365 45.7634

23.0792 30.2935 46.2194
25.2502 27.4095 47.3784
24.2582 23.9055 46.3794
25.9822 20.5425 46.0934
26.4782 19.2805 42.5474

24.1842 16.3195 43.2484
21.5312 18.9365 44.0274
22.3662 20.9855 40.9114
22.0012 17.7415 38.9864
18.6532 17.0305 40.6094
18.0572 19.3205 35.9964
16.9092 15.6905 36.3554
13.4212 16.7275 37.4404
13.1582 19.6175 34.9524

14.6234 17.4045 32.2071
16.7385 15.0764 29.9296
17.3124 12.1744 27.4851
18.7143 9.4072 29.5993
22.2741 9.94245 28.2969
24.8876 9.6603 25.4661
22.7584 8.69709 22.404
21.4199 12.1035 23.3053
18.7054 11.7405 20.7236
15.3294 13.073 21.6276

12.4734 11.3698 23.4674
12.0786 14.3407 25.8042
11.966 16.7556 22.8719
9.30141 14.675 21.1358

7.84441 11.534 22.7028
5.55841 16.059 25.2788
4.87141 12.785 27.0648

End chain 1
