28.422 55.412 128.746
26.585 52.466 130.299

28.171 52.666 133.746
27.666 56.436 133.804
23.987 55.468 133.716
24.443 52.827 136.422
26.108 55.456 138.622
23.096 57.675 137.95
20.515 55.099 138.99
22.579 54.604 142.156
22.386 58.351 142.807
18.65 58.418 142.058
17.944 55.62 144.549
19.865 57.433 147.285
17.944 60.663 146.691
14.628 58.802 146.456

15.5211 57.1182 149.738
17.2279 53.7923 149.087
16.3892 52.3116 152.536
12.8224 53.3458 151.628
10.5816 54.8236 148.883
12.6993 52.8195 146.301
13.4163 49.1658 147.315
9.72386 50.1298 147.678
7.87711 51.7403 144.877

5.38258 53.0524 142.328
4.38206 55.9048 144.631
8.01749 56.8701 145.174
8.66922 56.9014 141.43
5.64377 59.12 140.824
6.78363 61.5697 143.497
10.2622 61.7578 141.978
8.82395 62.4415 138.527
6.62694 65.2276 139.889
9.59057 66.8425 141.636

11.7132 67.029 138.448
12.3216 69.6722 135.744
12.7699 71.7215 132.639
16.3439 72.2737 133.531
17.1028 68.6803 134.09
16.2319 66.6073 131.044

19.4774 64.6329 131.152
18.1806 62.4721 133.997
14.9675 61.7392 132.104
16.9123 60.7339 128.998
19.1161 58.3881 131.019
16.0787 56.7456 132.606
14.4666 56.2175 129.205

15.6276 58.7015 124.566
15.5796 54.9475 123.762
11.9326 54.1475 124.532
10.9006 53.0015 121.075
7.55859 51.5195 122.154
6.68359 54.4255 124.449
5.82359 52.3995 127.576
8.16059 54.2215 129.988
10.5306 51.2875 130.625
13.6076 49.8935 128.889
13.4886 46.3805 127.478
16.5286 44.5765 126.188

16.2676 45.7765 122.548
15.9206 49.4075 123.669
18.7916 48.7915 126.093
21.0126 47.8865 123.147
20.1606 51.3195 121.769
21.2296 52.7505 125.105
24.3976 50.6225 125.25
25.0716 51.6935 121.662

24.4866 55.0495 123.432
22.0996 56.0455 120.666
18.8026 57.8205 120.355
15.7476 55.8695 119.26

15.1736 57.7235 115.926
18.7166 57.0115 114.882
18.2566 53.3765 115.881
14.9356 53.1605 114.036
16.4906 54.6705 110.893
19.1966 51.9855 110.911
16.5326 49.2905 111.262
14.3896 50.6975 108.447
17.5126 50.7955 106.265
18.1486 47.1045 107.017
14.5896 46.2855 105.906
15.1356 48.4205 102.803
18.2516 46.4975 101.803
16.2686 43.2345 101.872
14.1626 44.5675 99.0041
16.9876 46.4425 97.1991

18.6745 43.0355 97.6236
19.4833 39.5355 98.6906
20.429 35.9801 99.4102
23.2161 37.5092 101.567
22.9854 41.1554 102.367
24.6741 43.5007 104.965
25.7353 46.4738 107.043
26.6097 45.4597 110.7
26.2297 41.9628 112.252

25.7411 38.6153 113.984
23.1948 40.114 116.374
21.2512 41.6516 113.493
21.1715 38.3305 111.647
19.8902 36.5318 114.74
17.1311 39.1025 115.21
16.0485 38.7469 111.585
15.905 34.9621 111.898
13.7832 35.2057 115.041
11.358 37.5838 113.337

10.5812 34.9643 110.693
10.2233 31.7119 108.575
8.34189 30.8353 105.469
5.37283 28.4386 105.867
4.81364 28.7259 109.515
2.51986 30.5742 111.937

0.920029 32.4303 114.842
4.31627 33.1016 116.41
5.67135 34.4566 113.128
2.68625 36.7767 112.742
3.13697 38.103 116.274
6.82381 38.7835 115.652
6.03496 40.6653 112.446
3.44818 42.8069 114.225
5.91484 43.6637 116.986
8.55557 44.6736 114.447

6.2811 46.7108 112.296
6.05863 50.4611 111.449
5.58896 53.4243 109.045
8.80931 52.8841 107.231
9.32387 51.3273 103.692
5.99584 50.0023 105.192
2.32554 50.8301 104.493
0.820882 47.3582 104.21
-1.98206 44.6778 104.493
-1.17281 44.4553 100.883

1.49634 45.4622 98.3725
4.26397 44.2921 100.699
2.55776 40.933 101.197
2.19068 40.4541 97.445
5.86712 41.2389 96.8874
6.90511 38.7372 99.5534

7.28011 37.2082 103.035
7.10011 40.6022 104.863

End chain 1
