9.675 45.053 37.07
10.06 47.656 34.334
11.345 51.215 34.643
9.093 54.194 33.894

10.941 54.669 30.614
10.587 51.147 29.357
6.872 51.146 30.143
6.375 54.381 28.128
8.313 52.981 25.228
6.406 49.72 25.337
3.144 51.624 25.507
4.068 53.646 22.383
4.862 50.444 20.445
1.723 48.722 21.697
-0.413 51.697 20.656
1.114 51.623 17.211
-0.251 48.063 16.774
-3.552 48.834 18.489

-3.76335 51.9019 16.4198
-5.9008 55.09 16.6547
-8.33808 57.9896 17.0807
-8.56896 55.9014 20.1792
-5.24353 56.7633 21.9213
-8.36455 56.7744 24.105

-11.4622 55.756 26.0936
-14.4322 57.8582 27.4841
-12.7724 60.1379 30.1554

-11.3604 60.5109 26.6124
-10.7984 64.2469 27.1594
-9.18741 63.2489 30.4974
-6.25941 61.4749 28.8284
-5.82241 64.2609 26.2804
-5.82141 66.9679 28.9674

-0.967413 64.6119 28.3154

-1.14041 68.3429 27.5704
-0.126413 68.8769 31.1894
2.82859 66.5279 30.8664

1.31159 63.3719 32.3614
1.81459 60.2619 30.2034
-0.069413 57.3009 31.6754
-0.409413 54.0109 29.8224
-3.90541 52.8719 28.7844

-3.98741 50.5629 31.7944
-2.84241 53.1629 34.3034
-5.35341 55.6799 32.9614
-8.25441 53.2279 33.1204
-7.38641 52.0509 36.6424

-10.5594 56.3379 36.2724

-12.2844 53.3209 37.8534
-10.6274 54.0999 41.1644
-11.5024 57.8029 41.3774
-14.7084 57.7659 39.3414

-15.8625 56.5728 42.7055
-17.1796 55.502 46.0432
-17.3418 55.5824 49.7645
-17.7224 55.0814 53.4537
-20.3573 57.6849 53.9404
-22.7555 60.5556 54.6547

-26.2366 59.8174 56.0295
-29.7904 58.4881 56.9017
-30.1069 56.6812 60.1756

-29.2959 55.4642 63.6986
-29.0709 51.8862 62.3826
-26.7429 53.2002 59.6926
-24.5809 54.9732 62.2596

-24.3499 51.7572 64.2896
-19.3369 52.3572 63.8446
-19.0219 48.5952 63.6916
-17.3719 48.6032 60.2526
-14.0349 49.1742 64.6586

-13.5549 45.9842 62.6056
-11.4389 47.7542 60.0316
-9.21294 49.1602 62.7376
-8.82194 45.8232 64.5096
-7.82994 44.0692 61.2766
-5.27494 46.7752 60.5836
-3.92594 46.5782 64.1116
-3.51394 42.8212 63.6246
-1.79794 43.1832 60.2716
0.641059 45.6672 61.7756
1.18806 43.3012 64.6966
1.86806 40.4822 62.2466
4.47206 42.4562 60.2506
6.28306 42.9792 63.5566
6.63806 39.3152 64.5716
7.29506 38.1772 61.0006

10.7061 39.9052 60.7976
11.7231 38.6522 57.3326
8.20506 39.2192 56.0226
8.00006 35.8052 54.4026
4.49706 35.3822 55.7586
5.29106 32.9072 58.5346
6.18706 33.5052 62.1366
8.90606 31.0562 63.1226
9.86906 30.0822 66.6676

13.0431 32.1522 66.3486
10.9571 35.2152 65.4276
8.48306 34.7552 68.2476
11.4701 34.6102 70.5906
13.2621 37.5672 69.0036
10.0861 39.4702 69.9366
12.9051 39.1332 74.2696
12.9461 42.6312 72.7456
9.54706 43.1602 74.3846
10.7591 42.4002 77.9066

8.85806 39.1572 78.3626
11.0291 36.2732 79.5216
10.0371 32.7692 78.5226
11.7611 29.4062 78.2366
12.2571 28.1442 74.6906

9.96306 25.1832 75.3916
7.31006 27.8002 76.1706
8.14506 29.8492 73.0546
7.78006 26.6052 71.1296
4.43206 25.8942 72.7526
3.83606 28.1842 68.1396
2.68806 24.5542 68.4986
-0.799941 25.5912 69.5836
-1.06294 28.4812 67.0956

0.132146 26.0412 64.3144
2.19382 25.0292 61.1808
3.15537 22.3873 58.6477
6.88346 22.5806 59.1505
10.4332 22.7215 60.6992
13.1874 25.0754 59.5921
14.1449 26.1458 63.0826
12.8828 26.8741 66.5209
15.8526 25.6654 68.603
15.6717 22.5638 70.7583

16.9747 21.2328 67.4457
17.9932 17.9449 69.0567
14.5615 17.5463 70.6402
12.8443 18.1761 67.3089

11.3873 15.0351 68.8759
9.10132 19.5601 71.4519
8.41432 16.2861 73.2379

End chain 1
