9.675 45.053 37.07
10.06 47.656 34.334
11.345 51.215 34.643
9.093 54.194 33.894

10.941 54.669 30.614
10.587 51.147 29.357
6.872 51.146 30.143
6.375 54.381 28.128
8.313 52.981 25.228
6.406 49.72 25.337
3.144 51.624 25.507
4.068 53.646 22.383
4.862 50.444 20.445
1.723 48.722 21.697
-0.413 51.697 20.656
1.114 51.623 17.211
-0.251 48.063 16.774
-3.552 48.834 18.489

-4.67781 52.0787 16.8259
-8.4459 52.4774 16.4291
-11.3184 50.5355 17.8808
-8.76073 50.0176 20.6242
-8.54141 53.5841 21.6036
-10.6983 55.9705 19.5594

-11.0378 57.8751 22.8968
-10.3095 58.1223 26.5276
-10.1428 61.8155 26.7126

-8.73083 62.1885 23.1696
-8.16883 65.9245 23.7166
-6.55783 64.9265 27.0546
-3.62983 63.1525 25.3856
-3.19283 65.9385 22.8376
-3.19183 68.6455 25.5246

1.66217 66.2895 24.8726

1.48917 70.0205 24.1276
2.50317 70.5545 27.7466
5.45817 68.2055 27.4236

3.94117 65.0495 28.9186
4.44417 61.9395 26.7606
2.56017 58.9785 28.2326
2.22017 55.6885 26.3796
-1.27583 54.5495 25.3416

-1.35783 52.2405 28.3516
-0.212834 54.8405 30.8606
-2.72383 57.3575 29.5186
-5.62483 54.9055 29.6776
-4.75683 53.7285 33.1996

-7.92983 58.0155 32.8296

-9.65483 54.9985 34.4106
-7.99783 55.7775 37.7216
-8.87283 59.4805 37.9346
-12.0788 59.4435 35.8986

-13.4563 56.6649 38.2275
-16.0732 55.4202 35.8724
-18.4724 55.5246 32.9848
-22.1223 55.0622 34.2025
-23.5426 51.8839 32.5911
-25.8032 49.4838 30.6088

-22.9425 50.8352 28.6406
-20.0123 52.2494 26.6936
-16.7611 54.237 26.3475

-15.9501 53.02 29.8705
-15.7251 49.442 28.5545
-13.3971 50.756 25.8645
-11.2351 52.529 28.4315

-11.0041 49.313 30.4615
-5.99115 49.913 30.0165
-5.67615 46.151 29.8635
-4.02615 46.159 26.4245
-0.689146 46.73 30.8305

-0.209146 43.54 28.7775
1.90685 45.31 26.2035
4.13285 46.716 28.9095
4.52385 43.379 30.6815
5.51585 41.625 27.4485
8.07085 44.331 26.7555
9.41985 44.134 30.2835
9.83185 40.377 29.7965
11.5479 40.739 26.4435
13.9869 43.223 27.9475
14.5339 40.857 30.8685
15.2139 38.038 28.4185
17.8179 40.012 26.4225
19.6289 40.535 29.7285
19.9839 36.871 30.7435
20.6409 35.733 27.1725

24.0519 37.461 26.9695
25.0689 36.208 23.5045
21.5509 36.775 22.1945
21.3459 33.361 20.5745
17.8429 32.938 21.9305
18.6369 30.463 24.7065
19.5329 31.061 28.3085
22.2519 28.612 29.2945
23.2149 27.638 32.8395

26.3889 29.708 32.5205
24.3029 32.771 31.5995
21.8289 32.311 34.4195
24.8159 32.166 36.7625
26.6079 35.123 35.1755
23.4319 37.026 36.1085
26.2509 36.689 40.4415
26.2919 40.187 38.9175
22.8929 40.716 40.5565
24.1049 39.956 44.0785

22.2039 36.713 44.5345
24.3749 33.829 45.6935
23.3829 30.325 44.6945
25.1069 26.962 44.4085
25.6029 25.7 40.8625

23.3089 22.739 41.5635
20.6559 25.356 42.3425
21.4909 27.405 39.2265
21.1259 24.161 37.3015
17.7779 23.45 38.9245
17.1819 25.74 34.3115
16.0339 22.11 34.6705
12.5459 23.147 35.7555
12.2829 26.037 33.2675

13.4779 23.597 30.4863
15.5396 22.5849 27.3526
16.5012 19.9431 24.8195
20.2293 20.1363 25.3223
23.779 20.2773 26.871
26.5332 22.6311 25.764
27.4907 23.7016 29.2545
26.2286 24.4298 32.6927
29.1984 23.2211 34.7748
29.0175 20.1196 36.9302

30.3205 18.7886 33.6175
31.339 15.5007 35.2285
27.9073 15.102 36.812
26.1901 15.7318 33.4807

24.7331 12.5908 35.0477
22.4471 17.1158 37.6237
21.7601 13.8418 39.4097

End chain 1
