9.675 45.053 37.07
10.06 47.656 34.334
11.345 51.215 34.643
9.093 54.194 33.894

10.941 54.669 30.614
10.587 51.147 29.357
6.872 51.146 30.143
6.375 54.381 28.128
8.313 52.981 25.228
6.406 49.72 25.337
3.144 51.624 25.507
4.068 53.646 22.383
4.862 50.444 20.445
1.723 48.722 21.697
-0.413 51.697 20.656
1.114 51.623 17.211
-0.251 48.063 16.774
-3.552 48.834 18.489

-4.67781 52.0787 16.8259
-8.4459 52.4774 16.4291
-11.3184 50.5355 17.8808
-8.76073 50.0176 20.6242
-8.54141 53.5841 21.6036
-10.6983 55.9705 19.5594

-11.0378 57.8751 22.8968
-10.3095 58.1223 26.5276
-10.1428 61.8155 26.7126

-8.73083 62.1885 23.1696
-8.16883 65.9245 23.7166
-6.55783 64.9265 27.0546
-3.62983 63.1525 25.3856
-3.19283 65.9385 22.8376
-3.19183 68.6455 25.5246

1.66217 66.2895 24.8726

1.48917 70.0205 24.1276
2.50317 70.5545 27.7466
5.45817 68.2055 27.4236

3.94117 65.0495 28.9186
4.44417 61.9395 26.7606
2.56017 58.9785 28.2326
2.22017 55.6885 26.3796
-1.27583 54.5495 25.3416

-1.35783 52.2405 28.3516
-0.212834 54.8405 30.8606
-2.72383 57.3575 29.5186
-5.62483 54.9055 29.6776
-4.75683 53.7285 33.1996

-7.92983 58.0155 32.8296

-9.65483 54.9985 34.4106
-7.99783 55.7775 37.7216
-8.87283 59.4805 37.9346
-12.0788 59.4435 35.8986

-13.0326 56.5373 38.1805
-13.7395 56.0478 41.8917
-14.4668 55.3949 45.6209
-17.5786 57.4797 45.954
-19.9731 54.9643 44.3277
-21.5398 53.3379 47.4876

-24.1441 51.6871 49.5628
-27.5873 50.757 51.1219
-29.9768 50.9605 54.035

-29.1658 49.7435 57.558
-28.9408 46.1655 56.242
-26.6128 47.4795 53.552
-24.4508 49.2525 56.119

-24.2198 46.0365 58.149
-19.2068 46.6365 57.704
-18.8918 42.8745 57.551
-17.2418 42.8825 54.112
-13.9048 43.4535 58.518

-13.4248 40.2635 56.465
-11.3088 42.0335 53.891
-9.08279 43.4395 56.597
-8.69179 40.1025 58.369
-7.69979 38.3485 55.136
-5.14479 41.0545 54.443
-3.79579 40.8575 57.971
-3.38379 37.1005 57.484
-1.66779 37.4625 54.131
0.771206 39.9465 55.635
1.31821 37.5805 58.556
1.99821 34.7615 56.106
4.60221 36.7355 54.11
6.41321 37.2585 57.416
6.76821 33.5945 58.431
7.42521 32.4565 54.86

10.8362 34.1845 54.657
11.8532 32.9315 51.192
8.33521 33.4985 49.882
8.13021 30.0845 48.262
4.62721 29.6615 49.618
5.42121 27.1865 52.394
6.31721 27.7845 55.996
9.03621 25.3355 56.982
9.99921 24.3615 60.527

13.1732 26.4315 60.208
11.0872 29.4945 59.287
8.61321 29.0345 62.107
11.6002 28.8895 64.45
13.3922 31.8465 62.863
10.2162 33.7495 63.796
13.0352 33.4125 68.129
13.0762 36.9105 66.605
9.67721 37.4395 68.244
10.8892 36.6795 71.766

8.98821 33.4365 72.222
11.1592 30.5525 73.381
10.1672 27.0485 72.382
11.8912 23.6855 72.096
12.3872 22.4235 68.55

10.0932 19.4625 69.251
7.44021 22.0795 70.03
8.27521 24.1285 66.914
7.91021 20.8845 64.989
4.56221 20.1735 66.612
3.96621 22.4635 61.999
2.81821 18.8335 62.358
-0.669794 19.8705 63.443
-0.932794 22.7605 60.955

0.262293 20.3205 58.1738
2.32397 19.3085 55.0402
3.28551 16.6666 52.5071
7.01361 16.8599 53.0099
10.5634 17.0008 54.5586
13.3175 19.3547 53.4515
14.2751 20.4251 56.942
13.013 21.1534 60.3803
15.9827 19.9447 62.4624
15.8019 16.8431 64.6177

17.1049 15.5121 61.3051
18.1233 12.2242 62.9161
14.6916 11.8256 64.4996
12.9745 12.4554 61.1683

11.5175 9.31438 62.7353
9.23147 13.8394 65.3113
8.54447 10.5654 67.0973

End chain 1
