28.422 55.412 128.746
26.585 52.466 130.299

28.171 52.666 133.746
27.666 56.436 133.804
23.987 55.468 133.716
24.443 52.827 136.422
26.108 55.456 138.622
23.096 57.675 137.95
20.515 55.099 138.99
22.579 54.604 142.156
22.386 58.351 142.807
18.65 58.418 142.058
17.944 55.62 144.549
19.865 57.433 147.285
17.944 60.663 146.691
14.628 58.802 146.456

15.5211 57.1182 149.738
17.2279 53.7923 149.087
16.3892 52.3116 152.536
12.8224 53.3458 151.628
10.5816 54.8236 148.883
12.6993 52.8195 146.301
13.4163 49.1658 147.315
9.72386 50.1298 147.678
7.87711 51.7403 144.877

5.38258 53.0524 142.328
4.38206 55.9048 144.631
8.01749 56.8701 145.174
8.66922 56.9014 141.43
5.64377 59.12 140.824
6.78363 61.5697 143.497
10.2622 61.7578 141.978
8.82395 62.4415 138.527
6.62694 65.2276 139.889
9.59057 66.8425 141.636

12.0759 68.5702 139.184
15.6636 68.9228 140.024
17.2488 67.2456 137.031
14.0766 66.2271 135.108
10.635 65.6863 136.783
9.57373 66.0559 133.141

11.965 65.0538 130.363
13.4548 62.2935 132.509
10.0015 60.937 133.332
9.03813 60.8876 129.656
12.2177 59.0144 128.748
11.5761 56.4201 131.45
8.01947 55.8814 130.224

9.18047 58.3654 125.585
9.13247 54.6114 124.781
5.48547 53.8114 125.551
4.45347 52.6654 122.094
1.11147 51.1834 123.173
0.23647 54.0894 125.468
-0.62353 52.0634 128.595
1.71347 53.8854 131.007
4.08347 50.9514 131.644
7.16047 49.5574 129.908
7.04147 46.0444 128.497
10.0815 44.2404 127.207

9.82047 45.4404 123.567
9.47347 49.0714 124.688
12.3445 48.4554 127.112
14.5655 47.5504 124.166
13.7135 50.9834 122.788
14.7825 52.4144 126.124
17.9505 50.2864 126.269
18.6245 51.3574 122.681

18.0395 54.7134 124.451
15.6525 55.7094 121.685
12.3555 57.4844 121.374
9.30047 55.5334 120.279

8.72647 57.3874 116.945
12.2695 56.6754 115.901
11.8095 53.0404 116.9
8.48847 52.8244 115.055
10.0435 54.3344 111.912
12.7495 51.6494 111.93
10.0855 48.9544 112.281
7.94247 50.3614 109.466
11.0655 50.4594 107.284
11.7015 46.7684 108.036
8.14247 45.9494 106.925
8.68847 48.0844 103.822
11.8045 46.1614 102.822
9.82147 42.8984 102.891
7.71547 44.2314 100.023
10.5405 46.1064 98.2185

12.2274 42.6995 98.6429
13.0362 39.1995 99.7099
13.9819 35.6441 100.43
16.769 37.1732 102.586
16.5383 40.8193 103.386
18.227 43.1646 105.985
19.2882 46.1378 108.062
20.1625 45.1236 111.719
19.7826 41.6268 113.271

19.294 38.2793 115.003
16.7477 39.778 117.393
14.804 41.3155 114.512
14.7244 37.9945 112.666
13.4431 36.1958 115.759
10.684 38.7665 116.23
9.60137 38.4108 112.604
9.45788 34.6261 112.917
7.3361 34.8696 116.061
4.91089 37.2478 114.356

4.1341 34.6283 111.713
3.77615 31.3759 109.595
1.89477 30.4992 106.488
-1.07429 28.1026 106.886
-1.63348 28.3899 110.535
-3.92726 30.2381 112.957

-5.52709 32.0943 115.862
-2.13085 32.7656 117.429
-0.775769 34.1205 114.147
-3.76087 36.4406 113.761
-3.31015 37.767 117.294
0.376697 38.4475 116.672
-0.412158 40.3292 113.466
-2.99894 42.4708 115.245
-0.532278 43.3277 118.006
2.10845 44.3375 115.466

-0.166021 46.3748 113.316
-0.388484 50.125 112.469
-0.858153 53.0883 110.064
2.36219 52.548 108.25
2.87676 50.9913 104.712
-0.451273 49.6663 106.211
-4.12158 50.494 105.512
-5.62624 47.0222 105.229
-8.42918 44.3418 105.512
-7.61992 44.1193 101.903

-4.95078 45.1261 99.3919
-2.18314 43.9561 101.719
-3.88935 40.5969 102.217
-4.25644 40.1181 98.4644
-0.579996 40.9028 97.9068
0.457995 38.4012 100.573

0.832995 36.8722 104.055
0.652995 40.2662 105.883

End chain 1
