9.675 45.053 37.07
10.06 47.656 34.334
11.345 51.215 34.643
9.093 54.194 33.894

10.941 54.669 30.614
10.587 51.147 29.357
6.872 51.146 30.143
6.375 54.381 28.128
8.313 52.981 25.228
6.406 49.72 25.337
3.144 51.624 25.507
4.068 53.646 22.383
4.862 50.444 20.445
1.723 48.722 21.697
-0.413 51.697 20.656
1.114 51.623 17.211
-0.251 48.063 16.774
-3.552 48.834 18.489

-4.67781 52.0787 16.8259
-8.4459 52.4774 16.4291
-11.3184 50.5355 17.8808
-8.76073 50.0176 20.6242
-8.54141 53.5841 21.6036
-10.6983 55.9705 19.5594

-11.0378 57.8751 22.8968
-10.3095 58.1223 26.5276
-10.1428 61.8155 26.7126

-8.73083 62.1885 23.1696
-8.16883 65.9245 23.7166
-6.55783 64.9265 27.0546
-3.62983 63.1525 25.3856
-3.19283 65.9385 22.8376
-3.19183 68.6455 25.5246

1.66217 66.2895 24.8726

1.48917 70.0205 24.1276
2.50317 70.5545 27.7466
5.45817 68.2055 27.4236

3.94117 65.0495 28.9186
4.44417 61.9395 26.7606
2.56017 58.9785 28.2326
2.22017 55.6885 26.3796
-1.27583 54.5495 25.3416

-1.35783 52.2405 28.3516
-0.212834 54.8405 30.8606
-2.72383 57.3575 29.5186
-5.62483 54.9055 29.6776
-4.75683 53.7285 33.1996

-7.92983 58.0155 32.8296

-9.65483 54.9985 34.4106
-7.99783 55.7775 37.7216
-8.87283 59.4805 37.9346
-12.0788 59.4435 35.8986

-12.8167 55.9755 37.0436
-13.6803 52.9262 34.8184
-14.3208 49.6895 32.8825
-17.1746 50.5463 35.0777
-18.7124 54.0076 35.3844
-17.8566 53.4284 31.7812

-16.9172 51.401 28.6198
-14.5187 48.5378 28.6684
-12.1722 45.6096 28.713

-11.3612 44.3926 32.236
-11.1362 40.8146 30.92
-8.80819 42.1286 28.23
-6.64619 43.9016 30.797

-6.41519 40.6856 32.827
-1.40219 41.2856 32.382
-1.08719 37.5236 32.229
0.562814 37.5316 28.79
3.89981 38.1026 33.196

4.37981 34.9126 31.143
6.49581 36.6826 28.569
8.72181 38.0886 31.275
9.11281 34.7516 33.047
10.1048 32.9976 29.814
12.6598 35.7036 29.121
14.0088 35.5066 32.649
14.4208 31.7496 32.162
16.1368 32.1116 28.809
18.5758 34.5956 30.313
19.1228 32.2296 33.234
19.8028 29.4106 30.784
22.4068 31.3846 28.788
24.2178 31.9076 32.094
24.5728 28.2436 33.109
25.2298 27.1056 29.538

28.6408 28.8336 29.335
29.6578 27.5806 25.87
26.1398 28.1476 24.56
25.9348 24.7336 22.94
22.4318 24.3106 24.296
23.2258 21.8356 27.072
24.1218 22.4336 30.674
26.8408 19.9846 31.66
27.8038 19.0106 35.205

30.9778 21.0806 34.886
28.8918 24.1436 33.965
26.4178 23.6836 36.785
29.4048 23.5386 39.128
31.1968 26.4956 37.541
28.0208 28.3986 38.474
30.8398 28.0616 42.807
30.8808 31.5596 41.283
27.4818 32.0886 42.922
28.6938 31.3286 46.444

26.7928 28.0856 46.9
28.9638 25.2016 48.059
27.9718 21.6976 47.06
29.6958 18.3346 46.774
30.1918 17.0726 43.228

27.8978 14.1116 43.929
25.2448 16.7286 44.708
26.0798 18.7776 41.592
25.7148 15.5336 39.667
22.3668 14.8226 41.29
21.7708 17.1126 36.677
20.6228 13.4826 37.036
17.1348 14.5196 38.121
16.8718 17.4096 35.633

18.4677 15.3589 32.9245
19.8517 15.4475 29.4047
20.5317 15.4832 25.7072
19.8096 19.2366 26.2708
17.8289 22.1616 27.8757
15.12 21.5626 25.3351
14.6754 17.8696 25.674
14.01 18.0929 29.3783
12.3522 20.5997 31.7419
9.58408 18.1812 32.8046

8.40625 14.8583 34.2237
6.17715 16.6169 36.7498
4.62629 18.7689 34.0283
3.90876 15.713 31.886

2.45176 12.572 33.453
0.165757 17.097 36.029
-0.521243 13.823 37.815

End chain 1
