28.422 55.412 128.746
26.585 52.466 130.299

28.171 52.666 133.746
27.666 56.436 133.804
23.987 55.468 133.716
24.443 52.827 136.422
26.108 55.456 138.622
23.096 57.675 137.95
20.515 55.099 138.99
22.579 54.604 142.156
22.386 58.351 142.807
18.65 58.418 142.058
17.944 55.62 144.549
19.865 57.433 147.285
17.944 60.663 146.691
14.628 58.802 146.456

15.5211 57.1182 149.738
17.2279 53.7923 149.087
16.3892 52.3116 152.536
12.8224 53.3458 151.628
10.5816 54.8236 148.883
12.6993 52.8195 146.301
13.4163 49.1658 147.315
9.72386 50.1298 147.678
7.87711 51.7403 144.877

5.38258 53.0524 142.328
4.38206 55.9048 144.631
8.01749 56.8701 145.174
8.66922 56.9014 141.43
5.64377 59.12 140.824
6.78363 61.5697 143.497
10.2622 61.7578 141.978
8.82395 62.4415 138.527
6.62694 65.2276 139.889
9.59057 66.8425 141.636

12.6839 65.1859 142.889
15.1398 65.5166 139.883
17.564 66.0565 137.108
15.5715 66.2823 133.857
15.6894 67.2002 130.089
18.7607 65.2137 129.429

22.3052 63.8792 129.115
21.7489 61.4515 131.985
18.536 60.1727 130.409
20.2775 59.6179 127.077
23.0836 57.6815 128.756
20.5932 55.4652 130.58
18.7402 54.7203 127.347

19.9012 57.2043 122.708
19.8532 53.4503 121.904
16.2062 52.6503 122.674
15.1742 51.5043 119.217
11.8322 50.0223 120.296
10.9572 52.9283 122.591
10.0972 50.9023 125.718
12.4342 52.7243 128.13
14.8042 49.7903 128.767
17.8812 48.3963 127.031
17.7622 44.8833 125.62
20.8022 43.0793 124.33

20.5412 44.2793 120.69
20.1942 47.9103 121.811
23.0652 47.2943 124.235
25.2862 46.3893 121.289
24.4342 49.8223 119.911
25.5032 51.2533 123.247
28.6712 49.1253 123.392
29.3452 50.1963 119.804

28.7602 53.5523 121.574
26.3732 54.5483 118.808
23.0762 56.3233 118.497
20.0212 54.3723 117.402

19.4472 56.2263 114.068
22.9902 55.5143 113.024
22.5302 51.8793 114.023
19.2092 51.6633 112.178
20.7642 53.1733 109.035
23.4702 50.4883 109.053
20.8062 47.7933 109.404
18.6632 49.2003 106.589
21.7862 49.2983 104.407
22.4222 45.6073 105.159
18.8632 44.7883 104.048
19.4092 46.9233 100.945
22.5252 45.0003 99.9449
20.5422 41.7373 100.014
18.4362 43.0703 97.1459
21.2612 44.9453 95.3409

22.9481 41.5384 95.7654
23.7569 38.0384 96.8324
24.7026 34.483 97.552
27.4897 36.0121 99.7083
27.259 39.6582 100.509
28.9477 42.0035 103.107
30.0089 44.9767 105.185
30.8833 43.9625 108.841
30.5034 40.4657 110.394

30.0147 37.1182 112.126
27.4684 38.6169 114.516
25.5248 40.1544 111.635
25.4451 36.8334 109.789
24.1639 35.0347 112.882
21.4047 37.6054 113.352
20.3221 37.2497 109.727
20.1786 33.465 110.04
18.0568 33.7085 113.183
15.6316 36.0867 111.479

14.8548 33.4672 108.835
14.4969 30.2148 106.717
12.6155 29.3381 103.611
9.64645 26.9415 104.009
9.08726 27.2288 107.657
6.79348 29.077 110.079

5.19365 30.9332 112.984
8.58989 31.6045 114.552
9.94497 32.9594 111.27
6.95987 35.2795 110.884
7.41059 36.6059 114.416
11.0974 37.2864 113.794
10.3086 39.1682 110.588
7.7218 41.3097 112.367
10.1885 42.1666 115.128
12.8292 43.1764 112.589

10.5547 45.2137 110.438
10.3323 48.9639 109.591
9.86258 51.9272 107.186
13.0829 51.3869 105.373
13.5975 49.8302 101.834
10.2695 48.5052 103.334
6.59916 49.3329 102.634
5.0945 45.8611 102.352
2.29156 43.1807 102.635
3.10081 42.9582 99.0253

5.76996 43.965 96.5143
8.53759 42.795 98.8411
6.83138 39.4358 99.339
6.46429 38.957 95.5868
10.1407 39.7417 95.0293
11.1787 37.2401 97.6952

11.5537 35.7111 101.177
11.3737 39.1051 103.005

End chain 1
