28.422 55.412 128.746
26.585 52.466 130.299

28.171 52.666 133.746
27.666 56.436 133.804
23.987 55.468 133.716
24.443 52.827 136.422
26.108 55.456 138.622
23.096 57.675 137.95
20.515 55.099 138.99
22.579 54.604 142.156
22.386 58.351 142.807
18.65 58.418 142.058
17.944 55.62 144.549
19.865 57.433 147.285
17.944 60.663 146.691
14.628 58.802 146.456

14.7695 57.8722 150.076
12.9517 58.9244 153.179
11.5418 60.3637 156.296
11.6445 57.8 158.966
14.6412 55.7055 159.871
17.2625 57.537 161.809
19.9938 55.8011 159.636
23.1391 57.8637 159.394
22.8968 56.5063 155.854

21.5852 57.9175 152.578
20.7199 61.2251 154.237
24.1921 61.4798 155.761
25.8241 60.8191 152.393
23.71 63.5055 150.733
24.6398 66.0317 153.415
28.3377 65.2624 152.995
28.1021 65.7121 149.229
26.3625 69.0657 149.641
29.0396 70.2671 152.056

32.4589 68.7645 151.994
33.3292 66.7218 148.907
33.0228 65.0519 145.607
35.0588 64.2404 142.563
35.6261 60.8655 144.085
36.3308 57.6654 145.856

38.4458 54.7238 144.708
37.1118 52.543 147.52
33.5237 53.4307 146.637
34.1088 52.5716 142.981
35.6071 49.2053 143.912
32.6387 48.3915 146.141
30.1924 49.2646 143.367

31.3534 51.7486 138.728
31.3054 47.9946 137.924
27.6584 47.1946 138.694
26.6264 46.0486 135.237
23.2844 44.5666 136.316
22.4094 47.4726 138.611
21.5494 45.4466 141.738
23.8864 47.2686 144.15
26.2564 44.3346 144.787
29.3334 42.9406 143.051
29.2144 39.4276 141.64
32.2544 37.6236 140.35

31.9934 38.8236 136.71
31.6464 42.4546 137.831
34.5174 41.8386 140.255
36.7384 40.9336 137.309
35.8864 44.3666 135.931
36.9554 45.7976 139.267
40.1234 43.6696 139.412
40.7974 44.7406 135.824

40.2124 48.0966 137.594
37.8254 49.0926 134.828
34.5284 50.8676 134.517
31.4734 48.9166 133.422

30.8994 50.7706 130.088
34.4424 50.0586 129.044
33.9824 46.4236 130.043
30.6614 46.2076 128.198
32.2164 47.7176 125.055
34.9224 45.0326 125.073
32.2584 42.3376 125.424
30.1154 43.7446 122.609
33.2384 43.8426 120.427
33.8744 40.1516 121.179
30.3154 39.3326 120.068
30.8614 41.4676 116.965
33.9774 39.5446 115.965
31.9944 36.2816 116.034
29.8884 37.6146 113.166
32.7134 39.4896 111.361

34.4003 36.0826 111.785
35.2092 32.5827 112.852
36.1549 29.0273 113.572
38.9419 30.5564 115.728
38.7113 34.2025 116.529
40.4 36.5478 119.127
41.4611 39.521 121.205
42.3355 38.5068 124.861
41.9556 35.01 126.414

41.4669 31.6625 128.146
38.9206 33.1612 130.536
36.977 34.6987 127.655
36.8974 31.3777 125.809
35.6161 29.579 128.902
32.857 32.1497 129.372
31.7743 31.794 125.747
31.6309 28.0093 126.06
29.5091 28.2528 129.203
27.0839 30.631 127.499

26.3071 28.0115 124.855
25.9491 24.7591 122.737
24.0677 23.8824 119.631
21.0987 21.4857 120.029
20.5395 21.7731 123.677
18.2457 23.6213 126.099

16.6459 25.4775 129.004
20.0421 26.1488 130.572
21.3972 27.5037 127.29
18.4121 29.8238 126.904
18.8628 31.1501 130.436
22.5497 31.8307 129.814
21.7608 33.7124 126.608
19.174 35.854 128.387
21.6407 36.7109 131.148
24.2814 37.7207 128.609

22.0069 39.758 126.458
21.7845 43.5082 125.611
21.3148 46.4715 123.206
24.5352 45.9312 121.393
25.0497 44.3745 117.854
21.7217 43.0495 119.354
18.0514 43.8772 118.654
16.5467 40.4054 118.372
13.7438 37.725 118.655
14.553 37.5025 115.045

17.2222 38.5093 112.534
19.9898 37.3393 114.861
18.2836 33.9801 115.359
17.9165 33.5013 111.607
21.593 34.286 111.049
22.631 31.7844 113.715

23.006 30.2554 117.197
22.826 33.6494 119.025

End chain 1
