28.422 55.412 128.746
26.585 52.466 130.299

28.171 52.666 133.746
27.666 56.436 133.804
23.987 55.468 133.716
24.443 52.827 136.422
26.108 55.456 138.622
23.096 57.675 137.95
20.515 55.099 138.99
22.579 54.604 142.156
22.386 58.351 142.807
18.65 58.418 142.058
17.944 55.62 144.549
19.865 57.433 147.285
17.944 60.663 146.691
14.628 58.802 146.456

15.5211 57.1182 149.738
17.2279 53.7923 149.087
16.3892 52.3116 152.536
12.8224 53.3458 151.628
10.5816 54.8236 148.883
12.6993 52.8195 146.301
13.4163 49.1658 147.315
9.72386 50.1298 147.678
7.87711 51.7403 144.877

5.38258 53.0524 142.328
4.38206 55.9048 144.631
8.01749 56.8701 145.174
8.66922 56.9014 141.43
5.64377 59.12 140.824
6.78363 61.5697 143.497
10.2622 61.7578 141.978
8.82395 62.4415 138.527
6.62694 65.2276 139.889
9.59057 66.8425 141.636

13.0099 65.3399 141.574
13.8802 63.2972 138.488
13.5738 61.6273 135.187
15.6098 60.8158 132.143
16.1771 57.4409 133.666
16.8818 54.2408 135.436

18.9967 51.2992 134.288
17.6628 49.1184 137.1
14.0746 50.0061 136.217
14.6598 49.147 132.562
16.1581 45.7807 133.492
13.1896 44.9669 135.721
10.7434 45.84 132.947

11.9044 48.324 128.308
11.8564 44.57 127.504
8.20942 43.77 128.274
7.17742 42.624 124.817
3.83542 41.142 125.896
2.96042 44.048 128.191
2.10042 42.022 131.318
4.43742 43.844 133.73
6.80742 40.91 134.367
9.88442 39.516 132.631
9.76542 36.003 131.22
12.8054 34.199 129.93

12.5444 35.399 126.29
12.1974 39.03 127.411
15.0684 38.414 129.835
17.2894 37.509 126.889
16.4374 40.942 125.511
17.5064 42.373 128.847
20.6744 40.245 128.992
21.3484 41.316 125.404

20.7634 44.672 127.174
18.3764 45.668 124.408
15.0794 47.443 124.097
12.0244 45.492 123.002

11.4504 47.346 119.668
14.9934 46.634 118.624
14.5334 42.999 119.623
11.2124 42.783 117.778
12.7674 44.293 114.635
15.4734 41.608 114.653
12.8094 38.913 115.004
10.6664 40.32 112.189
13.7894 40.418 110.007
14.4254 36.727 110.759
10.8664 35.908 109.648
11.4124 38.043 106.545
14.5284 36.12 105.545
12.5454 32.857 105.614
10.4394 34.19 102.746
13.2644 36.065 100.941

14.9513 32.6581 101.366
15.7601 29.1581 102.433
16.7059 25.6027 103.152
19.4929 27.1318 105.309
19.2622 30.7779 106.109
20.9509 33.1232 108.707
22.0121 36.0964 110.785
22.8865 35.0823 114.442
22.5066 31.5854 115.994

22.0179 28.2379 117.726
19.4716 29.7366 120.116
17.528 31.2742 117.235
17.4483 27.9531 115.389
16.1671 26.1544 118.482
13.4079 28.7251 118.952
12.3253 28.3695 115.327
12.1818 24.5847 115.64
10.0601 24.8282 118.783
7.63484 27.2064 117.079

6.85805 24.5869 114.435
6.5001 21.3345 112.317
4.61872 20.4579 109.211
1.64966 18.0612 109.609
1.09047 18.3485 113.257
-1.20331 20.1968 115.679

-2.80314 22.0529 118.584
0.593101 22.7242 120.152
1.94818 24.0792 116.87
-1.03692 26.3992 116.484
-0.586198 27.7256 120.016
3.10065 28.4061 119.394
2.31179 30.2879 116.188
-0.274986 32.4295 117.967
2.19167 33.2863 120.729
4.8324 34.2962 118.189

2.55793 36.3334 116.038
2.33547 40.0837 115.192
1.8658 43.0469 112.787
5.08614 42.5067 110.973
5.60071 40.9499 107.434
2.27268 39.6249 108.934
-1.39763 40.4526 108.235
-2.90229 36.9808 107.952
-5.70523 34.3004 108.235
-4.89597 34.0779 104.625

-2.22683 35.0847 102.115
0.540805 33.9147 104.441
-1.1654 30.5555 104.939
-1.53249 30.0767 101.187
2.14395 30.8614 100.629
3.18194 28.3598 103.295

3.55694 26.8308 106.777
3.37694 30.2248 108.605

End chain 1
