9.675 45.053 37.07
10.06 47.656 34.334
11.345 51.215 34.643
9.093 54.194 33.894

10.941 54.669 30.614
10.587 51.147 29.357
6.872 51.146 30.143
6.375 54.381 28.128
8.313 52.981 25.228
6.406 49.72 25.337
3.144 51.624 25.507
4.068 53.646 22.383
4.862 50.444 20.445
1.723 48.722 21.697
-0.413 51.697 20.656
1.114 51.623 17.211
-0.251 48.063 16.774
-3.552 48.834 18.489

-3.76335 51.9019 16.4198
-5.9008 55.09 16.6547
-8.33808 57.9896 17.0807
-8.56896 55.9014 20.1792
-5.24353 56.7633 21.9213
-8.36455 56.7744 24.105

-11.4622 55.756 26.0936
-14.4322 57.8582 27.4841
-12.7724 60.1379 30.1554

-11.3604 60.5109 26.6124
-10.7984 64.2469 27.1594
-9.18741 63.2489 30.4974
-6.25941 61.4749 28.8284
-5.82241 64.2609 26.2804
-5.82141 66.9679 28.9674

-0.967413 64.6119 28.3154

-1.14041 68.3429 27.5704
-0.126413 68.8769 31.1894
2.82859 66.5279 30.8664

1.31159 63.3719 32.3614
1.81459 60.2619 30.2034
-0.069413 57.3009 31.6754
-0.409413 54.0109 29.8224
-3.90541 52.8719 28.7844

-3.98741 50.5629 31.7944
-2.84241 53.1629 34.3034
-5.35341 55.6799 32.9614
-8.25441 53.2279 33.1204
-7.38641 52.0509 36.6424

-10.5594 56.3379 36.2724

-12.2844 53.3209 37.8534
-10.6274 54.0999 41.1644
-11.5024 57.8029 41.3774
-14.7084 57.7659 39.3414

-16.5324 55.4455 41.7427
-18.2184 53.0142 44.0406
-20.2278 50.4521 46.0338
-21.7078 51.0736 49.4341
-25.313 51.137 48.4145
-26.4433 54.5521 49.5738

-29.3143 56.5617 51.2659
-31.0413 57.3369 54.6224
-31.7415 58.5157 58.2671

-30.9305 57.2987 61.7901
-30.7055 53.7207 60.4741
-28.3775 55.0347 57.7841
-26.2155 56.8077 60.3511

-25.9845 53.5917 62.3811
-20.9715 54.1917 61.9361
-20.6565 50.4297 61.7831
-19.0065 50.4377 58.3441
-15.6695 51.0087 62.7501

-15.1895 47.8187 60.6971
-13.0735 49.5887 58.1231
-10.8475 50.9947 60.8291
-10.4565 47.6577 62.6011
-9.46448 45.9037 59.3681
-6.90948 48.6097 58.6751
-5.56048 48.4127 62.2031
-5.14848 44.6557 61.7161
-3.43248 45.0177 58.3631
-0.993481 47.5017 59.8671
-0.446481 45.1357 62.7881
0.233519 42.3167 60.3381
2.83752 44.2907 58.3421
4.64852 44.8137 61.6481
5.00352 41.1497 62.6631
5.66052 40.0117 59.0921

9.07152 41.7397 58.8891
10.0885 40.4867 55.4241
6.57052 41.0537 54.1141
6.36552 37.6397 52.4941
2.86252 37.2167 53.8501
3.65652 34.7417 56.6261
4.55252 35.3397 60.2281
7.27152 32.8907 61.2141
8.23452 31.9167 64.7591

11.4085 33.9867 64.4401
9.32252 37.0497 63.5191
6.84852 36.5897 66.3391
9.83552 36.4447 68.6821
11.6275 39.4017 67.0951
8.45152 41.3047 68.0281
11.2705 40.9677 72.3611
11.3115 44.4657 70.8371
7.91252 44.9947 72.4761
9.12452 44.2347 75.9981

7.22352 40.9917 76.4541
9.39452 38.1077 77.6131
8.40252 34.6037 76.6141
10.1265 31.2407 76.3281
10.6225 29.9787 72.7821

8.32852 27.0177 73.4831
5.67552 29.6347 74.2621
6.51052 31.6837 71.1461
6.14552 28.4397 69.2211
2.79752 27.7287 70.8441
2.20152 30.0187 66.2311
1.05352 26.3887 66.5901
-2.43448 27.4257 67.6751
-2.69748 30.3157 65.1871

-1.50239 27.8757 62.4059
0.559279 26.8636 59.2722
1.52082 24.2218 56.7391
5.24892 24.415 57.2419
8.7987 24.556 58.7906
11.5528 26.9098 57.6836
12.5104 27.9803 61.1741
11.2483 28.7085 64.6123
14.218 27.4998 66.6944
14.0372 24.3983 68.8498

15.3402 23.0673 65.5372
16.3586 19.7794 67.1481
12.927 19.3807 68.7316
11.2098 20.0105 65.4003

9.75278 16.8695 66.9673
7.46678 21.3945 69.5433
6.77978 18.1205 71.3293

End chain 1
