9.675 45.053 37.07
10.06 47.656 34.334
11.345 51.215 34.643
9.093 54.194 33.894

10.941 54.669 30.614
10.587 51.147 29.357
6.872 51.146 30.143
6.375 54.381 28.128
8.313 52.981 25.228
6.406 49.72 25.337
3.144 51.624 25.507
4.068 53.646 22.383
4.862 50.444 20.445
1.723 48.722 21.697
-0.413 51.697 20.656
1.114 51.623 17.211
-0.251 48.063 16.774
-3.552 48.834 18.489

-4.67781 52.0787 16.8259
-8.4459 52.4774 16.4291
-11.3184 50.5355 17.8808
-8.76073 50.0176 20.6242
-8.54141 53.5841 21.6036
-10.6983 55.9705 19.5594

-11.0378 57.8751 22.8968
-10.3095 58.1223 26.5276
-10.1428 61.8155 26.7126

-8.73083 62.1885 23.1696
-8.16883 65.9245 23.7166
-6.55783 64.9265 27.0546
-3.62983 63.1525 25.3856
-3.19283 65.9385 22.8376
-3.19183 68.6455 25.5246

1.66217 66.2895 24.8726

1.48917 70.0205 24.1276
2.50317 70.5545 27.7466
5.45817 68.2055 27.4236

3.94117 65.0495 28.9186
4.44417 61.9395 26.7606
2.56017 58.9785 28.2326
2.22017 55.6885 26.3796
-1.27583 54.5495 25.3416

-1.35783 52.2405 28.3516
-0.212834 54.8405 30.8606
-2.72383 57.3575 29.5186
-5.62483 54.9055 29.6776
-4.75683 53.7285 33.1996

-7.92983 58.0155 32.8296

-9.65483 54.9985 34.4106
-7.99783 55.7775 37.7216
-8.87283 59.4805 37.9346
-12.0788 59.4435 35.8986

-14.1438 56.9695 37.9426
-17.2658 57.4205 35.7756
-15.6218 56.2105 32.5646
-17.7558 58.5995 30.4606
-15.1408 59.9415 28.0816
-14.7658 63.4825 29.4176

-12.6248 64.9775 32.1546
-12.7448 68.3005 33.9266
-10.1548 70.8555 34.8576

-9.34383 69.6385 38.3806
-9.11883 66.0605 37.0646
-6.79083 67.3745 34.3746
-4.62883 69.1475 36.9416

-4.39783 65.9315 38.9716
0.615166 66.5315 38.5266
0.930166 62.7695 38.3736
2.58017 62.7775 34.9346
5.91717 63.3485 39.3406

6.39717 60.1585 37.2876
8.51317 61.9285 34.7136
10.7392 63.3345 37.4196
11.1302 59.9975 39.1916
12.1222 58.2435 35.9586
14.6772 60.9495 35.2656
16.0262 60.7525 38.7936
16.4382 56.9955 38.3066
18.1542 57.3575 34.9536
20.5932 59.8415 36.4576
21.1402 57.4755 39.3786
21.8202 54.6565 36.9286
24.4242 56.6305 34.9326
26.2352 57.1535 38.2386
26.5902 53.4895 39.2536
27.2472 52.3515 35.6826

30.6582 54.0795 35.4796
31.6752 52.8265 32.0146
28.1572 53.3935 30.7046
27.9522 49.9795 29.0846
24.4492 49.5565 30.4406
25.2432 47.0815 33.2166
26.1392 47.6795 36.8186
28.8582 45.2305 37.8046
29.8212 44.2565 41.3496

32.9952 46.3265 41.0306
30.9092 49.3895 40.1096
28.4352 48.9295 42.9296
31.4222 48.7845 45.2726
33.2142 51.7415 43.6856
30.0382 53.6445 44.6186
32.8572 53.3075 48.9516
32.8982 56.8055 47.4276
29.4992 57.3345 49.0666
30.7112 56.5745 52.5886

28.8102 53.3315 53.0446
30.9812 50.4475 54.2036
29.9892 46.9435 53.2046
31.7132 43.5805 52.9186
32.2092 42.3185 49.3726

29.9152 39.3575 50.0736
27.2622 41.9745 50.8526
28.0972 44.0235 47.7366
27.7322 40.7795 45.8116
24.3842 40.0685 47.4346
23.7882 42.3585 42.8216
22.6402 38.7285 43.1806
19.1522 39.7655 44.2656
18.8892 42.6555 41.7776

20.2662 40.3985 39.0426
17.1212 38.9045 37.5566
18.2372 37.4315 34.2056
21.2442 35.8855 35.9976
24.1842 37.3755 34.0906
25.7772 38.5545 37.3386
25.0192 42.2185 36.6396
22.2072 44.7505 36.8826
20.8412 46.1825 33.6106
18.6092 49.2965 33.5536

15.3112 47.4135 33.9576
16.4832 45.3335 36.8956
17.6442 48.6025 38.3646
14.2952 50.3805 38.1076

12.8382 47.2395 39.6746
10.5522 51.7645 42.2506
9.86517 48.4905 44.0366

End chain 1
