28.422 55.412 128.746
26.585 52.466 130.299

28.171 52.666 133.746
27.666 56.436 133.804
23.987 55.468 133.716
24.443 52.827 136.422
26.108 55.456 138.622
23.096 57.675 137.95
20.515 55.099 138.99
22.579 54.604 142.156
22.386 58.351 142.807
18.65 58.418 142.058
17.944 55.62 144.549
19.865 57.433 147.285
17.944 60.663 146.691
14.628 58.802 146.456

15.5211 57.1182 149.738
17.2279 53.7923 149.087
16.3892 52.3116 152.536
12.8224 53.3458 151.628
10.5816 54.8236 148.883
12.6993 52.8195 146.301
13.4163 49.1658 147.315
9.72386 50.1298 147.678
7.87711 51.7403 144.877

5.38258 53.0524 142.328
4.38206 55.9048 144.631
8.01749 56.8701 145.174
8.66922 56.9014 141.43
5.64377 59.12 140.824
6.78363 61.5697 143.497
10.2622 61.7578 141.978
8.82395 62.4415 138.527
6.62694 65.2276 139.889
9.59057 66.8425 141.636

11.6465 66.516 138.409
14.834 68.5912 138.29
17.9353 66.7859 137.166
15.0905 65.6188 134.937
13.5322 66.817 131.577
16.9147 65.1678 131.068

18.9739 61.9836 130.816
17.0511 60.3979 133.685
13.7253 61.2608 132.061
14.8324 59.7383 128.759
15.918 56.5338 130.49
12.5776 56.2551 132.281
10.681 56.7183 129.021

11.842 59.2023 124.382
11.794 55.4483 123.578
8.14703 54.6483 124.348
7.11503 53.5023 120.891
3.77303 52.0203 121.97
2.89803 54.9263 124.265
2.03803 52.9003 127.392
4.37503 54.7223 129.804
6.74503 51.7883 130.441
9.82203 50.3943 128.705
9.70303 46.8813 127.294
12.743 45.0773 126.004

12.482 46.2773 122.364
12.135 49.9083 123.485
15.006 49.2923 125.909
17.227 48.3873 122.963
16.375 51.8203 121.585
17.444 53.2513 124.921
20.612 51.1233 125.066
21.286 52.1943 121.478

20.701 55.5503 123.248
18.314 56.5463 120.482
15.017 58.3213 120.171
11.962 56.3703 119.076

11.388 58.2243 115.742
14.931 57.5123 114.698
14.471 53.8773 115.697
11.15 53.6613 113.852
12.705 55.1713 110.709
15.411 52.4863 110.727
12.747 49.7913 111.078
10.604 51.1983 108.263
13.727 51.2963 106.081
14.363 47.6053 106.833
10.804 46.7863 105.722
11.35 48.9213 102.619
14.466 46.9983 101.619
12.483 43.7353 101.688
10.377 45.0683 98.8196
13.202 46.9433 97.0146

14.8889 43.5363 97.4391
15.6977 40.0364 98.5061
16.6435 36.481 99.2257
19.4305 38.0101 101.382
19.1998 41.6562 102.182
20.8886 44.0015 104.781
21.9497 46.9747 106.859
22.8241 45.9605 110.515
22.4442 42.4637 112.068

21.9555 39.1162 113.799
19.4092 40.6149 116.189
17.4656 42.1524 113.308
17.386 38.8314 111.462
16.1047 37.0327 114.555
13.3455 39.6034 115.026
12.2629 39.2477 111.4
12.1194 35.463 111.713
9.99766 35.7065 114.857
7.57245 38.0847 113.152

6.79566 35.4652 110.509
6.43771 32.2128 108.391
4.55633 31.3361 105.284
1.58727 28.9394 105.683
1.02808 29.2268 109.331
-1.2657 31.075 111.753

-2.86553 32.9312 114.658
0.530712 33.6025 116.225
1.88579 34.9574 112.944
-1.09931 37.2775 112.557
-0.648587 38.6038 116.09
3.03826 39.2844 115.468
2.2494 41.1661 112.262
-0.337375 43.3077 114.041
2.12928 44.1646 116.802
4.77001 45.1744 114.262

2.49554 47.2117 112.112
2.27308 50.9619 111.265
1.80341 53.9252 108.86
5.02375 53.3849 107.046
5.53832 51.8282 103.508
2.21029 50.5032 105.007
-1.46002 51.3309 104.308
-2.96468 47.8591 104.025
-5.76762 45.1787 104.309
-4.95836 44.9562 100.699

-2.28922 45.963 98.188
0.478415 44.793 100.515
-1.22779 41.4338 101.013
-1.59488 40.955 97.2605
2.08156 41.7397 96.703
3.11956 39.2381 99.3689

3.49456 37.7091 102.851
3.31456 41.1031 104.679

End chain 1
