9.675 45.053 37.07
10.06 47.656 34.334
11.345 51.215 34.643
9.093 54.194 33.894

10.941 54.669 30.614
10.587 51.147 29.357
6.872 51.146 30.143
6.375 54.381 28.128
8.313 52.981 25.228
6.406 49.72 25.337
3.144 51.624 25.507
4.068 53.646 22.383
4.862 50.444 20.445
1.723 48.722 21.697
-0.413 51.697 20.656
1.114 51.623 17.211
-0.251 48.063 16.774
-3.552 48.834 18.489

-4.67781 52.0787 16.8259
-8.4459 52.4774 16.4291
-11.3184 50.5355 17.8808
-8.76073 50.0176 20.6242
-8.54141 53.5841 21.6036
-10.6983 55.9705 19.5594

-11.0378 57.8751 22.8968
-10.3095 58.1223 26.5276
-10.1428 61.8155 26.7126

-8.73083 62.1885 23.1696
-8.16883 65.9245 23.7166
-6.55783 64.9265 27.0546
-3.62983 63.1525 25.3856
-3.19283 65.9385 22.8376
-3.19183 68.6455 25.5246

1.66217 66.2895 24.8726

1.48917 70.0205 24.1276
2.50317 70.5545 27.7466
5.45817 68.2055 27.4236

3.94117 65.0495 28.9186
4.44417 61.9395 26.7606
2.56017 58.9785 28.2326
2.22017 55.6885 26.3796
-1.27583 54.5495 25.3416

-1.35783 52.2405 28.3516
-0.212834 54.8405 30.8606
-2.72383 57.3575 29.5186
-5.62483 54.9055 29.6776
-4.75683 53.7285 33.1996

-7.92983 58.0155 32.8296

-9.65483 54.9985 34.4106
-7.99783 55.7775 37.7216
-8.87283 59.4805 37.9346
-12.0788 59.4435 35.8986

-13.2113 57.5923 39.1159
-14.7134 55.7526 42.0117
-18.0357 54.0554 41.4573
-19.2799 56.8352 43.7064
-22.4472 55.1148 44.7271
-25.0058 57.7009 45.8872

-25.3804 57.4692 49.709
-25.2086 58.7462 53.1925
-28.7354 58.0067 54.6767

-27.9244 56.7897 58.1997
-27.6994 53.2117 56.8837
-25.3714 54.5257 54.1937
-23.2094 56.2987 56.7607

-22.9784 53.0827 58.7907
-17.9654 53.6827 58.3457
-17.6504 49.9207 58.1927
-16.0004 49.9287 54.7537
-12.6634 50.4997 59.1597

-12.1834 47.3097 57.1067
-10.0674 49.0797 54.5327
-7.84135 50.4857 57.2387
-7.45035 47.1487 59.0107
-6.45835 45.3947 55.7777
-3.90335 48.1007 55.0847
-2.55435 47.9037 58.6127
-2.14235 44.1467 58.1257
-0.426354 44.5087 54.7727
2.01265 46.9927 56.2767
2.55965 44.6267 59.1977
3.23965 41.8077 56.7477
5.84365 43.7817 54.7517
7.65465 44.3047 58.0577
8.00965 40.6407 59.0727
8.66665 39.5027 55.5017

12.0776 41.2307 55.2987
13.0946 39.9777 51.8337
9.57665 40.5447 50.5237
9.37165 37.1307 48.9037
5.86865 36.7077 50.2597
6.66265 34.2327 53.0357
7.55865 34.8307 56.6377
10.2776 32.3817 57.6237
11.2406 31.4077 61.1687

14.4146 33.4777 60.8497
12.3286 36.5407 59.9287
9.85465 36.0807 62.7487
12.8416 35.9357 65.0917
14.6336 38.8927 63.5047
11.4576 40.7957 64.4377
14.2766 40.4587 68.7707
14.3176 43.9567 67.2467
10.9186 44.4857 68.8857
12.1306 43.7257 72.4077

10.2296 40.4827 72.8637
12.4006 37.5987 74.0227
11.4086 34.0947 73.0237
13.1326 30.7317 72.7377
13.6286 29.4697 69.1917

11.3346 26.5087 69.8927
8.68165 29.1257 70.6717
9.51665 31.1747 67.5557
9.15165 27.9307 65.6307
5.80365 27.2197 67.2537
5.20765 29.5097 62.6407
4.05965 25.8797 62.9997
0.571646 26.9167 64.0847
0.308646 29.8067 61.5967

1.50373 27.3667 58.8155
3.56541 26.3546 55.6818
4.52695 23.7128 53.1487
8.25505 23.9061 53.6516
11.8048 24.047 55.2002
14.559 26.4008 54.0932
15.5165 27.4713 57.5837
14.2544 28.1996 61.022
17.2242 26.9908 63.104
17.0433 23.8893 65.2594

18.3463 22.5583 61.9468
19.3648 19.2704 63.5578
15.9331 18.8717 65.1412
14.2159 19.5016 61.81

12.7589 16.3606 63.377
10.4729 20.8856 65.953
9.78591 17.6116 67.739

End chain 1
