9.675 45.053 37.07
10.06 47.656 34.334
11.345 51.215 34.643
9.093 54.194 33.894

10.941 54.669 30.614
10.587 51.147 29.357
6.872 51.146 30.143
6.375 54.381 28.128
8.313 52.981 25.228
6.406 49.72 25.337
3.144 51.624 25.507
4.068 53.646 22.383
4.862 50.444 20.445
1.723 48.722 21.697
-0.413 51.697 20.656
1.114 51.623 17.211
-0.251 48.063 16.774
-3.552 48.834 18.489

-3.76335 51.9019 16.4198
-5.9008 55.09 16.6547
-8.33808 57.9896 17.0807
-8.56896 55.9014 20.1792
-5.24353 56.7633 21.9213
-8.36455 56.7744 24.105

-11.4622 55.756 26.0936
-14.4322 57.8582 27.4841
-12.7724 60.1379 30.1554

-11.3604 60.5109 26.6124
-10.7984 64.2469 27.1594
-9.18741 63.2489 30.4974
-6.25941 61.4749 28.8284
-5.82241 64.2609 26.2804
-5.82141 66.9679 28.9674

-0.967413 64.6119 28.3154

-1.14041 68.3429 27.5704
-0.126413 68.8769 31.1894
2.82859 66.5279 30.8664

1.31159 63.3719 32.3614
1.81459 60.2619 30.2034
-0.069413 57.3009 31.6754
-0.409413 54.0109 29.8224
-3.90541 52.8719 28.7844

-3.98741 50.5629 31.7944
-2.84241 53.1629 34.3034
-5.35341 55.6799 32.9614
-8.25441 53.2279 33.1204
-7.38641 52.0509 36.6424

-10.5594 56.3379 36.2724

-12.2844 53.3209 37.8534
-10.6274 54.0999 41.1644
-11.5024 57.8029 41.3774
-14.7084 57.7659 39.3414

-15.6622 54.8597 41.6232
-16.3691 54.3702 45.3345
-17.0963 53.7173 49.0636
-20.2082 55.8021 49.3967
-22.6026 53.2867 47.7705
-24.1694 51.6603 50.9303

-26.7737 50.0095 53.0055
-30.2169 49.0794 54.5646
-32.6064 49.2829 57.4778

-31.7954 48.0659 61.0008
-31.5704 44.4879 59.6848
-29.2424 45.8019 56.9948
-27.0804 47.5749 59.5618

-26.8494 44.3589 61.5918
-21.8364 44.9589 61.1468
-21.5214 41.1969 60.9938
-19.8714 41.2049 57.5548
-16.5344 41.7759 61.9608

-16.0544 38.5859 59.9078
-13.9384 40.3559 57.3338
-11.7124 41.7619 60.0398
-11.3214 38.4249 61.8118
-10.3294 36.6709 58.5788
-7.77437 39.3769 57.8858
-6.42537 39.1799 61.4138
-6.01337 35.4229 60.9268
-4.29737 35.7849 57.5738
-1.85837 38.2689 59.0778
-1.31137 35.9029 61.9988
-0.631373 33.0839 59.5488
1.97263 35.0579 57.5528
3.78363 35.5809 60.8588
4.13863 31.9169 61.8738
4.79563 30.7789 58.3028

8.20663 32.5069 58.0998
9.22363 31.2539 54.6348
5.70563 31.8209 53.3248
5.50063 28.4069 51.7048
1.99763 27.9839 53.0608
2.79163 25.5089 55.8368
3.68763 26.1069 59.4388
6.40663 23.6579 60.4248
7.36963 22.6839 63.9698

10.5436 24.7539 63.6508
8.45763 27.8169 62.7298
5.98363 27.3569 65.5498
8.97063 27.2119 67.8928
10.7626 30.1689 66.3058
7.58663 32.0719 67.2388
10.4056 31.7349 71.5718
10.4466 35.2329 70.0478
7.04763 35.7619 71.6868
8.25963 35.0019 75.2088

6.35863 31.7589 75.6648
8.52963 28.8749 76.8238
7.53763 25.3709 75.8248
9.26163 22.0079 75.5388
9.75763 20.7459 71.9928

7.46363 17.7849 72.6938
4.81063 20.4019 73.4728
5.64563 22.4509 70.3568
5.28063 19.2069 68.4318
1.93263 18.4959 70.0548
1.33663 20.7859 65.4418
0.188627 17.1559 65.8008
-3.29937 18.1929 66.8858
-3.56237 21.0829 64.3978

-2.36729 18.6429 61.6166
-0.305613 17.6309 58.4829
0.655933 14.989 55.9498
4.38403 15.1823 56.4526
7.9338 15.3232 58.0013
10.6879 17.6771 56.8942
11.6455 18.7475 60.3848
10.3834 19.4758 63.823
13.3531 18.267 65.9051
13.1723 15.1655 68.0605

14.4753 13.8345 64.7478
15.4938 10.5466 66.3588
12.0621 10.1479 67.9423
10.3449 10.7778 64.611

8.88789 7.63677 66.178
6.60189 12.1618 68.754
5.91489 8.88777 70.54

End chain 1
