9.675 45.053 37.07
10.06 47.656 34.334
11.345 51.215 34.643
9.093 54.194 33.894

10.941 54.669 30.614
10.587 51.147 29.357
6.872 51.146 30.143
6.375 54.381 28.128
8.313 52.981 25.228
6.406 49.72 25.337
3.144 51.624 25.507
4.068 53.646 22.383
4.862 50.444 20.445
1.723 48.722 21.697
-0.413 51.697 20.656
1.114 51.623 17.211
-0.251 48.063 16.774
-3.552 48.834 18.489

-4.67781 52.0787 16.8259
-8.4459 52.4774 16.4291
-11.3184 50.5355 17.8808
-8.76073 50.0176 20.6242
-8.54141 53.5841 21.6036
-10.6983 55.9705 19.5594

-11.0378 57.8751 22.8968
-10.3095 58.1223 26.5276
-10.1428 61.8155 26.7126

-8.73083 62.1885 23.1696
-8.16883 65.9245 23.7166
-6.55783 64.9265 27.0546
-3.62983 63.1525 25.3856
-3.19283 65.9385 22.8376
-3.19183 68.6455 25.5246

1.66217 66.2895 24.8726

1.48917 70.0205 24.1276
2.50317 70.5545 27.7466
5.45817 68.2055 27.4236

3.94117 65.0495 28.9186
4.44417 61.9395 26.7606
2.56017 58.9785 28.2326
2.22017 55.6885 26.3796
-1.27583 54.5495 25.3416

-1.35783 52.2405 28.3516
-0.212834 54.8405 30.8606
-2.72383 57.3575 29.5186
-5.62483 54.9055 29.6776
-4.75683 53.7285 33.1996

-7.92983 58.0155 32.8296

-9.65483 54.9985 34.4106
-7.99783 55.7775 37.7216
-8.87283 59.4805 37.9346
-12.0788 59.4435 35.8986

-12.8266 56.4172 37.9308
-12.4471 53.1714 39.9128
-13.2931 50.7199 37.1841
-11.893 50.0096 33.7658
-15.1119 51.8891 33.3763
-18.1889 53.8204 34.2924

-20.7447 50.9889 34.8909
-23.674 48.4887 34.8444
-23.205 45.751 37.4723

-22.394 44.534 40.9953
-22.169 40.956 39.6793
-19.841 42.27 36.9893
-17.679 44.043 39.5563

-17.448 40.827 41.5863
-12.435 41.427 41.1413
-12.12 37.665 40.9883
-10.47 37.673 37.5493
-7.133 38.244 41.9553

-6.653 35.054 39.9023
-4.537 36.824 37.3283
-2.311 38.23 40.0343
-1.92 34.893 41.8063
-0.927997 33.139 38.5733
1.627 35.845 37.8803
2.976 35.648 41.4083
3.388 31.891 40.9213
5.104 32.253 37.5683
7.543 34.737 39.0723
8.09 32.371 41.9933
8.77 29.552 39.5433
11.374 31.526 37.5473
13.185 32.049 40.8533
13.54 28.385 41.8683
14.197 27.247 38.2973

17.608 28.975 38.0943
18.625 27.722 34.6293
15.107 28.289 33.3193
14.902 24.875 31.6993
11.399 24.452 33.0553
12.193 21.977 35.8313
13.089 22.575 39.4333
15.808 20.126 40.4193
16.771 19.152 43.9643

19.945 21.222 43.6453
17.859 24.285 42.7243
15.385 23.825 45.5443
18.372 23.68 47.8873
20.164 26.637 46.3003
16.988 28.54 47.2333
19.807 28.203 51.5663
19.848 31.701 50.0423
16.449 32.23 51.6813
17.661 31.47 55.2033

15.76 28.227 55.6593
17.931 25.343 56.8183
16.939 21.839 55.8193
18.663 18.476 55.5333
19.159 17.214 51.9873

16.865 14.253 52.6883
14.212 16.87 53.4673
15.047 18.919 50.3513
14.682 15.675 48.4263
11.334 14.964 50.0493
10.738 17.254 45.4363
9.59 13.624 45.7953
6.102 14.661 46.8803
5.839 17.551 44.3923

7.43488 15.5003 41.6838
8.81888 15.5889 38.164
9.49891 15.6247 34.4665
8.77683 19.3781 35.03
6.7961 22.303 36.6349
4.08722 21.7041 34.0944
3.6426 18.011 34.4333
2.97717 18.2344 38.1376
1.31936 20.7412 40.5011
-1.44873 18.3227 41.5639

-2.62656 14.9998 42.983
-4.85566 16.7583 45.5091
-6.40653 18.9104 42.7876
-7.12405 15.8545 40.6453

-8.58105 12.7135 42.2123
-10.8671 17.2385 44.7883
-11.5541 13.9645 46.5743

End chain 1
