9.675 45.053 37.07
10.06 47.656 34.334
11.345 51.215 34.643
9.093 54.194 33.894

10.941 54.669 30.614
10.587 51.147 29.357
6.872 51.146 30.143
6.375 54.381 28.128
8.313 52.981 25.228
6.406 49.72 25.337
3.144 51.624 25.507
4.068 53.646 22.383
4.862 50.444 20.445
1.723 48.722 21.697
-0.413 51.697 20.656
1.114 51.623 17.211
-0.251 48.063 16.774
-3.552 48.834 18.489

-4.67781 52.0787 16.8259
-8.4459 52.4774 16.4291
-11.3184 50.5355 17.8808
-8.76073 50.0176 20.6242
-8.54141 53.5841 21.6036
-10.6983 55.9705 19.5594

-11.0378 57.8751 22.8968
-10.3095 58.1223 26.5276
-10.1428 61.8155 26.7126

-8.73083 62.1885 23.1696
-8.16883 65.9245 23.7166
-6.55783 64.9265 27.0546
-3.62983 63.1525 25.3856
-3.19283 65.9385 22.8376
-3.19183 68.6455 25.5246

1.66217 66.2895 24.8726

1.48917 70.0205 24.1276
2.50317 70.5545 27.7466
5.45817 68.2055 27.4236

3.94117 65.0495 28.9186
4.44417 61.9395 26.7606
2.56017 58.9785 28.2326
2.22017 55.6885 26.3796
-1.27583 54.5495 25.3416

-1.35783 52.2405 28.3516
-0.212834 54.8405 30.8606
-2.72383 57.3575 29.5186
-5.62483 54.9055 29.6776
-4.75683 53.7285 33.1996

-7.92983 58.0155 32.8296

-9.65483 54.9985 34.4106
-7.99783 55.7775 37.7216
-8.87283 59.4805 37.9346
-12.0788 59.4435 35.8986

-13.3783 57.2099 38.8177
-16.7095 55.8066 37.872
-20.0905 54.5693 36.5013
-21.5476 57.8298 37.7474
-25.0278 58.7649 38.9114
-23.9102 60.1728 42.2549

-25.9122 62.9625 43.672
-27.5409 61.3292 46.7395
-25.0957 59.5052 48.9712

-24.2847 58.2882 52.4942
-24.0597 54.7102 51.1782
-21.7317 56.0242 48.4882
-19.5697 57.7972 51.0552

-19.3387 54.5812 53.0852
-14.3257 55.1812 52.6402
-14.0107 51.4192 52.4872
-12.3607 51.4272 49.0482
-9.02368 51.9982 53.4542

-8.54368 48.8082 51.4012
-6.42768 50.5782 48.8272
-4.20168 51.9842 51.5332
-3.81068 48.6472 53.3052
-2.81868 46.8932 50.0722
-0.263679 49.5992 49.3792
1.08532 49.4022 52.9072
1.49732 45.6452 52.4202
3.21332 46.0072 49.0672
5.65232 48.4912 50.5712
6.19932 46.1252 53.4922
6.87932 43.3062 51.0422
9.48332 45.2802 49.0462
11.2943 45.8032 52.3522
11.6493 42.1392 53.3672
12.3063 41.0012 49.7962

15.7173 42.7292 49.5932
16.7343 41.4762 46.1282
13.2163 42.0432 44.8182
13.0113 38.6292 43.1982
9.50832 38.2062 44.5542
10.3023 35.7312 47.3302
11.1983 36.3292 50.9322
13.9173 33.8802 51.9182
14.8803 32.9062 55.4632

18.0543 34.9762 55.1442
15.9683 38.0392 54.2232
13.4943 37.5792 57.0432
16.4813 37.4342 59.3862
18.2733 40.3912 57.7992
15.0973 42.2942 58.7322
17.9163 41.9572 63.0652
17.9573 45.4552 61.5412
14.5583 45.9842 63.1802
15.7703 45.2242 66.7022

13.8693 41.9812 67.1582
16.0403 39.0972 68.3172
15.0483 35.5932 67.3182
16.7723 32.2302 67.0322
17.2683 30.9682 63.4862

14.9743 28.0072 64.1872
12.3213 30.6242 64.9662
13.1563 32.6732 61.8502
12.7913 29.4292 59.9252
9.44332 28.7182 61.5482
8.84732 31.0082 56.9352
7.69932 27.3782 57.2942
4.21132 28.4152 58.3792
3.94832 31.3052 55.8912

5.54419 29.2544 53.1827
6.92819 29.343 49.6629
7.60822 29.3788 45.9654
6.88614 33.1322 46.529
4.90542 36.0571 48.1339
2.19654 35.4582 45.5933
1.75191 31.7651 45.9322
1.08648 31.9885 49.6365
-0.57132 34.4953 52.0001
-3.33941 32.0768 53.0628

-4.51724 28.7539 54.4819
-6.74635 30.5125 57.008
-8.29721 32.6645 54.2865
-9.01474 29.6086 52.1442

-10.4717 26.4676 53.7112
-12.7577 30.9926 56.2872
-13.4447 27.7186 58.0732

End chain 1
