28.422 55.412 128.746
26.585 52.466 130.299

28.171 52.666 133.746
27.666 56.436 133.804
23.987 55.468 133.716
24.443 52.827 136.422
26.108 55.456 138.622
23.096 57.675 137.95
20.515 55.099 138.99
22.579 54.604 142.156
22.386 58.351 142.807
18.65 58.418 142.058
17.944 55.62 144.549
19.865 57.433 147.285
17.944 60.663 146.691
14.628 58.802 146.456

14.568 58.126 150.193
11.242 56.298 150.293
11.816 54.283 147.128
8.593 55.291 145.378
10.47 56.019 142.135
10.009 59.825 142.404
12.073 62.656 143.9
10.114 65.344 145.775
11.215 68.834 146.805

11.654 67.495 150.326
13.909 64.645 149.206
15.82 67.046 146.977
16.201 69.561 149.811
17.576 66.911 152.158
20.327 66.169 149.641
21.067 69.825 148.898
21.233 70.612 152.617
23.582 67.665 153.226
26.038 69.29 150.765

26.271 72.672 152.496
23.522 74.428 150.53
20.485 76.32 151.832
18.085 76.481 148.868
14.662 77.966 149.435
11.542 75.947 148.727

10.976 78.134 145.628
14.485 77.249 144.445
13.862 73.514 144.976
10.592 73.698 143.031
12.552 75.523 140.304
15.154 72.766 140.072
12.341 70.263 139.631

13.502 72.747 134.992
13.454 68.993 134.188
9.807 68.193 134.958
8.775 67.047 131.501
5.433 65.565 132.58
4.558 68.471 134.875
3.698 66.445 138.002
6.035 68.267 140.414
8.405 65.333 141.051
11.482 63.939 139.315
11.363 60.426 137.904
14.403 58.622 136.614

14.142 59.822 132.974
13.795 63.453 134.095
16.666 62.837 136.519
18.887 61.932 133.573
18.035 65.365 132.195
19.104 66.796 135.531
22.272 64.668 135.676
22.946 65.739 132.088

22.361 69.095 133.858
19.974 70.091 131.092
16.677 71.866 130.781
13.622 69.915 129.686

13.048 71.769 126.352
16.591 71.057 125.308
16.131 67.422 126.307
12.81 67.206 124.462
14.365 68.716 121.319
17.071 66.031 121.337
14.407 63.336 121.688
12.264 64.743 118.873
15.387 64.841 116.691
16.023 61.15 117.443
12.464 60.331 116.332
13.01 62.466 113.229
16.126 60.543 112.229
14.143 57.28 112.298
12.037 58.613 109.43
14.862 60.488 107.625

16.5489 57.081 108.049
17.3577 53.581 109.116
18.3034 50.0256 109.836
21.0905 51.5548 111.992
20.8598 55.2009 112.793
22.5485 57.5462 115.391
23.6097 60.5194 117.469
24.4841 59.5052 121.125
24.1042 56.0083 122.678

23.6155 52.6609 124.41
21.0692 54.1595 126.8
19.1256 55.6971 123.919
19.0459 52.3761 122.073
17.7646 50.5774 125.166
15.0055 53.1481 125.636
13.9229 52.7924 122.011
13.7794 49.0077 122.324
11.6576 49.2512 125.467
9.23242 51.6294 123.763

5.90742 49.8424 123.235
3.80842 52.6904 121.811
3.05042 52.3574 118.111
1.16842 55.3864 116.832
0.0434227 55.8494 113.252
2.00442 57.8854 110.733

-0.281577 60.9154 111.024
-0.380577 60.8444 114.824
3.40642 61.1504 114.661
3.33542 63.8904 112.02
0.918423 65.8994 114.176
2.97842 65.4464 117.358
5.99542 66.9194 115.529
3.80242 69.6914 114.034
2.27242 70.6194 117.409
5.60642 70.9944 119.219

6.67759 73.1196 116.319
8.09706 76.4638 117.086
11.8784 75.8017 117.133
12.3907 75.246 113.383
9.54144 77.0495 111.587
11.2361 79.8237 113.737
13.967 82.1468 114.971
13.8303 81.7392 118.717
16.8103 83.5572 120.296
20.3358 84.0094 121.507

23.4228 83.8702 119.295
25.2228 81.6302 121.782
22.2556 79.261 121.943
22.1074 79.0343 118.152
25.8204 78.2482 117.957
25.4738 75.4994 120.558

25.8488 73.9704 124.04
25.6688 77.3644 125.868

End chain 1
