9.675 45.053 37.07
10.06 47.656 34.334
11.345 51.215 34.643
9.093 54.194 33.894

10.941 54.669 30.614
10.587 51.147 29.357
6.872 51.146 30.143
6.375 54.381 28.128
8.313 52.981 25.228
6.406 49.72 25.337
3.144 51.624 25.507
4.068 53.646 22.383
4.862 50.444 20.445
1.723 48.722 21.697
-0.413 51.697 20.656
1.114 51.623 17.211
-0.251 48.063 16.774
-3.552 48.834 18.489

-4.67781 52.0787 16.8259
-8.4459 52.4774 16.4291
-11.3184 50.5355 17.8808
-8.76073 50.0176 20.6242
-8.54141 53.5841 21.6036
-10.6983 55.9705 19.5594

-11.0378 57.8751 22.8968
-10.3095 58.1223 26.5276
-10.1428 61.8155 26.7126

-8.73083 62.1885 23.1696
-8.16883 65.9245 23.7166
-6.55783 64.9265 27.0546
-3.62983 63.1525 25.3856
-3.19283 65.9385 22.8376
-3.19183 68.6455 25.5246

1.66217 66.2895 24.8726

1.48917 70.0205 24.1276
2.50317 70.5545 27.7466
5.45817 68.2055 27.4236

3.94117 65.0495 28.9186
4.44417 61.9395 26.7606
2.56017 58.9785 28.2326
2.22017 55.6885 26.3796
-1.27583 54.5495 25.3416

-1.35783 52.2405 28.3516
-0.212834 54.8405 30.8606
-2.72383 57.3575 29.5186
-5.62483 54.9055 29.6776
-4.75683 53.7285 33.1996

-7.92983 58.0155 32.8296

-9.65483 54.9985 34.4106
-7.99783 55.7775 37.7216
-8.87283 59.4805 37.9346
-12.0788 59.4435 35.8986

-13.3057 56.5794 38.0727
-14.4873 53.1424 37.3365
-14.6911 49.7218 35.6711
-12.1748 49.0268 38.5373
-12.6013 50.8828 41.9335
-8.95323 51.8547 42.3404

-7.21457 55.056 41.62
-5.73909 57.9846 43.7118
-3.46425 60.7496 42.772

-2.65325 59.5326 46.295
-2.42825 55.9546 44.979
-0.100253 57.2686 42.289
2.06175 59.0416 44.856

2.29275 55.8256 46.886
7.30575 56.4256 46.441
7.62075 52.6636 46.288
9.27075 52.6716 42.849
12.6077 53.2426 47.255

13.0877 50.0526 45.202
15.2037 51.8226 42.628
17.4297 53.2286 45.334
17.8207 49.8916 47.106
18.8127 48.1376 43.873
21.3677 50.8436 43.18
22.7167 50.6466 46.708
23.1287 46.8896 46.221
24.8447 47.2516 42.868
27.2837 49.7356 44.372
27.8307 47.3696 47.293
28.5107 44.5506 44.843
31.1147 46.5246 42.847
32.9257 47.0476 46.153
33.2807 43.3836 47.168
33.9377 42.2456 43.597

37.3487 43.9736 43.394
38.3657 42.7206 39.929
34.8477 43.2876 38.619
34.6427 39.8736 36.999
31.1397 39.4506 38.355
31.9337 36.9756 41.131
32.8297 37.5736 44.733
35.5487 35.1246 45.719
36.5117 34.1506 49.264

39.6857 36.2206 48.945
37.5997 39.2836 48.024
35.1257 38.8236 50.844
38.1127 38.6786 53.187
39.9047 41.6356 51.6
36.7287 43.5386 52.533
39.5477 43.2016 56.866
39.5887 46.6996 55.342
36.1897 47.2286 56.981
37.4017 46.4686 60.503

35.5007 43.2256 60.959
37.6717 40.3416 62.118
36.6797 36.8376 61.119
38.4037 33.4746 60.833
38.8997 32.2126 57.287

36.6057 29.2516 57.988
33.9527 31.8686 58.767
34.7877 33.9176 55.651
34.4227 30.6736 53.726
31.0747 29.9626 55.349
30.4787 32.2526 50.736
29.3307 28.6226 51.095
25.8427 29.6596 52.18
25.5797 32.5496 49.692

26.574 31.076 46.2683
24.5168 29.2977 43.6526
23.0886 25.7405 42.9749
20.7543 23.2552 41.4349
19.6537 23.0062 45.0299
19.6868 24.9378 48.3461
18.8261 27.8865 45.9996
17.5551 30.8925 43.8686
20.5905 33.1977 43.7511
20.8916 35.2466 47.0244

20.4533 33.8783 50.5427
17.6255 36.3186 51.2437
15.8514 35.3362 48.0296
16.1282 31.6451 48.891

14.6712 28.5041 50.458
12.3852 33.0291 53.034
11.6982 29.7551 54.82

End chain 1
