28.422 55.412 128.746
26.585 52.466 130.299

28.171 52.666 133.746
27.666 56.436 133.804
23.987 55.468 133.716
24.443 52.827 136.422
26.108 55.456 138.622
23.096 57.675 137.95
20.515 55.099 138.99
22.579 54.604 142.156
22.386 58.351 142.807
18.65 58.418 142.058
17.944 55.62 144.549
19.865 57.433 147.285
17.944 60.663 146.691
14.628 58.802 146.456

14.7695 57.8722 150.076
12.9517 58.9244 153.179
11.5418 60.3637 156.296
11.6445 57.8 158.966
14.6412 55.7055 159.871
17.2625 57.537 161.809
19.9938 55.8011 159.636
23.1391 57.8637 159.394
22.8968 56.5063 155.854

21.5852 57.9175 152.578
20.7199 61.2251 154.237
24.1921 61.4798 155.761
25.8241 60.8191 152.393
23.71 63.5055 150.733
24.6398 66.0317 153.415
28.3377 65.2624 152.995
28.1021 65.7121 149.229
26.3625 69.0657 149.641
29.0396 70.2671 152.056

29.2726 73.6491 153.787
26.5236 75.4051 151.821
23.4866 77.2971 153.123
21.0866 77.4581 150.159
17.6636 78.9431 150.726
14.5436 76.9241 150.018

13.9776 79.1111 146.919
17.4866 78.2261 145.736
16.8636 74.4911 146.267
13.5936 74.6751 144.322
15.5536 76.5001 141.595
18.1556 73.7431 141.363
15.3426 71.2401 140.922

16.5036 73.7241 136.283
16.4556 69.9701 135.479
12.8086 69.1701 136.249
11.7766 68.0241 132.792
8.43459 66.5421 133.871
7.55959 69.4481 136.166
6.69959 67.4221 139.293
9.03659 69.2441 141.705
11.4066 66.3101 142.342
14.4836 64.9161 140.606
14.3646 61.4031 139.195
17.4046 59.5991 137.905

17.1436 60.7991 134.265
16.7966 64.4301 135.386
19.6676 63.8141 137.81
21.8886 62.9091 134.864
21.0366 66.3421 133.486
22.1056 67.7731 136.822
25.2736 65.6451 136.967
25.9476 66.7161 133.379

25.3626 70.0721 135.149
22.9756 71.0681 132.383
19.6786 72.8431 132.072
16.6236 70.8921 130.977

16.0496 72.7461 127.643
19.5926 72.0341 126.599
19.1326 68.3991 127.598
15.8116 68.1831 125.753
17.3666 69.6931 122.61
20.0726 67.0081 122.628
17.4086 64.3131 122.979
15.2656 65.7201 120.164
18.3886 65.8181 117.982
19.0246 62.1271 118.734
15.4656 61.3081 117.623
16.0116 63.4431 114.52
19.1276 61.5201 113.52
17.1446 58.2571 113.589
15.0386 59.5901 110.721
17.8636 61.4651 108.916

19.5505 58.0581 109.34
20.3593 54.5581 110.407
21.305 51.0028 111.127
24.0921 52.5319 113.283
23.8614 56.178 114.083
25.5501 58.5233 116.682
26.6113 61.4965 118.76
27.4857 60.4823 122.416
27.1057 56.9855 123.969

26.6171 53.638 125.7
24.0708 55.1367 128.09
22.1272 56.6742 125.209
22.0475 53.3532 123.363
20.7662 51.5545 126.456
18.0071 54.1252 126.927
16.9245 53.7695 123.301
16.781 49.9848 123.614
14.6592 50.2283 126.758
12.234 52.6065 125.053

11.4572 49.987 122.41
11.0993 46.7346 120.292
9.21789 45.8579 117.185
6.24883 43.4612 117.584
5.68964 43.7486 121.232
3.39586 45.5968 123.654

1.79603 47.453 126.559
5.19227 48.1243 128.126
6.54735 49.4792 124.845
3.56225 51.7993 124.458
4.01297 53.1256 127.991
7.69981 53.8062 127.369
6.91096 55.6879 124.163
4.32418 57.8295 125.942
6.79084 58.6864 128.703
9.43157 59.6962 126.163

10.1271 62.0357 123.274
13.5737 60.8347 122.264
13.3624 57.899 119.951
11.8465 58.9746 116.539
9.46264 58.3235 113.751
7.57165 58.154 110.488
10.1046 55.3871 110.513
12.6533 52.6277 110.528
14.1789 49.5078 112.118
13.5415 47.8676 108.692

15.8862 44.9048 108.284
14.2131 43.0611 111.155
10.7716 43.6452 109.653
11.9161 42.3301 106.276
13.3554 39.1974 107.875
10.1139 38.5481 109.75

10.4889 37.0191 113.232
10.3089 40.4131 115.06

End chain 1
