28.422 55.412 128.746
26.585 52.466 130.299

28.171 52.666 133.746
27.666 56.436 133.804
23.987 55.468 133.716
24.443 52.827 136.422
26.108 55.456 138.622
23.096 57.675 137.95
20.515 55.099 138.99
22.579 54.604 142.156
22.386 58.351 142.807
18.65 58.418 142.058
17.944 55.62 144.549
19.865 57.433 147.285
17.944 60.663 146.691
14.628 58.802 146.456

14.568 58.126 150.193
11.242 56.298 150.293
11.816 54.283 147.128
8.593 55.291 145.378
10.47 56.019 142.135
10.009 59.825 142.404
12.073 62.656 143.9
10.114 65.344 145.775
11.215 68.834 146.805

11.654 67.495 150.326
13.909 64.645 149.206
15.82 67.046 146.977
16.201 69.561 149.811
17.576 66.911 152.158
20.327 66.169 149.641
21.067 69.825 148.898
21.233 70.612 152.617
23.582 67.665 153.226
26.038 69.29 150.765

26.271 72.672 152.496
23.522 74.428 150.53
20.485 76.32 151.832
18.085 76.481 148.868
14.662 77.966 149.435
11.542 75.947 148.727

10.976 78.134 145.628
14.485 77.249 144.445
13.862 73.514 144.976
10.592 73.698 143.031
12.552 75.523 140.304
15.154 72.766 140.072
12.341 70.263 139.631

13.502 72.747 134.992
13.454 68.993 134.188
9.807 68.193 134.958
8.775 67.047 131.501
5.433 65.565 132.58
4.558 68.471 134.875
3.698 66.445 138.002
6.035 68.267 140.414
8.405 65.333 141.051
11.482 63.939 139.315
11.363 60.426 137.904
14.403 58.622 136.614

14.142 59.822 132.974
13.795 63.453 134.095
16.666 62.837 136.519
18.887 61.932 133.573
18.035 65.365 132.195
19.104 66.796 135.531
22.272 64.668 135.676
22.946 65.739 132.088

22.361 69.095 133.858
19.974 70.091 131.092
16.677 71.866 130.781
13.622 69.915 129.686

13.048 71.769 126.352
16.591 71.057 125.308
16.131 67.422 126.307
12.81 67.206 124.462
14.365 68.716 121.319
17.071 66.031 121.337
14.407 63.336 121.688
12.264 64.743 118.873
15.387 64.841 116.691
16.023 61.15 117.443
12.464 60.331 116.332
13.01 62.466 113.229
16.126 60.543 112.229
14.143 57.28 112.298
12.037 58.613 109.43
14.862 60.488 107.625

16.381 57.263 106.301
18.725 58.858 103.767
19.685 61.517 106.314
19.322 64.59 104.105
17.21 66.539 106.618
13.805 65.998 105.003
11.204 63.259 105.389
9.979 62.46 101.884
6.646 60.735 101.241

8.494 57.531 100.338
10.543 57.634 103.541
7.374 58.21 105.563
5.547 55.331 103.85
8.55 52.997 104.156
9.305 53.57 107.849
5.649 53.547 108.875
5.073 50.226 107.1
8.079 48.661 108.824
6.768 49.938 112.19

3.39536 48.0514 111.925
1.35677 45.8948 109.68
4.28386 44.8033 107.52
7.41666 43.6342 109.438
10.3918 45.58 110.824
10.4474 43.5143 114.06

9.47991 41.2208 116.932
7.37773 43.9523 118.533
5.57123 44.6168 115.256
4.80437 40.9205 114.817
3.40775 40.6925 118.344
1.17386 43.7107 117.759
-0.161226 42.2176 114.529
-0.947858 38.9279 116.262
-2.80953 40.7268 119.044
-4.87421 42.6872 116.527

-3.85041 45.6601 114.256
-2.65105 47.6406 117.307
-1.47001 49.5506 120.263
-3.07794 52.6327 121.902
-3.95876 55.3157 124.39
-4.82779 57.9709 126.835
-3.84197 58.655 130.54
-0.533452 58.082 128.67
2.03979 55.2655 128.406
4.66896 55.9959 130.992

8.16325 57.474 131.212
9.08831 55.1144 134.044
7.85454 52.1089 132.072
9.8837 53.1486 129.032
13.0232 53.5343 131.138
12.543 50.085 132.66

12.918 48.556 136.142
12.738 51.95 137.97

End chain 1
