28.422 55.412 128.746
26.585 52.466 130.299

28.171 52.666 133.746
27.666 56.436 133.804
23.987 55.468 133.716
24.443 52.827 136.422
26.108 55.456 138.622
23.096 57.675 137.95
20.515 55.099 138.99
22.579 54.604 142.156
22.386 58.351 142.807
18.65 58.418 142.058
17.944 55.62 144.549
19.865 57.433 147.285
17.944 60.663 146.691
14.628 58.802 146.456

14.568 58.126 150.193
11.242 56.298 150.293
11.816 54.283 147.128
8.593 55.291 145.378
10.47 56.019 142.135
10.009 59.825 142.404
12.073 62.656 143.9
10.114 65.344 145.775
11.215 68.834 146.805

11.654 67.495 150.326
13.909 64.645 149.206
15.82 67.046 146.977
16.201 69.561 149.811
17.576 66.911 152.158
20.327 66.169 149.641
21.067 69.825 148.898
21.233 70.612 152.617
23.582 67.665 153.226
26.038 69.29 150.765

26.271 72.672 152.496
23.522 74.428 150.53
20.485 76.32 151.832
18.085 76.481 148.868
14.662 77.966 149.435
11.542 75.947 148.727

10.976 78.134 145.628
14.485 77.249 144.445
13.862 73.514 144.976
10.592 73.698 143.031
12.552 75.523 140.304
15.154 72.766 140.072
12.341 70.263 139.631

13.502 72.747 134.992
13.454 68.993 134.188
9.807 68.193 134.958
8.775 67.047 131.501
5.433 65.565 132.58
4.558 68.471 134.875
3.698 66.445 138.002
6.035 68.267 140.414
8.405 65.333 141.051
11.482 63.939 139.315
11.363 60.426 137.904
14.403 58.622 136.614

14.142 59.822 132.974
13.795 63.453 134.095
16.666 62.837 136.519
18.887 61.932 133.573
18.035 65.365 132.195
19.104 66.796 135.531
22.272 64.668 135.676
22.946 65.739 132.088

22.3395 69.4099 132.204
25.0555 71.7388 133.327
27.8087 74.248 134.446
30.6449 72.5017 132.579

31.2637 73.9822 129.134
33.7666 76.4691 130.546
35.638 73.7033 132.36
35.8282 71.6189 129.188
37.1902 74.5683 127.216
39.8568 75.2187 129.845
40.9324 71.5741 129.795
41.2146 71.6085 126.005
43.3428 74.7559 126.096
45.6711 73.2238 128.679
46.0893 70.0826 126.581
46.921 72.1378 123.495
49.5301 74.1324 125.407
51.1544 70.95 126.702
51.3179 69.4918 123.196
52.9355 72.6565 121.851

54.4545 69.4315 120.527
56.7985 71.0265 117.993
57.7585 73.6855 120.54
57.3955 76.7585 118.331
55.2835 78.7075 120.844
51.8785 78.1665 119.229
49.2775 75.4275 119.615
48.0525 74.6285 116.11
44.7195 72.9035 115.467

46.5675 69.6995 114.564
48.6165 69.8025 117.767
45.4475 70.3785 119.789
43.6205 67.4995 118.076
46.6235 65.1655 118.382
47.3785 65.7385 122.075
43.7225 65.7155 123.101
43.1465 62.3945 121.326
46.1525 60.8295 123.05
44.8415 62.1065 126.416

41.4688 60.2199 126.151
39.4302 58.0634 123.906
42.3573 56.9718 121.746
45.4901 55.8027 123.664
48.4653 57.7485 125.05
48.5209 55.6829 128.286

47.5534 53.3894 131.158
45.4512 56.1208 132.759
43.6447 56.7853 129.482
42.8778 53.0891 129.043
41.4812 52.861 132.57
39.2473 55.8793 131.985
37.9122 54.3861 128.755
37.1256 51.0964 130.488
35.2639 52.8954 133.27
33.1993 54.8557 130.753

34.2231 57.8287 128.482
35.4224 59.8091 131.533
36.6035 61.7191 134.489
34.9955 64.8012 136.128
34.1147 67.4842 138.616
33.2457 70.1395 141.06
34.2315 70.8235 144.766
37.54 70.2505 142.896
40.1133 67.434 142.632
42.7424 68.1645 145.218

46.2367 69.6425 145.438
47.1618 67.2829 148.27
45.928 64.2774 146.298
47.9572 65.3172 143.258
51.0967 65.7029 145.364
50.6165 62.2536 146.885

50.9915 60.7246 150.367
50.8115 64.1186 152.195

End chain 1
