28.422 55.412 128.746
26.585 52.466 130.299

28.171 52.666 133.746
27.666 56.436 133.804
23.987 55.468 133.716
24.443 52.827 136.422
26.108 55.456 138.622
23.096 57.675 137.95
20.515 55.099 138.99
22.579 54.604 142.156
22.386 58.351 142.807
18.65 58.418 142.058
17.944 55.62 144.549
19.865 57.433 147.285
17.944 60.663 146.691
14.628 58.802 146.456

14.568 58.126 150.193
11.242 56.298 150.293
11.816 54.283 147.128
8.593 55.291 145.378
10.47 56.019 142.135
10.009 59.825 142.404
12.073 62.656 143.9
10.114 65.344 145.775
11.215 68.834 146.805

11.654 67.495 150.326
13.909 64.645 149.206
15.82 67.046 146.977
16.201 69.561 149.811
17.576 66.911 152.158
20.327 66.169 149.641
21.067 69.825 148.898
21.233 70.612 152.617
23.582 67.665 153.226
26.038 69.29 150.765

26.271 72.672 152.496
23.522 74.428 150.53
20.485 76.32 151.832
18.085 76.481 148.868
14.662 77.966 149.435
11.542 75.947 148.727

10.976 78.134 145.628
14.485 77.249 144.445
13.862 73.514 144.976
10.592 73.698 143.031
12.552 75.523 140.304
15.154 72.766 140.072
12.341 70.263 139.631

13.502 72.747 134.992
13.454 68.993 134.188
9.807 68.193 134.958
8.775 67.047 131.501
5.433 65.565 132.58
4.558 68.471 134.875
3.698 66.445 138.002
6.035 68.267 140.414
8.405 65.333 141.051
11.482 63.939 139.315
11.363 60.426 137.904
14.403 58.622 136.614

14.142 59.822 132.974
13.795 63.453 134.095
16.666 62.837 136.519
18.887 61.932 133.573
18.035 65.365 132.195
19.104 66.796 135.531
22.272 64.668 135.676
22.946 65.739 132.088

23.7528 69.2492 133.133
23.4067 71.0729 136.535
21.7964 70.7095 139.903
24.9894 70.3964 141.922

28.3458 72.1739 142.055
29.5236 69.9425 144.897
28.5191 66.8146 142.987
30.3946 67.9836 139.895
33.5268 68.6684 141.935
33.3753 65.2119 143.508
33.0222 63.5704 140.098
36.0177 65.4869 138.758
38.1387 64.4452 141.734
37.1921 60.7959 141.255
38.1057 60.9429 137.569
41.4892 62.4774 138.369
42.2188 59.7699 140.934
41.3314 57.0379 138.446
43.6173 58.5559 135.817
46.5006 58.7327 138.286

46.7564 54.932 138.592
48.4042 52.7643 135.839
52.0493 53.2699 136.53
51.1186 52.6616 140.128
49.222 49.6665 141.315
50.836 47.1887 138.859
54.3297 48.1949 140.063
54.7348 47.7208 143.849
52.0752 45.1549 143.583

49.8946 42.3911 142.151
47.3208 42.8617 144.908
47.1947 46.6083 144.283
46.6753 46.0678 140.557
43.8345 43.6288 141.209
42.133 46.0871 143.555
42.3868 48.8701 140.98
40.873 46.6515 138.291
37.9719 45.7154 140.56
37.2841 49.3687 141.35

36.8494 48.4084 137.645
36.2626 45.1538 135.592
36.4527 41.4714 135.146
32.7449 41.0277 134.407
29.2912 41.9941 135.42
28.4045 43.7372 132.239

27.958 46.0228 129.236
29.2607 49.0089 131.193
32.3252 47.0606 132.313
33.0744 45.9973 128.742
32.8058 49.584 127.515
35.1796 50.7916 130.226
37.7221 48.1135 129.328
37.568 49.0633 125.652
38.1117 52.7329 126.477
41.1277 51.9007 128.634

43.0927 49.5335 126.457
44.8245 48.5009 123.312
46.6298 46.5645 120.487
49.478 48.9548 121.502
49.6493 48.193 125.165
51.6377 44.9694 125.754
49.6612 41.6649 125.227
50.666 41.4244 128.904
48.1633 38.7736 129.649
49.2293 35.2718 130.557

47.1369 33.1452 128.202
44.2033 33.1849 130.618
44.3915 36.9673 130.936
44.4178 37.3807 127.159
41.3744 35.1341 126.794
39.4792 37.1111 129.429

39.8542 35.5821 132.911
39.6742 38.9761 134.739

End chain 1
