9.675 45.053 37.07
10.06 47.656 34.334
11.345 51.215 34.643
9.093 54.194 33.894

10.941 54.669 30.614
10.587 51.147 29.357
6.872 51.146 30.143
6.375 54.381 28.128
8.313 52.981 25.228
6.406 49.72 25.337
3.144 51.624 25.507
4.068 53.646 22.383
4.862 50.444 20.445
1.723 48.722 21.697
-0.413 51.697 20.656
1.114 51.623 17.211
-0.251 48.063 16.774
-3.552 48.834 18.489

-4.83 50.903 15.547
-8.5 50.66 16.584
-7.793 51.729 20.147
-9.689 48.952 21.884
-6.734 48.302 24.221
-5.89 44.868 22.816

-3.836 43.256 20.059
-3.993 39.759 18.46
-1.443 37.06 19.349

-0.031 37.433 15.806
0.531 41.169 16.353
2.142 40.171 19.691
5.07 38.397 18.022
5.507 41.183 15.474
5.508 43.89 18.161

10.362 41.534 17.509

10.189 45.265 16.764
11.203 45.799 20.383
14.158 43.45 20.06

15.3325 45.6872 17.3203
16.9206 48.4929 15.2518
17.2094 52.1166 14.4589
16.822 52.705 10.6422
13.6412 51.1153 11.9496

11.9258 51.1953 15.3399
13.7262 54.4065 16.2831
12.7012 56.0551 13.0159
9.06831 55.0747 13.5487
9.09881 56.5017 17.0709

5.92581 60.7887 16.7009

4.20081 57.7717 18.2819
5.85781 58.5507 21.5929
4.98281 62.2537 21.8059
1.77681 62.2167 19.7699

0.699169 59.5604 22.1333
1.19171 56.107 23.3846
-1.54647 56.3746 25.9759
-3.78839 58.6166 28.1539
-2.48235 57.874 31.6677
-1.7316 57.114 35.3535

-2.22752 53.7161 33.9556
-3.36156 50.3544 32.3861
-4.99116 47.2561 31.1386

-4.18016 46.0391 34.6616
-3.95516 42.4611 33.3456
-1.62716 43.7751 30.6556
0.53484 45.5481 33.2226

0.76584 42.3321 35.2526
5.77884 42.9321 34.8076
6.09384 39.1701 34.6546
7.74384 39.1781 31.2156
11.0808 39.7491 35.6216

11.5608 36.5591 33.5686
13.6768 38.3291 30.9946
15.9028 39.7351 33.7006
16.2938 36.3981 35.4726
17.2858 34.6441 32.2396
19.8408 37.3501 31.5466
21.1898 37.1531 35.0746
21.6018 33.3961 34.5876
23.3178 33.7581 31.2346
25.7568 36.2421 32.7386
26.3038 33.8761 35.6596
26.9838 31.0571 33.2096
29.5878 33.0311 31.2136
31.3988 33.5541 34.5196
31.7538 29.8901 35.5346
32.4108 28.7521 31.9636

35.8218 30.4801 31.7606
36.8388 29.2271 28.2956
33.3208 29.7941 26.9856
33.1158 26.3801 25.3656
29.6128 25.9571 26.7216
30.4068 23.4821 29.4976
31.3028 24.0801 33.0996
34.0218 21.6311 34.0856
34.9848 20.6571 37.6306

38.1588 22.7271 37.3116
36.0728 25.7901 36.3906
33.5988 25.3301 39.2106
36.5858 25.1851 41.5536
38.3778 28.1421 39.9666
35.2018 30.0451 40.8996
38.0208 29.7081 45.2326
38.0618 33.2061 43.7086
34.6628 33.7351 45.3476
35.8748 32.9751 48.8696

33.9738 29.7321 49.3256
36.1448 26.8481 50.4846
35.1528 23.3441 49.4856
36.8768 19.9811 49.1996
37.3728 18.7191 45.6536

35.0788 15.7581 46.3546
32.4258 18.3751 47.1336
33.2608 20.4241 44.0176
32.8958 17.1801 42.0926
29.5478 16.4691 43.7156
28.9518 18.7591 39.1026
27.8038 15.1291 39.4616
24.3158 16.1661 40.5466
24.0528 19.0561 38.0586

26.5248 18.3781 35.2136
28.2465 17.3947 31.9901
30.2443 17.4854 28.6915
31.958 19.2683 31.4582
32.6783 17.6505 34.8828
33.9742 15.6052 31.9003
35.765 16.2957 28.5329
38.0661 16.4211 31.5653
38.3715 13.4431 33.8504
39.7348 11.9959 30.5641

40.9069 10.5888 27.2342
41.6923 7.22622 28.8214
38.2541 7.07524 30.4336
36.56 7.84767 27.1206

35.103 4.70667 28.6876
32.817 9.23167 31.2636
32.13 5.95767 33.0496

End chain 1
