9.675 45.053 37.07
10.06 47.656 34.334
11.345 51.215 34.643
9.093 54.194 33.894

10.941 54.669 30.614
10.587 51.147 29.357
6.872 51.146 30.143
6.375 54.381 28.128
8.313 52.981 25.228
6.406 49.72 25.337
3.144 51.624 25.507
4.068 53.646 22.383
4.862 50.444 20.445
1.723 48.722 21.697
-0.413 51.697 20.656
1.114 51.623 17.211
-0.251 48.063 16.774
-3.552 48.834 18.489

-4.83 50.903 15.547
-8.5 50.66 16.584
-7.793 51.729 20.147
-9.689 48.952 21.884
-6.734 48.302 24.221
-5.89 44.868 22.816

-3.836 43.256 20.059
-3.993 39.759 18.46
-1.443 37.06 19.349

-0.031 37.433 15.806
0.531 41.169 16.353
2.142 40.171 19.691
5.07 38.397 18.022
5.507 41.183 15.474
5.508 43.89 18.161

10.362 41.534 17.509

10.189 45.265 16.764
11.203 45.799 20.383
14.158 43.45 20.06

15.3353 42.8688 16.4705
16.132 41.0447 13.128
15.0879 43.6776 10.5232
15.5599 47.1175 12.1132
12.8277 48.8979 14.1647

10.204 51.244 15.5984
12.6852 52.6348 18.1187
15.2547 53.2605 15.3894
12.691 55.0873 13.2603
11.6885 57.2933 16.188

8.5155 61.5803 15.818

6.7905 58.5633 17.399
8.4475 59.3423 20.71
7.5725 63.0453 20.923
4.3665 63.0083 18.887

2.3015 60.5343 20.931
-0.820496 60.9853 18.764
0.823504 59.7753 15.553
-1.3105 62.1643 13.449
1.3045 63.5063 11.07
1.6795 67.0473 12.406

3.8205 68.5423 15.143
3.7005 71.8653 16.915
6.2905 74.4203 17.846

7.1015 73.2033 21.369
7.3265 69.6253 20.053
9.6545 70.9393 17.363
11.8165 72.7123 19.93

12.0475 69.4963 21.96
17.0605 70.0963 21.515
17.3755 66.3343 21.362
19.0255 66.3423 17.923
22.3625 66.9133 22.329

22.8425 63.7233 20.276
24.9585 65.4933 17.702
27.1845 66.8993 20.408
27.5755 63.5623 22.18
28.5675 61.8083 18.947
31.1225 64.5143 18.254
32.4715 64.3173 21.782
32.8835 60.5603 21.295
34.5995 60.9223 17.942
37.0385 63.4063 19.446
37.5855 61.0403 22.367
38.2655 58.2213 19.917
40.8695 60.1953 17.921
42.6805 60.7183 21.227
43.0355 57.0543 22.242
43.6925 55.9163 18.671

47.1035 57.6443 18.468
48.1205 56.3913 15.003
44.6025 56.9583 13.693
44.3975 53.5443 12.073
40.8945 53.1213 13.429
41.6885 50.6463 16.205
42.5845 51.2443 19.807
45.3035 48.7953 20.793
46.2665 47.8213 24.338

49.4405 49.8913 24.019
47.3545 52.9543 23.098
44.8805 52.4943 25.918
47.8675 52.3493 28.261
49.6595 55.3063 26.674
46.4835 57.2093 27.607
49.3025 56.8723 31.94
49.3435 60.3703 30.416
45.9445 60.8993 32.055
47.1565 60.1393 35.577

45.2555 56.8963 36.033
47.4265 54.0123 37.192
46.4345 50.5083 36.193
48.1585 47.1453 35.907
48.6545 45.8833 32.361

46.3605 42.9223 33.062
43.7075 45.5393 33.841
44.5425 47.5883 30.725
44.1775 44.3443 28.8
40.8295 43.6333 30.423
40.2335 45.9233 25.81
39.0855 42.2933 26.169
35.5975 43.3303 27.254
35.3345 46.2203 24.766

36.7115 43.9633 22.031
33.5665 42.4693 20.545
34.6825 40.9963 17.194
37.6895 39.4503 18.986
40.6295 40.9403 17.079
42.2225 42.1193 20.327
41.4645 45.7833 19.628
38.6525 48.3153 19.871
37.2865 49.7473 16.599
35.0545 52.8613 16.542

31.7565 50.9783 16.946
32.9285 48.8983 19.884
34.0895 52.1673 21.353
30.7405 53.9453 21.096

29.2835 50.8043 22.663
26.9975 55.3293 25.239
26.3105 52.0553 27.025

End chain 1
