9.675 45.053 37.07
10.06 47.656 34.334
11.345 51.215 34.643
9.093 54.194 33.894

10.941 54.669 30.614
10.587 51.147 29.357
6.872 51.146 30.143
6.375 54.381 28.128
8.313 52.981 25.228
6.406 49.72 25.337
3.144 51.624 25.507
4.068 53.646 22.383
4.862 50.444 20.445
1.723 48.722 21.697
-0.413 51.697 20.656
1.114 51.623 17.211
-0.251 48.063 16.774
-3.552 48.834 18.489

-4.83 50.903 15.547
-8.5 50.66 16.584
-7.793 51.729 20.147
-9.689 48.952 21.884
-6.734 48.302 24.221
-5.89 44.868 22.816

-3.836 43.256 20.059
-3.993 39.759 18.46
-1.443 37.06 19.349

-0.031 37.433 15.806
0.531 41.169 16.353
2.142 40.171 19.691
5.07 38.397 18.022
5.507 41.183 15.474
5.508 43.89 18.161

10.362 41.534 17.509

10.189 45.265 16.764
11.203 45.799 20.383
14.158 43.45 20.06

15.3325 45.6872 17.3203
16.9206 48.4929 15.2518
17.2094 52.1166 14.4589
16.822 52.705 10.6422
13.6412 51.1153 11.9496

11.9258 51.1953 15.3399
13.7262 54.4065 16.2831
12.7012 56.0551 13.0159
9.06831 55.0747 13.5487
9.09881 56.5017 17.0709

5.92581 60.7887 16.7009

4.20081 57.7717 18.2819
5.85781 58.5507 21.5929
4.98281 62.2537 21.8059
1.77681 62.2167 19.7699

0.748067 59.8942 22.7146
-0.543042 57.0707 24.9791
0.571161 56.9058 28.651
-0.428502 60.407 27.8694
-3.81962 60.6124 26.0016
-4.09801 58.252 28.9564

-3.93112 59.827 32.3552
-3.54382 60.7128 36.1211
-3.3584 61.7607 39.8113

-2.5474 60.5437 43.3343
-2.3224 56.9657 42.0183
0.00559701 58.2797 39.3283
2.1676 60.0527 41.8953

2.3986 56.8367 43.9253
7.4116 57.4367 43.4803
7.7266 53.6747 43.3273
9.3766 53.6827 39.8883
12.7136 54.2537 44.2943

13.1936 51.0637 42.2413
15.3096 52.8337 39.6673
17.5356 54.2397 42.3733
17.9266 50.9027 44.1453
18.9186 49.1487 40.9123
21.4736 51.8547 40.2193
22.8226 51.6577 43.7473
23.2346 47.9007 43.2603
24.9506 48.2627 39.9073
27.3896 50.7467 41.4113
27.9366 48.3807 44.3323
28.6166 45.5617 41.8823
31.2206 47.5357 39.8863
33.0316 48.0587 43.1923
33.3866 44.3947 44.2073
34.0436 43.2567 40.6363

37.4546 44.9847 40.4333
38.4716 43.7317 36.9683
34.9536 44.2987 35.6583
34.7486 40.8847 34.0383
31.2456 40.4617 35.3943
32.0396 37.9867 38.1703
32.9356 38.5847 41.7723
35.6546 36.1357 42.7583
36.6176 35.1617 46.3033

39.7916 37.2317 45.9843
37.7056 40.2947 45.0633
35.2316 39.8347 47.8833
38.2186 39.6897 50.2263
40.0106 42.6467 48.6393
36.8346 44.5497 49.5723
39.6536 44.2127 53.9053
39.6946 47.7107 52.3813
36.2956 48.2397 54.0203
37.5076 47.4797 57.5423

35.6066 44.2367 57.9983
37.7776 41.3527 59.1573
36.7856 37.8487 58.1583
38.5096 34.4857 57.8723
39.0056 33.2237 54.3263

36.7116 30.2627 55.0273
34.0586 32.8797 55.8063
34.8936 34.9287 52.6903
34.5286 31.6847 50.7653
31.1806 30.9737 52.3883
30.5846 33.2637 47.7753
29.4366 29.6337 48.1343
25.9486 30.6707 49.2193
25.6856 33.5607 46.7313

26.9625 31.2009 43.9852
29.5407 28.5243 42.975
29.2555 24.845 43.3447
29.4577 24.5723 47.1949
30.5248 21.9468 49.7039
33.8639 20.5574 48.6903
36.9825 18.4575 49.5333
40.1064 20.3457 48.6999
41.101 20.0087 45.1153
42.8267 20.8399 41.7288

43.8686 18.1658 39.2374
42.7159 15.4008 41.576
39.3388 17.0778 42.051
38.8711 17.4184 38.2949

37.4141 14.2774 39.8619
35.1281 18.8024 42.4379
34.4411 15.5284 44.2239

End chain 1
