28.422 55.412 128.746
26.585 52.466 130.299

28.171 52.666 133.746
27.666 56.436 133.804
23.987 55.468 133.716
24.443 52.827 136.422
26.108 55.456 138.622
23.096 57.675 137.95
20.515 55.099 138.99
22.579 54.604 142.156
22.386 58.351 142.807
18.65 58.418 142.058
17.944 55.62 144.549
19.865 57.433 147.285
17.944 60.663 146.691
14.628 58.802 146.456

14.568 58.126 150.193
11.242 56.298 150.293
11.816 54.283 147.128
8.593 55.291 145.378
10.47 56.019 142.135
10.009 59.825 142.404
12.073 62.656 143.9
10.114 65.344 145.775
11.215 68.834 146.805

11.654 67.495 150.326
13.909 64.645 149.206
15.82 67.046 146.977
16.201 69.561 149.811
17.576 66.911 152.158
20.327 66.169 149.641
21.067 69.825 148.898
21.233 70.612 152.617
23.582 67.665 153.226
26.038 69.29 150.765

26.271 72.672 152.496
23.522 74.428 150.53
20.485 76.32 151.832
18.085 76.481 148.868
14.662 77.966 149.435
11.542 75.947 148.727

10.976 78.134 145.628
14.485 77.249 144.445
13.862 73.514 144.976
10.592 73.698 143.031
12.552 75.523 140.304
15.154 72.766 140.072
12.341 70.263 139.631

13.502 72.747 134.992
13.454 68.993 134.188
9.807 68.193 134.958
8.775 67.047 131.501
5.433 65.565 132.58
4.558 68.471 134.875
3.698 66.445 138.002
6.035 68.267 140.414
8.405 65.333 141.051
11.482 63.939 139.315
11.363 60.426 137.904
14.403 58.622 136.614

14.142 59.822 132.974
13.795 63.453 134.095
16.666 62.837 136.519
18.887 61.932 133.573
18.035 65.365 132.195
19.104 66.796 135.531
22.272 64.668 135.676
22.946 65.739 132.088

23.7528 69.2492 133.133
23.4067 71.0729 136.535
21.7964 70.7095 139.903
24.9894 70.3964 141.922

28.3458 72.1739 142.055
29.5236 69.9425 144.897
28.5191 66.8146 142.987
30.3946 67.9836 139.895
33.5268 68.6684 141.935
33.3753 65.2119 143.508
33.0222 63.5704 140.098
36.0177 65.4869 138.758
38.1387 64.4452 141.734
37.1921 60.7959 141.255
38.1057 60.9429 137.569
41.4892 62.4774 138.369
42.2188 59.7699 140.934
41.3314 57.0379 138.446
43.6173 58.5559 135.817
46.5006 58.7327 138.286

47.0998 55.6674 140.366
50.1804 55.3306 142.504
53.1176 53.132 143.729
54.5497 53.1198 147.191
57.1854 55.5536 148.535
59.7503 52.8213 149.197
59.2646 51.0907 145.796
57.8246 47.6719 146.244
56.7615 44.0538 146.26

53.7273 41.7696 146.397
52.2145 43.7895 149.239
52.712 47.0352 147.325
51.0421 45.5829 144.236
48.0584 44.4145 146.279
47.6643 47.8528 147.849
47.7518 49.527 144.439
45.095 47.1613 143.102
42.8384 47.8578 146.079
43.1975 51.6103 145.597

42.7628 50.65 141.892
42.1759 47.3954 139.839
42.3661 43.713 139.394
38.6583 43.2693 138.654
35.2046 44.2357 139.667
34.3178 45.9788 136.486

33.8713 48.2643 133.483
35.1741 51.2505 135.44
38.2386 49.3021 136.56
38.9878 48.2388 132.989
38.7192 51.8256 131.762
41.093 53.0331 134.473
43.6355 50.3551 133.575
43.4813 51.3049 129.899
44.025 54.9745 130.724
47.0411 54.1423 132.881

48.9137 51.9904 130.305
51.2046 50.0369 128.052
54.5165 52.0462 127.968
54.9318 53.7121 131.29
54.5086 50.2157 132.492
55.3926 47.3367 130.321
58.2266 49.8283 130.434
59.5251 51.1013 133.807
57.6374 47.9575 135.079
58.1025 44.3858 133.947

60.218 41.2524 133.561
58.3984 39.5532 136.433
55.0172 40.3893 134.912
56.0729 38.9766 131.546
57.2645 35.7511 133.164
53.9754 35.357 135.027

54.3504 33.828 138.509
54.1704 37.222 140.337

End chain 1
