28.422 55.412 128.746
26.585 52.466 130.299

28.171 52.666 133.746
27.666 56.436 133.804
23.987 55.468 133.716
24.443 52.827 136.422
26.108 55.456 138.622
23.096 57.675 137.95
20.515 55.099 138.99
22.579 54.604 142.156
22.386 58.351 142.807
18.65 58.418 142.058
17.944 55.62 144.549
19.865 57.433 147.285
17.944 60.663 146.691
14.628 58.802 146.456

14.568 58.126 150.193
11.242 56.298 150.293
11.816 54.283 147.128
8.593 55.291 145.378
10.47 56.019 142.135
10.009 59.825 142.404
12.073 62.656 143.9
10.114 65.344 145.775
11.215 68.834 146.805

11.654 67.495 150.326
13.909 64.645 149.206
15.82 67.046 146.977
16.201 69.561 149.811
17.576 66.911 152.158
20.327 66.169 149.641
21.067 69.825 148.898
21.233 70.612 152.617
23.582 67.665 153.226
26.038 69.29 150.765

26.271 72.672 152.496
23.522 74.428 150.53
20.485 76.32 151.832
18.085 76.481 148.868
14.662 77.966 149.435
11.542 75.947 148.727

10.976 78.134 145.628
14.485 77.249 144.445
13.862 73.514 144.976
10.592 73.698 143.031
12.552 75.523 140.304
15.154 72.766 140.072
12.341 70.263 139.631

13.502 72.747 134.992
13.454 68.993 134.188
9.807 68.193 134.958
8.775 67.047 131.501
5.433 65.565 132.58
4.558 68.471 134.875
3.698 66.445 138.002
6.035 68.267 140.414
8.405 65.333 141.051
11.482 63.939 139.315
11.363 60.426 137.904
14.403 58.622 136.614

14.142 59.822 132.974
13.795 63.453 134.095
16.666 62.837 136.519
18.887 61.932 133.573
18.035 65.365 132.195
19.104 66.796 135.531
22.272 64.668 135.676
22.946 65.739 132.088

22.8964 69.3109 133.074
21.4352 72.0145 135.144
20.7513 71.3674 138.889
24.3503 70.4346 137.894

26.761 72.4375 135.745
29.5663 71.9441 138.261
28.9539 68.1945 138.354
29.0452 67.9875 134.56
32.328 69.8984 134.438
33.8816 67.5861 137.023
32.7994 64.513 135.067
34.2934 65.9075 131.863
37.5953 66.6272 133.601
37.7401 63.0962 134.999
37.0914 61.6059 131.564
39.8549 63.7106 130.022
42.3154 62.6193 132.705
41.461 58.9601 132.137
41.9749 59.3219 128.389
45.3638 60.9597 128.914

45.963 57.8944 130.994
49.0436 57.5576 133.132
51.9808 55.359 134.356
53.4129 55.3468 137.818
56.0486 57.7806 139.163
58.6135 55.0483 139.824
58.1278 53.3177 136.423
56.6878 49.8989 136.872
55.6247 46.2808 136.887

52.5905 43.9966 137.025
51.0777 46.0165 139.866
51.5752 49.2622 137.953
49.9053 47.8099 134.863
46.9216 46.6414 136.907
46.5275 50.0798 138.477
46.615 51.754 135.066
43.9582 49.3882 133.729
41.7016 50.0848 136.707
42.0607 53.8373 136.224

41.626 52.8769 132.519
41.0391 49.6224 130.466
41.2293 45.94 130.021
37.5215 45.4963 129.282
34.0678 46.4627 130.294
33.181 48.2058 127.114

32.7345 50.4913 124.111
34.0373 53.4775 126.067
37.1018 51.5291 127.188
37.851 50.4658 123.617
37.5824 54.0526 122.39
39.9562 55.2601 125.101
42.4987 52.5821 124.203
42.3445 53.5318 120.526
42.8882 57.2014 121.352
45.9043 56.3692 123.509

47.0133 54.0295 120.861
46.484 53.358 117.233
48.8054 51.3246 115.069
49.5944 54.7335 113.66
50.968 56.4273 116.671
54.7679 55.9768 117.286
56.9389 53.908 119.697
54.5164 51.8813 121.69
53.7726 48.2272 121.204
51.3629 45.4079 121.033

51.8792 42.1478 122.916
48.9627 42.9105 125.23
46.691 43.6628 122.278
47.6449 40.3955 120.587
46.9175 38.4304 123.758
43.5048 40.0664 124.105

43.8798 38.5374 127.587
43.6998 41.9314 129.415

End chain 1
