9.675 45.053 37.07
10.06 47.656 34.334
11.345 51.215 34.643
9.093 54.194 33.894

10.941 54.669 30.614
10.587 51.147 29.357
6.872 51.146 30.143
6.375 54.381 28.128
8.313 52.981 25.228
6.406 49.72 25.337
3.144 51.624 25.507
4.068 53.646 22.383
4.862 50.444 20.445
1.723 48.722 21.697
-0.413 51.697 20.656
1.114 51.623 17.211
-0.251 48.063 16.774
-3.552 48.834 18.489

-4.83 50.903 15.547
-8.5 50.66 16.584
-7.793 51.729 20.147
-9.689 48.952 21.884
-6.734 48.302 24.221
-5.89 44.868 22.816

-3.836 43.256 20.059
-3.993 39.759 18.46
-1.443 37.06 19.349

-0.031 37.433 15.806
0.531 41.169 16.353
2.142 40.171 19.691
5.07 38.397 18.022
5.507 41.183 15.474
5.508 43.89 18.161

10.362 41.534 17.509

10.189 45.265 16.764
11.203 45.799 20.383
14.158 43.45 20.06

15.3325 45.6872 17.3203
16.9206 48.4929 15.2518
17.2094 52.1166 14.4589
16.822 52.705 10.6422
13.6412 51.1153 11.9496

11.9258 51.1953 15.3399
13.7262 54.4065 16.2831
12.7012 56.0551 13.0159
9.06831 55.0747 13.5487
9.09881 56.5017 17.0709

5.92581 60.7887 16.7009

4.20081 57.7717 18.2819
5.85781 58.5507 21.5929
4.98281 62.2537 21.8059
1.77681 62.2167 19.7699

0.802179 59.3652 22.1232
-0.151716 56.6805 24.5655
-3.26532 55.7121 26.4597
-1.6112 56.799 29.7088
-3.1894 59.8222 31.4046
-5.93913 57.4356 30.7

-5.32615 53.7379 31.1269
-6.02707 50.0805 31.5656
-7.78822 47.1384 30.1523

-6.97722 45.9214 33.6753
-6.75222 42.3434 32.3593
-4.42422 43.6574 29.6693
-2.26222 45.4304 32.2363

-2.03122 42.2144 34.2663
2.98178 42.8144 33.8213
3.29678 39.0524 33.6683
4.94678 39.0604 30.2293
8.28378 39.6314 34.6353

8.76378 36.4414 32.5823
10.8798 38.2114 30.0083
13.1058 39.6174 32.7143
13.4968 36.2804 34.4863
14.4888 34.5264 31.2533
17.0438 37.2324 30.5603
18.3928 37.0354 34.0883
18.8048 33.2784 33.6013
20.5208 33.6404 30.2483
22.9598 36.1244 31.7523
23.5068 33.7584 34.6733
24.1868 30.9394 32.2233
26.7908 32.9134 30.2273
28.6018 33.4364 33.5333
28.9568 29.7724 34.5483
29.6138 28.6344 30.9773

33.0248 30.3624 30.7743
34.0418 29.1094 27.3093
30.5238 29.6764 25.9993
30.3188 26.2624 24.3793
26.8158 25.8394 25.7353
27.6098 23.3644 28.5113
28.5058 23.9624 32.1133
31.2248 21.5134 33.0993
32.1878 20.5394 36.6443

35.3618 22.6094 36.3253
33.2758 25.6724 35.4043
30.8018 25.2124 38.2243
33.7888 25.0674 40.5673
35.5808 28.0244 38.9803
32.4048 29.9274 39.9133
35.2238 29.5904 44.2463
35.2648 33.0884 42.7223
31.8658 33.6174 44.3613
33.0778 32.8574 47.8833

31.1768 29.6144 48.3393
33.3478 26.7304 49.4983
32.3558 23.2264 48.4993
34.0798 19.8634 48.2133
34.5758 18.6014 44.6673

32.2818 15.6404 45.3683
29.6288 18.2574 46.1473
30.4638 20.3064 43.0313
30.0988 17.0624 41.1063
26.7508 16.3514 42.7293
26.1548 18.6414 38.1163
25.0068 15.0114 38.4753
21.5188 16.0484 39.5603
21.2558 18.9384 37.0723

22.5583 16.694 34.3859
24.9401 15.9714 31.4461
25.6879 15.4145 27.7328
28.4901 12.8935 27.2158
29.9561 15.7487 25.2054
31.6857 19.0144 25.6197
34.9816 17.0441 25.7906
36.7439 16.6058 29.2164
33.5997 16.0857 31.3761
32.531 13.4717 28.8354

34.3606 11.1492 26.4477
33.9785 8.22542 28.8453
30.2517 8.87898 29.2012
29.8114 8.98421 25.4279

28.3544 5.84321 26.9949
26.0684 10.3682 29.5709
25.3814 7.09421 31.3569

End chain 1
