28.422 55.412 128.746
26.585 52.466 130.299

28.171 52.666 133.746
27.666 56.436 133.804
23.987 55.468 133.716
24.443 52.827 136.422
26.108 55.456 138.622
23.096 57.675 137.95
20.515 55.099 138.99
22.579 54.604 142.156
22.386 58.351 142.807
18.65 58.418 142.058
17.944 55.62 144.549
19.865 57.433 147.285
17.944 60.663 146.691
14.628 58.802 146.456

14.568 58.126 150.193
11.242 56.298 150.293
11.816 54.283 147.128
8.593 55.291 145.378
10.47 56.019 142.135
10.009 59.825 142.404
12.073 62.656 143.9
10.114 65.344 145.775
11.215 68.834 146.805

11.654 67.495 150.326
13.909 64.645 149.206
15.82 67.046 146.977
16.201 69.561 149.811
17.576 66.911 152.158
20.327 66.169 149.641
21.067 69.825 148.898
21.233 70.612 152.617
23.582 67.665 153.226
26.038 69.29 150.765

26.271 72.672 152.496
23.522 74.428 150.53
20.485 76.32 151.832
18.085 76.481 148.868
14.662 77.966 149.435
11.542 75.947 148.727

10.976 78.134 145.628
14.485 77.249 144.445
13.862 73.514 144.976
10.592 73.698 143.031
12.552 75.523 140.304
15.154 72.766 140.072
12.341 70.263 139.631

13.502 72.747 134.992
13.454 68.993 134.188
9.807 68.193 134.958
8.775 67.047 131.501
5.433 65.565 132.58
4.558 68.471 134.875
3.698 66.445 138.002
6.035 68.267 140.414
8.405 65.333 141.051
11.482 63.939 139.315
11.363 60.426 137.904
14.403 58.622 136.614

14.142 59.822 132.974
13.795 63.453 134.095
16.666 62.837 136.519
18.887 61.932 133.573
18.035 65.365 132.195
19.104 66.796 135.531
22.272 64.668 135.676
22.946 65.739 132.088

22.361 69.095 133.858
19.974 70.091 131.092
16.677 71.866 130.781
13.622 69.915 129.686

13.048 71.769 126.352
16.591 71.057 125.308
16.131 67.422 126.307
12.81 67.206 124.462
14.365 68.716 121.319
17.071 66.031 121.337
14.407 63.336 121.688
12.264 64.743 118.873
15.387 64.841 116.691
16.023 61.15 117.443
12.464 60.331 116.332
13.01 62.466 113.229
16.126 60.543 112.229
14.143 57.28 112.298
12.037 58.613 109.43
14.862 60.488 107.625

16.7129 57.2823 107.702
20.4834 57.7927 107.573
23.4772 60.2096 108.169
23.8302 59.4909 111.815
23.0503 58.2711 115.238
21.6264 61.3986 116.668
21.8538 64.5095 118.7
20.5288 62.7596 121.743
17.4161 61.3188 123.47

18.5505 57.7439 122.857
16.406 56.4688 125.724
13.357 58.3006 124.385
13.8776 56.8344 120.918
14.1556 53.321 122.34
10.942 53.7635 124.32
9.09293 54.982 121.231
10.297 51.9952 119.213
9.15547 49.5837 121.919
5.71449 51.1927 122.037

5.30759 53.34 119.043
2.70778 51.7075 116.943
-0.646769 52.6428 118.251
1.15118 55.919 118.043
2.99707 57.4872 115.087
-0.209267 58.037 113.297

-2.51826 59.8259 115.729
0.439806 61.1655 117.703
2.08958 62.4647 114.535
-1.1073 64.2262 113.477
-1.43849 65.8796 116.883
2.15613 67.1054 116.745
1.62355 68.5767 113.282
-1.50861 70.3967 114.431
0.321754 71.8591 117.423
3.15707 73.0878 115.211

4.85934 74.9944 112.406
4.33935 78.3327 110.502
4.22884 78.0446 106.79
1.19148 80.4059 106.314
2.22936 84.1607 106.426
5.60875 83.3502 104.947
9.27926 82.6919 104.371
11.9954 82.9353 101.677
9.4144 82.5939 99.0107
11.4876 81.5934 95.9285

11.133 79.9492 92.5206
9.06611 77.1202 93.9929
6.7598 79.5846 95.7395
6.24277 81.5328 92.5177
5.39018 78.3536 90.6182
2.85614 77.3381 93.2621

3.23114 75.8091 96.7441
3.05114 79.2031 98.5721

End chain 1
