9.675 45.053 37.07
10.06 47.656 34.334
11.345 51.215 34.643
9.093 54.194 33.894

10.941 54.669 30.614
10.587 51.147 29.357
6.872 51.146 30.143
6.375 54.381 28.128
8.313 52.981 25.228
6.406 49.72 25.337
3.144 51.624 25.507
4.068 53.646 22.383
4.862 50.444 20.445
1.723 48.722 21.697
-0.413 51.697 20.656
1.114 51.623 17.211
-0.251 48.063 16.774
-3.552 48.834 18.489

-4.83 50.903 15.547
-8.5 50.66 16.584
-7.793 51.729 20.147
-9.689 48.952 21.884
-6.734 48.302 24.221
-5.89 44.868 22.816

-3.836 43.256 20.059
-3.993 39.759 18.46
-1.443 37.06 19.349

-0.031 37.433 15.806
0.531 41.169 16.353
2.142 40.171 19.691
5.07 38.397 18.022
5.507 41.183 15.474
5.508 43.89 18.161

10.362 41.534 17.509

10.189 45.265 16.764
11.203 45.799 20.383
14.158 43.45 20.06

15.3325 45.6872 17.3203
16.9206 48.4929 15.2518
17.2094 52.1166 14.4589
16.822 52.705 10.6422
13.6412 51.1153 11.9496

11.9258 51.1953 15.3399
13.7262 54.4065 16.2831
12.7012 56.0551 13.0159
9.06831 55.0747 13.5487
9.09881 56.5017 17.0709

5.92581 60.7887 16.7009

4.20081 57.7717 18.2819
5.85781 58.5507 21.5929
4.98281 62.2537 21.8059
1.77681 62.2167 19.7699

0.983097 59.6346 22.5686
-1.95305 59.5756 25.0291
-4.9878 59.1304 27.3317
-5.63924 60.6621 30.7821
-6.30403 56.9727 31.8223
-10.0639 57.4378 32.5035

-12.9791 55.5722 34.2544
-15.4361 53.4874 36.0822
-14.3139 51.082 38.8466

-13.5029 49.865 42.3696
-13.2779 46.287 41.0536
-10.9499 47.601 38.3636
-8.78791 49.374 40.9306

-8.55691 46.158 42.9606
-3.54391 46.758 42.5156
-3.22891 42.996 42.3626
-1.57891 43.004 38.9236
1.75809 43.575 43.3296

2.23809 40.385 41.2766
4.35409 42.155 38.7026
6.58009 43.561 41.4086
6.97109 40.224 43.1806
7.96309 38.47 39.9476
10.5181 41.176 39.2546
11.8671 40.979 42.7826
12.2791 37.222 42.2956
13.9951 37.584 38.9426
16.4341 40.068 40.4466
16.9811 37.702 43.3676
17.6611 34.883 40.9176
20.2651 36.857 38.9216
22.0761 37.38 42.2276
22.4311 33.716 43.2426
23.0881 32.578 39.6716

26.4991 34.306 39.4686
27.5161 33.053 36.0036
23.9981 33.62 34.6936
23.7931 30.206 33.0736
20.2901 29.783 34.4296
21.0841 27.308 37.2056
21.9801 27.906 40.8076
24.6991 25.457 41.7936
25.6621 24.483 45.3386

28.8361 26.553 45.0196
26.7501 29.616 44.0986
24.2761 29.156 46.9186
27.2631 29.011 49.2616
29.0551 31.968 47.6746
25.8791 33.871 48.6076
28.6981 33.534 52.9406
28.7391 37.032 51.4166
25.3401 37.561 53.0556
26.5521 36.801 56.5776

24.6511 33.558 57.0336
26.8221 30.674 58.1926
25.8301 27.17 57.1936
27.5541 23.807 56.9076
28.0501 22.545 53.3616

25.7561 19.584 54.0626
23.1031 22.201 54.8416
23.9381 24.25 51.7256
23.5731 21.006 49.8006
20.2251 20.295 51.4236
19.6291 22.585 46.8106
18.4811 18.955 47.1696
14.9931 19.992 48.2546
14.7301 22.882 45.7666

16.007 20.5222 43.0205
18.5852 17.8455 42.0103
18.3 14.1662 42.38
18.5022 13.8936 46.2302
19.5693 11.268 48.7393
22.9084 9.87861 47.7256
26.0269 7.77873 48.5686
29.1509 9.66696 47.7352
30.1455 9.32988 44.1506
31.8712 10.1611 40.7641

32.9131 7.48702 38.2727
31.7604 4.72203 40.6113
28.3833 6.39907 41.0863
27.9156 6.73963 37.3302

26.4586 3.59863 38.8972
24.1726 8.12363 41.4732
23.4856 4.84963 43.2592

End chain 1
