28.422 55.412 128.746
26.585 52.466 130.299

28.171 52.666 133.746
27.666 56.436 133.804
23.987 55.468 133.716
24.443 52.827 136.422
26.108 55.456 138.622
23.096 57.675 137.95
20.515 55.099 138.99
22.579 54.604 142.156
22.386 58.351 142.807
18.65 58.418 142.058
17.944 55.62 144.549
19.865 57.433 147.285
17.944 60.663 146.691
14.628 58.802 146.456

14.568 58.126 150.193
11.242 56.298 150.293
11.816 54.283 147.128
8.593 55.291 145.378
10.47 56.019 142.135
10.009 59.825 142.404
12.073 62.656 143.9
10.114 65.344 145.775
11.215 68.834 146.805

11.654 67.495 150.326
13.909 64.645 149.206
15.82 67.046 146.977
16.201 69.561 149.811
17.576 66.911 152.158
20.327 66.169 149.641
21.067 69.825 148.898
21.233 70.612 152.617
23.582 67.665 153.226
26.038 69.29 150.765

26.271 72.672 152.496
23.522 74.428 150.53
20.485 76.32 151.832
18.085 76.481 148.868
14.662 77.966 149.435
11.542 75.947 148.727

10.976 78.134 145.628
14.485 77.249 144.445
13.862 73.514 144.976
10.592 73.698 143.031
12.552 75.523 140.304
15.154 72.766 140.072
12.341 70.263 139.631

13.502 72.747 134.992
13.454 68.993 134.188
9.807 68.193 134.958
8.775 67.047 131.501
5.433 65.565 132.58
4.558 68.471 134.875
3.698 66.445 138.002
6.035 68.267 140.414
8.405 65.333 141.051
11.482 63.939 139.315
11.363 60.426 137.904
14.403 58.622 136.614

14.142 59.822 132.974
13.795 63.453 134.095
16.666 62.837 136.519
18.887 61.932 133.573
18.035 65.365 132.195
19.104 66.796 135.531
22.272 64.668 135.676
22.946 65.739 132.088

22.7093 69.3456 133.129
22.67 73.0508 133.445
21.5352 72.93 137.121
24.7239 70.7173 137.379

27.4182 72.3182 135.23
30.1118 71.392 137.746
28.9202 67.7844 137.839
28.9779 67.5656 134.046
32.5193 68.9392 133.924
33.692 66.4123 136.509
32.1422 63.5464 134.552
33.8359 64.6899 131.348
37.2098 64.8841 133.086
36.8003 61.374 134.484
35.9263 60.0034 131.049
38.985 61.6497 129.507
41.2445 60.187 132.19
39.8281 56.7064 131.622
40.3921 56.9833 127.874
43.9956 58.0706 128.399

44.5948 55.0053 130.479
47.6754 54.6685 132.617
50.6126 52.4699 133.841
52.0447 52.4578 137.304
54.6804 54.8915 138.648
57.2453 52.1593 139.309
56.7596 50.4286 135.908
55.3196 47.0099 136.357
54.2565 43.3918 136.372

51.2223 41.1075 136.51
49.7095 43.1274 139.351
50.207 46.3732 137.438
48.5371 44.9209 134.348
45.5534 43.7524 136.392
45.1593 47.1907 137.962
45.2468 48.8649 134.551
42.59 46.4992 133.214
40.3334 47.1958 136.192
40.6925 50.9482 135.709

40.2578 49.9879 132.004
39.6709 46.7333 129.951
39.8611 43.0509 129.506
36.1533 42.6072 128.767
32.6996 43.5736 129.78
31.8128 45.3167 126.599

31.3663 47.6023 123.596
32.6691 50.5884 125.553
35.7336 48.6401 126.673
36.4828 47.5768 123.102
36.2142 51.1635 121.875
38.588 52.3711 124.586
41.1305 49.693 123.688
40.9763 50.6428 120.011
41.52 54.3124 120.837
44.5361 53.4802 122.994

46.1698 52.1317 119.956
50.0227 51.9657 119.752
53.5543 50.9833 118.874
55.8578 49.9762 121.803
52.7116 47.739 121.282
52.4022 46.1212 117.784
51.7416 43.5859 115.108
54.5156 41.5919 116.78
53.2257 41.6584 120.398
49.932 39.7292 120.766

49.5439 36.2132 119.376
47.1084 35.2849 122.142
45.0206 38.3903 121.479
44.8685 37.6119 117.762
43.7467 34.0477 118.456
41.0008 35.2625 120.785

41.3758 33.7335 124.267
41.1958 37.1275 126.095

End chain 1
