9.675 45.053 37.07
10.06 47.656 34.334
11.345 51.215 34.643
9.093 54.194 33.894

10.941 54.669 30.614
10.587 51.147 29.357
6.872 51.146 30.143
6.375 54.381 28.128
8.313 52.981 25.228
6.406 49.72 25.337
3.144 51.624 25.507
4.068 53.646 22.383
4.862 50.444 20.445
1.723 48.722 21.697
-0.413 51.697 20.656
1.114 51.623 17.211
-0.251 48.063 16.774
-3.552 48.834 18.489

-4.83 50.903 15.547
-8.5 50.66 16.584
-7.793 51.729 20.147
-9.689 48.952 21.884
-6.734 48.302 24.221
-5.89 44.868 22.816

-3.836 43.256 20.059
-3.993 39.759 18.46
-1.443 37.06 19.349

-0.031 37.433 15.806
0.531 41.169 16.353
2.142 40.171 19.691
5.07 38.397 18.022
5.507 41.183 15.474
5.508 43.89 18.161

10.362 41.534 17.509

10.189 45.265 16.764
11.203 45.799 20.383
14.158 43.45 20.06

15.3325 45.6872 17.3203
16.9206 48.4929 15.2518
17.2094 52.1166 14.4589
16.822 52.705 10.6422
13.6412 51.1153 11.9496

11.9258 51.1953 15.3399
13.7262 54.4065 16.2831
12.7012 56.0551 13.0159
9.06831 55.0747 13.5487
9.09881 56.5017 17.0709

5.92581 60.7887 16.7009

4.20081 57.7717 18.2819
5.85781 58.5507 21.5929
4.98281 62.2537 21.8059
1.77681 62.2167 19.7699

0.695774 59.2727 22.046
-1.11128 57.968 25.2407
-2.6732 56.8266 28.4583
-3.47124 53.2019 28.029
-6.60095 51.6199 26.4518
-7.03215 49.8204 29.7808

-8.63446 46.4295 30.6779
-8.13764 44.8668 34.0016
-6.7762 43.783 37.4646

-5.9652 42.566 40.9876
-5.7402 38.988 39.6716
-3.4122 40.302 36.9816
-1.2502 42.075 39.5486

-1.0192 38.859 41.5786
3.9938 39.459 41.1336
4.3088 35.697 40.9806
5.9588 35.705 37.5416
9.2958 36.276 41.9476

9.7758 33.086 39.8946
11.8918 34.856 37.3206
14.1178 36.262 40.0266
14.5088 32.925 41.7986
15.5008 31.171 38.5656
18.0558 33.877 37.8726
19.4048 33.68 41.4006
19.8168 29.923 40.9136
21.5328 30.285 37.5606
23.9718 32.769 39.0646
24.5188 30.403 41.9856
25.1988 27.584 39.5356
27.8028 29.558 37.5396
29.6138 30.081 40.8456
29.9688 26.417 41.8606
30.6258 25.279 38.2896

34.0368 27.007 38.0866
35.0538 25.754 34.6216
31.5358 26.321 33.3116
31.3308 22.907 31.6916
27.8278 22.484 33.0476
28.6218 20.009 35.8236
29.5178 20.607 39.4256
32.2368 18.158 40.4116
33.1998 17.184 43.9566

36.3738 19.254 43.6376
34.2878 22.317 42.7166
31.8138 21.857 45.5366
34.8008 21.712 47.8796
36.5928 24.669 46.2926
33.4168 26.572 47.2256
36.2358 26.235 51.5586
36.2768 29.733 50.0346
32.8778 30.262 51.6736
34.0898 29.502 55.1956

32.1888 26.259 55.6516
34.3598 23.375 56.8106
33.3678 19.871 55.8116
35.0918 16.508 55.5256
35.5878 15.246 51.9796

33.2938 12.285 52.6806
30.6408 14.902 53.4596
31.4758 16.951 50.3436
31.1108 13.707 48.4186
27.7628 12.996 50.0416
27.1668 15.286 45.4286
26.0188 11.656 45.7876
22.5308 12.693 46.8726
22.2678 15.583 44.3846

23.5447 13.2232 41.6385
26.1229 10.5465 40.6283
25.8377 6.86724 40.998
26.0399 6.59458 44.8481
27.107 3.96899 47.3572
30.4461 2.57961 46.3435
33.5647 0.479727 47.1866
36.6886 2.36796 46.3532
37.6832 2.03088 42.7686
39.409 2.8621 39.382

40.4508 0.188019 36.8907
39.2981 -2.57697 39.2293
35.921 -0.899933 39.7042
35.4533 -0.559365 35.9481

33.9963 -3.70037 37.5151
31.7103 0.824635 40.0911
31.0233 -2.44937 41.8771

End chain 1
