9.675 45.053 37.07
10.06 47.656 34.334
11.345 51.215 34.643
9.093 54.194 33.894

10.941 54.669 30.614
10.587 51.147 29.357
6.872 51.146 30.143
6.375 54.381 28.128
8.313 52.981 25.228
6.406 49.72 25.337
3.144 51.624 25.507
4.068 53.646 22.383
4.862 50.444 20.445
1.723 48.722 21.697
-0.413 51.697 20.656
1.114 51.623 17.211
-0.251 48.063 16.774
-3.552 48.834 18.489

-4.83 50.903 15.547
-8.5 50.66 16.584
-7.793 51.729 20.147
-9.689 48.952 21.884
-6.734 48.302 24.221
-5.89 44.868 22.816

-3.836 43.256 20.059
-3.993 39.759 18.46
-1.443 37.06 19.349

-0.031 37.433 15.806
0.531 41.169 16.353
2.142 40.171 19.691
5.07 38.397 18.022
5.507 41.183 15.474
5.508 43.89 18.161

10.362 41.534 17.509

10.189 45.265 16.764
11.203 45.799 20.383
14.158 43.45 20.06

15.3325 45.6872 17.3203
16.9206 48.4929 15.2518
17.2094 52.1166 14.4589
16.822 52.705 10.6422
13.6412 51.1153 11.9496

11.9258 51.1953 15.3399
13.7262 54.4065 16.2831
12.7012 56.0551 13.0159
9.06831 55.0747 13.5487
9.09881 56.5017 17.0709

5.92581 60.7887 16.7009

4.20081 57.7717 18.2819
5.85781 58.5507 21.5929
4.98281 62.2537 21.8059
1.77681 62.2167 19.7699

-0.288188 59.7427 21.8139
-3.41019 60.1937 19.6469
-1.76619 58.9837 16.4359
-3.90019 61.3727 14.3319
-1.28519 62.7147 11.9529
-0.910188 66.2557 13.2889

1.23081 67.7507 16.0259
1.11081 71.0737 17.7979
3.70081 73.6287 18.7289

4.51181 72.4117 22.2519
4.73681 68.8337 20.9359
7.06481 70.1477 18.2459
9.22681 71.9207 20.8129

9.45781 68.7047 22.8429
14.4708 69.3047 22.3979
14.7858 65.5427 22.2449
16.4358 65.5507 18.8059
19.7728 66.1217 23.2119

20.2528 62.9317 21.1589
22.3688 64.7017 18.5849
24.5948 66.1077 21.2909
24.9858 62.7707 23.0629
25.9778 61.0167 19.8299
28.5328 63.7227 19.1369
29.8818 63.5257 22.6649
30.2938 59.7687 22.1779
32.0098 60.1307 18.8249
34.4488 62.6147 20.3289
34.9958 60.2487 23.2499
35.6758 57.4297 20.7999
38.2798 59.4037 18.8039
40.0908 59.9267 22.1099
40.4458 56.2627 23.1249
41.1028 55.1247 19.5539

44.5138 56.8527 19.3509
45.5308 55.5997 15.8859
42.0128 56.1667 14.5759
41.8078 52.7527 12.9559
38.3048 52.3297 14.3119
39.0988 49.8547 17.0879
39.9948 50.4527 20.6899
42.7138 48.0037 21.6759
43.6768 47.0297 25.2209

46.8508 49.0997 24.9019
44.7648 52.1627 23.9809
42.2908 51.7027 26.8009
45.2778 51.5577 29.1439
47.0698 54.5147 27.5569
43.8938 56.4177 28.4899
46.7128 56.0807 32.8229
46.7538 59.5787 31.2989
43.3548 60.1077 32.9379
44.5668 59.3477 36.4599

42.6658 56.1047 36.9159
44.8368 53.2207 38.0749
43.8448 49.7167 37.0759
45.5688 46.3537 36.7899
46.0648 45.0917 33.2439

43.7708 42.1307 33.9449
41.1178 44.7477 34.7239
41.9528 46.7967 31.6079
41.5878 43.5527 29.6829
38.2398 42.8417 31.3059
37.6438 45.1317 26.6929
36.4958 41.5017 27.0519
33.0078 42.5387 28.1369
32.7448 45.4287 25.6489

33.9954 43.0844 22.8015
32.8433 39.9804 24.4662
31.2842 36.5355 25.237
28.2795 38.8315 26.0882
27.1461 42.037 24.546
28.1305 41.3135 20.9616
24.5019 40.6207 19.7562
24.8225 36.7439 19.6214
25.1841 33.0692 18.523
21.7427 33.1281 20.3382

20.4826 29.9618 18.6561
17.8436 29.4673 21.3457
16.6408 33.0518 20.9609
16.3554 32.6536 17.1922

14.8984 29.5126 18.7592
12.6124 34.0376 21.3352
11.9254 30.7636 23.1212

End chain 1
