28.422 55.412 128.746
26.585 52.466 130.299

28.171 52.666 133.746
27.666 56.436 133.804
23.987 55.468 133.716
24.443 52.827 136.422
26.108 55.456 138.622
23.096 57.675 137.95
20.515 55.099 138.99
22.579 54.604 142.156
22.386 58.351 142.807
18.65 58.418 142.058
17.944 55.62 144.549
19.865 57.433 147.285
17.944 60.663 146.691
14.628 58.802 146.456

14.568 58.126 150.193
11.242 56.298 150.293
11.816 54.283 147.128
8.593 55.291 145.378
10.47 56.019 142.135
10.009 59.825 142.404
12.073 62.656 143.9
10.114 65.344 145.775
11.215 68.834 146.805

11.654 67.495 150.326
13.909 64.645 149.206
15.82 67.046 146.977
16.201 69.561 149.811
17.576 66.911 152.158
20.327 66.169 149.641
21.067 69.825 148.898
21.233 70.612 152.617
23.582 67.665 153.226
26.038 69.29 150.765

26.271 72.672 152.496
23.522 74.428 150.53
20.485 76.32 151.832
18.085 76.481 148.868
14.662 77.966 149.435
11.542 75.947 148.727

10.976 78.134 145.628
14.485 77.249 144.445
13.862 73.514 144.976
10.592 73.698 143.031
12.552 75.523 140.304
15.154 72.766 140.072
12.341 70.263 139.631

13.502 72.747 134.992
13.454 68.993 134.188
9.807 68.193 134.958
8.775 67.047 131.501
5.433 65.565 132.58
4.558 68.471 134.875
3.698 66.445 138.002
6.035 68.267 140.414
8.405 65.333 141.051
11.482 63.939 139.315
11.363 60.426 137.904
14.403 58.622 136.614

14.142 59.822 132.974
13.795 63.453 134.095
16.666 62.837 136.519
18.887 61.932 133.573
18.035 65.365 132.195
19.104 66.796 135.531
22.272 64.668 135.676
22.946 65.739 132.088

23.7528 69.2492 133.133
23.4067 71.0729 136.535
21.7964 70.7095 139.903
24.9894 70.3964 141.922

28.3458 72.1739 142.055
29.5236 69.9425 144.897
28.5191 66.8146 142.987
30.3946 67.9836 139.895
33.5268 68.6684 141.935
33.3753 65.2119 143.508
33.0222 63.5704 140.098
36.0177 65.4869 138.758
38.1387 64.4452 141.734
37.1921 60.7959 141.255
38.1057 60.9429 137.569
41.4892 62.4774 138.369
42.2188 59.7699 140.934
41.3314 57.0379 138.446
43.6173 58.5559 135.817
46.5006 58.7327 138.286

48.3516 55.527 138.363
52.122 56.0374 138.234
55.1159 58.4543 138.83
55.4689 57.7356 142.476
54.6889 56.5158 145.899
53.2651 59.6433 147.33
53.4925 62.7542 149.361
52.1675 61.0043 152.404
49.0548 59.5634 154.132

50.1892 55.9886 153.518
48.0446 54.7134 156.385
44.9956 56.5453 155.046
45.5162 55.0791 151.579
45.7943 51.5656 153.001
42.5806 52.0081 154.981
40.7316 53.2267 151.892
41.9357 50.2399 149.874
40.7941 47.8284 152.58
37.3531 49.4373 152.698

36.9184 48.477 148.993
36.3315 45.2224 146.94
36.5217 41.54 146.495
32.8139 41.0963 145.756
29.3602 42.0627 146.769
28.4735 43.8058 143.588

28.027 46.0914 140.585
29.3297 49.0775 142.541
32.3942 47.1292 143.662
33.1434 46.0659 140.091
32.8748 49.6526 138.864
35.2486 50.8602 141.575
37.7911 48.1821 140.677
37.637 49.1319 137
38.1806 52.8015 137.826
41.1967 51.9693 139.983

43.0769 50.3888 136.998
45.5086 50.2312 133.995
48.2225 50.168 131.31
48.4478 46.6215 132.341
45.0519 45.142 132.017
44.111 44.0616 135.563
46.2455 46.6233 137.426
48.4835 48.9467 139.419
46.0547 48.6346 142.354
42.9439 46.6351 142.865

45.6026 44.2657 141.539
44.9028 41.7697 144.318
41.1727 41.8653 143.596
41.7749 41.2546 139.894
44.0152 38.2794 140.65
41.3969 36.7702 142.955

41.7719 35.2412 146.437
41.5919 38.6352 148.265

End chain 1
