28.422 55.412 128.746
26.585 52.466 130.299

28.171 52.666 133.746
27.666 56.436 133.804
23.987 55.468 133.716
24.443 52.827 136.422
26.108 55.456 138.622
23.096 57.675 137.95
20.515 55.099 138.99
22.579 54.604 142.156
22.386 58.351 142.807
18.65 58.418 142.058
17.944 55.62 144.549
19.865 57.433 147.285
17.944 60.663 146.691
14.628 58.802 146.456

14.568 58.126 150.193
11.242 56.298 150.293
11.816 54.283 147.128
8.593 55.291 145.378
10.47 56.019 142.135
10.009 59.825 142.404
12.073 62.656 143.9
10.114 65.344 145.775
11.215 68.834 146.805

11.654 67.495 150.326
13.909 64.645 149.206
15.82 67.046 146.977
16.201 69.561 149.811
17.576 66.911 152.158
20.327 66.169 149.641
21.067 69.825 148.898
21.233 70.612 152.617
23.582 67.665 153.226
26.038 69.29 150.765

25.7022 72.5979 152.521
26.4485 75.5505 150.352
27.7354 78.6525 148.419
26.7621 79.5164 144.818
25.926 81.6604 141.852
29.3141 81.0241 140.26

32.8655 80.7067 138.945
33.7823 78.2848 141.726
30.7328 76.1384 140.994
31.5923 76.0079 137.295
35.1621 74.9542 138.062
33.9519 72.1811 140.362
31.5674 70.8839 137.702

32.7284 73.3679 133.063
32.6804 69.6139 132.259
29.0334 68.8139 133.029
28.0014 67.6679 129.572
24.6594 66.1859 130.651
23.7844 69.0919 132.946
22.9244 67.0659 136.073
25.2614 68.8879 138.485
27.6314 65.9539 139.122
30.7084 64.5599 137.386
30.5894 61.0469 135.975
33.6294 59.2429 134.685

33.3684 60.4429 131.045
33.0214 64.0739 132.166
35.8924 63.4579 134.59
38.1134 62.5529 131.644
37.2614 65.9859 130.266
38.3304 67.4169 133.602
41.4984 65.2889 133.747
42.1724 66.3599 130.159

40.8456 69.9211 129.311
39.425 73.4468 129.618
38.8803 77.2952 129.518
36.4518 80.2177 129.529

36.5494 83.3532 127.384
38.7788 85.1234 129.902
41.1805 82.1795 129.991
41.3952 82.1157 126.197
42.1403 85.8405 126.08
44.902 85.4678 128.664
46.4853 82.6231 126.703
46.4306 84.6703 123.502
48.0806 87.6175 125.244
50.8209 85.3837 126.638
51.5061 83.9147 123.2
51.7615 87.381 121.663
54.21 88.4965 124.347
56.3837 85.4322 123.774
56.4525 86.0617 120.027
57.4725 89.6842 120.557

60.3756 87.408 121.054
62.7559 84.334 121
65.2859 81.4618 120.932
64.0047 79.9993 117.578
63.208 77.0391 119.785
60.8676 78.8082 122.045
63.0998 79.6617 124.893
62.9888 76.4184 127.01
61.7005 73.1821 125.427

60.252 69.6727 125.256
57.8682 70.4126 128.121
56.6778 73.6037 126.435
56.0393 71.758 123.175
54.03 69.0795 124.973
51.9093 71.7055 126.719
51.1952 73.4597 123.425
50.1405 70.1895 121.801
47.7887 69.4057 124.681
46.1943 72.8472 124.443

42.8693 71.0602 123.915
40.7703 73.9082 122.491
40.0123 73.5752 118.791
38.1303 76.6042 117.512
37.0053 77.0672 113.932
38.9663 79.1032 111.413

36.6803 82.1332 111.704
36.5813 82.0622 115.504
40.3683 82.3682 115.341
40.2973 85.1082 112.7
37.8803 87.1172 114.856
39.9403 86.6642 118.038
42.9573 88.1372 116.209
40.7643 90.9092 114.714
39.2343 91.8372 118.089
42.5683 92.2122 119.899

43.136 95.272 117.711
45.9829 95.1467 115.294
48.3513 94.9711 112.235
51.7138 93.2217 111.548
52.7725 96.1674 109.493
55.1294 98.8192 110.942
58.2823 97.0916 109.944
60.3508 98.8523 107.288
59.1417 98.7898 103.654
62.251 97.0628 102.26

64.7572 94.9847 104.221
62.0192 93.6505 106.494
59.8813 92.675 103.507
62.7947 90.8404 101.898
63.4849 88.9231 105.106
59.8382 87.8915 105.388

60.2132 86.3625 108.87
60.0332 89.7565 110.698

End chain 1
