28.422 55.412 128.746
26.585 52.466 130.299

28.171 52.666 133.746
27.666 56.436 133.804
23.987 55.468 133.716
24.443 52.827 136.422
26.108 55.456 138.622
23.096 57.675 137.95
20.515 55.099 138.99
22.579 54.604 142.156
22.386 58.351 142.807
18.65 58.418 142.058
17.944 55.62 144.549
19.865 57.433 147.285
17.944 60.663 146.691
14.628 58.802 146.456

14.568 58.126 150.193
11.242 56.298 150.293
11.816 54.283 147.128
8.593 55.291 145.378
10.47 56.019 142.135
10.009 59.825 142.404
12.073 62.656 143.9
10.114 65.344 145.775
11.215 68.834 146.805

11.654 67.495 150.326
13.909 64.645 149.206
15.82 67.046 146.977
16.201 69.561 149.811
17.576 66.911 152.158
20.327 66.169 149.641
21.067 69.825 148.898
21.233 70.612 152.617
23.582 67.665 153.226
26.038 69.29 150.765

25.7022 72.5979 152.521
26.4485 75.5505 150.352
27.7354 78.6525 148.419
26.7621 79.5164 144.818
25.926 81.6604 141.852
29.3141 81.0241 140.26

32.8655 80.7067 138.945
33.7823 78.2848 141.726
30.7328 76.1384 140.994
31.5923 76.0079 137.295
35.1621 74.9542 138.062
33.9519 72.1811 140.362
31.5674 70.8839 137.702

32.7284 73.3679 133.063
32.6804 69.6139 132.259
29.0334 68.8139 133.029
28.0014 67.6679 129.572
24.6594 66.1859 130.651
23.7844 69.0919 132.946
22.9244 67.0659 136.073
25.2614 68.8879 138.485
27.6314 65.9539 139.122
30.7084 64.5599 137.386
30.5894 61.0469 135.975
33.6294 59.2429 134.685

33.3684 60.4429 131.045
33.0214 64.0739 132.166
35.8924 63.4579 134.59
38.1134 62.5529 131.644
37.2614 65.9859 130.266
38.3304 67.4169 133.602
41.4984 65.2889 133.747
42.1724 66.3599 130.159

40.8456 69.9211 129.311
39.425 73.4468 129.618
38.8803 77.2952 129.518
36.4518 80.2177 129.529

36.5494 83.3532 127.384
38.7788 85.1234 129.902
41.1805 82.1795 129.991
41.3952 82.1157 126.197
42.1403 85.8405 126.08
44.902 85.4678 128.664
46.4853 82.6231 126.703
46.4306 84.6703 123.502
48.0806 87.6175 125.244
50.8209 85.3837 126.638
51.5061 83.9147 123.2
51.7615 87.381 121.663
54.21 88.4965 124.347
56.3837 85.4322 123.774
56.4525 86.0617 120.027
57.4725 89.6842 120.557

60.3756 87.408 121.054
62.7559 84.334 121
65.2859 81.4618 120.932
64.0047 79.9993 117.578
63.208 77.0391 119.785
60.8676 78.8082 122.045
63.0998 79.6617 124.893
62.9888 76.4184 127.01
61.7005 73.1821 125.427

60.252 69.6727 125.256
57.8682 70.4126 128.121
56.6778 73.6037 126.435
56.0393 71.758 123.175
54.03 69.0795 124.973
51.9093 71.7055 126.719
51.1952 73.4597 123.425
50.1405 70.1895 121.801
47.7887 69.4057 124.681
46.1943 72.8472 124.443

44.8556 72.4052 120.998
42.3556 72.0674 118.125
39.9181 71.4823 115.219
37.1185 71.9132 112.706
34.7454 70.3092 115.082
35.0999 70.0467 118.779

32.1247 72.1911 119.775
34.1703 73.9594 122.446
36.955 74.6915 119.965
34.4813 76.1326 117.466
32.9583 78.3821 120.124
36.3881 79.6629 121.143
37.2757 80.4464 117.532
34.0275 82.3586 117.047
34.6504 84.4053 120.188
38.1652 85.2801 119.037

39.4239 87.8606 116.415
43.1297 87.238 116.007
46.7796 88.398 115.801
47.1065 86.3047 112.548
49.5817 83.5718 113.662
52.5198 84.0132 111.354
51.7274 80.6487 109.766
49.992 79.9139 106.541
46.9922 78.1669 108.008
45.712 74.8299 109.505

49.1714 73.2682 109.695
48.0889 70.9811 112.531
45.0301 69.8497 110.58
47.1483 69.0724 107.522
49.5793 67.0256 109.606
46.7327 65.0326 111.144

47.1077 63.5036 114.626
46.9277 66.8976 116.454

End chain 1
