9.675 45.053 37.07
10.06 47.656 34.334
11.345 51.215 34.643
9.093 54.194 33.894

10.941 54.669 30.614
10.587 51.147 29.357
6.872 51.146 30.143
6.375 54.381 28.128
8.313 52.981 25.228
6.406 49.72 25.337
3.144 51.624 25.507
4.068 53.646 22.383
4.862 50.444 20.445
1.723 48.722 21.697
-0.413 51.697 20.656
1.114 51.623 17.211
-0.251 48.063 16.774
-3.552 48.834 18.489

-4.83 50.903 15.547
-8.5 50.66 16.584
-7.793 51.729 20.147
-9.689 48.952 21.884
-6.734 48.302 24.221
-5.89 44.868 22.816

-3.836 43.256 20.059
-3.993 39.759 18.46
-1.443 37.06 19.349

-0.031 37.433 15.806
0.531 41.169 16.353
2.142 40.171 19.691
5.07 38.397 18.022
5.507 41.183 15.474
5.508 43.89 18.161

10.362 41.534 17.509

10.189 45.265 16.764
11.203 45.799 20.383
14.158 43.45 20.06

12.641 40.294 21.555
13.144 37.184 19.397
11.26 34.223 20.869
10.92 30.933 19.016
7.424 29.794 17.978

7.342 27.485 20.988
8.487 30.085 23.497
5.976 32.602 22.155
3.075 30.15 22.314
3.943 28.973 25.836

0.77 33.26 25.466

-0.955 30.243 27.047
0.702 31.022 30.358
-0.173 34.725 30.571
-3.379 34.688 28.535

-4.79297 32.1542 30.9323
-7.91839 33.7218 32.1566
-11.0957 35.3976 33.5689
-14.7356 34.4078 33.1309
-17.5237 35.9367 31.1245
-20.8164 37.3238 29.9185

-20.0789 39.072 33.1908
-19.0591 40.8256 36.4531
-18.6641 43.5827 39.17

-17.8531 42.3657 42.693
-17.6281 38.7877 41.377
-15.3001 40.1017 38.687
-13.1381 41.8747 41.254

-12.9071 38.6587 43.284
-7.89407 39.2587 42.839
-7.57907 35.4967 42.686
-5.92907 35.5047 39.247
-2.59207 36.0757 43.653

-2.11207 32.8857 41.6
0.00393028 34.6557 39.026
2.22993 36.0617 41.732
2.62093 32.7247 43.504
3.61293 30.9707 40.271
6.16793 33.6767 39.578
7.51693 33.4797 43.106
7.92893 29.7227 42.619
9.64493 30.0847 39.266
12.0839 32.5687 40.77
12.6309 30.2027 43.691
13.3109 27.3837 41.241
15.9149 29.3577 39.245
17.7259 29.8807 42.551
18.0809 26.2167 43.566
18.7379 25.0787 39.995

22.1489 26.8067 39.792
23.1659 25.5537 36.327
19.6479 26.1207 35.017
19.4429 22.7067 33.397
15.9399 22.2837 34.753
16.7339 19.8087 37.529
17.6299 20.4067 41.131
20.3489 17.9577 42.117
21.3119 16.9837 45.662

24.4859 19.0537 45.343
22.3999 22.1167 44.422
19.9259 21.6567 47.242
22.9129 21.5117 49.585
24.7049 24.4687 47.998
21.5289 26.3717 48.931
24.3479 26.0347 53.264
24.3889 29.5327 51.74
20.9899 30.0617 53.379
22.2019 29.3017 56.901

20.3009 26.0587 57.357
22.4719 23.1747 58.516
21.4799 19.6707 57.517
23.2039 16.3077 57.231
23.6999 15.0457 53.685

21.4059 12.0847 54.386
18.7529 14.7017 55.165
19.5879 16.7507 52.049
19.2229 13.5067 50.124
15.8749 12.7957 51.747
15.2789 15.0857 47.134
14.1309 11.4557 47.493
10.6429 12.4927 48.578
10.3799 15.3827 46.09

11.1739 12.461 43.6477
11.7811 11.9126 40.0172
12.7105 10.7179 36.5334
9.58482 11.5744 34.6599
6.38345 10.1228 33.4282
6.38454 11.0134 29.7985
9.1599 12.3488 27.7201
10.1073 13.8819 30.9711
8.88817 17.3392 31.6137
6.62914 15.5367 34.1329

5.72276 12.735 36.5354
3.46062 15.0469 38.5306
1.68384 16.1924 35.3725
1.10685 12.5992 34.2777

-0.350148 9.4582 35.8447
-2.63615 13.9832 38.4207
-3.32315 10.7092 40.2067

End chain 1
