9.675 45.053 37.07
10.06 47.656 34.334
11.345 51.215 34.643
9.093 54.194 33.894

10.941 54.669 30.614
10.587 51.147 29.357
6.872 51.146 30.143
6.375 54.381 28.128
8.313 52.981 25.228
6.406 49.72 25.337
3.144 51.624 25.507
4.068 53.646 22.383
4.862 50.444 20.445
1.723 48.722 21.697
-0.413 51.697 20.656
1.114 51.623 17.211
-0.251 48.063 16.774
-3.552 48.834 18.489

-4.83 50.903 15.547
-8.5 50.66 16.584
-7.793 51.729 20.147
-9.689 48.952 21.884
-6.734 48.302 24.221
-5.89 44.868 22.816

-3.836 43.256 20.059
-3.993 39.759 18.46
-1.443 37.06 19.349

-0.031 37.433 15.806
0.531 41.169 16.353
2.142 40.171 19.691
5.07 38.397 18.022
5.507 41.183 15.474
5.508 43.89 18.161

10.362 41.534 17.509

10.189 45.265 16.764
11.203 45.799 20.383
14.158 43.45 20.06

15.4666 42.2128 16.7676
12.9573 41.4272 14.0046
11.8986 38.0895 12.4442
13.0401 37.2179 15.9441
14.6512 37.0589 19.4799

14.6943 33.4299 20.6075
12.038 34.1145 23.2377
9.80765 35.8246 20.6795
10.1399 32.8915 18.2859
9.22267 30.425 21.0278

6.04967 34.712 20.6578

4.32467 31.695 22.2388
5.98167 32.474 25.5498
5.10667 36.177 25.7628
1.90067 36.14 23.7268

0.486694 33.6062 26.1241
-2.63873 35.1738 27.3484
-5.81602 36.8496 28.7607
-9.45597 35.8598 28.3227
-12.244 37.3887 26.3162
-15.5367 38.7758 25.1103

-14.7993 40.5239 28.3826
-13.7794 42.2776 31.6449
-13.3844 45.0347 34.3617

-12.5734 43.8177 37.8847
-12.3484 40.2397 36.5687
-10.0204 41.5537 33.8787
-7.8584 43.3267 36.4457

-7.6274 40.1107 38.4757
-2.6144 40.7107 38.0307
-2.2994 36.9487 37.8777
-0.649405 36.9567 34.4387
2.6876 37.5277 38.8447

3.1676 34.3377 36.7917
5.2836 36.1077 34.2177
7.5096 37.5137 36.9237
7.9006 34.1767 38.6957
8.8926 32.4227 35.4627
11.4476 35.1287 34.7697
12.7966 34.9317 38.2977
13.2086 31.1747 37.8107
14.9246 31.5367 34.4577
17.3636 34.0207 35.9617
17.9106 31.6547 38.8827
18.5906 28.8357 36.4327
21.1946 30.8097 34.4367
23.0056 31.3327 37.7427
23.3606 27.6687 38.7577
24.0176 26.5307 35.1867

27.4286 28.2587 34.9837
28.4456 27.0057 31.5187
24.9276 27.5727 30.2087
24.7226 24.1587 28.5887
21.2196 23.7357 29.9447
22.0136 21.2607 32.7207
22.9096 21.8587 36.3227
25.6286 19.4097 37.3087
26.5916 18.4357 40.8537

29.7656 20.5057 40.5347
27.6796 23.5687 39.6137
25.2056 23.1087 42.4337
28.1926 22.9637 44.7767
29.9846 25.9207 43.1897
26.8086 27.8237 44.1227
29.6276 27.4867 48.4557
29.6686 30.9847 46.9317
26.2696 31.5137 48.5707
27.4816 30.7537 52.0927

25.5806 27.5107 52.5487
27.7516 24.6267 53.7077
26.7596 21.1227 52.7087
28.4836 17.7597 52.4227
28.9796 16.4977 48.8767

26.6856 13.5367 49.5777
24.0326 16.1537 50.3567
24.8676 18.2027 47.2407
24.5026 14.9587 45.3157
21.1546 14.2477 46.9387
20.5586 16.5377 42.3257
19.4106 12.9077 42.6847
15.9226 13.9447 43.7697
15.6596 16.8347 41.2817

16.6518 14.6226 38.2437
18.264 11.937 35.9903
18.6633 13.6478 32.6907
18.9255 15.2082 29.1556
20.1348 11.6697 29.3641
21.4535 8.10411 29.8117
24.3173 7.18928 27.4902
26.9537 6.71789 30.1236
24.4778 7.06564 32.98
25.8279 8.75606 36.2082

26.6018 6.20171 38.9136
23.3085 6.91956 40.669
21.3752 6.49419 37.4249
23.0722 3.16397 36.7373

21.6152 0.0229685 38.3043
19.3292 4.54797 40.8803
18.6422 1.27397 42.6663

End chain 1
