28.422 55.412 128.746
26.585 52.466 130.299

28.171 52.666 133.746
27.666 56.436 133.804
23.987 55.468 133.716
24.443 52.827 136.422
26.108 55.456 138.622
23.096 57.675 137.95
20.515 55.099 138.99
22.579 54.604 142.156
22.386 58.351 142.807
18.65 58.418 142.058
17.944 55.62 144.549
19.865 57.433 147.285
17.944 60.663 146.691
14.628 58.802 146.456

14.568 58.126 150.193
11.242 56.298 150.293
11.816 54.283 147.128
8.593 55.291 145.378
10.47 56.019 142.135
10.009 59.825 142.404
12.073 62.656 143.9
10.114 65.344 145.775
11.215 68.834 146.805

11.654 67.495 150.326
13.909 64.645 149.206
15.82 67.046 146.977
16.201 69.561 149.811
17.576 66.911 152.158
20.327 66.169 149.641
21.067 69.825 148.898
21.233 70.612 152.617
23.582 67.665 153.226
26.038 69.29 150.765

25.6716 72.8054 152.123
27.7287 74.1248 149.304
26.1229 77.4996 148.968
28.6282 79.9769 150.358
29.6428 80.5536 153.941
32.0083 77.561 153.952

35.5994 76.7144 154.864
34.4472 74.2946 157.558
32.096 72.558 155.129
34.8733 72.1751 152.564
37.2017 70.6739 155.165
34.5458 68.1785 156.243
33.9405 67.1208 152.643

35.1015 69.6048 148.004
35.0535 65.8508 147.2
31.4065 65.0508 147.97
30.3745 63.9048 144.513
27.0325 62.4228 145.592
26.1575 65.3288 147.887
25.2975 63.3028 151.014
27.6345 65.1248 153.426
30.0045 62.1908 154.063
33.0815 60.7968 152.327
32.9625 57.2838 150.916
36.0025 55.4798 149.626

35.7415 56.6798 145.986
35.3945 60.3108 147.107
38.2655 59.6948 149.531
40.4865 58.7898 146.585
39.6345 62.2228 145.207
40.7035 63.6538 148.543
43.8715 61.5258 148.688
44.5455 62.5968 145.1

43.2187 66.1579 144.252
41.7981 69.6836 144.56
41.2534 73.532 144.459
38.8249 76.4546 144.471

38.9226 79.59 142.325
41.1519 81.3603 144.843
43.5537 78.4164 144.932
43.7684 78.3525 141.138
44.5134 82.0773 141.021
47.2751 81.7047 143.605
48.8584 78.86 141.644
48.8037 80.9072 138.443
50.4538 83.8544 140.185
53.194 81.6206 141.579
53.8793 80.1516 138.142
54.1346 83.6179 136.605
56.5831 84.7334 139.289
58.7568 81.6691 138.716
58.8256 82.2986 134.969
59.8456 85.9211 135.498

62.7487 83.6449 135.995
65.129 80.5709 135.942
67.659 77.6986 135.873
66.3779 76.2362 132.52
65.5811 73.276 134.726
63.2407 75.0451 136.986
65.4729 75.8986 139.834
65.3619 72.6553 141.951
64.0736 69.419 140.368

62.6251 65.9096 140.197
60.2413 66.6495 143.063
59.051 69.8406 141.377
58.4124 67.9949 138.117
56.4031 65.3164 139.914
54.2825 67.9424 141.661
53.5684 69.6966 138.366
52.5136 66.4264 136.742
50.1618 65.6426 139.623
48.5674 69.0841 139.385

45.2424 67.2971 138.857
43.1434 70.1451 137.433
42.3854 69.8121 133.733
40.5034 72.8411 132.454
39.3784 73.3041 128.874
41.3394 75.3401 126.355

39.0534 78.3701 126.646
38.9544 78.2991 130.446
42.7414 78.6051 130.283
42.6704 81.3451 127.642
40.2534 83.3541 129.798
42.3134 82.9011 132.98
45.3304 84.3741 131.151
43.1374 87.1461 129.656
41.6074 88.0741 133.031
44.9414 88.4491 134.841

45.5092 91.5089 132.653
48.356 91.3836 130.235
50.7245 91.208 127.176
54.0869 89.4586 126.489
55.1456 92.4043 124.434
57.5025 95.0561 125.884
60.6554 93.3285 124.886
62.724 95.0892 122.229
61.5148 95.0267 118.596
64.6241 93.2997 117.201

67.1303 91.2216 119.162
64.3924 89.8874 121.435
62.2544 88.9119 118.448
65.1679 87.0773 116.839
65.8581 85.16 120.047
62.2113 84.1284 120.329

62.5863 82.5994 123.811
62.4063 85.9934 125.639

End chain 1
