28.422 55.412 128.746
26.585 52.466 130.299

28.171 52.666 133.746
27.666 56.436 133.804
23.987 55.468 133.716
24.443 52.827 136.422
26.108 55.456 138.622
23.096 57.675 137.95
20.515 55.099 138.99
22.579 54.604 142.156
22.386 58.351 142.807
18.65 58.418 142.058
17.944 55.62 144.549
19.865 57.433 147.285
17.944 60.663 146.691
14.628 58.802 146.456

14.568 58.126 150.193
11.242 56.298 150.293
11.816 54.283 147.128
8.593 55.291 145.378
10.47 56.019 142.135
10.009 59.825 142.404
12.073 62.656 143.9
10.114 65.344 145.775
11.215 68.834 146.805

11.654 67.495 150.326
13.909 64.645 149.206
15.82 67.046 146.977
16.201 69.561 149.811
17.576 66.911 152.158
20.327 66.169 149.641
21.067 69.825 148.898
21.233 70.612 152.617
23.582 67.665 153.226
26.038 69.29 150.765

26.271 72.672 152.496
23.522 74.428 150.53
20.485 76.32 151.832
18.085 76.481 148.868
14.662 77.966 149.435
11.542 75.947 148.727

10.976 78.134 145.628
14.485 77.249 144.445
13.862 73.514 144.976
10.592 73.698 143.031
12.552 75.523 140.304
15.154 72.766 140.072
12.341 70.263 139.631

13.502 72.747 134.992
13.454 68.993 134.188
9.807 68.193 134.958
8.775 67.047 131.501
5.433 65.565 132.58
4.558 68.471 134.875
3.698 66.445 138.002
6.035 68.267 140.414
8.405 65.333 141.051
11.482 63.939 139.315
11.363 60.426 137.904
14.403 58.622 136.614

14.142 59.822 132.974
13.795 63.453 134.095
16.666 62.837 136.519
18.887 61.932 133.573
18.035 65.365 132.195
19.104 66.796 135.531
22.272 64.668 135.676
22.946 65.739 132.088

21.6947 69.1592 130.728
24.4362 71.6889 130.295
27.0832 74.3299 130.193
29.618 76.5942 128.587

30.1582 80.0588 130.053
32.676 78.7112 132.561
34.599 76.9216 129.814
34.7356 80.0862 127.714
36.0409 82.1008 130.66
38.7572 79.5308 131.339
39.8513 79.584 127.7
40.0557 83.3788 127.716
42.1682 83.3482 130.875
44.5572 80.8052 129.369
44.9493 82.8949 126.219
45.7066 86.0084 128.262
48.3434 84.1601 130.281
50.0111 82.8825 127.114
50.1106 86.3833 125.638
51.6832 87.7779 128.804

54.5863 85.5017 129.302
56.9666 82.4278 129.248
59.4966 79.5555 129.179
58.2155 78.0931 125.826
57.4187 75.1328 128.033
55.0783 76.902 130.293
57.3105 77.7554 133.141
57.1995 74.5121 135.257
55.9112 71.2758 133.674

54.4627 67.7665 133.503
52.0789 68.5064 136.369
50.8886 71.6975 134.683
50.25 69.8517 131.423
48.2407 67.1732 133.22
46.1201 69.7992 134.967
45.406 71.5534 131.672
44.3512 68.2833 130.048
41.9994 67.4994 132.929
40.405 70.941 132.691

37.08 69.154 132.163
34.981 72.002 130.739
34.223 71.669 127.039
32.341 74.698 125.76
31.216 75.161 122.18
33.177 77.197 119.661

30.891 80.227 119.952
30.792 80.156 123.752
34.579 80.462 123.589
34.508 83.202 120.948
32.091 85.211 123.104
34.151 84.758 126.286
37.168 86.231 124.457
34.975 89.003 122.962
33.445 89.931 126.337
36.779 90.306 128.147

38.583 91.747 125.078
38.572 95.413 126.076
41.064 96.874 123.591
39.621 94.856 120.681
42.775 93.048 119.545
40.947 89.695 119.666
42.856 88.269 122.653
42.724 88.568 126.449
45.737 90.112 128.135
46.511 90.092 131.836

44.718 93.294 132.818
41.661 92.118 130.898
41.902 88.732 132.663
41.983 90.53 136.04
38.969 92.612 135.026
37.021 89.666 133.695

37.396 88.137 137.177
37.216 91.531 139.005

End chain 1
