9.675 45.053 37.07
10.06 47.656 34.334
11.345 51.215 34.643
9.093 54.194 33.894

10.941 54.669 30.614
10.587 51.147 29.357
6.872 51.146 30.143
6.375 54.381 28.128
8.313 52.981 25.228
6.406 49.72 25.337
3.144 51.624 25.507
4.068 53.646 22.383
4.862 50.444 20.445
1.723 48.722 21.697
-0.413 51.697 20.656
1.114 51.623 17.211
-0.251 48.063 16.774
-3.552 48.834 18.489

-4.83 50.903 15.547
-8.5 50.66 16.584
-7.793 51.729 20.147
-9.689 48.952 21.884
-6.734 48.302 24.221
-5.89 44.868 22.816

-3.836 43.256 20.059
-3.993 39.759 18.46
-1.443 37.06 19.349

-0.031 37.433 15.806
0.531 41.169 16.353
2.142 40.171 19.691
5.07 38.397 18.022
5.507 41.183 15.474
5.508 43.89 18.161

10.362 41.534 17.509

10.189 45.265 16.764
11.203 45.799 20.383
14.158 43.45 20.06

15.4666 42.2128 16.7676
12.9573 41.4272 14.0046
11.8986 38.0895 12.4442
13.0401 37.2179 15.9441
14.6512 37.0589 19.4799

14.6943 33.4299 20.6075
12.038 34.1145 23.2377
9.80765 35.8246 20.6795
10.1399 32.8915 18.2859
9.22267 30.425 21.0278

6.04967 34.712 20.6578

4.32467 31.695 22.2388
5.98167 32.474 25.5498
5.10667 36.177 25.7628
1.90067 36.14 23.7268

0.451316 33.0649 25.2993
-3.23116 33.1008 26.2768
-6.92155 32.7684 26.9947
-9.74647 34.9674 28.4533
-8.13173 38.1899 27.2613
-9.19711 40.3297 24.3192

-10.9625 41.9343 27.2587
-10.1861 43.8255 30.5033
-9.20222 45.8253 33.694

-8.39122 44.6083 37.217
-8.16622 41.0303 35.901
-5.83822 42.3443 33.211
-3.67622 44.1173 35.778

-3.44522 40.9013 37.808
1.56778 41.5013 37.363
1.88278 37.7393 37.21
3.53278 37.7473 33.771
6.86978 38.3183 38.177

7.34978 35.1283 36.124
9.46578 36.8983 33.55
11.6918 38.3043 36.256
12.0828 34.9673 38.028
13.0748 33.2133 34.795
15.6298 35.9193 34.102
16.9788 35.7223 37.63
17.3908 31.9653 37.143
19.1068 32.3273 33.79
21.5458 34.8113 35.294
22.0928 32.4453 38.215
22.7728 29.6263 35.765
25.3768 31.6003 33.769
27.1878 32.1233 37.075
27.5428 28.4593 38.09
28.1998 27.3213 34.519

31.6108 29.0493 34.316
32.6278 27.7963 30.851
29.1098 28.3633 29.541
28.9048 24.9493 27.921
25.4018 24.5263 29.277
26.1958 22.0513 32.053
27.0918 22.6493 35.655
29.8108 20.2003 36.641
30.7738 19.2263 40.186

33.9478 21.2963 39.867
31.8618 24.3593 38.946
29.3878 23.8993 41.766
32.3748 23.7543 44.109
34.1668 26.7113 42.522
30.9908 28.6143 43.455
33.8098 28.2773 47.788
33.8508 31.7753 46.264
30.4518 32.3043 47.903
31.6638 31.5443 51.425

29.7628 28.3013 51.881
31.9338 25.4173 53.04
30.9418 21.9133 52.041
32.6658 18.5503 51.755
33.1618 17.2883 48.209

30.8678 14.3273 48.91
28.2148 16.9443 49.689
29.0498 18.9933 46.573
28.6848 15.7493 44.648
25.3368 15.0383 46.271
24.7408 17.3283 41.658
23.5928 13.6983 42.017
20.1048 14.7353 43.102
19.8418 17.6253 40.614

18.8874 15.8379 37.3304
18.8517 14.0331 34.0452
18.2978 12.8298 30.5538
21.8282 13.8987 29.9971
24.0806 13.9588 32.9485
26.5081 14.4031 35.7518
23.6915 16.1666 37.5763
24.4082 19.883 36.8981
21.8474 22.5497 36.5735
19.8066 22.7102 33.3978

16.5094 21.2628 34.6129
16.1507 24.0102 37.214
16.7958 26.6976 34.6054
14.1799 25.2095 32.2849

12.7229 22.0685 33.8519
10.4369 26.5935 36.4279
9.74986 23.3195 38.2139

End chain 1
