28.422 55.412 128.746
26.585 52.466 130.299

28.171 52.666 133.746
27.666 56.436 133.804
23.987 55.468 133.716
24.443 52.827 136.422
26.108 55.456 138.622
23.096 57.675 137.95
20.515 55.099 138.99
22.579 54.604 142.156
22.386 58.351 142.807
18.65 58.418 142.058
17.944 55.62 144.549
19.865 57.433 147.285
17.944 60.663 146.691
14.628 58.802 146.456

14.568 58.126 150.193
11.242 56.298 150.293
11.816 54.283 147.128
8.593 55.291 145.378
10.47 56.019 142.135
10.009 59.825 142.404
12.073 62.656 143.9
10.114 65.344 145.775
11.215 68.834 146.805

11.654 67.495 150.326
13.909 64.645 149.206
15.82 67.046 146.977
16.201 69.561 149.811
17.576 66.911 152.158
20.327 66.169 149.641
21.067 69.825 148.898
21.233 70.612 152.617
23.582 67.665 153.226
26.038 69.29 150.765

26.271 72.672 152.496
23.522 74.428 150.53
20.485 76.32 151.832
18.085 76.481 148.868
14.662 77.966 149.435
11.542 75.947 148.727

10.976 78.134 145.628
14.485 77.249 144.445
13.862 73.514 144.976
10.592 73.698 143.031
12.552 75.523 140.304
15.154 72.766 140.072
12.341 70.263 139.631

13.502 72.747 134.992
13.454 68.993 134.188
9.807 68.193 134.958
8.775 67.047 131.501
5.433 65.565 132.58
4.558 68.471 134.875
3.698 66.445 138.002
6.035 68.267 140.414
8.405 65.333 141.051
11.482 63.939 139.315
11.363 60.426 137.904
14.403 58.622 136.614

14.142 59.822 132.974
13.795 63.453 134.095
16.666 62.837 136.519
18.887 61.932 133.573
18.035 65.365 132.195
19.104 66.796 135.531
22.272 64.668 135.676
22.946 65.739 132.088

22.361 69.095 133.858
19.974 70.091 131.092
16.677 71.866 130.781
13.622 69.915 129.686

13.048 71.769 126.352
16.591 71.057 125.308
16.131 67.422 126.307
12.81 67.206 124.462
14.365 68.716 121.319
17.071 66.031 121.337
14.407 63.336 121.688
12.264 64.743 118.873
15.387 64.841 116.691
16.023 61.15 117.443
12.464 60.331 116.332
13.01 62.466 113.229
16.126 60.543 112.229
14.143 57.28 112.298
12.037 58.613 109.43
14.862 60.488 107.625

17.7651 58.2118 108.122
20.1454 55.1379 108.069
22.6754 52.2656 108
21.3943 50.8032 104.647
20.5975 47.8429 106.853
18.2571 49.612 109.113
20.4893 50.4655 111.961
20.3783 47.2222 114.078
19.09 43.9859 112.495

17.6415 40.4766 112.324
15.2577 41.2164 115.19
14.0673 44.4076 113.504
13.4288 42.5618 110.244
11.4195 39.8833 112.041
9.29885 42.5093 113.788
8.58476 44.2635 110.493
7.53001 40.9934 108.869
5.17818 40.2095 111.75
3.58381 43.651 111.512

0.258812 41.864 110.984
-1.84019 44.712 109.56
-2.59819 44.379 105.86
-4.48019 47.408 104.581
-5.60519 47.871 101.001
-3.64419 49.907 98.4818

-5.93019 52.937 98.7728
-6.02919 52.866 102.573
-2.24219 53.172 102.41
-2.31319 55.912 99.7688
-4.73019 57.921 101.925
-2.67019 57.468 105.107
0.346812 58.941 103.278
-1.84619 61.713 101.783
-3.37619 62.641 105.158
-0.0421884 63.016 106.968

1.76181 64.457 103.899
1.75081 68.123 104.897
4.24281 69.584 102.412
2.79981 67.566 99.5018
5.95381 65.758 98.3658
4.12581 62.405 98.4868
6.03481 60.979 101.474
5.90281 61.278 105.27
8.91581 62.822 106.956
9.68981 62.802 110.657

7.89681 66.004 111.639
4.83981 64.828 109.719
5.08081 61.442 111.484
5.16181 63.24 114.861
2.14781 65.322 113.847
0.199812 62.376 112.516

0.574812 60.847 115.998
0.394812 64.241 117.826

End chain 1
