28.422 55.412 128.746
26.585 52.466 130.299

28.171 52.666 133.746
27.666 56.436 133.804
23.987 55.468 133.716
24.443 52.827 136.422
26.108 55.456 138.622
23.096 57.675 137.95
20.515 55.099 138.99
22.579 54.604 142.156
22.386 58.351 142.807
18.65 58.418 142.058
17.944 55.62 144.549
19.865 57.433 147.285
17.944 60.663 146.691
14.628 58.802 146.456

14.568 58.126 150.193
11.242 56.298 150.293
11.816 54.283 147.128
8.593 55.291 145.378
10.47 56.019 142.135
10.009 59.825 142.404
12.073 62.656 143.9
10.114 65.344 145.775
11.215 68.834 146.805

11.654 67.495 150.326
13.909 64.645 149.206
15.82 67.046 146.977
16.201 69.561 149.811
17.576 66.911 152.158
20.327 66.169 149.641
21.067 69.825 148.898
21.233 70.612 152.617
23.582 67.665 153.226
26.038 69.29 150.765

25.6716 72.8054 152.123
27.7287 74.1248 149.304
26.1229 77.4996 148.968
28.6282 79.9769 150.358
29.6428 80.5536 153.941
32.0083 77.561 153.952

35.5994 76.7144 154.864
34.4472 74.2946 157.558
32.096 72.558 155.129
34.8733 72.1751 152.564
37.2017 70.6739 155.165
34.5458 68.1785 156.243
33.9405 67.1208 152.643

35.1015 69.6048 148.004
35.0535 65.8508 147.2
31.4065 65.0508 147.97
30.3745 63.9048 144.513
27.0325 62.4228 145.592
26.1575 65.3288 147.887
25.2975 63.3028 151.014
27.6345 65.1248 153.426
30.0045 62.1908 154.063
33.0815 60.7968 152.327
32.9625 57.2838 150.916
36.0025 55.4798 149.626

35.7415 56.6798 145.986
35.3945 60.3108 147.107
38.2655 59.6948 149.531
40.4865 58.7898 146.585
39.6345 62.2228 145.207
40.7035 63.6538 148.543
43.8715 61.5258 148.688
44.5455 62.5968 145.1

43.2942 66.0169 143.74
46.0357 68.5466 143.307
48.6827 71.1877 143.205
51.2176 73.452 141.6

51.7578 76.9165 143.066
54.2756 75.569 145.573
56.1986 73.7794 142.827
56.3351 76.944 140.727
57.6405 78.9586 143.673
60.3567 76.3886 144.351
61.4508 76.4418 140.712
61.6553 80.2366 140.728
63.7677 80.206 143.887
66.1567 77.6629 142.381
66.5488 79.7527 139.231
67.3061 82.8662 141.275
69.9429 81.0179 143.293
71.6106 79.7403 140.126
71.7102 83.241 138.65
73.2828 84.6357 141.817

76.1858 82.3595 142.314
78.5662 79.2855 142.26
81.0962 76.4133 142.192
79.815 74.9508 138.839
79.0182 71.9906 141.045
76.6779 73.7597 143.305
78.91 74.6132 146.153
78.799 71.3699 148.27
77.5107 68.1336 146.687

76.0622 64.6243 146.516
73.6784 65.3641 149.382
72.4881 68.5552 147.695
71.8496 66.7095 144.435
69.8402 64.031 146.233
67.7196 66.657 147.979
67.0055 68.4112 144.685
65.9508 65.141 143.061
63.5989 64.3572 145.941
62.0046 67.7987 145.703

58.6796 66.0117 145.175
56.5806 68.8597 143.751
55.8226 68.5267 140.051
53.9406 71.5557 138.772
52.8156 72.0187 135.192
54.7766 74.0547 132.673

52.4906 77.0847 132.964
52.3916 77.0137 136.764
56.1786 77.3197 136.601
56.1076 80.0597 133.96
53.6906 82.0687 136.116
55.7506 81.6157 139.298
58.7676 83.0887 137.469
56.5746 85.8607 135.974
55.0446 86.7887 139.349
58.3786 87.1637 141.159

60.2331 89.3998 138.752
62.8976 91.4291 140.526
65.3681 93.4685 142.426
69.0548 93.9215 143.381
69.4231 97.778 143.622
71.7183 100.571 144.848
69.5393 103.08 146.87
68.639 99.6261 148.432
69.8557 96.818 150.559
73.4179 96.9212 149.397

74.2632 100.598 149.858
76.7063 99.7848 152.653
78.4296 97.1582 150.515
78.7863 99.6036 147.628
80.302 102.233 149.915
82.8119 99.7313 151.288

83.1869 98.2023 154.77
83.0069 101.596 156.598

End chain 1
