14.376 13.393 -9.434
11.305 12.496 -7.337
11.151 9.258 -9.32

11.004 6.006 -7.338
14.52 4.519 -7.198
14.967 0.776 -7.832

15.638 0.429 -4.087
12.514 2.285 -2.905
10.556 -0.102 -5.156
12.221 -3.075 -3.436
11.74 -1.711 0.112
7.991 -1.522 -0.555
8.139 -4.957 -2.2
9.527 -6.582 0.974
6.846 -4.901 3.105
4.21 -5.895 0.525
5.202 -9.589 0.585
5.112 -9.741 4.412
1.285 -9.811 3.999

1.15731 -12.927 1.92563
0.50415 -14.7873 -1.42723
-0.585537 -16.664 -4.44122
0.310717 -15.387 -7.85522
2.92663 -12.8769 -6.4885
4.32633 -11.4266 -9.63901
5.62904 -12.2803 -13.2084

9.08679 -13.8004 -12.273
12.2507 -15.9578 -11.9131
14.7916 -18.6556 -11.9272

14.7506 -19.7306 -8.25723
18.5476 -20.1926 -8.49223
19.0896 -16.8396 -10.2402
19.6156 -14.7676 -7.06623
21.7866 -17.6236 -5.74623
24.1866 -17.4876 -8.71623
24.3406 -13.6806 -8.55323
25.0556 -13.9276 -4.80923
27.9446 -16.2946 -5.59923
29.6166 -13.4636 -7.55323

29.7323 -10.5566 -5.25455
30.6259 -9.68702 -1.56391
31.7226 -9.34862 2.09889
29.0096 -8.4193 4.65067
29.6704 -11.7888 6.19343
33.3616 -12.1961 6.16526

36.5347 -14.2582 5.81592
35.4958 -16.5211 8.68695
32.0699 -17.0755 7.13803
33.6231 -17.978 3.78902
35.9633 -20.4772 5.43839
33.0715 -22.1152 7.2817
31.074 -22.4332 4.0643
34.0211 -24.0367 2.27916
34.485 -26.547 5.09448
30.8023 -27.4805 4.99926
30.9352 -28.0138 1.23883
33.9886 -30.2525 1.56672

34.4396 -33.8395 0.387716
32.4026 -35.0265 3.38772
35.1236 -37.6175 4.19672
35.9516 -36.0655 7.60172
39.5886 -36.9475 6.70972

42.7266 -35.1055 5.47672
45.5266 -36.3005 3.14372
49.1966 -35.1035 3.30272

48.9996 -32.7905 0.217716
46.0506 -30.9065 1.75672
48.0066 -30.9575 5.03072
50.8376 -29.1215 3.24172
48.2216 -26.5335 2.22072
47.3156 -25.9595 5.89072
50.8816 -25.1885 7.04772
51.4246 -22.9775 3.98172
48.3666 -20.8925 4.93772
49.9486 -20.2305 8.34172
53.6296 -19.8705 7.27772

51.962 -17.6826 4.66409
49.9627 -18.7653 1.64245
47.1605 -20.3932 -0.462711
46.6336 -21.5694 -4.09786
46.0455 -22.7508 -7.76101

48.1915 -19.8977 -9.06388
50.7281 -20.4058 -6.27995
50.943 -24.1266 -7.02316
51.5133 -23.4538 -10.7198
54.2911 -20.9802 -9.94022
56.0041 -23.4788 -7.6456
55.8518 -26.1805 -10.314
57.3637 -23.8447 -12.9027
60.2062 -22.9246 -10.5539
60.9569 -26.587 -9.87152
61.0491 -27.3613 -13.591
63.4447 -24.481 -14.2298

63.8677 -21.4 -11.9928
66.2077 -19.966 -14.6448
63.7567 -20.498 -17.5348
66.8357 -21.958 -19.2858
65.4747 -25.514 -19.8508
68.2327 -27.081 -17.7018
68.4927 -28.007 -13.9858
71.0407 -29.899 -11.8438
70.5477 -33.712 -11.8818

69.5817 -33.353 -8.20776
66.7177 -30.973 -8.95276
65.8357 -33.466 -11.7178
65.7847 -36.567 -9.53576
63.8567 -34.407 -7.06276
61.2577 -33.392 -9.69476
60.6257 -37.122 -10.1368
60.3627 -37.862 -6.36576
58.3387 -34.798 -5.24276
55.8007 -35.624 -7.96376

54.8267 -38.65 -5.87776
55.5517 -41.181 -8.64576
55.9567 -44.872 -7.62576
59.5397 -44.547 -8.83676
62.2927 -46.458 -6.98476
65.7947 -44.986 -6.51776

67.0937 -48.006 -8.47776
64.9627 -47.292 -11.5698
66.2357 -43.694 -11.7538
69.8197 -44.951 -11.4158
69.1877 -46.877 -14.6578
67.6457 -43.823 -16.3598
70.7307 -41.821 -15.2338
73.1537 -44.307 -16.8848
71.9177 -43.645 -20.4618
71.2007 -39.969 -19.6408

74.8587 -38.907 -19.6998
74.2967 -36.831 -16.5628
78.0137 -36.182 -16.3478
80.3537 -34.765 -18.9538
78.6627 -31.438 -18.0288
76.7877 -31.102 -14.7118
73.2477 -30.041 -15.7288

70.7557 -31.934 -17.9478
67.4527 -31.051 -19.6368
64.3207 -33.043 -18.6898

62.5937 -33.642 -22.1068

64.7597 -36.786 -22.3538
64.0237 -37.852 -18.7558
60.3107 -37.043 -19.2668
59.8687 -39.545 -22.1198
61.7297 -42.12 -19.9908
59.3647 -41.818 -16.9988
56.4177 -42.262 -19.3838

57.5907 -45.369 -21.2398
60.9367 -46.123 -22.8608

End chain 1
