14.376 13.393 -9.434
11.305 12.496 -7.337
11.151 9.258 -9.32

11.004 6.006 -7.338
14.52 4.519 -7.198
14.967 0.776 -7.832

15.638 0.429 -4.087
12.514 2.285 -2.905
10.556 -0.102 -5.156
12.221 -3.075 -3.436
11.74 -1.711 0.112
7.991 -1.522 -0.555
8.139 -4.957 -2.2
9.527 -6.582 0.974
6.846 -4.901 3.105
4.21 -5.895 0.525
5.202 -9.589 0.585
5.112 -9.741 4.412
1.285 -9.811 3.999

1.012 -11.657 0.647
-0.051 -15.058 2.058
-1.977 -15.785 -1.16
1.187 -16.059 -3.293
-0.922 -13.94 -5.681
1.285 -10.852 -5.276
-1.689 -9.009 -3.672

-2.915 -8.068 -0.165
-6.302 -7.233 1.393
-7.428 -3.732 2.358

-7.469 -4.807 6.028
-3.672 -5.269 5.793
-3.13 -1.916 4.045
-2.604 0.156 7.219
-0.433 -2.7 8.539
1.967 -2.564 5.569
2.121 1.243 5.732
2.836 0.996 9.476
5.725 -1.371 8.686
7.397 1.46 6.732

7.51272 4.36701 9.03068
8.40635 5.23662 12.7213
9.50302 5.57502 16.3841
6.79008 6.50434 18.9359
7.45085 3.1348 20.4787
11.142 2.7275 20.4505

14.3151 0.665421 20.1011
13.2762 -1.59748 22.9722
9.85036 -2.15184 21.4233
11.4036 -3.05439 18.0742
13.7437 -5.5536 19.7236
10.852 -7.19155 21.5669
8.85446 -7.5096 18.3495
11.8015 -9.11304 16.5644
12.2655 -11.6233 19.3797
8.58275 -12.5568 19.2845
8.71561 -13.0902 15.5241
11.7691 -15.3289 15.8519

12.2201 -18.9159 14.6729
10.1831 -20.1029 17.6729
12.9041 -22.6939 18.4819
13.7321 -21.1419 21.8869
17.3691 -22.0239 20.9949

20.5071 -20.1819 19.7619
23.3071 -21.3769 17.4289
26.9771 -20.1799 17.5879

26.7801 -17.8669 14.5029
23.8311 -15.9829 16.0419
25.7871 -16.0339 19.3159
28.6181 -14.1979 17.5269
26.0021 -11.6099 16.5059
25.0961 -11.0359 20.1759
28.6621 -10.2649 21.3329
29.2051 -8.05388 18.2669
26.1471 -5.96888 19.2229
27.7291 -5.30688 22.6269
31.4101 -4.94688 21.5629

31.1991 -3.08588 18.2269
31.2951 0.712123 18.1919
32.1531 0.295123 21.9019
35.0221 -2.22988 21.7749
36.7021 -2.96488 25.0969

39.8071 -1.46188 23.5799
38.2281 1.99612 24.0239
38.0261 1.26912 27.7679
41.6881 0.310123 28.2379
42.9831 3.03812 25.8919
40.9331 5.67512 27.7419
42.5071 4.35812 30.9569
46.0021 4.54012 29.5429
44.9301 8.09812 28.6659
44.2851 8.83112 32.3589
47.9341 7.77112 32.6629
49.2971 9.96712 29.8529

49.7201 13.0481 32.0899
52.0601 14.4821 29.4379
49.6091 13.9501 26.5479
52.6881 12.4901 24.7969
51.3271 8.93412 24.2319
54.0851 7.36712 26.3809
54.3451 6.44112 30.0969
56.8931 4.54912 32.2389
56.4001 0.736123 32.2009

55.4341 1.09512 35.8749
52.5701 3.47512 35.1299
51.6881 0.982123 32.3649
51.6371 -2.11888 34.5469
49.7091 0.0411231 37.0199
47.1101 1.05612 34.3879
46.4781 -2.67388 33.9459
46.2151 -3.41388 37.7169
44.1911 -0.349877 38.8399
41.6531 -1.17588 36.1189

40.6791 -4.20188 38.2049
41.4041 -6.73288 35.4369
41.8091 -10.4239 36.4569
45.3921 -10.0989 35.2459
48.1451 -12.0099 37.0979
51.6471 -10.5379 37.5649

52.9461 -13.5579 35.6049
50.8151 -12.8439 32.5129
52.0881 -9.24588 32.3289
55.6721 -10.5029 32.6669
55.0401 -12.4289 29.4249
53.4981 -9.37488 27.7229
56.5831 -7.37288 28.8489
59.0061 -9.85888 27.1979
57.7701 -9.19688 23.6209
57.0531 -5.52088 24.4419

60.7111 -4.45888 24.3829
60.1491 -2.38288 27.5199
63.8661 -1.73388 27.7349
66.2061 -0.316877 25.1289
64.5151 3.01012 26.0539
62.6401 3.34612 29.3709
59.1001 4.40712 28.3539

56.6081 2.51412 26.1349
53.3051 3.39712 24.4459
50.1731 1.40512 25.3929

48.4461 0.806123 21.9759

50.6121 -2.33788 21.7289
49.8761 -3.40388 25.3269
46.1631 -2.59488 24.8159
45.7211 -5.09688 21.9629
47.5821 -7.67188 24.0919
45.2171 -7.36988 27.0839
42.2701 -7.81388 24.6989

43.4431 -10.9209 22.8429
46.7891 -11.6749 21.2219

End chain 1
