14.376 13.393 -9.434
11.305 12.496 -7.337
11.151 9.258 -9.32

11.004 6.006 -7.338
14.52 4.519 -7.198
14.967 0.776 -7.832

15.638 0.429 -4.087
12.514 2.285 -2.905
10.556 -0.102 -5.156
12.221 -3.075 -3.436
11.74 -1.711 0.112
7.991 -1.522 -0.555
8.139 -4.957 -2.2
9.527 -6.582 0.974
6.846 -4.901 3.105
4.21 -5.895 0.525
5.202 -9.589 0.585
5.112 -9.741 4.412
1.285 -9.811 3.999

1.02018 -12.4587 1.34694
-2.19724 -12.3581 -0.649768
-4.30384 -15.3945 -1.3165
-6.41838 -18.2841 -2.54789
-8.77926 -19.8877 -5.05288
-11.4649 -19.1777 -2.43833
-10.6099 -15.4044 -2.09514

-11.6432 -11.8007 -1.0468
-11.5028 -8.19698 -0.0253385
-10.827 -4.88443 1.65196

-10.868 -5.95943 5.32196
-7.071 -6.42143 5.08696
-6.529 -3.06843 3.33896
-6.003 -0.996426 6.51296
-3.832 -3.85243 7.83296
-1.432 -3.71643 4.86296
-1.278 0.0905736 5.02596
-0.563001 -0.156426 8.76996
2.326 -2.52343 7.97996
3.998 0.307574 6.02596

4.11372 3.21458 8.32464
5.00735 4.08419 12.0153
6.10402 4.42259 15.6781
3.39108 5.35191 18.2299
4.05185 1.98238 19.7726
7.74302 1.57508 19.7445

10.9161 -0.487006 19.3951
9.87721 -2.7499 22.2661
6.45136 -3.30426 20.7172
8.00456 -4.20682 17.3682
10.3447 -6.70603 19.0176
7.45298 -8.34398 20.8609
5.45545 -8.66203 17.6435
8.40251 -10.2655 15.8583
8.86646 -12.7758 18.6737
5.18375 -13.7093 18.5784
5.31661 -14.2426 14.818
8.37006 -16.4813 15.1459

9.33493 -18.0269 18.4018
11.5289 -21.2247 18.1722
11.1917 -24.4101 16.1821
9.61501 -21.4251 14.4742
11.7362 -18.2371 13.8898

12.6198 -19.0242 10.2086
15.8364 -18.842 8.15147
19.5573 -18.6787 7.05434

19.3603 -16.3657 3.96934
16.4113 -14.4817 5.50834
18.3673 -14.5327 8.78234
21.1983 -12.6967 6.99334
18.5823 -10.1087 5.97234
17.6763 -9.53469 9.64234
21.2423 -8.76369 10.7993
21.7853 -6.55269 7.73334
18.7273 -4.46769 8.68934
20.3093 -3.80569 12.0933
23.9903 -3.44569 11.0293

22.4394 -0.827127 8.70042
21.9602 2.11732 6.49983
20.003 3.71012 3.61396
22.1105 2.36913 0.675909
22.3786 6.04049 -0.040115

23.6099 9.35415 1.355
25.8144 7.57814 3.89049
27.3281 5.38377 1.18191
28.0906 8.41351 -0.981927
29.7853 10.1829 1.92325
31.9316 7.1332 2.65484
33.0006 6.89237 -0.984141
33.9642 10.5681 -1.04511
36.039 10.1764 2.11474
37.8621 7.17513 0.661622
38.6549 9.07984 -2.53001
40.0304 12.0176 -0.550017

40.4534 15.0986 1.68698
42.7934 16.5326 -0.965017
40.3424 16.0006 -3.85502
43.4214 14.5406 -5.60602
42.0604 10.9846 -6.17102
44.8184 9.41762 -4.02202
45.0784 8.49162 -0.306017
47.6264 6.59962 1.83598
47.1334 2.78662 1.79798

46.1674 3.14562 5.47198
43.3034 5.52562 4.72698
42.4214 3.03262 1.96198
42.3704 -0.0683792 4.14398
40.4424 2.09162 6.61698
37.8434 3.10662 3.98498
37.2114 -0.623379 3.54298
36.9484 -1.36338 7.31398
34.9244 1.70062 8.43698
32.3864 0.874621 5.71598

31.4124 -2.15138 7.80198
32.1374 -4.68238 5.03398
32.5424 -8.37338 6.05398
36.1254 -8.04838 4.84298
38.8784 -9.95938 6.69498
42.3804 -8.48738 7.16198

43.6794 -11.5074 5.20198
41.5484 -10.7934 2.10998
42.8214 -7.19538 1.92598
46.4054 -8.45238 2.26398
45.7734 -10.3784 -0.978017
44.2314 -7.32438 -2.68002
47.3164 -5.32238 -1.55402
49.7394 -7.80838 -3.20502
48.5034 -7.14638 -6.78202
47.7864 -3.47038 -5.96102

51.3423 -3.15147 -4.94403
53.5988 -1.57279 -2.32905
54.2915 0.0782565 1.04251
55.6641 3.493 0.248902
54.9087 6.78759 -1.32324
54.2686 6.20266 -4.92845
52.2166 8.27536 -7.22051

48.9056 6.47695 -7.5211
45.6264 4.77694 -6.44783
43.4264 1.75739 -6.51627

41.6994 1.15839 -9.93327

43.8654 -1.98561 -10.1803
43.1294 -3.05161 -6.58227
39.4164 -2.24261 -7.09327
38.9744 -4.74461 -9.94627
40.8354 -7.31961 -7.81727
38.4704 -7.01761 -4.82527
35.5234 -7.46161 -7.21027

36.6964 -10.5686 -9.06627
40.0424 -11.3226 -10.6873

End chain 1
