14.376 13.393 -9.434
11.305 12.496 -7.337
11.151 9.258 -9.32

11.004 6.006 -7.338
14.52 4.519 -7.198
14.967 0.776 -7.832

15.638 0.429 -4.087
12.514 2.285 -2.905
10.556 -0.102 -5.156
12.221 -3.075 -3.436
11.74 -1.711 0.112
7.991 -1.522 -0.555
8.139 -4.957 -2.2
9.527 -6.582 0.974
6.846 -4.901 3.105
4.21 -5.895 0.525
5.202 -9.589 0.585
5.112 -9.741 4.412
1.285 -9.811 3.999

1.02018 -12.4587 1.34694
-2.19724 -12.3581 -0.649768
-4.30384 -15.3945 -1.3165
-6.41838 -18.2841 -2.54789
-8.77926 -19.8877 -5.05288
-11.4649 -19.1777 -2.43833
-10.6099 -15.4044 -2.09514

-11.6432 -11.8007 -1.0468
-11.5028 -8.19698 -0.0253385
-10.827 -4.88443 1.65196

-10.868 -5.95943 5.32196
-7.071 -6.42143 5.08696
-6.529 -3.06843 3.33896
-6.003 -0.996426 6.51296
-3.832 -3.85243 7.83296
-1.432 -3.71643 4.86296
-1.278 0.0905736 5.02596
-0.563001 -0.156426 8.76996
2.326 -2.52343 7.97996
3.998 0.307574 6.02596

4.11372 3.21458 8.32464
5.00735 4.08419 12.0153
6.10402 4.42259 15.6781
3.39108 5.35191 18.2299
4.05185 1.98238 19.7726
7.74302 1.57508 19.7445

10.9161 -0.487006 19.3951
9.87721 -2.7499 22.2661
6.45136 -3.30426 20.7172
8.00456 -4.20682 17.3682
10.3447 -6.70603 19.0176
7.45298 -8.34398 20.8609
5.45545 -8.66203 17.6435
8.40251 -10.2655 15.8583
8.86646 -12.7758 18.6737
5.18375 -13.7093 18.5784
5.31661 -14.2426 14.818
8.37006 -16.4813 15.1459

9.33493 -18.0269 18.4018
11.5289 -21.2247 18.1722
11.1917 -24.4101 16.1821
9.61501 -21.4251 14.4742
11.7362 -18.2371 13.8898

12.6198 -19.0242 10.2086
15.8364 -18.842 8.15147
19.5573 -18.6787 7.05434

19.3603 -16.3657 3.96934
16.4113 -14.4817 5.50834
18.3673 -14.5327 8.78234
21.1983 -12.6967 6.99334
18.5823 -10.1087 5.97234
17.6763 -9.53469 9.64234
21.2423 -8.76369 10.7993
21.7853 -6.55269 7.73334
18.7273 -4.46769 8.68934
20.3093 -3.80569 12.0933
23.9903 -3.44569 11.0293

22.3874 -0.896905 8.83234
22.1657 1.87933 6.36459
23.6082 4.66075 4.38345
26.5055 3.25381 6.30806
26.0896 2.2081 10.0326

27.3503 4.36124 12.8992
29.0783 1.38166 14.5051
30.7805 0.480033 11.229
32.0238 4.04342 10.7824
33.4403 4.09407 14.3086
35.26 0.808479 13.7287
36.777 2.10768 10.4955
37.988 5.26986 12.2208
39.6001 3.24861 15.0062
41.3893 1.03 12.4924
42.7204 4.05823 10.6214
44.0217 5.59784 13.843

44.4447 8.67884 16.08
46.7847 10.1128 13.428
44.3337 9.58084 10.538
47.4127 8.12084 8.78703
46.0517 4.56484 8.22203
48.8097 2.99784 10.371
49.0697 2.07184 14.087
51.6177 0.179836 16.229
51.1247 -3.63316 16.191

50.1587 -3.27416 19.865
47.2947 -0.894164 19.12
46.4127 -3.38716 16.355
46.3617 -6.48816 18.537
44.4337 -4.32816 21.01
41.8347 -3.31316 18.378
41.2027 -7.04316 17.936
40.9397 -7.78316 21.707
38.9157 -4.71916 22.83
36.3777 -5.54516 20.109

35.4037 -8.57116 22.195
36.1287 -11.1022 19.427
36.5337 -14.7932 20.447
40.1167 -14.4682 19.236
42.8697 -16.3792 21.088
46.3717 -14.9072 21.555

47.6707 -17.9272 19.595
45.5397 -17.2132 16.503
46.8127 -13.6152 16.319
50.3967 -14.8722 16.657
49.7647 -16.7982 13.415
48.2227 -13.7442 11.713
51.3077 -11.7422 12.839
53.7307 -14.2282 11.188
52.4947 -13.5662 7.61103
51.7777 -9.89016 8.43203

55.3336 -9.57126 9.44902
57.5902 -7.99258 12.064
58.2829 -6.34153 15.4356
59.6555 -2.92679 14.6419
58.9 0.367804 13.0698
58.2599 -0.217128 9.4646
56.2079 1.85558 7.17254

52.897 0.0571616 6.87195
49.6178 -1.64284 7.94522
47.4177 -4.6624 7.87678

45.6907 -5.2614 4.45978

47.8567 -8.4054 4.21278
47.1207 -9.4714 7.81078
43.4077 -8.6624 7.29978
42.9657 -11.1644 4.44678
44.8267 -13.7394 6.57578
42.4617 -13.4374 9.56778
39.5147 -13.8814 7.18278

40.6877 -16.9884 5.32678
44.0337 -17.7424 3.70578

End chain 1
