14.376 13.393 -9.434
11.305 12.496 -7.337
11.151 9.258 -9.32

11.004 6.006 -7.338
14.52 4.519 -7.198
14.967 0.776 -7.832

15.638 0.429 -4.087
12.514 2.285 -2.905
10.556 -0.102 -5.156
12.221 -3.075 -3.436
11.74 -1.711 0.112
7.991 -1.522 -0.555
8.139 -4.957 -2.2
9.527 -6.582 0.974
6.846 -4.901 3.105
4.21 -5.895 0.525
5.202 -9.589 0.585
5.112 -9.741 4.412
1.285 -9.811 3.999

0.81939 -12.2464 1.12202
-2.04418 -13.0735 -1.16258
-0.559977 -14.4767 -4.32714
-1.6202 -12.375 -7.40153
2.10707 -11.9425 -7.8301
3.1708 -15.4805 -8.73876
3.20061 -17.8574 -5.73414

3.2522 -21.1965 -4.04326
3.54479 -24.9303 -3.20616
4.70249 -24.9614 0.48712

4.66149 -26.0364 4.15712
8.45849 -26.4984 3.92212
9.00049 -23.1454 2.17412
9.52649 -21.0734 5.34812
11.6975 -23.9294 6.66812
14.0975 -23.7934 3.69812
14.2515 -19.9864 3.86112
14.9665 -20.2334 7.60512
17.8555 -22.6004 6.81512
19.5275 -19.7694 4.86112

19.6432 -16.8624 7.1598
20.5368 -15.9927 10.8504
21.6335 -15.6543 14.5132
18.9206 -14.725 17.065
19.5813 -18.0946 18.6078
23.2725 -18.5019 18.5796

26.4456 -20.5639 18.2303
25.4067 -22.8268 21.1013
21.9808 -23.3812 19.5524
23.534 -24.2838 16.2034
25.8742 -26.783 17.8527
22.9825 -28.4209 19.696
20.9849 -28.739 16.4786
23.932 -30.3424 14.6935
24.396 -32.8527 17.5088
20.7132 -33.7862 17.4136
20.8461 -34.3195 13.6532
23.8995 -36.5582 13.9811

24.3505 -40.1452 12.8021
22.3135 -41.3322 15.8021
25.0345 -43.9232 16.6111
25.8625 -42.3712 20.0161
29.4995 -43.2532 19.1241

32.6375 -41.4112 17.8911
35.4375 -42.6062 15.5581
39.1075 -41.4092 15.7171

38.9105 -39.0962 12.6321
35.9615 -37.2122 14.1711
37.9175 -37.2632 17.4451
40.7485 -35.4272 15.6561
38.1325 -32.8392 14.6351
37.2265 -32.2652 18.3051
40.7925 -31.4942 19.4621
41.3355 -29.2832 16.3961
38.2775 -27.1982 17.3521
39.8595 -26.5362 20.7561
43.5405 -26.1762 19.6921

41.8729 -23.9884 17.0784
39.8736 -25.071 14.0568
37.0714 -26.6989 11.9516
36.5445 -27.8752 8.31649
35.9564 -29.0565 4.65333

38.1024 -26.2034 3.35046
40.639 -26.7115 6.1344
40.8539 -30.4323 5.39119
41.4242 -29.7596 1.69457
44.202 -27.2859 2.47413
45.9151 -29.7846 4.76874
45.7627 -32.4863 2.10033
47.2746 -30.1505 -0.488331
50.1171 -29.2303 1.8604
50.8678 -32.8928 2.54283
50.9601 -33.667 -1.1767
53.3557 -30.7868 -1.81541

53.7787 -27.7058 0.421587
56.1187 -26.2718 -2.23041
53.6677 -26.8038 -5.12041
56.7467 -28.2638 -6.87141
55.3857 -31.8198 -7.43641
58.1437 -33.3868 -5.28741
58.4037 -34.3128 -1.57141
60.9517 -36.2048 0.570587
60.4587 -40.0178 0.532587

59.4927 -39.6588 4.20659
56.6287 -37.2788 3.46159
55.7467 -39.7718 0.696587
55.6957 -42.8728 2.87859
53.7677 -40.7128 5.35159
51.1687 -39.6978 2.71959
50.5367 -43.4278 2.27759
50.2737 -44.1678 6.04859
48.2497 -41.1038 7.17159
45.7117 -41.9298 4.45059

44.7377 -44.9558 6.53659
45.4627 -47.4868 3.76859
45.8677 -51.1778 4.78859
49.4507 -50.8528 3.57759
52.2037 -52.7638 5.42959
55.7057 -51.2918 5.89659

57.0047 -54.3118 3.93659
54.8737 -53.5978 0.844587
56.1467 -49.9998 0.660587
59.7307 -51.2568 0.998587
59.0987 -53.1828 -2.24341
57.5567 -50.1288 -3.94541
60.6417 -48.1268 -2.81941
63.0647 -50.6128 -4.47041
61.8287 -49.9508 -8.04741
61.1117 -46.2748 -7.22641

64.7697 -45.2128 -7.28541
64.2077 -43.1368 -4.14841
67.9247 -42.4878 -3.93341
70.2647 -41.0708 -6.53941
68.5737 -37.7438 -5.61441
66.6987 -37.4078 -2.29741
63.1587 -36.3468 -3.31441

60.6667 -38.2398 -5.53341
57.3637 -37.3568 -7.22241
54.2317 -39.3488 -6.27541

52.5047 -39.9478 -9.69241

54.6707 -43.0918 -9.93941
53.9347 -44.1578 -6.34141
50.2217 -43.3488 -6.85241
49.7797 -45.8508 -9.70541
51.6407 -48.4258 -7.57641
49.2757 -48.1238 -4.58441
46.3287 -48.5678 -6.96941

47.5017 -51.6748 -8.82541
50.8477 -52.4288 -10.4464

End chain 1
