14.376 13.393 -9.434
11.305 12.496 -7.337
11.151 9.258 -9.32

11.004 6.006 -7.338
14.52 4.519 -7.198
14.967 0.776 -7.832

15.638 0.429 -4.087
12.514 2.285 -2.905
10.556 -0.102 -5.156
12.221 -3.075 -3.436
11.74 -1.711 0.112
7.991 -1.522 -0.555
8.139 -4.957 -2.2
9.527 -6.582 0.974
6.846 -4.901 3.105
4.21 -5.895 0.525
5.202 -9.589 0.585
5.112 -9.741 4.412
1.285 -9.811 3.999

0.995906 -12.6426 1.37707
1.57766 -15.1306 -1.31393
0.976467 -17.5516 -4.22367
0.426747 -20.084 -1.55242
-2.33079 -20.3721 1.09474
-1.43824 -18.1729 4.088
-0.472993 -20.9318 6.60339

3.09499 -19.7422 7.36199
4.23554 -23.1774 8.8135
5.65931 -26.7109 9.03308

5.61831 -27.7859 12.7031
9.41531 -28.2479 12.4681
9.95731 -24.8949 10.7201
10.4833 -22.8229 13.8941
12.6543 -25.6789 15.2141
15.0543 -25.5429 12.2441
15.2083 -21.7359 12.4071
15.9233 -21.9829 16.1511
18.8123 -24.3499 15.3611
20.4843 -21.5189 13.4071

20.6 -18.6119 15.7058
21.4937 -17.7423 19.3964
22.5903 -17.4039 23.0592
19.8774 -16.4745 25.611
20.5382 -19.8441 27.1537
24.2293 -20.2514 27.1256

27.4024 -22.3135 26.7762
26.3635 -24.5764 29.6473
22.9377 -25.1307 28.0983
24.4909 -26.0333 24.7493
26.831 -28.5325 26.3987
23.9393 -30.1704 28.242
21.9418 -30.4885 25.0246
24.8888 -32.0919 23.2395
25.3528 -34.6022 26.0548
21.6701 -35.5357 25.9596
21.8029 -36.069 22.1991
24.8564 -38.3078 22.527

25.3074 -41.8948 21.348
23.2704 -43.0818 24.348
25.9914 -45.6728 25.157
26.8194 -44.1208 28.562
30.4564 -45.0028 27.67

33.5944 -43.1608 26.437
36.3944 -44.3558 24.104
40.0644 -43.1588 24.263

39.8674 -40.8458 21.178
36.9184 -38.9618 22.717
38.8744 -39.0128 25.991
41.7054 -37.1768 24.202
39.0894 -34.5888 23.181
38.1834 -34.0148 26.851
41.7494 -33.2438 28.008
42.2924 -31.0328 24.942
39.2344 -28.9478 25.898
40.8164 -28.2858 29.302
44.4974 -27.9258 28.238

44.2864 -26.0648 24.902
44.3824 -22.2668 24.867
45.2404 -22.6838 28.577
48.1094 -25.2088 28.45
49.7894 -25.9438 31.772

52.8944 -24.4408 30.255
51.3154 -20.9828 30.699
51.1134 -21.7098 34.443
54.7754 -22.6688 34.913
56.0704 -19.9408 32.567
54.0204 -17.3038 34.417
55.5944 -18.6208 37.632
59.0894 -18.4388 36.218
58.0174 -14.8808 35.341
57.3724 -14.1478 39.034
61.0214 -15.2078 39.338
62.3844 -13.0118 36.528

62.8074 -9.93075 38.765
65.1474 -8.49675 36.113
62.6964 -9.02875 33.223
65.7754 -10.4888 31.472
64.4144 -14.0448 30.907
67.1724 -15.6118 33.056
67.4324 -16.5378 36.772
69.9804 -18.4298 38.914
69.4874 -22.2428 38.876

68.5214 -21.8838 42.55
65.6574 -19.5038 41.805
64.7754 -21.9968 39.04
64.7244 -25.0978 41.222
62.7964 -22.9378 43.695
60.1974 -21.9228 41.063
59.5654 -25.6528 40.621
59.3024 -26.3928 44.392
57.2784 -23.3288 45.515
54.7404 -24.1548 42.794

53.7664 -27.1808 44.88
54.4914 -29.7118 42.112
54.8964 -33.4028 43.132
58.4794 -33.0778 41.921
61.2324 -34.9888 43.773
64.7344 -33.5168 44.24

66.0334 -36.5368 42.28
63.9024 -35.8228 39.188
65.1754 -32.2248 39.004
68.7594 -33.4818 39.342
68.1274 -35.4078 36.1
66.5854 -32.3538 34.398
69.6704 -30.3518 35.524
72.0934 -32.8378 33.873
70.8574 -32.1758 30.296
70.1404 -28.4998 31.117

73.7984 -27.4378 31.058
73.2364 -25.3618 34.195
76.9534 -24.7128 34.41
79.2934 -23.2958 31.804
77.6024 -19.9688 32.729
75.7274 -19.6328 36.046
72.1874 -18.5718 35.029

69.6954 -20.4648 32.81
66.3924 -19.5818 31.121
63.2604 -21.5738 32.068

61.5334 -22.1728 28.651

63.6994 -25.3168 28.404
62.9634 -26.3828 32.002
59.2504 -25.5738 31.491
58.8084 -28.0758 28.638
60.6694 -30.6508 30.767
58.3044 -30.3488 33.759
55.3574 -30.7928 31.374

56.5304 -33.8998 29.518
59.8764 -34.6538 27.897

End chain 1
