14.376 13.393 -9.434
11.305 12.496 -7.337
11.151 9.258 -9.32

11.004 6.006 -7.338
14.52 4.519 -7.198
14.967 0.776 -7.832

15.638 0.429 -4.087
12.514 2.285 -2.905
10.556 -0.102 -5.156
12.221 -3.075 -3.436
11.74 -1.711 0.112
7.991 -1.522 -0.555
8.139 -4.957 -2.2
9.527 -6.582 0.974
6.846 -4.901 3.105
4.21 -5.895 0.525
5.202 -9.589 0.585
5.112 -9.741 4.412
1.285 -9.811 3.999

1.012 -11.657 0.647
-0.051 -15.058 2.058
-1.977 -15.785 -1.16
1.187 -16.059 -3.293
-0.922 -13.94 -5.681
1.285 -10.852 -5.276
-1.689 -9.009 -3.672

-2.915 -8.068 -0.165
-6.302 -7.233 1.393
-7.428 -3.732 2.358

-7.469 -4.807 6.028
-3.672 -5.269 5.793
-3.13 -1.916 4.045
-2.604 0.156 7.219
-0.433 -2.7 8.539
1.967 -2.564 5.569
2.121 1.243 5.732
2.836 0.996 9.476
5.725 -1.371 8.686
7.397 1.46 6.732

6.862 3.75 9.759
3.84 5.572 8.229
0.705 6.206 10.37
-2.191 7.511 8.235
-5.494 7.975 10.111
-8.327 5.514 9.467

-10.202 8.1 7.376
-7.089 8.768 5.267
-6.967 5.013 4.625
-10.723 4.657 3.976
-10.494 7.56 1.505
-7.848 5.96 -0.715
-9.658 2.627 -0.363
-12.899 4.138 -1.689
-10.989 5.097 -4.873
-8.972 1.872 -5.183
-11.976 -0.197 -4.162
-13.395 0.681 -7.557

-10.5104 0.283051 -9.86826
-7.22282 0.136954 -11.8567
-5.13375 -2.67347 -10.2958
-2.2398 -0.434344 -9.51871
-3.94068 3.01254 -8.92669

-3.22386 6.7113 -9.03109
-0.113475 7.73003 -7.08797
1.59496 9.80995 -9.88887

1.39796 12.123 -12.9739
-1.55104 14.007 -11.4349
0.404959 13.956 -8.16087
3.23596 15.792 -9.94987
0.619959 18.38 -10.9709
-0.286041 18.954 -7.30087
3.27996 19.725 -6.14387
3.82296 21.936 -9.20987
0.764959 24.021 -8.25387
2.34696 24.683 -4.84987
6.02796 25.043 -5.91387

6.14275 26.1091 -9.45793
7.00321 27.4354 -12.9848
6.72948 28.8841 -16.4053
8.89302 31.2416 -18.4608
9.14023 34.0916 -15.9754

12.2071 36.3239 -15.7432
13.6371 34.2292 -12.9129
13.1226 31.0268 -14.8936
14.8699 32.5074 -17.9264
17.8348 33.5908 -15.8102
18.1467 30.1189 -14.2964
18.0935 28.508 -17.738
20.8106 30.8544 -18.9849
23.0027 30.0682 -15.9816
22.5931 26.3313 -16.5388
23.5446 26.6751 -20.202
26.6604 28.6584 -19.3067

27.0834 31.7394 -17.0697
29.4234 33.1734 -19.7217
26.9724 32.6414 -22.6117
30.0514 31.1814 -24.3627
28.6904 27.6254 -24.9277
31.4484 26.0584 -22.7787
31.7084 25.1324 -19.0627
34.2564 23.2404 -16.9207
33.7634 19.4274 -16.9587

32.7974 19.7864 -13.2847
29.9334 22.1664 -14.0297
29.0514 19.6734 -16.7947
29.0004 16.5724 -14.6127
27.0724 18.7324 -12.1397
24.4734 19.7474 -14.7717
23.8414 16.0174 -15.2137
23.5784 15.2774 -11.4427
21.5544 18.3414 -10.3197
19.0164 17.5154 -13.0407

18.0424 14.4894 -10.9547
18.7674 11.9584 -13.7227
19.1724 8.26736 -12.7027
22.7554 8.59236 -13.9137
25.5084 6.68136 -12.0617
29.0104 8.15336 -11.5947

30.3094 5.13336 -13.5547
28.1784 5.84736 -16.6467
29.4514 9.44536 -16.8307
33.0354 8.18836 -16.4927
32.4034 6.26236 -19.7347
30.8614 9.31636 -21.4367
33.9464 11.3184 -20.3107
36.3694 8.83236 -21.9617
35.1334 9.49436 -25.5387
34.4164 13.1704 -24.7177

38.0744 14.2324 -24.7767
37.5124 16.3084 -21.6397
41.2294 16.9574 -21.4247
43.5694 18.3744 -24.0307
41.8784 21.7014 -23.1057
40.0034 22.0374 -19.7887
36.4634 23.0984 -20.8057

33.9714 21.2054 -23.0247
30.6684 22.0884 -24.7137
27.5364 20.0964 -23.7667

25.8094 19.4974 -27.1837

27.9754 16.3534 -27.4307
27.2394 15.2874 -23.8327
23.5264 16.0964 -24.3437
23.0844 13.5944 -27.1967
24.9454 11.0194 -25.0677
22.5804 11.3214 -22.0757
19.6334 10.8774 -24.4607

20.8064 7.77036 -26.3167
24.1524 7.01636 -27.9377

End chain 1
