14.376 13.393 -9.434
11.305 12.496 -7.337
11.151 9.258 -9.32

11.004 6.006 -7.338
14.52 4.519 -7.198
14.967 0.776 -7.832

15.638 0.429 -4.087
12.514 2.285 -2.905
10.556 -0.102 -5.156
12.221 -3.075 -3.436
11.74 -1.711 0.112
7.991 -1.522 -0.555
8.139 -4.957 -2.2
9.527 -6.582 0.974
6.846 -4.901 3.105
4.21 -5.895 0.525
5.202 -9.589 0.585
5.112 -9.741 4.412
1.285 -9.811 3.999

1.012 -11.657 0.647
-0.051 -15.058 2.058
-1.977 -15.785 -1.16
1.187 -16.059 -3.293
-0.922 -13.94 -5.681
1.285 -10.852 -5.276
-1.689 -9.009 -3.672

-2.915 -8.068 -0.165
-6.302 -7.233 1.393
-7.428 -3.732 2.358

-7.469 -4.807 6.028
-3.672 -5.269 5.793
-3.13 -1.916 4.045
-2.604 0.156 7.219
-0.433 -2.7 8.539
1.967 -2.564 5.569
2.121 1.243 5.732
2.836 0.996 9.476
5.725 -1.371 8.686
7.397 1.46 6.732

6.862 3.75 9.759
3.84 5.572 8.229
0.705 6.206 10.37
-2.191 7.511 8.235
-5.494 7.975 10.111
-8.327 5.514 9.467

-10.202 8.1 7.376
-7.089 8.768 5.267
-6.967 5.013 4.625
-10.723 4.657 3.976
-10.494 7.56 1.505
-7.848 5.96 -0.715
-9.658 2.627 -0.363
-12.899 4.138 -1.689
-10.989 5.097 -4.873
-8.972 1.872 -5.183
-11.976 -0.197 -4.162
-13.395 0.681 -7.557

-10.4883 -0.982202 -9.39611
-11.7409 -0.898319 -13.0232
-14.6034 0.517834 -15.1462
-14.138 3.47457 -12.8643
-10.3272 4.09442 -12.4856

-6.64809 4.72047 -11.8169
-3.00938 5.2024 -11.2422
0.746244 4.84277 -10.6278

0.549244 7.15577 -13.7128
-2.39976 9.03977 -12.1738
-0.443756 8.98877 -8.89982
2.38724 10.8248 -10.6888
-0.228756 13.4128 -11.7098
-1.13476 13.9868 -8.03982
2.43124 14.7578 -6.88282
2.97424 16.9688 -9.94882
-0.0837556 19.0538 -8.99282
1.49824 19.7158 -5.58882
5.17924 20.0758 -6.65282

5.29403 21.142 -10.1969
6.1545 22.4683 -13.7238
5.88077 23.917 -17.1442
8.0443 26.2744 -19.1998
8.29152 29.1244 -16.7144

11.3584 31.3567 -16.4821
12.7883 29.262 -13.6519
12.2739 26.0597 -15.6326
14.0212 27.5402 -18.6653
16.9861 28.6237 -16.5491
17.298 25.1518 -15.0354
17.2448 23.5408 -18.477
19.9619 25.8872 -19.7238
22.154 25.101 -16.7205
21.7444 21.3641 -17.2778
22.6959 21.7079 -20.941
25.8116 23.6912 -20.0456

26.2346 26.7722 -17.8086
28.5746 28.2062 -20.4606
26.1236 27.6742 -23.3506
29.2026 26.2142 -25.1016
27.8416 22.6582 -25.6666
30.5996 21.0912 -23.5176
30.8596 20.1652 -19.8016
33.4076 18.2732 -17.6596
32.9146 14.4602 -17.6976

31.9486 14.8192 -14.0236
29.0846 17.1992 -14.7686
28.2026 14.7062 -17.5336
28.1516 11.6052 -15.3516
26.2236 13.7652 -12.8786
23.6246 14.7802 -15.5106
22.9926 11.0502 -15.9526
22.7296 10.3102 -12.1816
20.7056 13.3742 -11.0586
18.1676 12.5482 -13.7796

17.1936 9.52218 -11.6936
17.9186 6.99118 -14.4616
18.3236 3.30018 -13.4416
21.9066 3.62518 -14.6526
24.6596 1.71418 -12.8006
28.1616 3.18618 -12.3336

29.4606 0.166178 -14.2936
27.3296 0.880178 -17.3856
28.6026 4.47818 -17.5696
32.1866 3.22118 -17.2316
31.5546 1.29518 -20.4736
30.0126 4.34918 -22.1756
33.0976 6.35118 -21.0496
35.5206 3.86518 -22.7006
34.2846 4.52718 -26.2776
33.5676 8.20318 -25.4566

37.2256 9.26518 -25.5156
36.6636 11.3412 -22.3786
40.3806 11.9902 -22.1636
42.7206 13.4072 -24.7696
41.0296 16.7342 -23.8446
39.1546 17.0702 -20.5276
35.6146 18.1312 -21.5446

33.1226 16.2382 -23.7636
29.8196 17.1212 -25.4526
26.6876 15.1292 -24.5056

24.9606 14.5302 -27.9226

27.1266 11.3862 -28.1696
26.3906 10.3202 -24.5716
22.6776 11.1292 -25.0826
22.2356 8.62718 -27.9356
24.0966 6.05218 -25.8066
21.7316 6.35418 -22.8146
18.7846 5.91018 -25.1996

19.9576 2.80318 -27.0556
23.3036 2.04918 -28.6766

End chain 1
