14.376 13.393 -9.434
11.305 12.496 -7.337
11.151 9.258 -9.32

11.004 6.006 -7.338
14.52 4.519 -7.198
14.967 0.776 -7.832

15.638 0.429 -4.087
12.514 2.285 -2.905
10.556 -0.102 -5.156
12.221 -3.075 -3.436
11.74 -1.711 0.112
7.991 -1.522 -0.555
8.139 -4.957 -2.2
9.527 -6.582 0.974
6.846 -4.901 3.105
4.21 -5.895 0.525
5.202 -9.589 0.585
5.112 -9.741 4.412
1.285 -9.811 3.999

1.02018 -12.4587 1.34694
-2.19724 -12.3581 -0.649768
-4.30384 -15.3945 -1.3165
-6.41838 -18.2841 -2.54789
-8.77926 -19.8877 -5.05288
-11.4649 -19.1777 -2.43833
-10.6099 -15.4044 -2.09514

-11.6432 -11.8007 -1.0468
-11.5028 -8.19698 -0.0253385
-10.827 -4.88443 1.65196

-10.868 -5.95943 5.32196
-7.071 -6.42143 5.08696
-6.529 -3.06843 3.33896
-6.003 -0.996426 6.51296
-3.832 -3.85243 7.83296
-1.432 -3.71643 4.86296
-1.278 0.0905736 5.02596
-0.563001 -0.156426 8.76996
2.326 -2.52343 7.97996
3.998 0.307574 6.02596

4.11372 3.21458 8.32464
5.00735 4.08419 12.0153
6.10402 4.42259 15.6781
3.39108 5.35191 18.2299
4.05185 1.98238 19.7726
7.74302 1.57508 19.7445

10.9161 -0.487006 19.3951
9.87721 -2.7499 22.2661
6.45136 -3.30426 20.7172
8.00456 -4.20682 17.3682
10.3447 -6.70603 19.0176
7.45298 -8.34398 20.8609
5.45545 -8.66203 17.6435
8.40251 -10.2655 15.8583
8.86646 -12.7758 18.6737
5.18375 -13.7093 18.5784
5.31661 -14.2426 14.818
8.37006 -16.4813 15.1459

9.33493 -18.0269 18.4018
11.5289 -21.2247 18.1722
11.1917 -24.4101 16.1821
9.61501 -21.4251 14.4742
11.7362 -18.2371 13.8898

12.6198 -19.0242 10.2086
15.8364 -18.842 8.15147
19.5573 -18.6787 7.05434

19.3603 -16.3657 3.96934
16.4113 -14.4817 5.50834
18.3673 -14.5327 8.78234
21.1983 -12.6967 6.99334
18.5823 -10.1087 5.97234
17.6763 -9.53469 9.64234
21.2423 -8.76369 10.7993
21.7853 -6.55269 7.73334
18.7273 -4.46769 8.68934
20.3093 -3.80569 12.0933
23.9903 -3.44569 11.0293

22.3226 -1.25782 8.41572
20.3233 -2.34046 5.39407
17.5211 -3.96838 3.28891
16.9942 -5.14462 -0.346236
16.4061 -6.32594 -4.00939

18.5521 -3.47285 -5.31226
21.0887 -3.98098 -2.52832
21.3036 -7.70178 -3.27154
21.8739 -7.029 -6.96816
24.6517 -4.55537 -6.18859
26.3648 -7.054 -3.89398
26.2125 -9.75571 -6.56239
27.7243 -7.41992 -9.15105
30.5668 -6.49976 -6.80232
31.3175 -10.1622 -6.11989
31.4098 -10.9365 -9.83942
33.8054 -8.0562 -10.4781

34.2284 -4.9752 -8.24114
36.5684 -3.5412 -10.8931
34.1174 -4.0732 -13.7831
37.1964 -5.5332 -15.5341
35.8354 -9.0892 -16.0991
38.5934 -10.6562 -13.9501
38.8534 -11.5822 -10.2341
41.4014 -13.4742 -8.09214
40.9084 -17.2872 -8.13014

39.9424 -16.9282 -4.45614
37.0784 -14.5482 -5.20114
36.1964 -17.0412 -7.96614
36.1454 -20.1422 -5.78414
34.2174 -17.9822 -3.31114
31.6184 -16.9672 -5.94314
30.9864 -20.6972 -6.38514
30.7234 -21.4372 -2.61414
28.6994 -18.3732 -1.49114
26.1614 -19.1992 -4.21214

25.1874 -22.2252 -2.12614
25.9124 -24.7562 -4.89414
26.3174 -28.4472 -3.87414
29.9004 -28.1222 -5.08514
32.6534 -30.0332 -3.23314
36.1554 -28.5612 -2.76614

37.4544 -31.5812 -4.72614
35.3234 -30.8672 -7.81814
36.5964 -27.2692 -8.00214
40.1804 -28.5262 -7.66414
39.5484 -30.4522 -10.9061
38.0064 -27.3982 -12.6081
41.0914 -25.3962 -11.4821
43.5144 -27.8822 -13.1331
42.2784 -27.2202 -16.7101
41.5614 -23.5442 -15.8891

45.1173 -23.2253 -14.8721
47.3738 -21.6466 -12.2572
48.0665 -19.9956 -8.88561
49.4391 -16.5808 -9.67922
48.6837 -13.2862 -11.2514
48.0436 -13.8712 -14.8566
45.9916 -11.7985 -17.1486

42.6806 -13.5969 -17.4492
39.4014 -15.2969 -16.3759
37.2014 -18.3164 -16.4444

35.4744 -18.9154 -19.8614

37.6404 -22.0594 -20.1084
36.9044 -23.1254 -16.5104
33.1914 -22.3164 -17.0214
32.7494 -24.8184 -19.8744
34.6104 -27.3934 -17.7454
32.2454 -27.0914 -14.7534
29.2984 -27.5354 -17.1384

30.4714 -30.6424 -18.9944
33.8174 -31.3964 -20.6154

End chain 1
