14.376 13.393 -9.434
11.305 12.496 -7.337
11.151 9.258 -9.32

11.004 6.006 -7.338
14.52 4.519 -7.198
14.967 0.776 -7.832

15.638 0.429 -4.087
12.514 2.285 -2.905
10.556 -0.102 -5.156
12.221 -3.075 -3.436
11.74 -1.711 0.112
7.991 -1.522 -0.555
8.139 -4.957 -2.2
9.527 -6.582 0.974
6.846 -4.901 3.105
4.21 -5.895 0.525
5.202 -9.589 0.585
5.112 -9.741 4.412
1.285 -9.811 3.999

1.15731 -12.927 1.92563
0.50415 -14.7873 -1.42723
-0.585537 -16.664 -4.44122
0.310717 -15.387 -7.85522
2.92663 -12.8769 -6.4885
4.32633 -11.4266 -9.63901
5.62904 -12.2803 -13.2084

9.08679 -13.8004 -12.273
12.2507 -15.9578 -11.9131
14.7916 -18.6556 -11.9272

14.7506 -19.7306 -8.25723
18.5476 -20.1926 -8.49223
19.0896 -16.8396 -10.2402
19.6156 -14.7676 -7.06623
21.7866 -17.6236 -5.74623
24.1866 -17.4876 -8.71623
24.3406 -13.6806 -8.55323
25.0556 -13.9276 -4.80923
27.9446 -16.2946 -5.59923
29.6166 -13.4636 -7.55323

29.7323 -10.5566 -5.25455
30.6259 -9.68702 -1.56391
31.7226 -9.34862 2.09889
29.0096 -8.4193 4.65067
29.6704 -11.7888 6.19343
33.3616 -12.1961 6.16526

36.5347 -14.2582 5.81592
35.4958 -16.5211 8.68695
32.0699 -17.0755 7.13803
33.6231 -17.978 3.78902
35.9633 -20.4772 5.43839
33.0715 -22.1152 7.2817
31.074 -22.4332 4.0643
34.0211 -24.0367 2.27916
34.485 -26.547 5.09448
30.8023 -27.4805 4.99926
30.9352 -28.0138 1.23883
33.9886 -30.2525 1.56672

34.9535 -31.7981 4.82257
37.1475 -34.9959 4.59304
36.8103 -38.1813 2.60291
35.2336 -35.1963 0.895063
37.3547 -32.0083 0.310657

38.2384 -32.7954 -3.37062
41.455 -32.6132 -5.42771
45.1758 -32.4499 -6.52485

44.9788 -30.1369 -9.60985
42.0298 -28.2529 -8.07085
43.9858 -28.3039 -4.79685
46.8168 -26.4679 -6.58585
44.2008 -23.8799 -7.60685
43.2948 -23.3059 -3.93685
46.8608 -22.5349 -2.77985
47.4038 -20.3239 -5.84585
44.3458 -18.2389 -4.88985
45.9278 -17.5769 -1.48585
49.6088 -17.2169 -2.54985

47.9412 -15.029 -5.16347
45.9419 -16.1117 -8.18512
43.1397 -17.7396 -10.2903
42.6128 -18.9158 -13.9254
42.0247 -20.0971 -17.5886

44.1707 -17.2441 -18.8914
46.7073 -17.7522 -16.1075
46.9222 -21.473 -16.8507
47.4925 -20.8002 -20.5473
50.2703 -18.3266 -19.7678
51.9833 -20.8252 -17.4732
51.831 -23.5269 -20.1416
53.3429 -21.1911 -22.7302
56.1854 -20.271 -20.3815
56.9361 -23.9334 -19.6991
57.0283 -24.7077 -23.4186
59.4239 -21.8274 -24.0573

59.8469 -18.7464 -21.8203
62.1869 -17.3124 -24.4723
59.7359 -17.8444 -27.3623
62.8149 -19.3044 -29.1133
61.4539 -22.8604 -29.6783
64.2119 -24.4274 -27.5293
64.4719 -25.3534 -23.8133
67.0199 -27.2454 -21.6713
66.5269 -31.0584 -21.7093

65.5609 -30.6994 -18.0353
62.6969 -28.3194 -18.7803
61.8149 -30.8124 -21.5453
61.7639 -33.9134 -19.3633
59.8359 -31.7534 -16.8903
57.2369 -30.7384 -19.5223
56.6049 -34.4684 -19.9643
56.3419 -35.2084 -16.1933
54.3179 -32.1444 -15.0703
51.7799 -32.9704 -17.7913

50.8059 -35.9964 -15.7053
51.5309 -38.5274 -18.4733
51.9359 -42.2184 -17.4533
55.5189 -41.8934 -18.6643
58.2719 -43.8044 -16.8123
61.7739 -42.3324 -16.3453

63.0729 -45.3524 -18.3053
60.9419 -44.6384 -21.3973
62.2149 -41.0404 -21.5813
65.7989 -42.2974 -21.2433
65.1669 -44.2234 -24.4853
63.6249 -41.1694 -26.1873
66.7099 -39.1674 -25.0613
69.1329 -41.6534 -26.7123
67.8969 -40.9914 -30.2893
67.1799 -37.3154 -29.4683

70.8379 -36.2534 -29.5273
70.2759 -34.1774 -26.3903
73.9929 -33.5284 -26.1753
76.3329 -32.1114 -28.7813
74.6419 -28.7844 -27.8563
72.7669 -28.4484 -24.5393
69.2269 -27.3874 -25.5563

66.7349 -29.2804 -27.7753
63.4319 -28.3974 -29.4643
60.2999 -30.3894 -28.5173

58.5729 -30.9884 -31.9343

60.7389 -34.1324 -32.1813
60.0029 -35.1984 -28.5833
56.2899 -34.3894 -29.0943
55.8479 -36.8914 -31.9473
57.7089 -39.4664 -29.8183
55.3439 -39.1644 -26.8263
52.3969 -39.6084 -29.2113

53.5699 -42.7154 -31.0673
56.9159 -43.4694 -32.6883

End chain 1
