14.376 13.393 -9.434
11.305 12.496 -7.337
11.151 9.258 -9.32

11.004 6.006 -7.338
14.52 4.519 -7.198
14.967 0.776 -7.832

15.638 0.429 -4.087
12.514 2.285 -2.905
10.556 -0.102 -5.156
12.221 -3.075 -3.436
11.74 -1.711 0.112
7.991 -1.522 -0.555
8.139 -4.957 -2.2
9.527 -6.582 0.974
6.846 -4.901 3.105
4.21 -5.895 0.525
5.202 -9.589 0.585
5.112 -9.741 4.412
1.285 -9.811 3.999

0.995906 -12.6426 1.37707
1.57766 -15.1306 -1.31393
0.976467 -17.5516 -4.22367
0.426747 -20.084 -1.55242
-2.33079 -20.3721 1.09474
-1.43824 -18.1729 4.088
-0.472993 -20.9318 6.60339

3.09499 -19.7422 7.36199
4.23554 -23.1774 8.8135
5.65931 -26.7109 9.03308

5.61831 -27.7859 12.7031
9.41531 -28.2479 12.4681
9.95731 -24.8949 10.7201
10.4833 -22.8229 13.8941
12.6543 -25.6789 15.2141
15.0543 -25.5429 12.2441
15.2083 -21.7359 12.4071
15.9233 -21.9829 16.1511
18.8123 -24.3499 15.3611
20.4843 -21.5189 13.4071

20.6 -18.6119 15.7058
21.4937 -17.7423 19.3964
22.5903 -17.4039 23.0592
19.8774 -16.4745 25.611
20.5382 -19.8441 27.1537
24.2293 -20.2514 27.1256

27.4024 -22.3135 26.7762
26.3635 -24.5764 29.6473
22.9377 -25.1307 28.0983
24.4909 -26.0333 24.7493
26.831 -28.5325 26.3987
23.9393 -30.1704 28.242
21.9418 -30.4885 25.0246
24.8888 -32.0919 23.2395
25.3528 -34.6022 26.0548
21.6701 -35.5357 25.9596
21.8029 -36.069 22.1991
24.8564 -38.3078 22.527

25.3074 -41.8948 21.348
23.2704 -43.0818 24.348
25.9914 -45.6728 25.157
26.8194 -44.1208 28.562
30.4564 -45.0028 27.67

33.5944 -43.1608 26.437
36.3944 -44.3558 24.104
40.0644 -43.1588 24.263

39.8674 -40.8458 21.178
36.9184 -38.9618 22.717
38.8744 -39.0128 25.991
41.7054 -37.1768 24.202
39.0894 -34.5888 23.181
38.1834 -34.0148 26.851
41.7494 -33.2438 28.008
42.2924 -31.0328 24.942
39.2344 -28.9478 25.898
40.8164 -28.2858 29.302
44.4974 -27.9258 28.238

42.8297 -25.7379 25.6244
40.8305 -26.8205 22.6028
38.0282 -28.4484 20.4976
37.5014 -29.6247 16.8625
36.9132 -30.806 13.1993

39.0592 -27.9529 11.8964
41.5958 -28.461 14.6804
41.8107 -32.1818 13.9372
42.381 -31.5091 10.2405
45.1588 -29.0354 11.0201
46.8719 -31.5341 13.3147
46.7196 -34.2358 10.6463
48.2314 -31.9 8.05763
51.0739 -30.9798 10.4064
51.8246 -34.6423 11.0888
51.9169 -35.4165 7.36926
54.3125 -32.5363 6.73055

54.7355 -29.4553 8.96755
57.0755 -28.0213 6.31555
54.6245 -28.5533 3.42555
57.7035 -30.0133 1.67455
56.3425 -33.5693 1.10955
59.1005 -35.1363 3.25855
59.3605 -36.0623 6.97455
61.9085 -37.9543 9.11655
61.4155 -41.7673 9.07855

60.4495 -41.4083 12.7526
57.5855 -39.0283 12.0076
56.7035 -41.5213 9.24255
56.6525 -44.6223 11.4246
54.7245 -42.4623 13.8976
52.1255 -41.4473 11.2656
51.4935 -45.1773 10.8236
51.2305 -45.9173 14.5946
49.2065 -42.8533 15.7176
46.6685 -43.6793 12.9966

45.6945 -46.7053 15.0826
46.4195 -49.2363 12.3146
46.8245 -52.9273 13.3346
50.4075 -52.6023 12.1236
53.1605 -54.5133 13.9756
56.6625 -53.0413 14.4426

57.9615 -56.0613 12.4826
55.8305 -55.3473 9.39055
57.1035 -51.7493 9.20655
60.6875 -53.0063 9.54455
60.0555 -54.9323 6.30255
58.5135 -51.8783 4.60055
61.5985 -49.8763 5.72655
64.0215 -52.3623 4.07555
62.7855 -51.7003 0.498551
62.0685 -48.0243 1.31955

65.7265 -46.9623 1.26055
65.1645 -44.8863 4.39755
68.8815 -44.2373 4.61255
71.2215 -42.8203 2.00655
69.5305 -39.4933 2.93155
67.6555 -39.1573 6.24855
64.1155 -38.0963 5.23155

61.6235 -39.9893 3.01255
58.3205 -39.1063 1.32355
55.1885 -41.0983 2.27055

53.4615 -41.6973 -1.14645

55.6275 -44.8413 -1.39345
54.8915 -45.9073 2.20455
51.1785 -45.0983 1.69355
50.7365 -47.6003 -1.15945
52.5975 -50.1753 0.969551
50.2325 -49.8733 3.96155
47.2855 -50.3173 1.57655

48.4585 -53.4243 -0.279449
51.8045 -54.1783 -1.90045

End chain 1
