14.376 13.393 -9.434
11.305 12.496 -7.337
11.151 9.258 -9.32

11.004 6.006 -7.338
14.52 4.519 -7.198
14.967 0.776 -7.832

15.638 0.429 -4.087
12.514 2.285 -2.905
10.556 -0.102 -5.156
12.221 -3.075 -3.436
11.74 -1.711 0.112
7.991 -1.522 -0.555
8.139 -4.957 -2.2
9.527 -6.582 0.974
6.846 -4.901 3.105
4.21 -5.895 0.525
5.202 -9.589 0.585
5.112 -9.741 4.412
1.285 -9.811 3.999

0.131293 -10.5518 0.457292
0.274975 -11.6183 -3.22559
-0.501096 -11.1462 -6.97057
-3.78856 -11.7268 -5.33605
-5.14869 -11.4022 -1.84315
-7.30247 -11.9729 1.30269
-9.95158 -9.40674 2.30946

-10.7207 -6.15955 3.95493
-8.29964 -3.38984 4.73143
-7.69299 -3.06246 8.46683

-7.73399 -4.13746 12.1368
-3.93699 -4.59946 11.9018
-3.39499 -1.24646 10.1538
-2.86899 0.825537 13.3278
-0.697995 -2.03046 14.6478
1.70201 -1.89446 11.6778
1.85601 1.91254 11.8408
2.57101 1.66554 15.5848
5.46001 -0.701463 14.7948
7.13201 2.12954 12.8408

6.59701 4.41954 15.8678
3.57501 6.24154 14.3378
0.440005 6.87554 16.4788
-2.45599 8.18054 14.3438
-5.75899 8.64454 16.2198
-8.59199 6.18354 15.5758

-10.467 8.76954 13.4848
-7.35399 9.43754 11.3758
-7.23199 5.68254 10.7338
-10.988 5.32654 10.0848
-10.759 8.22954 7.61383
-8.11299 6.62954 5.39383
-9.92299 3.29654 5.74583
-13.164 4.80754 4.41983
-11.254 5.76654 1.23583
-9.23699 2.54154 0.925826
-12.241 0.472537 1.94683
-13.66 1.35054 -1.44817

-10.651 1.50455 -3.74178
-7.76285 1.68703 -6.34324
-5.31365 4.28127 -5.11277
-5.55754 2.18089 -1.99888
-4.20759 -1.22395 -2.69152

-1.52432 0.729941 -4.70119
1.28238 3.21346 -5.71988
4.44398 4.89548 -6.79408

4.24698 7.20848 -9.87908
1.29798 9.09248 -8.34008
3.25398 9.04148 -5.06608
6.08498 10.8775 -6.85508
3.46898 13.4655 -7.87608
2.56298 14.0395 -4.20608
6.12898 14.8105 -3.04908
6.67198 17.0215 -6.11508
3.61398 19.1065 -5.15908
5.19598 19.7685 -1.75508
8.87698 20.1285 -2.81908

7.84836 22.836 -5.21476
9.67111 24.2464 -8.16942
9.07064 22.4644 -11.5394
12.8572 21.9499 -11.8997
15.7674 20.2369 -9.98932

17.5282 21.3763 -6.82002
17.7694 17.8014 -5.55315
19.2484 16.6296 -8.85203
21.849 19.3999 -8.78133
22.8516 18.5004 -5.22766
23.2459 14.838 -6.16276
25.4338 15.7332 -9.13844
27.6536 17.9268 -6.96963
28.0696 15.1456 -4.41335
29.0333 12.6646 -7.12607
31.6248 15.0619 -8.53314
33.1455 15.5914 -5.09076

33.5685 18.6724 -2.85376
35.9085 20.1064 -5.50576
33.4575 19.5744 -8.39576
36.5365 18.1144 -10.1468
35.1755 14.5584 -10.7118
37.9335 12.9914 -8.56276
38.1935 12.0654 -4.84676
40.7415 10.1734 -2.70476
40.2485 6.36042 -2.74276

39.2825 6.71942 0.93124
36.4185 9.09942 0.18624
35.5365 6.60642 -2.57876
35.4855 3.50542 -0.39676
33.5575 5.66542 2.07624
30.9585 6.68042 -0.55576
30.3265 2.95042 -0.99776
30.0635 2.21042 2.77324
28.0395 5.27442 3.89624
25.5015 4.44842 1.17524

24.5275 1.42242 3.26124
25.2525 -1.10858 0.49324
25.6575 -4.79958 1.51324
29.2405 -4.47458 0.30224
31.9935 -6.38558 2.15424
35.4955 -4.91358 2.62124

36.7945 -7.93358 0.66124
34.6635 -7.21958 -2.43076
35.9365 -3.62158 -2.61476
39.5205 -4.87858 -2.27676
38.8885 -6.80458 -5.51876
37.3465 -3.75058 -7.22076
40.4315 -1.74858 -6.09476
42.8545 -4.23458 -7.74576
41.6185 -3.57258 -11.3228
40.9015 0.103422 -10.5018

44.5595 1.16542 -10.5608
43.9975 3.24142 -7.42376
47.7145 3.89042 -7.20876
50.0545 5.30742 -9.81476
48.3635 8.63442 -8.88976
46.4885 8.97042 -5.57276
42.9485 10.0314 -6.58976

40.4565 8.13842 -8.80876
37.1535 9.02142 -10.4978
34.0215 7.02942 -9.55076

32.2945 6.43042 -12.9678

34.4605 3.28642 -13.2148
33.7245 2.22042 -9.61676
30.0115 3.02942 -10.1278
29.5695 0.527422 -12.9808
31.4305 -2.04758 -10.8518
29.0655 -1.74558 -7.85976
26.1185 -2.18958 -10.2448

27.2915 -5.29658 -12.1008
30.6375 -6.05058 -13.7218

End chain 1
