14.376 13.393 -9.434
11.305 12.496 -7.337
11.151 9.258 -9.32

11.004 6.006 -7.338
14.52 4.519 -7.198
14.967 0.776 -7.832

15.638 0.429 -4.087
12.514 2.285 -2.905
10.556 -0.102 -5.156
12.221 -3.075 -3.436
11.74 -1.711 0.112
7.991 -1.522 -0.555
8.139 -4.957 -2.2
9.527 -6.582 0.974
6.846 -4.901 3.105
4.21 -5.895 0.525
5.202 -9.589 0.585
5.112 -9.741 4.412
1.285 -9.811 3.999

0.131293 -10.5518 0.457292
0.274975 -11.6183 -3.22559
-0.501096 -11.1462 -6.97057
-3.78856 -11.7268 -5.33605
-5.14869 -11.4022 -1.84315
-7.30247 -11.9729 1.30269
-9.95158 -9.40674 2.30946

-10.7207 -6.15955 3.95493
-8.29964 -3.38984 4.73143
-7.69299 -3.06246 8.46683

-7.73399 -4.13746 12.1368
-3.93699 -4.59946 11.9018
-3.39499 -1.24646 10.1538
-2.86899 0.825537 13.3278
-0.697995 -2.03046 14.6478
1.70201 -1.89446 11.6778
1.85601 1.91254 11.8408
2.57101 1.66554 15.5848
5.46001 -0.701463 14.7948
7.13201 2.12954 12.8408

6.59701 4.41954 15.8678
3.57501 6.24154 14.3378
0.440005 6.87554 16.4788
-2.45599 8.18054 14.3438
-5.75899 8.64454 16.2198
-8.59199 6.18354 15.5758

-10.467 8.76954 13.4848
-7.35399 9.43754 11.3758
-7.23199 5.68254 10.7338
-10.988 5.32654 10.0848
-10.759 8.22954 7.61383
-8.11299 6.62954 5.39383
-9.92299 3.29654 5.74583
-13.164 4.80754 4.41983
-11.254 5.76654 1.23583
-9.23699 2.54154 0.925826
-12.241 0.472537 1.94683
-13.66 1.35054 -1.44817

-10.651 1.50455 -3.74178
-7.76285 1.68703 -6.34324
-5.31365 4.28127 -5.11277
-5.55754 2.18089 -1.99888
-4.20759 -1.22395 -2.69152

-1.52432 0.729941 -4.70119
1.28238 3.21346 -5.71988
4.44398 4.89548 -6.79408

4.24698 7.20848 -9.87908
1.29798 9.09248 -8.34008
3.25398 9.04148 -5.06608
6.08498 10.8775 -6.85508
3.46898 13.4655 -7.87608
2.56298 14.0395 -4.20608
6.12898 14.8105 -3.04908
6.67198 17.0215 -6.11508
3.61398 19.1065 -5.15908
5.19598 19.7685 -1.75508
8.87698 20.1285 -2.81908

7.66308 22.7958 -5.2253
6.02615 25.2142 -7.65386
6.09434 28.7881 -8.91221
9.09794 28.4258 -6.68442
11.3969 25.4066 -6.99144

13.4501 28.3316 -8.28453
15.9987 27.8996 -5.49865
16.3359 24.1896 -6.2508
16.8883 24.89 -9.94502
19.5829 27.4511 -9.15581
21.3739 25.004 -6.86523
21.3131 22.3055 -9.54051
22.7509 24.6959 -12.1215
25.559 25.7025 -9.76686
26.4282 22.0648 -9.09255
26.5501 21.3033 -12.8139
28.8511 24.2619 -13.4424

29.2741 27.3429 -11.2054
31.6141 28.7769 -13.8574
29.1631 28.2449 -16.7474
32.2421 26.7849 -18.4984
30.8811 23.2289 -19.0634
33.6391 21.6619 -16.9144
33.8991 20.7359 -13.1984
36.4471 18.8439 -11.0564
35.9541 15.0309 -11.0944

34.9881 15.3899 -7.42041
32.1241 17.7699 -8.16541
31.2421 15.2769 -10.9304
31.1911 12.1759 -8.74841
29.2631 14.3359 -6.27541
26.6641 15.3509 -8.90741
26.0321 11.6209 -9.34941
25.7691 10.8809 -5.57841
23.7451 13.9449 -4.45541
21.2071 13.1189 -7.17641

20.2331 10.0929 -5.09041
20.9581 7.56194 -7.85841
21.3631 3.87094 -6.83841
24.9461 4.19594 -8.04941
27.6991 2.28494 -6.19741
31.2011 3.75694 -5.73041

32.5001 0.736936 -7.69041
30.3691 1.45094 -10.7824
31.6421 5.04894 -10.9664
35.2261 3.79194 -10.6284
34.5941 1.86594 -13.8704
33.0521 4.91994 -15.5724
36.1371 6.92194 -14.4464
38.5601 4.43594 -16.0974
37.3241 5.09794 -19.6744
36.6071 8.77394 -18.8534

40.2651 9.83594 -18.9124
39.7031 11.9119 -15.7754
43.4201 12.5609 -15.5604
45.7601 13.9779 -18.1664
44.0691 17.3049 -17.2414
42.1941 17.6409 -13.9244
38.6541 18.7019 -14.9414

36.1621 16.8089 -17.1604
32.8591 17.6919 -18.8494
29.7271 15.6999 -17.9024

28.0001 15.1009 -21.3194

30.1661 11.9569 -21.5664
29.4301 10.8909 -17.9684
25.7171 11.6999 -18.4794
25.2751 9.19794 -21.3324
27.1361 6.62294 -19.2034
24.7711 6.92494 -16.2114
21.8241 6.48094 -18.5964

22.9971 3.37394 -20.4524
26.3431 2.61994 -22.0734

End chain 1
