14.376 13.393 -9.434
11.305 12.496 -7.337
11.151 9.258 -9.32

11.004 6.006 -7.338
14.52 4.519 -7.198
14.967 0.776 -7.832

15.638 0.429 -4.087
12.514 2.285 -2.905
10.556 -0.102 -5.156
12.221 -3.075 -3.436
11.74 -1.711 0.112
7.991 -1.522 -0.555
8.139 -4.957 -2.2
9.527 -6.582 0.974
6.846 -4.901 3.105
4.21 -5.895 0.525
5.202 -9.589 0.585
5.112 -9.741 4.412
1.285 -9.811 3.999

0.131293 -10.5518 0.457292
0.274975 -11.6183 -3.22559
-0.501096 -11.1462 -6.97057
-3.78856 -11.7268 -5.33605
-5.14869 -11.4022 -1.84315
-7.30247 -11.9729 1.30269
-9.95158 -9.40674 2.30946

-10.7207 -6.15955 3.95493
-8.29964 -3.38984 4.73143
-7.69299 -3.06246 8.46683

-7.73399 -4.13746 12.1368
-3.93699 -4.59946 11.9018
-3.39499 -1.24646 10.1538
-2.86899 0.825537 13.3278
-0.697995 -2.03046 14.6478
1.70201 -1.89446 11.6778
1.85601 1.91254 11.8408
2.57101 1.66554 15.5848
5.46001 -0.701463 14.7948
7.13201 2.12954 12.8408

6.59701 4.41954 15.8678
3.57501 6.24154 14.3378
0.440005 6.87554 16.4788
-2.45599 8.18054 14.3438
-5.75899 8.64454 16.2198
-8.59199 6.18354 15.5758

-10.467 8.76954 13.4848
-7.35399 9.43754 11.3758
-7.23199 5.68254 10.7338
-10.988 5.32654 10.0848
-10.759 8.22954 7.61383
-8.11299 6.62954 5.39383
-9.92299 3.29654 5.74583
-13.164 4.80754 4.41983
-11.254 5.76654 1.23583
-9.23699 2.54154 0.925826
-12.241 0.472537 1.94683
-13.66 1.35054 -1.44817

-10.5276 0.841624 -3.63028
-9.37048 -0.733124 -6.84846
-5.88286 0.594823 -7.96021
-3.16582 1.77977 -5.52417
-2.3614 5.05259 -3.73917

1.08015 3.30673 -3.31057
3.03679 6.22064 -1.74769
5.19293 9.03527 -0.280324

4.99593 11.3483 -3.36532
2.04693 13.2323 -1.82632
4.00293 13.1813 1.44768
6.83393 15.0173 -0.341324
4.21793 17.6053 -1.36232
3.31193 18.1793 2.30768
6.87793 18.9503 3.46468
7.42093 21.1613 0.398676
4.36293 23.2463 1.35468
5.94493 23.9083 4.75868
9.62593 24.2683 3.69468

8.43621 26.1905 0.726878
8.9497 26.2842 -3.07675
8.09852 27.0469 -6.76689
10.1517 30.2584 -7.53418
12.3457 32.7213 -9.23478

15.664 33.9243 -7.82599
15.728 31.0893 -5.29582
15.0439 28.5205 -8.01178
17.8545 29.9042 -10.1634
20.2902 29.7515 -7.25015
19.3517 26.1402 -6.52883
19.8723 25.1765 -10.168
23.2983 26.8207 -10.214
24.3316 24.9793 -7.05423
23.2284 21.65 -8.51765
25.2043 22.2845 -11.7013
28.3274 23.1331 -9.70902

28.7504 26.2141 -7.47202
31.0904 27.6481 -10.124
28.6394 27.1161 -13.014
31.7184 25.6561 -14.765
30.3574 22.1001 -15.33
33.1154 20.5331 -13.181
33.3754 19.6071 -9.46502
35.9234 17.7151 -7.32302
35.4304 13.9021 -7.36102

34.4644 14.2611 -3.68702
31.6004 16.6411 -4.43202
30.7184 14.1481 -7.19702
30.6674 11.0471 -5.01502
28.7394 13.2071 -2.54202
26.1404 14.2221 -5.17402
25.5084 10.4921 -5.61602
25.2454 9.75214 -1.84502
23.2214 12.8161 -0.722016
20.6834 11.9901 -3.44302

19.7094 8.96414 -1.35702
20.4344 6.43314 -4.12502
20.8394 2.74214 -3.10502
24.4224 3.06714 -4.31602
27.1754 1.15614 -2.46402
30.6774 2.62814 -1.99702

31.9764 -0.391858 -3.95702
29.8454 0.322142 -7.04902
31.1184 3.92014 -7.23302
34.7024 2.66314 -6.89502
34.0704 0.737142 -10.137
32.5284 3.79114 -11.839
35.6134 5.79314 -10.713
38.0364 3.30714 -12.364
36.8004 3.96914 -15.941
36.0834 7.64514 -15.12

39.7414 8.70714 -15.179
39.1794 10.7831 -12.042
42.8964 11.4321 -11.827
45.2364 12.8491 -14.433
43.5454 16.1761 -13.508
41.6704 16.5121 -10.191
38.1304 17.5731 -11.208

35.6384 15.6801 -13.427
32.3354 16.5631 -15.116
29.2034 14.5711 -14.169

27.4764 13.9721 -17.586

29.6424 10.8281 -17.833
28.9064 9.76214 -14.235
25.1934 10.5711 -14.746
24.7514 8.06914 -17.599
26.6124 5.49414 -15.47
24.2474 5.79614 -12.478
21.3004 5.35214 -14.863

22.4734 2.24514 -16.719
25.8194 1.49114 -18.34

End chain 1
