14.376 13.393 -9.434
11.305 12.496 -7.337
11.151 9.258 -9.32

11.004 6.006 -7.338
14.52 4.519 -7.198
14.967 0.776 -7.832

15.638 0.429 -4.087
12.514 2.285 -2.905
10.556 -0.102 -5.156
12.221 -3.075 -3.436
11.74 -1.711 0.112
7.991 -1.522 -0.555
8.139 -4.957 -2.2
9.527 -6.582 0.974
6.846 -4.901 3.105
4.21 -5.895 0.525
5.202 -9.589 0.585
5.112 -9.741 4.412
1.285 -9.811 3.999

0.131293 -10.5518 0.457292
0.274975 -11.6183 -3.22559
-0.501096 -11.1462 -6.97057
-3.78856 -11.7268 -5.33605
-5.14869 -11.4022 -1.84315
-7.30247 -11.9729 1.30269
-9.95158 -9.40674 2.30946

-10.7207 -6.15955 3.95493
-8.29964 -3.38984 4.73143
-7.69299 -3.06246 8.46683

-7.73399 -4.13746 12.1368
-3.93699 -4.59946 11.9018
-3.39499 -1.24646 10.1538
-2.86899 0.825537 13.3278
-0.697995 -2.03046 14.6478
1.70201 -1.89446 11.6778
1.85601 1.91254 11.8408
2.57101 1.66554 15.5848
5.46001 -0.701463 14.7948
7.13201 2.12954 12.8408

6.59701 4.41954 15.8678
3.57501 6.24154 14.3378
0.440005 6.87554 16.4788
-2.45599 8.18054 14.3438
-5.75899 8.64454 16.2198
-8.59199 6.18354 15.5758

-10.467 8.76954 13.4848
-7.35399 9.43754 11.3758
-7.23199 5.68254 10.7338
-10.988 5.32654 10.0848
-10.759 8.22954 7.61383
-8.11299 6.62954 5.39383
-9.92299 3.29654 5.74583
-13.164 4.80754 4.41983
-11.254 5.76654 1.23583
-9.23699 2.54154 0.925826
-12.241 0.472537 1.94683
-13.66 1.35054 -1.44817

-10.5276 0.841624 -3.63028
-9.37048 -0.733124 -6.84846
-5.88286 0.594823 -7.96021
-3.16582 1.77977 -5.52417
-2.3614 5.05259 -3.73917

1.08015 3.30673 -3.31057
3.03679 6.22064 -1.74769
5.19293 9.03527 -0.280324

4.99593 11.3483 -3.36532
2.04693 13.2323 -1.82632
4.00293 13.1813 1.44768
6.83393 15.0173 -0.341324
4.21793 17.6053 -1.36232
3.31193 18.1793 2.30768
6.87793 18.9503 3.46468
7.42093 21.1613 0.398676
4.36293 23.2463 1.35468
5.94493 23.9083 4.75868
9.62593 24.2683 3.69468

8.41204 26.9356 1.28846
6.7751 29.354 -1.1401
6.8433 32.9279 -2.39846
9.8469 32.5655 -0.170659
12.1459 29.5464 -0.477686

14.1991 32.4713 -1.77077
16.7476 32.0393 1.01511
17.0848 28.3294 0.26296
17.6372 29.0298 -3.43126
20.3318 31.5909 -2.64206
22.1229 29.1438 -0.351467
22.062 26.4452 -3.02675
23.4999 28.8357 -5.60771
26.308 29.8423 -3.2531
27.1771 26.2046 -2.5788
27.299 25.4431 -6.30011
29.6 28.4017 -6.92866

30.023 31.4827 -4.69166
32.363 32.9167 -7.34366
29.912 32.3847 -10.2337
32.991 30.9247 -11.9847
31.63 27.3687 -12.5497
34.388 25.8017 -10.4007
34.648 24.8757 -6.68466
37.196 22.9837 -4.54266
36.703 19.1707 -4.58066

35.737 19.5297 -0.906656
32.873 21.9097 -1.65166
31.991 19.4167 -4.41666
31.94 16.3157 -2.23466
30.012 18.4757 0.238344
27.413 19.4907 -2.39366
26.781 15.7607 -2.83566
26.518 15.0207 0.935344
24.494 18.0847 2.05834
21.956 17.2587 -0.662656

20.982 14.2327 1.42334
21.707 11.7017 -1.34466
22.112 8.01073 -0.324656
25.695 8.33573 -1.53566
28.448 6.42473 0.316344
31.95 7.89673 0.783344

33.249 4.87673 -1.17666
31.118 5.59073 -4.26866
32.391 9.18873 -4.45266
35.975 7.93173 -4.11466
35.343 6.00573 -7.35666
33.801 9.05973 -9.05866
36.886 11.0617 -7.93266
39.309 8.57573 -9.58366
38.073 9.23773 -13.1607
37.356 12.9137 -12.3397

41.014 13.9757 -12.3987
40.452 16.0517 -9.26166
44.169 16.7007 -9.04666
46.509 18.1177 -11.6527
44.818 21.4447 -10.7277
42.943 21.7807 -7.41066
39.403 22.8417 -8.42766

36.911 20.9487 -10.6467
33.608 21.8317 -12.3357
30.476 19.8397 -11.3887

28.749 19.2407 -14.8057

30.915 16.0967 -15.0527
30.179 15.0307 -11.4547
26.466 15.8397 -11.9657
26.024 13.3377 -14.8187
27.885 10.7627 -12.6897
25.52 11.0647 -9.69766
22.573 10.6207 -12.0827

23.746 7.51373 -13.9387
27.092 6.75973 -15.5597

End chain 1
