14.376 13.393 -9.434
11.305 12.496 -7.337
11.151 9.258 -9.32

11.004 6.006 -7.338
14.52 4.519 -7.198
14.967 0.776 -7.832

15.638 0.429 -4.087
12.514 2.285 -2.905
10.556 -0.102 -5.156
12.221 -3.075 -3.436
11.74 -1.711 0.112
7.991 -1.522 -0.555
8.139 -4.957 -2.2
9.527 -6.582 0.974
6.846 -4.901 3.105
4.21 -5.895 0.525
5.202 -9.589 0.585
5.112 -9.741 4.412
1.285 -9.811 3.999

1.012 -11.657 0.647
-0.051 -15.058 2.058
-1.977 -15.785 -1.16
1.187 -16.059 -3.293
-0.922 -13.94 -5.681
1.285 -10.852 -5.276
-1.689 -9.009 -3.672

-2.915 -8.068 -0.165
-6.302 -7.233 1.393
-7.428 -3.732 2.358

-7.469 -4.807 6.028
-3.672 -5.269 5.793
-3.13 -1.916 4.045
-2.604 0.156 7.219
-0.433 -2.7 8.539
1.967 -2.564 5.569
2.121 1.243 5.732
2.836 0.996 9.476
5.725 -1.371 8.686
7.397 1.46 6.732

6.862 3.75 9.759
3.84 5.572 8.229
0.705 6.206 10.37
-2.191 7.511 8.235
-5.494 7.975 10.111
-8.327 5.514 9.467

-10.202 8.1 7.376
-7.089 8.768 5.267
-6.967 5.013 4.625
-10.723 4.657 3.976
-10.494 7.56 1.505
-7.848 5.96 -0.715
-9.658 2.627 -0.363
-12.899 4.138 -1.689
-10.989 5.097 -4.873
-8.972 1.872 -5.183
-11.976 -0.197 -4.162
-13.395 0.681 -7.557

-10.386 0.835012 -9.8506
-7.49786 1.0175 -12.4521
-5.04865 3.61173 -11.2216
-5.29255 1.51135 -8.10771
-3.9426 -1.89349 -8.80034

-1.25933 0.0604041 -10.81
1.54738 2.54392 -11.8287
4.70897 4.22594 -12.9029

4.51197 6.53894 -15.9879
1.56297 8.42294 -14.4489
3.51897 8.37194 -11.1749
6.34997 10.2079 -12.9639
3.73397 12.7959 -13.9849
2.82797 13.3699 -10.3149
6.39397 14.1409 -9.15791
6.93697 16.3519 -12.2239
3.87897 18.4369 -11.2679
5.46097 19.0989 -7.86391
9.14197 19.4589 -8.92791

8.93097 21.3199 -12.2639
9.02697 25.1179 -12.2989
9.88497 24.7009 -8.58891
12.754 22.1759 -8.71591
14.434 21.4409 -5.39391

17.539 22.9439 -6.91091
15.96 26.4019 -6.46691
15.758 25.6749 -2.72291
19.42 24.7159 -2.25291
20.715 27.4439 -4.59891
18.665 30.0809 -2.74891
20.239 28.7639 0.466092
23.734 28.9459 -0.947908
22.662 32.5039 -1.82491
22.017 33.2369 1.86809
25.666 32.1769 2.17209
27.029 34.3729 -0.637908

27.452 37.4539 1.59909
29.792 38.8879 -1.05291
27.341 38.3559 -3.94291
30.42 36.8959 -5.69391
29.059 33.3399 -6.25891
31.817 31.7729 -4.10991
32.077 30.8469 -0.393908
34.625 28.9549 1.74809
34.132 25.1419 1.71009

33.166 25.5009 5.38409
30.302 27.8809 4.63909
29.42 25.3879 1.87409
29.369 22.2869 4.05609
27.441 24.4469 6.52909
24.842 25.4619 3.89709
24.21 21.7319 3.45509
23.947 20.9919 7.22609
21.923 24.0559 8.34909
19.385 23.2299 5.62809

18.411 20.2039 7.71409
19.136 17.6729 4.94609
19.541 13.9819 5.96609
23.124 14.3069 4.75509
25.877 12.3959 6.60709
29.379 13.8679 7.07409

30.678 10.8479 5.11409
28.547 11.5619 2.02209
29.82 15.1599 1.83809
33.404 13.9029 2.17609
32.772 11.9769 -1.06591
31.23 15.0309 -2.76791
34.315 17.0329 -1.64191
36.738 14.5469 -3.29291
35.502 15.2089 -6.86991
34.785 18.8849 -6.04891

38.443 19.9469 -6.10791
37.881 22.0229 -2.97091
41.598 22.6719 -2.75591
43.938 24.0889 -5.36191
42.247 27.4159 -4.43691
40.372 27.7519 -1.11991
36.832 28.8129 -2.13691

34.34 26.9199 -4.35591
31.037 27.8029 -6.04491
27.905 25.8109 -5.09791

26.178 25.2119 -8.51491

28.344 22.0679 -8.76191
27.608 21.0019 -5.16391
23.895 21.8109 -5.67491
23.453 19.3089 -8.52791
25.314 16.7339 -6.39891
22.949 17.0359 -3.40691
20.002 16.5919 -5.79191

21.175 13.4849 -7.64791
24.521 12.7309 -9.26891

End chain 1
