14.376 13.393 -9.434
11.305 12.496 -7.337
11.151 9.258 -9.32

11.004 6.006 -7.338
14.52 4.519 -7.198
14.967 0.776 -7.832

15.638 0.429 -4.087
12.514 2.285 -2.905
10.556 -0.102 -5.156
12.221 -3.075 -3.436
11.74 -1.711 0.112
7.991 -1.522 -0.555
8.139 -4.957 -2.2
9.527 -6.582 0.974
6.846 -4.901 3.105
4.21 -5.895 0.525
5.202 -9.589 0.585
5.112 -9.741 4.412
1.285 -9.811 3.999

1.012 -11.657 0.647
-0.051 -15.058 2.058
-1.977 -15.785 -1.16
1.187 -16.059 -3.293
-0.922 -13.94 -5.681
1.285 -10.852 -5.276
-1.689 -9.009 -3.672

-2.915 -8.068 -0.165
-6.302 -7.233 1.393
-7.428 -3.732 2.358

-7.469 -4.807 6.028
-3.672 -5.269 5.793
-3.13 -1.916 4.045
-2.604 0.156 7.219
-0.433 -2.7 8.539
1.967 -2.564 5.569
2.121 1.243 5.732
2.836 0.996 9.476
5.725 -1.371 8.686
7.397 1.46 6.732

6.862 3.75 9.759
3.84 5.572 8.229
0.705 6.206 10.37
-2.191 7.511 8.235
-5.494 7.975 10.111
-8.327 5.514 9.467

-10.202 8.1 7.376
-7.089 8.768 5.267
-6.967 5.013 4.625
-10.723 4.657 3.976
-10.494 7.56 1.505
-7.848 5.96 -0.715
-9.658 2.627 -0.363
-12.899 4.138 -1.689
-10.989 5.097 -4.873
-8.972 1.872 -5.183
-11.976 -0.197 -4.162
-13.395 0.681 -7.557

-11.2622 2.64877 -10.1553
-11.6687 5.49507 -12.6158
-11.6773 8.05124 -15.3922
-9.28781 9.49975 -12.8362
-6.54228 7.95072 -10.6987

-3.68742 10.3145 -10.7129
-1.39339 12.142 -13.1172
0.933783 14.788 -14.5726

0.736783 17.101 -17.6576
-2.21222 18.985 -16.1186
-0.256217 18.934 -12.8446
2.57478 20.77 -14.6336
-0.041217 23.358 -15.6546
-0.947217 23.932 -11.9846
2.61878 24.703 -10.8276
3.16178 26.914 -13.8936
0.103783 28.999 -12.9376
1.68578 29.661 -9.53355
5.36678 30.021 -10.5976

5.15578 31.882 -13.9336
5.25178 35.68 -13.9686
6.10978 35.263 -10.2586
8.97878 32.738 -10.3856
10.6588 32.003 -7.06355

13.7638 33.506 -8.58055
12.1848 36.964 -8.13655
11.9828 36.237 -4.39255
15.6448 35.278 -3.92255
16.9398 38.006 -6.26855
14.8898 40.643 -4.41855
16.4638 39.326 -1.20355
19.9588 39.508 -2.61755
18.8868 43.066 -3.49455
18.2418 43.799 0.198447
21.8908 42.739 0.502447
23.2538 44.935 -2.30755

23.6768 48.016 -0.0705531
26.0168 49.45 -2.72255
23.5658 48.918 -5.61255
26.6448 47.458 -7.36355
25.2838 43.902 -7.92855
28.0418 42.335 -5.77955
28.3018 41.409 -2.06355
30.8498 39.517 0.0784469
30.3568 35.704 0.0404469

29.3908 36.063 3.71445
26.5268 38.443 2.96945
25.6448 35.95 0.204447
25.5938 32.849 2.38645
23.6658 35.009 4.85945
21.0668 36.024 2.22745
20.4348 32.294 1.78545
20.1718 31.554 5.55645
18.1478 34.618 6.67945
15.6098 33.792 3.95845

14.6358 30.766 6.04445
15.3608 28.235 3.27645
15.7658 24.544 4.29645
19.3488 24.869 3.08545
22.1018 22.958 4.93745
25.6038 24.43 5.40445

26.9028 21.41 3.44445
24.7718 22.124 0.352447
26.0448 25.722 0.168447
29.6288 24.465 0.506447
28.9968 22.539 -2.73555
27.4548 25.593 -4.43755
30.5398 27.595 -3.31155
32.9628 25.109 -4.96255
31.7268 25.771 -8.53955
31.0098 29.447 -7.71855

34.6678 30.509 -7.77755
34.1058 32.585 -4.64055
37.8228 33.234 -4.42555
40.1628 34.651 -7.03155
38.4718 37.978 -6.10655
36.5968 38.314 -2.78955
33.0568 39.375 -3.80655

30.5648 37.482 -6.02555
27.2618 38.365 -7.71455
24.1298 36.373 -6.76755

22.4028 35.774 -10.1846

24.5688 32.63 -10.4316
23.8328 31.564 -6.83355
20.1198 32.373 -7.34455
19.6778 29.871 -10.1976
21.5388 27.296 -8.06855
19.1738 27.598 -5.07655
16.2268 27.154 -7.46155

17.3998 24.047 -9.31755
20.7458 23.293 -10.9386

End chain 1
