14.376 13.393 -9.434
11.305 12.496 -7.337
11.151 9.258 -9.32

11.004 6.006 -7.338
14.52 4.519 -7.198
14.967 0.776 -7.832

15.638 0.429 -4.087
12.514 2.285 -2.905
10.556 -0.102 -5.156
12.221 -3.075 -3.436
11.74 -1.711 0.112
7.991 -1.522 -0.555
8.139 -4.957 -2.2
9.527 -6.582 0.974
6.846 -4.901 3.105
4.21 -5.895 0.525
5.202 -9.589 0.585
5.112 -9.741 4.412
1.285 -9.811 3.999

0.131293 -10.5518 0.457292
0.274975 -11.6183 -3.22559
-0.501096 -11.1462 -6.97057
-3.78856 -11.7268 -5.33605
-5.14869 -11.4022 -1.84315
-7.30247 -11.9729 1.30269
-9.95158 -9.40674 2.30946

-10.7207 -6.15955 3.95493
-8.29964 -3.38984 4.73143
-7.69299 -3.06246 8.46683

-7.73399 -4.13746 12.1368
-3.93699 -4.59946 11.9018
-3.39499 -1.24646 10.1538
-2.86899 0.825537 13.3278
-0.697995 -2.03046 14.6478
1.70201 -1.89446 11.6778
1.85601 1.91254 11.8408
2.57101 1.66554 15.5848
5.46001 -0.701463 14.7948
7.13201 2.12954 12.8408

6.59701 4.41954 15.8678
3.57501 6.24154 14.3378
0.440005 6.87554 16.4788
-2.45599 8.18054 14.3438
-5.75899 8.64454 16.2198
-8.59199 6.18354 15.5758

-10.467 8.76954 13.4848
-7.35399 9.43754 11.3758
-7.23199 5.68254 10.7338
-10.988 5.32654 10.0848
-10.759 8.22954 7.61383
-8.11299 6.62954 5.39383
-9.92299 3.29654 5.74583
-13.164 4.80754 4.41983
-11.254 5.76654 1.23583
-9.23699 2.54154 0.925826
-12.241 0.472537 1.94683
-13.66 1.35054 -1.44817

-10.651 1.50455 -3.74178
-7.76285 1.68703 -6.34324
-5.31365 4.28127 -5.11277
-5.55754 2.18089 -1.99888
-4.20759 -1.22395 -2.69152

-1.52432 0.729941 -4.70119
1.28238 3.21346 -5.71988
4.44398 4.89548 -6.79408

4.24698 7.20848 -9.87908
1.29798 9.09248 -8.34008
3.25398 9.04148 -5.06608
6.08498 10.8775 -6.85508
3.46898 13.4655 -7.87608
2.56298 14.0395 -4.20608
6.12898 14.8105 -3.04908
6.67198 17.0215 -6.11508
3.61398 19.1065 -5.15908
5.19598 19.7685 -1.75508
8.87698 20.1285 -2.81908

6.96262 23.0075 -4.17747
8.58089 25.7733 -6.36327
5.98475 28.5099 -5.4437
6.06089 27.0236 -2.04973
9.79582 26.7977 -1.34436

10.8603 29.7645 -3.46751
13.525 30.7409 -0.939861
14.8989 27.1982 -0.874744
15.0874 27.098 -4.66913
16.9476 30.4107 -4.76078
19.456 29.1842 -2.18276
20.0845 26.0034 -4.16532
20.6688 27.9899 -7.35209
23.1473 30.2702 -5.59131
25.0612 27.2888 -4.21615
25.2624 25.7043 -7.66463
26.5785 28.9327 -9.17747

27.0015 32.0137 -6.94047
29.3415 33.4477 -9.59247
26.8905 32.9157 -12.4825
29.9695 31.4557 -14.2335
28.6085 27.8997 -14.7985
31.3665 26.3327 -12.6495
31.6265 25.4067 -8.93347
34.1745 23.5147 -6.79147
33.6815 19.7017 -6.82947

32.7155 20.0607 -3.15547
29.8515 22.4407 -3.90047
28.9695 19.9477 -6.66547
28.9185 16.8467 -4.48347
26.9905 19.0067 -2.01047
24.3915 20.0217 -4.64247
23.7595 16.2917 -5.08447
23.4965 15.5517 -1.31347
21.4725 18.6157 -0.190473
18.9345 17.7897 -2.91147

17.9605 14.7637 -0.825473
18.6855 12.2327 -3.59347
19.0905 8.54167 -2.57347
22.6735 8.86667 -3.78447
25.4265 6.95567 -1.93247
28.9285 8.42767 -1.46547

30.2275 5.40767 -3.42547
28.0965 6.12167 -6.51747
29.3695 9.71967 -6.70147
32.9535 8.46267 -6.36347
32.3215 6.53667 -9.60547
30.7795 9.59067 -11.3075
33.8645 11.5927 -10.1815
36.2875 9.10667 -11.8325
35.0515 9.76867 -15.4095
34.3345 13.4447 -14.5885

37.9925 14.5067 -14.6475
37.4305 16.5827 -11.5105
41.1475 17.2317 -11.2955
43.4875 18.6487 -13.9015
41.7965 21.9757 -12.9765
39.9215 22.3117 -9.65947
36.3815 23.3727 -10.6765

33.8895 21.4797 -12.8955
30.5865 22.3627 -14.5845
27.4545 20.3707 -13.6375

25.7275 19.7717 -17.0545

27.8935 16.6277 -17.3015
27.1575 15.5617 -13.7035
23.4445 16.3707 -14.2145
23.0025 13.8687 -17.0675
24.8635 11.2937 -14.9385
22.4985 11.5957 -11.9465
19.5515 11.1517 -14.3315

20.7245 8.04467 -16.1875
24.0705 7.29067 -17.8085

End chain 1
