14.376 13.393 -9.434
11.305 12.496 -7.337
11.151 9.258 -9.32

11.004 6.006 -7.338
14.52 4.519 -7.198
14.967 0.776 -7.832

15.638 0.429 -4.087
12.514 2.285 -2.905
10.556 -0.102 -5.156
12.221 -3.075 -3.436
11.74 -1.711 0.112
7.991 -1.522 -0.555
8.139 -4.957 -2.2
9.527 -6.582 0.974
6.846 -4.901 3.105
4.21 -5.895 0.525
5.202 -9.589 0.585
5.112 -9.741 4.412
1.285 -9.811 3.999

0.131293 -10.5518 0.457292
0.274975 -11.6183 -3.22559
-0.501096 -11.1462 -6.97057
-3.78856 -11.7268 -5.33605
-5.14869 -11.4022 -1.84315
-7.30247 -11.9729 1.30269
-9.95158 -9.40674 2.30946

-10.7207 -6.15955 3.95493
-8.29964 -3.38984 4.73143
-7.69299 -3.06246 8.46683

-7.73399 -4.13746 12.1368
-3.93699 -4.59946 11.9018
-3.39499 -1.24646 10.1538
-2.86899 0.825537 13.3278
-0.697995 -2.03046 14.6478
1.70201 -1.89446 11.6778
1.85601 1.91254 11.8408
2.57101 1.66554 15.5848
5.46001 -0.701463 14.7948
7.13201 2.12954 12.8408

6.59701 4.41954 15.8678
3.57501 6.24154 14.3378
0.440005 6.87554 16.4788
-2.45599 8.18054 14.3438
-5.75899 8.64454 16.2198
-8.59199 6.18354 15.5758

-10.467 8.76954 13.4848
-7.35399 9.43754 11.3758
-7.23199 5.68254 10.7338
-10.988 5.32654 10.0848
-10.759 8.22954 7.61383
-8.11299 6.62954 5.39383
-9.92299 3.29654 5.74583
-13.164 4.80754 4.41983
-11.254 5.76654 1.23583
-9.23699 2.54154 0.925826
-12.241 0.472537 1.94683
-13.66 1.35054 -1.44817

-10.651 1.50455 -3.74178
-7.76285 1.68703 -6.34324
-5.31365 4.28127 -5.11277
-5.55754 2.18089 -1.99888
-4.20759 -1.22395 -2.69152

-1.52432 0.729941 -4.70119
1.28238 3.21346 -5.71988
4.44398 4.89548 -6.79408

4.24698 7.20848 -9.87908
1.29798 9.09248 -8.34008
3.25398 9.04148 -5.06608
6.08498 10.8775 -6.85508
3.46898 13.4655 -7.87608
2.56298 14.0395 -4.20608
6.12898 14.8105 -3.04908
6.67198 17.0215 -6.11508
3.61398 19.1065 -5.15908
5.19598 19.7685 -1.75508
8.87698 20.1285 -2.81908

8.46875 22.1531 -5.9317
6.57259 23.0111 -9.08171
8.64803 25.3222 -11.1729
11.7807 23.5606 -9.77503
14.7311 26.0005 -9.92763

17.9314 28.0326 -10.1949
19.5099 26.1045 -7.32545
18.6147 22.7817 -8.93796
20.1362 23.8672 -12.247
23.3548 24.931 -10.5289
23.6114 21.5933 -8.72967
23.1226 19.6918 -11.9836
25.8355 21.7302 -13.6949
28.2648 21.0664 -10.8488
27.5837 17.331 -11.0098
28.1855 17.2848 -14.7619
31.4856 19.1247 -14.3529

31.9086 22.2057 -12.1159
34.2486 23.6397 -14.7679
31.7976 23.1077 -17.6579
34.8766 21.6477 -19.4089
33.5156 18.0917 -19.9739
36.2736 16.5247 -17.8249
36.5336 15.5987 -14.1089
39.0816 13.7067 -11.9669
38.5886 9.89373 -12.0049

37.6226 10.2527 -8.33094
34.7586 12.6327 -9.07594
33.8766 10.1397 -11.8409
33.8256 7.03873 -9.65894
31.8976 9.19873 -7.18594
29.2986 10.2137 -9.81794
28.6666 6.48373 -10.2599
28.4036 5.74373 -6.48894
26.3796 8.80773 -5.36594
23.8416 7.98173 -8.08694

22.8676 4.95573 -6.00094
23.5926 2.42473 -8.76894
23.9976 -1.26627 -7.74894
27.5806 -0.941268 -8.95994
30.3336 -2.85227 -7.10794
33.8356 -1.38027 -6.64094

35.1346 -4.40027 -8.60094
33.0036 -3.68627 -11.6929
34.2766 -0.0882679 -11.8769
37.8606 -1.34527 -11.5389
37.2286 -3.27127 -14.7809
35.6866 -0.217268 -16.4829
38.7716 1.78473 -15.3569
41.1946 -0.701268 -17.0079
39.9586 -0.0392679 -20.5849
39.2416 3.63673 -19.7639

42.8996 4.69873 -19.8229
42.3376 6.77473 -16.6859
46.0546 7.42373 -16.4709
48.3946 8.84073 -19.0769
46.7036 12.1677 -18.1519
44.8286 12.5037 -14.8349
41.2886 13.5647 -15.8519

38.7966 11.6717 -18.0709
35.4936 12.5547 -19.7599
32.3616 10.5627 -18.8129

30.6346 9.96373 -22.2299

32.8006 6.81973 -22.4769
32.0646 5.75373 -18.8789
28.3516 6.56273 -19.3899
27.9096 4.06073 -22.2429
29.7706 1.48573 -20.1139
27.4056 1.78773 -17.1219
24.4586 1.34373 -19.5069

25.6316 -1.76327 -21.3629
28.9776 -2.51727 -22.9839

End chain 1
