14.376 13.393 -9.434
11.305 12.496 -7.337
11.151 9.258 -9.32

11.004 6.006 -7.338
14.52 4.519 -7.198
14.967 0.776 -7.832

15.638 0.429 -4.087
12.514 2.285 -2.905
10.556 -0.102 -5.156
12.221 -3.075 -3.436
11.74 -1.711 0.112
7.991 -1.522 -0.555
8.139 -4.957 -2.2
9.527 -6.582 0.974
6.846 -4.901 3.105
4.21 -5.895 0.525
5.202 -9.589 0.585
5.112 -9.741 4.412
1.285 -9.811 3.999

0.131293 -10.5518 0.457292
0.274975 -11.6183 -3.22559
-0.501096 -11.1462 -6.97057
-3.78856 -11.7268 -5.33605
-5.14869 -11.4022 -1.84315
-7.30247 -11.9729 1.30269
-9.95158 -9.40674 2.30946

-10.7207 -6.15955 3.95493
-8.29964 -3.38984 4.73143
-7.69299 -3.06246 8.46683

-7.73399 -4.13746 12.1368
-3.93699 -4.59946 11.9018
-3.39499 -1.24646 10.1538
-2.86899 0.825537 13.3278
-0.697995 -2.03046 14.6478
1.70201 -1.89446 11.6778
1.85601 1.91254 11.8408
2.57101 1.66554 15.5848
5.46001 -0.701463 14.7948
7.13201 2.12954 12.8408

6.59701 4.41954 15.8678
3.57501 6.24154 14.3378
0.440005 6.87554 16.4788
-2.45599 8.18054 14.3438
-5.75899 8.64454 16.2198
-8.59199 6.18354 15.5758

-10.467 8.76954 13.4848
-7.35399 9.43754 11.3758
-7.23199 5.68254 10.7338
-10.988 5.32654 10.0848
-10.759 8.22954 7.61383
-8.11299 6.62954 5.39383
-9.92299 3.29654 5.74583
-13.164 4.80754 4.41983
-11.254 5.76654 1.23583
-9.23699 2.54154 0.925826
-12.241 0.472537 1.94683
-13.66 1.35054 -1.44817

-10.651 1.50455 -3.74178
-7.76285 1.68703 -6.34324
-5.31365 4.28127 -5.11277
-5.55754 2.18089 -1.99888
-4.20759 -1.22395 -2.69152

-1.52432 0.729941 -4.70119
1.28238 3.21346 -5.71988
4.44398 4.89548 -6.79408

4.24698 7.20848 -9.87908
1.29798 9.09248 -8.34008
3.25398 9.04148 -5.06608
6.08498 10.8775 -6.85508
3.46898 13.4655 -7.87608
2.56298 14.0395 -4.20608
6.12898 14.8105 -3.04908
6.67198 17.0215 -6.11508
3.61398 19.1065 -5.15908
5.19598 19.7685 -1.75508
8.87698 20.1285 -2.81908

7.45354 21.9867 -5.87009
7.29206 25.3838 -7.69609
6.6676 28.4778 -9.81431
10.1672 28.1966 -11.2685
11.3386 31.3193 -9.24769

12.9407 32.4315 -5.98592
13.3453 28.8294 -4.84394
14.9819 27.8677 -8.13625
17.4202 30.7718 -7.88388
18.3688 29.7934 -4.33625
18.9945 26.1967 -5.39218
21.2136 27.3239 -8.26409
23.2436 29.5514 -5.94889
23.7409 26.7014 -3.48452
24.9198 24.3827 -6.25519
27.4124 26.9708 -7.49283
28.8013 27.4508 -3.98804

29.2243 30.5318 -1.75104
31.5643 31.9658 -4.40304
29.1133 31.4338 -7.29304
32.1923 29.9738 -9.04404
30.8313 26.4178 -9.60904
33.5893 24.8508 -7.46004
33.8493 23.9248 -3.74404
36.3973 22.0328 -1.60204
35.9043 18.2198 -1.64004

34.9383 18.5788 2.03396
32.0743 20.9588 1.28896
31.1923 18.4658 -1.47604
31.1413 15.3648 0.705956
29.2133 17.5248 3.17896
26.6143 18.5398 0.546956
25.9823 14.8098 0.104956
25.7193 14.0698 3.87596
23.6953 17.1338 4.99896
21.1573 16.3078 2.27796

20.1833 13.2818 4.36396
20.9083 10.7508 1.59596
21.3133 7.05985 2.61596
24.8963 7.38485 1.40496
27.6493 5.47385 3.25696
31.1513 6.94585 3.72396

32.4503 3.92585 1.76396
30.3193 4.63985 -1.32804
31.5923 8.23785 -1.51204
35.1763 6.98085 -1.17404
34.5443 5.05485 -4.41604
33.0023 8.10885 -6.11804
36.0873 10.1108 -4.99204
38.5103 7.62485 -6.64304
37.2743 8.28685 -10.22
36.5573 11.9628 -9.39904

40.2153 13.0248 -9.45804
39.6533 15.1008 -6.32104
43.3703 15.7498 -6.10604
45.7103 17.1668 -8.71204
44.0193 20.4938 -7.78704
42.1443 20.8298 -4.47004
38.6043 21.8908 -5.48704

36.1123 19.9978 -7.70604
32.8093 20.8808 -9.39504
29.6773 18.8888 -8.44804

27.9503 18.2898 -11.865

30.1163 15.1458 -12.112
29.3803 14.0798 -8.51404
25.6673 14.8888 -9.02504
25.2253 12.3868 -11.878
27.0863 9.81185 -9.74904
24.7213 10.1138 -6.75704
21.7743 9.66985 -9.14204

22.9473 6.56285 -10.998
26.2933 5.80885 -12.619

End chain 1
