14.376 13.393 -9.434
11.305 12.496 -7.337
11.151 9.258 -9.32

11.004 6.006 -7.338
14.52 4.519 -7.198
14.967 0.776 -7.832

15.638 0.429 -4.087
12.514 2.285 -2.905
10.556 -0.102 -5.156
12.221 -3.075 -3.436
11.74 -1.711 0.112
7.991 -1.522 -0.555
8.139 -4.957 -2.2
9.527 -6.582 0.974
6.846 -4.901 3.105
4.21 -5.895 0.525
5.202 -9.589 0.585
5.112 -9.741 4.412
1.285 -9.811 3.999

1.012 -11.657 0.647
-0.051 -15.058 2.058
-1.977 -15.785 -1.16
1.187 -16.059 -3.293
-0.922 -13.94 -5.681
1.285 -10.852 -5.276
-1.689 -9.009 -3.672

-2.915 -8.068 -0.165
-6.302 -7.233 1.393
-7.428 -3.732 2.358

-7.469 -4.807 6.028
-3.672 -5.269 5.793
-3.13 -1.916 4.045
-2.604 0.156 7.219
-0.433 -2.7 8.539
1.967 -2.564 5.569
2.121 1.243 5.732
2.836 0.996 9.476
5.725 -1.371 8.686
7.397 1.46 6.732

6.862 3.75 9.759
3.84 5.572 8.229
0.705 6.206 10.37
-2.191 7.511 8.235
-5.494 7.975 10.111
-8.327 5.514 9.467

-10.202 8.1 7.376
-7.089 8.768 5.267
-6.967 5.013 4.625
-10.723 4.657 3.976
-10.494 7.56 1.505
-7.848 5.96 -0.715
-9.658 2.627 -0.363
-12.899 4.138 -1.689
-10.989 5.097 -4.873
-8.972 1.872 -5.183
-11.976 -0.197 -4.162
-13.395 0.681 -7.557

-10.386 0.835012 -9.8506
-7.49786 1.0175 -12.4521
-5.04865 3.61173 -11.2216
-5.29255 1.51135 -8.10771
-3.9426 -1.89349 -8.80034

-1.25933 0.0604041 -10.81
1.54738 2.54392 -11.8287
4.70897 4.22594 -12.9029

4.51197 6.53894 -15.9879
1.56297 8.42294 -14.4489
3.51897 8.37194 -11.1749
6.34997 10.2079 -12.9639
3.73397 12.7959 -13.9849
2.82797 13.3699 -10.3149
6.39397 14.1409 -9.15791
6.93697 16.3519 -12.2239
3.87897 18.4369 -11.2679
5.46097 19.0989 -7.86391
9.14197 19.4589 -8.92791

8.11335 22.1664 -11.3236
9.9361 23.5769 -14.2782
9.33564 21.7949 -17.6482
13.1222 21.2803 -18.0085
16.0324 19.5673 -16.0981

17.7932 20.7068 -12.9288
18.0344 17.1319 -11.662
19.5133 15.9601 -14.9609
22.114 18.7304 -14.8902
23.1166 17.8308 -11.3365
23.5109 14.1685 -12.2716
25.6988 15.0637 -15.2473
27.9186 17.2573 -13.0785
28.3346 14.476 -10.5222
29.2983 11.995 -13.2349
31.8898 14.3924 -14.642
33.4105 14.9219 -11.1996

33.8335 18.0029 -8.96259
36.1735 19.4369 -11.6146
33.7225 18.9049 -14.5046
36.8015 17.4449 -16.2556
35.4405 13.8889 -16.8206
38.1985 12.3219 -14.6716
38.4585 11.3959 -10.9556
41.0065 9.50388 -8.81359
40.5135 5.69088 -8.85159

39.5475 6.04988 -5.17759
36.6835 8.42988 -5.92259
35.8015 5.93688 -8.68759
35.7505 2.83588 -6.50559
33.8225 4.99588 -4.03259
31.2235 6.01088 -6.66459
30.5915 2.28088 -7.10659
30.3285 1.54088 -3.33559
28.3045 4.60488 -2.21259
25.7665 3.77888 -4.93359

24.7925 0.752885 -2.84759
25.5175 -1.77812 -5.61559
25.9225 -5.46912 -4.59559
29.5055 -5.14412 -5.80659
32.2585 -7.05512 -3.95459
35.7605 -5.58312 -3.48759

37.0595 -8.60312 -5.44759
34.9285 -7.88912 -8.53959
36.2015 -4.29112 -8.72359
39.7855 -5.54812 -8.38559
39.1535 -7.47412 -11.6276
37.6115 -4.42012 -13.3296
40.6965 -2.41812 -12.2036
43.1195 -4.90412 -13.8546
41.8835 -4.24212 -17.4316
41.1665 -0.566115 -16.6106

44.8245 0.495885 -16.6696
44.2625 2.57188 -13.5326
47.9795 3.22088 -13.3176
50.3195 4.63788 -15.9236
48.6285 7.96488 -14.9986
46.7535 8.30088 -11.6816
43.2135 9.36188 -12.6986

40.7215 7.46888 -14.9176
37.4185 8.35188 -16.6066
34.2865 6.35988 -15.6596

32.5595 5.76088 -19.0766

34.7255 2.61688 -19.3236
33.9895 1.55088 -15.7256
30.2765 2.35988 -16.2366
29.8345 -0.142115 -19.0896
31.6955 -2.71712 -16.9606
29.3305 -2.41512 -13.9686
26.3835 -2.85912 -16.3536

27.5565 -5.96612 -18.2096
30.9025 -6.72012 -19.8306

End chain 1
