14.376 13.393 -9.434
11.305 12.496 -7.337
11.151 9.258 -9.32

11.004 6.006 -7.338
14.52 4.519 -7.198
14.967 0.776 -7.832

15.638 0.429 -4.087
12.514 2.285 -2.905
10.556 -0.102 -5.156
12.221 -3.075 -3.436
11.74 -1.711 0.112
7.991 -1.522 -0.555
8.139 -4.957 -2.2
9.527 -6.582 0.974
6.846 -4.901 3.105
4.21 -5.895 0.525
5.202 -9.589 0.585
5.112 -9.741 4.412
1.285 -9.811 3.999

0.131293 -10.5518 0.457292
0.274975 -11.6183 -3.22559
-0.501096 -11.1462 -6.97057
-3.78856 -11.7268 -5.33605
-5.14869 -11.4022 -1.84315
-7.30247 -11.9729 1.30269
-9.95158 -9.40674 2.30946

-10.7207 -6.15955 3.95493
-8.29964 -3.38984 4.73143
-7.69299 -3.06246 8.46683

-7.73399 -4.13746 12.1368
-3.93699 -4.59946 11.9018
-3.39499 -1.24646 10.1538
-2.86899 0.825537 13.3278
-0.697995 -2.03046 14.6478
1.70201 -1.89446 11.6778
1.85601 1.91254 11.8408
2.57101 1.66554 15.5848
5.46001 -0.701463 14.7948
7.13201 2.12954 12.8408

6.59701 4.41954 15.8678
3.57501 6.24154 14.3378
0.440005 6.87554 16.4788
-2.45599 8.18054 14.3438
-5.75899 8.64454 16.2198
-8.59199 6.18354 15.5758

-10.467 8.76954 13.4848
-7.35399 9.43754 11.3758
-7.23199 5.68254 10.7338
-10.988 5.32654 10.0848
-10.759 8.22954 7.61383
-8.11299 6.62954 5.39383
-9.92299 3.29654 5.74583
-13.164 4.80754 4.41983
-11.254 5.76654 1.23583
-9.23699 2.54154 0.925826
-12.241 0.472537 1.94683
-13.66 1.35054 -1.44817

-10.5179 0.0702435 -3.20908
-7.12152 1.67635 -3.38696
-6.31701 5.40086 -3.48111
-3.39917 4.77742 -1.15557
-1.7102 1.6694 -2.40411

1.82511 0.96375 -1.46317
3.26552 3.41853 -3.88613
4.59684 6.49195 -5.55557

4.39984 8.80495 -8.64057
1.45084 10.6889 -7.10157
3.40684 10.6379 -3.82757
6.23784 12.4739 -5.61657
3.62184 15.0619 -6.63757
2.71584 15.6359 -2.96757
6.28184 16.4069 -1.81057
6.82484 18.6179 -4.87657
3.76684 20.7029 -3.92057
5.34884 21.3649 -0.51657
9.02984 21.7249 -1.58057

7.84011 23.6472 -4.54837
8.35361 23.7409 -8.352
7.50243 24.5036 -12.0421
9.55562 27.7151 -12.8094
11.7496 30.178 -14.51

15.0679 31.3809 -13.1012
15.1319 28.546 -10.5711
14.4478 25.9772 -13.287
17.2584 27.3608 -15.4386
19.6941 27.2082 -12.5254
18.7556 23.5969 -11.8041
19.2762 22.6332 -15.4432
22.7022 24.2774 -15.4893
23.7355 22.436 -12.3295
22.6323 19.1067 -13.7929
24.6083 19.7412 -16.9766
27.7313 20.5898 -14.9843

28.1543 23.6708 -12.7473
30.4943 25.1048 -15.3993
28.0433 24.5728 -18.2893
31.1223 23.1128 -20.0403
29.7613 19.5568 -20.6053
32.5193 17.9898 -18.4563
32.7793 17.0638 -14.7403
35.3273 15.1718 -12.5983
34.8343 11.3588 -12.6363

33.8683 11.7178 -8.96226
31.0043 14.0978 -9.70726
30.1223 11.6048 -12.4723
30.0713 8.50382 -10.2903
28.1433 10.6638 -7.81726
25.5443 11.6788 -10.4493
24.9123 7.94882 -10.8913
24.6493 7.20882 -7.12026
22.6253 10.2728 -5.99726
20.0873 9.44682 -8.71826

19.1133 6.42082 -6.63226
19.8383 3.88982 -9.40026
20.2433 0.198822 -8.38026
23.8263 0.523822 -9.59126
26.5793 -1.38718 -7.73926
30.0813 0.0848218 -7.27226

31.3803 -2.93518 -9.23226
29.2493 -2.22118 -12.3243
30.5223 1.37682 -12.5083
34.1063 0.119822 -12.1703
33.4743 -1.80618 -15.4123
31.9323 1.24782 -17.1143
35.0173 3.24982 -15.9883
37.4403 0.763822 -17.6393
36.2043 1.42582 -21.2163
35.4873 5.10182 -20.3953

39.1453 6.16382 -20.4543
38.5833 8.23982 -17.3173
42.3003 8.88882 -17.1023
44.6403 10.3058 -19.7083
42.9493 13.6328 -18.7833
41.0743 13.9688 -15.4663
37.5343 15.0298 -16.4833

35.0423 13.1368 -18.7023
31.7393 14.0198 -20.3913
28.6073 12.0278 -19.4443

26.8803 11.4288 -22.8613

29.0463 8.28482 -23.1083
28.3103 7.21882 -19.5103
24.5973 8.02782 -20.0213
24.1553 5.52582 -22.8743
26.0163 2.95082 -20.7453
23.6513 3.25282 -17.7533
20.7043 2.80882 -20.1383

21.8773 -0.298178 -21.9943
25.2233 -1.05218 -23.6153

End chain 1
