14.376 13.393 -9.434
11.305 12.496 -7.337
11.151 9.258 -9.32

11.004 6.006 -7.338
14.52 4.519 -7.198
14.967 0.776 -7.832

15.638 0.429 -4.087
12.514 2.285 -2.905
10.556 -0.102 -5.156
12.221 -3.075 -3.436
11.74 -1.711 0.112
7.991 -1.522 -0.555
8.139 -4.957 -2.2
9.527 -6.582 0.974
6.846 -4.901 3.105
4.21 -5.895 0.525
5.202 -9.589 0.585
5.112 -9.741 4.412
1.285 -9.811 3.999

1.012 -11.657 0.647
-0.051 -15.058 2.058
-1.977 -15.785 -1.16
1.187 -16.059 -3.293
-0.922 -13.94 -5.681
1.285 -10.852 -5.276
-1.689 -9.009 -3.672

-2.915 -8.068 -0.165
-6.302 -7.233 1.393
-7.428 -3.732 2.358

-7.469 -4.807 6.028
-3.672 -5.269 5.793
-3.13 -1.916 4.045
-2.604 0.156 7.219
-0.433 -2.7 8.539
1.967 -2.564 5.569
2.121 1.243 5.732
2.836 0.996 9.476
5.725 -1.371 8.686
7.397 1.46 6.732

6.862 3.75 9.759
3.84 5.572 8.229
0.705 6.206 10.37
-2.191 7.511 8.235
-5.494 7.975 10.111
-8.327 5.514 9.467

-10.202 8.1 7.376
-7.089 8.768 5.267
-6.967 5.013 4.625
-10.723 4.657 3.976
-10.494 7.56 1.505
-7.848 5.96 -0.715
-9.658 2.627 -0.363
-12.899 4.138 -1.689
-10.989 5.097 -4.873
-8.972 1.872 -5.183
-11.976 -0.197 -4.162
-13.395 0.681 -7.557

-10.4596 1.07209 -9.89333
-6.84304 0.81077 -10.9364
-5.64062 1.2192 -7.30357
-4.32692 3.02849 -4.13534
-1.9227 2.70013 -7.18262

0.112376 2.37949 -10.3543
2.68425 2.60967 -13.0126
5.35131 2.76481 -15.7192

5.15431 5.07781 -18.8042
2.20531 6.96181 -17.2652
4.16131 6.91081 -13.9912
6.99231 8.74681 -15.7802
4.37631 11.3348 -16.8012
3.47031 11.9088 -13.1312
7.03631 12.6798 -11.9742
7.57931 14.8908 -15.0402
4.52131 16.9758 -14.0842
6.10331 17.6378 -10.6802
9.78431 17.9978 -11.7442

9.57331 19.8588 -15.0802
9.66931 23.6568 -15.1152
10.5273 23.2398 -11.4052
13.3963 20.7148 -11.5322
15.0763 19.9798 -8.21024

18.1813 21.4828 -9.72724
16.6023 24.9408 -9.28324
16.4003 24.2138 -5.53924
20.0623 23.2548 -5.06924
21.3573 25.9828 -7.41524
19.3073 28.6198 -5.56524
20.8813 27.3028 -2.35024
24.3763 27.4848 -3.76424
23.3043 31.0428 -4.64124
22.6593 31.7758 -0.948236
26.3083 30.7158 -0.644236
27.6713 32.9118 -3.45424

28.0943 35.9928 -1.21724
30.4343 37.4268 -3.86924
27.9833 36.8948 -6.75924
31.0623 35.4348 -8.51024
29.7013 31.8788 -9.07524
32.4593 30.3118 -6.92624
32.7193 29.3858 -3.21024
35.2673 27.4938 -1.06824
34.7743 23.6808 -1.10624

33.8083 24.0398 2.56776
30.9443 26.4198 1.82276
30.0623 23.9268 -0.942236
30.0113 20.8258 1.23976
28.0833 22.9858 3.71276
25.4843 24.0008 1.08076
24.8523 20.2708 0.638764
24.5893 19.5308 4.40976
22.5653 22.5948 5.53276
20.0273 21.7688 2.81176

19.0533 18.7428 4.89776
19.7783 16.2118 2.12976
20.1833 12.5208 3.14976
23.7663 12.8458 1.93876
26.5193 10.9348 3.79076
30.0213 12.4068 4.25776

31.3203 9.38681 2.29776
29.1893 10.1008 -0.794236
30.4623 13.6988 -0.978236
34.0463 12.4418 -0.640236
33.4143 10.5158 -3.88224
31.8723 13.5698 -5.58424
34.9573 15.5718 -4.45824
37.3803 13.0858 -6.10924
36.1443 13.7478 -9.68624
35.4273 17.4238 -8.86524

39.0853 18.4858 -8.92424
38.5233 20.5618 -5.78724
42.2403 21.2108 -5.57224
44.5803 22.6278 -8.17824
42.8893 25.9548 -7.25324
41.0143 26.2908 -3.93624
37.4743 27.3518 -4.95324

34.9823 25.4588 -7.17224
31.6793 26.3418 -8.86124
28.5473 24.3498 -7.91424

26.8203 23.7508 -11.3312

28.9863 20.6068 -11.5782
28.2503 19.5408 -7.98024
24.5373 20.3498 -8.49124
24.0953 17.8478 -11.3442
25.9563 15.2728 -9.21524
23.5913 15.5748 -6.22324
20.6443 15.1308 -8.60824

21.8173 12.0238 -10.4642
25.1633 11.2698 -12.0852

End chain 1
