-37.9309 -23.2827 -25.9263
-35.2122 -23.0547 -23.4229
-35.5238 -22.3109 -19.7693
-35.9855 -18.6368 -19.1881
-33.9105 -17.5373 -16.253
-35.96 -15.9512 -13.571

-34.965 -13.1573 -11.319
-35.6325 -13.9658 -7.73901
-36.1559 -11.6779 -4.80137
-38.0722 -11.5443 -1.54762
-39.9306 -8.9279 0.436345
-38.7034 -8.20665 3.94408
-40.4432 -6.22701 6.63163

-38.505 -3.16316 7.65152
-40.5598 -1.00564 9.91194
-44.0844 -1.48996 11.0273
-45.492 0.165545 8.0226

-42.9445 -0.428806 5.29866
-41.579 -3.48272 3.55447
-38.7664 -3.76469 1.03658
-38.5093 -5.52118 -2.3112
-35.0146 -7.09327 -2.12966
-34.872 -8.00969 -5.81404

-32.4818 -7.81067 -8.77022
-32.7183 -4.99605 -11.3288
-35.4681 -6.21178 -13.7419

-36.561 -3.30464 -15.9179
-40.1378 -4.47154 -16.133
-40.4268 -4.73011 -12.4089
-38.9526 -1.30002 -11.8915
-41.6213 0.0618626 -14.1671
-44.1623 -1.59397 -11.9538
-42.5386 -0.154068 -8.86371
-42.8872 3.23563 -10.4509

-46.5869 2.8248 -10.4992
-47.0867 2.45644 -6.79307
-48.6025 5.07512 -4.56048
-46.2456 4.60052 -1.67488
-42.9414 4.22254 -3.36312

-39.6419 4.75988 -1.72703
-36.2502 4.58268 -3.24049
-33.2081 4.59215 -1.07781

-30.2168 6.14764 -2.6244
-27.7229 4.16732 -0.677078
-29.1918 0.78983 -0.776502
-30.6359 0.611285 -4.21723

-33.6693 -1.0735 -2.66281
-37.2898 -0.124164 -3.12749
-39.9368 0.123163 -0.438702
-43.6794 0.362439 -0.0926652
-46.3169 0.804301 2.50616

-47.5738 -2.30642 4.2193
-51.118 -2.00022 2.98291
-49.7305 -2.00154 -0.51836
-48.3175 -5.48678 -0.0813754
-51.2896 -7.18326 -1.66735
-51.6215 -5.01703 -4.65331
-47.9043 -5.24337 -5.30306
-47.8165 -9.01579 -5.1287
-50.7274 -9.17062 -7.51968
-49.1553 -6.80317 -10.0087
-46.0445 -8.8821 -9.78559

-46.8744 -12.5026 -10.5556
-48.1641 -11.0314 -13.7597
-44.7033 -10.3409 -15.0987
-43.4539 -13.6083 -16.4401
-39.7519 -13.7827 -15.6021

-39.8044 -12.1222 -12.1972
-40.4209 -13.9465 -8.97017
-40.9916 -11.9717 -5.81166
-41.5073 -13.8523 -2.59905

-44.1455 -12.2623 -0.485179
-44.0046 -11.8694 3.23657
-44.6615 -15.0678 5.03651

-48.0876 -15.8458 6.41784
-46.5836 -15.6368 9.85671
-45.7324 -12.0253 9.11789
-49.1167 -11.2668 7.7213
-50.6818 -12.7433 10.8353
-48.6817 -10.6564 13.2667

-49.0467 -7.57721 11.1299
-52.7684 -8.00348 10.5461
-54.3034 -4.69781 11.4878

-51.6352 -2.90353 9.6716
-52.0597 -4.43284 6.2594
-55.6449 -3.368 6.64903

-55.4965 0.286897 7.55387
-54.9523 3.12069 5.14945
-53.8953 5.5395 7.81013
-51.0695 5.58192 10.2469
-52.1135 5.28623 13.7915
-49.712 4.0559 16.3415
-50.4591 1.1525 18.5838
-53.9798 1.11546 19.9007
-53.0226 1.85406 23.4904
-54.0965 -1.25917 25.2086
-56.3456 -0.713591 28.0714
-56.307 -1.03856 31.7942
-58.1501 -4.2082 31.1751
-54.9442 -5.84774 30.1894
-54.163 -7.44657 26.9182
-52.141 -10.1014 25.1532
-49.1154 -7.93102 25.4962
-48.6078 -6.37339 28.853
-49.705 -3.21742 27.1436

-50.0263 -0.196773 29.4452
-47.0752 -1.2737 31.5063
-45.0619 -1.91068 28.3957
-45.7685 1.63223 27.4729
-45.1024 4.23076 30.1069

-41.9209 2.22276 30.2251
-41.7045 0.178035 27.0581
-42.6355 -0.493535 23.4386

-42.5441 0.46656 19.889
-43.2088 4.05525 20.6773
-40.372 4.34449 23.0668
-38.1203 2.84033 20.4407
-38.9986 5.39576 17.8705
-38.6504 8.12041 20.4477
-35.1393 7.10494 21.3595
-34.1789 7.06448 17.739
-35.606 10.5358 17.4918
-33.4637 11.6913 20.345
-30.2443 10.3854 18.9435
-30.5911 11.6612 15.4204

-28.4529 8.99963 13.8729
-30.7601 6.3097 15.1183
-28.217 4.89234 17.4805

-25.8224 3.72817 14.8275
-22.5198 5.55783 15.0277
-18.8102 5.4118 15.4205
-18.1277 7.92653 18.0654

-14.5089 8.52665 17.4476
-13.7443 11.4552 19.6186
-10.2335 11.8702 20.926
-9.2344 10.0611 24.0506
-10.0253 13.184 26.0182
-13.7396 13.3762 25.3258
-15.8704 11.3374 27.6745

-16.3909 8.31973 25.4853
-18.0419 6.30281 28.1625
-20.5198 8.88491 29.2638
-21.8321 9.57449 25.8278
-22.1755 5.89301 25.2459
-24.034 5.23766 28.4386
-26.4532 8.03629 27.7494
-27.2416 6.99449 24.2363
-27.7095 3.43767 25.3974
-29.8496 4.38463 28.3403
-32.232 6.3277 26.2086
-32.687 3.15417 24.2859
-33.3736 1.4077 27.5759
-36.6614 0.0372238 26.3991

-34.7354 -1.88928 23.8174
-32.3599 -3.91353 25.9304
-30.5821 -6.41476 26.7027

-27.5562 -4.09454 26.2076
-24.4098 -6.05769 25.3645
-21.0998 -4.29642 25.9833
-17.7661 -5.29694 24.5005
-14.6595 -4.15601 26.3168

-10.9813 -4.73094 26.6065
-10.2444 -7.29979 29.2907
-9.07096 -4.9557 32.0104
-11.7259 -2.29477 31.6779

-14.6744 -4.48475 32.602
-15.0914 -3.36915 36.1822
-14.5885 0.217824 35.3288
-17.5523 -0.0768798 33.0285
-19.7792 -1.5366 35.6656
-18.6513 1.23638 37.9327
-19.513 3.81373 35.3287
-22.9535 2.33287 34.9444
-23.5176 2.52623 38.6848
-22.0107 6.01113 38.9645
-24.0853 7.56044 36.3088

-27.5268 6.10918 36.1884
-28.4254 5.7145 39.7078
-31.4706 3.57691 39.5122
-30.1563 0.307449 38.4033
-29.2516 -1.98822 41.2246

-26.2216 -4.05521 40.8877
-28.1643 -7.06989 39.7374
-28.9547 -5.40388 36.5012

-25.3207 -5.68068 35.5558
-23.5835 -8.89999 34.574
-19.7647 -8.89273 34.5403

-18.9946 -12.0221 32.5183
-15.5874 -13.0003 33.7737
-15.4845 -16.4755 32.3352
-16.5847 -18.3751 29.2654
-18.7524 -20.5058 31.5027
-21.0064 -17.6529 32.6073
-24.3889 -16.835 31.1064
-24.2023 -13.8634 28.8073
-27.8267 -12.8462 28.8113
-28.207 -12.7953 32.5695
-28.1518 -9.12567 33.3892
-30.0365 -6.30773 31.7244

-26.5583 -5.02498 31.0605
-23.9886 -7.5437 29.8998
-20.319 -6.58466 30.0192
-17.9795 -8.93117 28.2103
-14.4951 -9.0501 26.7836

-13.246 -9.34088 23.2259
-11.5321 -12.5249 24.2849
-14.6724 -14.0996 25.6573
-16.9403 -13.4467 22.7056

-15.3661 -16.2522 20.7525
-15.8353 -18.6156 23.6249
-19.4268 -17.6213 24.0968
-20.1636 -17.7577 20.4084
-22.7247 -20.291 21.2661
-24.9095 -17.8561 23.1019
-24.6365 -14.5912 21.2251
-27.3384 -16.2108 19.1035
-29.796 -14.2808 21.1573
-30.2684 -10.9567 19.6307
-29.0859 -7.95462 21.5115
-30.6522 -4.92058 19.9355

-28.2881 -2.4677 21.5566
-24.5777 -3.05043 21.3449
-21.7196 -1.0528 22.7746

-18.2096 -1.75334 21.7119
-15.3884 -0.0223293 23.4174
-12.1978 0.39148 21.5089

-13.677 -1.14247 18.3855
-10.2687 -1.00139 16.7315
-9.71954 -4.45859 18.1375
-12.0826 -5.57998 15.4393

-10.0725 -4.16338 12.5745
-9.36109 -7.56891 11.096
-11.9623 -9.77635 9.52628
-10.1718 -13.0094 9.98811
-9.72049 -12.9922 13.6959

-11.7127 -14.5168 16.3757
-13.2905 -11.5938 18.085
-14.2697 -10.3524 14.6721
-15.9138 -13.4522 13.4379
-17.6826 -13.4472 16.7196
-18.7978 -9.90861 16.773
-20.1007 -9.45709 13.3167
-22.6882 -11.0441 12.9389
-24.2165 -9.52122 16.0499
-23.5513 -6.04671 14.9087
-25.2324 -6.4427 11.543

-28.274 -7.73044 13.276
-28.5299 -5.27718 16.0885
-30.8306 -2.30068 16.038

-28.3986 0.0853634 17.598
-24.659 -0.107222 17.3686
-22.395 2.22653 19.2633
-18.7691 2.05956 18.4651
-16.0847 3.70553 20.5082

-12.6849 5.09186 19.5488
-9.17768 6.0099 20.698
-5.97847 7.97583 20.0959
-3.48828 5.30323 19.0594
-6.15018 4.44745 16.5221
-9.23171 5.30066 14.5144
-7.60971 7.64586 12.0827
-7.92241 6.06832 8.65127

-6.63997 3.92881 7.07486
-7.72717 1.15298 9.36292
-11.3451 1.99664 9.27601
-11.0474 1.91057 5.60413
-10.0589 -1.7414 5.16651
-12.3091 -2.60476 8.0517
-15.0404 -1.37021 5.80548
-13.8226 -3.08457 2.69673
-13.704 -6.32822 4.59008
-17.3113 -5.97886 5.42758
-18.6738 -4.83995 2.10787

-20.8581 -5.64735 -0.828334
-20.341 -9.14749 -1.98846
-21.7397 -8.29032 -5.38031
-18.8499 -6.06825 -6.37795
-16.2216 -7.99857 -8.37199
-17.7246 -11.4021 -8.27396
-14.3857 -12.7562 -9.36249

-10.8362 -12.0002 -8.43736
-9.78097 -11.4306 -12.0044
-11.6889 -8.49823 -13.2482
-10.511 -6.63834 -10.2365
-6.90384 -7.59301 -10.3002
-6.81771 -6.50415 -13.8827
-8.13281 -3.0628 -13.1189
-6.34944 -2.50342 -9.82399

-3.28896 -4.56765 -9.9102
-1.21542 -4.44894 -12.9939
-2.13819 -8.00182 -13.7054

-0.278315 -9.91612 -16.3307
-0.244067 -13.4399 -17.4503

2.95211 -15.1598 -16.6943
3.66636 -18.7121 -17.4777
2.61902 -20.5265 -14.3563

0.238555 -18.3207 -12.4534
-1.12327 -14.8288 -12.6742
0.782654 -11.9475 -11.2109

-1.40118 -9.48334 -9.33821
1.6141 -8.04799 -7.66271
1.37471 -4.58824 -9.05788
-0.668668 -1.44828 -9.04162
-2.9924 0.438356 -11.3207
-5.50954 3.22228 -11.5078

-5.33521 3.90649 -7.77808
-7.17107 7.19726 -8.06521
-10.1806 5.29326 -9.19466
-9.58927 2.79751 -6.46709
-9.66529 5.50912 -3.83416
-12.8294 7.09729 -5.09077
-14.6021 3.79578 -5.45142
-13.7001 2.8635 -1.92105
-14.693 6.15716 -0.38011
-18.0304 6.34273 -2.15136
-19.0673 2.78899 -1.54502
-18.0864 3.04682 2.05605

-19.5847 6.42361 2.80414
-19.8199 9.80413 1.20347
-17.7577 12.9572 1.60441
-17.893 16.7026 1.82526
-15.9319 19.8895 1.66962

-15.3748 20.0786 5.37277
-14.507 16.4194 5.55868
-12.5099 16.7771 2.40683
-10.0799 19.4418 3.40694

-7.80302 20.4473 6.24799
-5.77599 23.5909 5.79598
-4.41467 22.9598 9.25369
-2.29537 19.9341 8.51923
1.32347 20.9144 8.75538
2.90747 19.6323 5.52512

4.73441 16.5004 4.6608
8.33513 17.1415 3.8923
10.0196 14.4635 1.88285
13.6725 14.0807 1.07257
16.1522 11.6103 -0.242374
19.2508 11.2388 1.86079

22.1345 9.51477 0.229262
23.8178 6.63573 1.97796
27.5808 6.59379 1.49417

27.8142 3.6632 -0.0276942
31.2781 3.88705 1.47985

31.142 1.49243 4.35881
30.1159 -0.930363 1.65981
32.4996 -3.84325 1.86378

34.3903 -4.88299 -1.20812
32.864 -8.31648 -0.904372
29.4196 -6.91964 -0.53661
29.8073 -4.66269 -3.52522
31.3157 -7.4504 -5.58892
28.1258 -9.17863 -4.72187
25.3096 -6.98802 -5.87335
27.3412 -6.68478 -8.9811
27.2635 -10.4258 -9.34672
23.5649 -10.4606 -8.89806
22.7848 -7.66702 -11.2485
24.552 -8.92671 -14.3118
23.1321 -12.2994 -13.3629
19.6076 -11.0581 -13.7962
20.4843 -9.813 -17.2271

21.9902 -13.0054 -18.5693
20.245 -14.2243 -21.6744
20.569 -17.864 -20.8774
18.1958 -18.1233 -17.9885
14.7583 -19.3672 -17.2299

12.1189 -17.09 -15.9053
12.4906 -18.6523 -12.4989
16.2251 -18.2208 -12.224
15.7362 -14.6514 -13.1842
13.1944 -14.2219 -10.4351
15.6661 -15.6636 -8.04438
18.348 -13.2889 -9.15354
16.1003 -10.349 -8.55045
15.0508 -11.4174 -5.10738
18.7648 -12.0342 -4.51557
19.5724 -8.51403 -5.73793
17.0305 -7.34034 -3.29938
17.9399 -8.66747 0.0874544
21.5715 -8.14642 -0.721664
20.6405 -4.52023 -0.977795
19.0635 -4.75119 2.39864
22.1262 -6.22338 3.9464
24.5261 -3.7753 2.44347
22.5254 -0.873895 3.78844
22.7635 -1.66076 7.43432
25.3605 -0.5626 8.97255
24.9424 2.73193 7.12329
21.3422 2.68829 8.28036
22.8289 2.14822 11.7343
24.6654 5.31363 11.342
22.1614 7.9346 10.1648
20.2746 6.39287 13.0131
22.2996 7.19468 16.0608
23.271 10.4003 14.3718
19.6575 11.417 14.612
19.6077 10.3765 18.2091
22.7681 12.2516 18.9899

21.0782 15.2527 17.5914
18.1512 16.3726 19.5917
15.2696 14.3421 18.3768
12.8604 13.0184 20.9311
10.6542 10.9061 18.6964

10.7901 9.19856 15.3356
9.87126 6.16138 13.2578
12.1325 3.75446 11.4835
10.797 1.81166 8.5288

12.1562 -1.48319 7.29803
10.8386 -4.55535 5.57971
13.457 -7.25072 5.72354

13.6759 -9.00671 9.05566
17.4383 -8.82128 9.2867
17.3206 -5.05194 8.97366
14.872 -4.91504 11.8255
16.8604 -7.28017 13.975
20.0254 -5.32517 13.4292
18.659 -1.97267 14.2853
17.032 -3.27582 17.3769
20.1762 -4.89112 18.6383
22.1552 -1.67382 18.2048
19.476 0.352725 19.9751
19.695 -2.04204 22.8579
23.4439 -2.05226 23.0027

23.3993 1.68221 23.1056
20.6067 1.71335 25.6294
17.9765 3.75121 23.9488
14.4181 2.8671 24.6547

12.4641 1.64453 21.721
9.40684 -0.120768 20.4397
9.1978 -2.86032 17.8616
6.36341 -3.88088 15.5865

6.65304 -6.65625 13.0427
4.39734 -9.21712 11.4467
5.15938 -11.5377 14.306
3.76407 -9.16798 16.8798
0.331002 -10.108 18.0939
-2.65914 -7.92089 17.5758
-3.03158 -6.87295 21.1543

0.588448 -6.23394 21.8256
0.636594 -3.87526 18.9089
-1.90846 -1.59777 20.4926
-0.0890425 -1.66213 23.788
3.17174 -0.750135 22.1412
1.59696 1.98357 20.1977
0.184024 3.47164 23.3515
3.49749 3.02488 25.1248
5.21213 5.07137 22.4578
2.57169 7.74689 22.3676
2.24211 8.2661 26.1022

5.86098 7.68799 27.0928
8.3801 10.3884 26.3062
11.2971 7.99838 26.7689
10.6019 5.63301 23.8708
12.4374 7.55324 21.1683

12.4988 4.98454 18.3761
9.65338 3.03616 16.8054
11.1794 0.219491 14.7273
8.45182 -0.777029 12.3184
7.84731 -3.21912 9.51076

6.46909 -1.58301 6.40482
4.11104 -4.42627 5.69943
2.928 -4.99329 9.20859
2.63482 -1.54998 10.7601
0.956124 -0.178401 7.63309
-2.50587 -0.632241 9.07271
-4.37149 0.269279 12.241
-1.75813 2.21004 14.1757
-1.41406 5.87659 15.0968
1.90117 7.56201 15.7332
1.15699 11.2588 16.1419
3.84142 11.527 18.7353
6.77124 11.647 16.3756
7.60421 14.2065 13.7201

10.0433 12.259 11.605
9.88738 9.04262 9.65012
12.8743 7.1334 8.34905
12.6859 4.81679 5.40486

15.604 2.48891 5.88922
14.3692 0.500088 2.96399
12.5764 1.19604 -0.274565
9.36457 -0.582555 -1.07514
8.07403 -0.765301 -4.58547
4.46773 0.184204 -4.05859

4.13442 3.27762 -3.41713
0.727487 2.60569 -1.89897
2.41318 1.08938 1.10003
4.77721 3.94927 1.57339
2.0255 6.51133 1.71747
0.289231 4.32177 4.23878
3.38068 4.34979 6.42544
3.69094 8.09663 6.12799

0.0739733 8.4766 7.07613
0.706987 6.91703 10.4262
2.42936 10.0508 11.547
0.361937 12.5184 9.58817
-2.84478 12.1175 11.4982
-5.2162 14.3715 13.427
-3.36363 15.5301 16.4929
-0.20282 16.0301 14.4962
0.953378 19.5631 15.2439
4.39163 19.7758 13.6542
5.4973 19.4198 10.0918

6.23682 15.8529 9.16599
9.64452 14.9252 7.8844
10.2605 11.9874 5.65985
13.6961 10.5498 5.02506
14.4377 8.026 2.30669
17.804 6.37681 2.80493
18.6974 5.48998 -0.782018

18.678 3.38501 -3.84376
22.2752 3.7555 -4.53472
25.638 2.69453 -5.63746
24.0926 1.43106 -8.76191
23.0173 3.08206 -11.9543

19.9753 0.90092 -11.9165
18.666 2.88856 -8.97342
19.0138 6.02696 -11.0249
17.2084 4.50454 -13.9625
14.3351 3.09971 -11.9711
13.4397 6.44436 -10.5593
13.7478 7.83945 -14.0697
11.1464 5.47277 -15.3484
8.9536 6.11362 -12.3519
9.04953 9.81117 -13.0729
8.04451 9.19542 -16.6253
5.10972 7.21441 -15.3981
3.72171 9.97929 -13.3006
4.17908 12.708 -15.7683
2.33661 10.8299 -18.4375
-0.395657 10.0258 -16.0305
-0.960189 13.5291 -14.9424

-3.74217 12.0555 -13.0286
-5.02572 14.4688 -10.5036
-3.81022 11.9969 -7.96744
-0.437654 13.3927 -7.01201
0.985246 16.7577 -6.27636
4.49304 15.7064 -5.65451
7.11863 16.7868 -8.04357
10.2577 14.7589 -7.5341
11.9171 16.8622 -10.1646

13.3546 19.7116 -8.22528
15.3077 17.8727 -5.66658
17.4886 16.4954 -8.39597
18.1356 20.0399 -9.509

20.6135 20.4807 -6.73018
23.1692 18.403 -4.92196

End chain 1
