-39.6435 -29.1293 -43.7539
-44.8412 -29.9298 -42.1437
-46.0946 -34.2086 -38.9233
-42.1501 -37.6869 -37.3131
-36.9524 -36.8865 -38.9233
-35.6991 -32.6077 -42.1437
-33.2315 -21.3854 -28.063
-37.3644 -17.9173 -26.9946
-42.0638 -19.8146 -24.8579
-42.6303 -25.1801 -23.7895
-38.4974 -28.6481 -24.8579
-33.798 -26.7508 -26.9946
-34.5611 -26.7741 -19.4239
-30.1948 -24.0931 -21.4234
-30.8459 -20.3738 -25.4224
-39.5323 -19.295 -22.0244
-40.54 -22.2767 -17.5141
-36.5315 -25.2926 -15.2589
-31.5152 -25.3268 -17.5141
-35.9384 -13.6751 -21.5606
-31.199 -16.2011 -20.3744
-29.9582 -22.7807 -15.2946
-26.6841 -18.7536 -17.1148
-28.5869 -15.0963 -20.7553
-38.7294 -9.36043 12.3349
-34.6394 -6.79807 5.13926
-36.6183 -11.759 6.45176
-34.5072 -14.1576 0.568589
-32.3962 -16.5562 -5.31458
-37.5683 -17.8891 -6.62709
-36.7354 -6.03152 11.9979
-35.4391 -0.70947 11.5025
-37.2087 2.15889 7.15611
-40.4039 3.84018 12.5088
-42.5902 -5.43174 12.4687
-37.1834 -2.89081 13.9428
-29.4194 -12.7102 -4.63805
-33.5727 -9.09965 0.979377
-28.6712 -10.2983 -11.8591
-28.0852 -4.99942 -10.507
-27.0523 0.170444 -11.3929
-26.1283 -5.11035 -12.6215
-43.1156 7.49156 -11.7678
-45.0176 2.63544 -15.9257
-40.7529 5.09373 -13.4723
-39.009 3.32401 -8.56543
-47.5384 -1.59256 -13.4723
-42.6548 0.23761 -17.6302
-38.3901 2.69589 -15.1768
-36.6463 0.926176 -10.2699
-39.1671 -3.30183 -7.81651
-45.1757 -3.99039 -15.1768
-40.292 -2.16022 -19.3347
-36.0274 0.298064 -16.8813
-50.471 5.84208 -12.9608
-51.5779 0.690413 -11.3844
-49.0884 7.29033 -8.4891
-52.4662 3.51263 -6.35148
-47.8409 10.5153 -4.28783
-49.2206 7.70169 0.23212
-49.6892 10.2794 -1.44637
-48.7979 8.89466 3.80131
-31.6188 4.56561 5.13077
-30.7571 9.31502 2.49437
-34.8025 4.61878 -7.28792
-37.9309 4.67102 3.2577
-37.0693 9.42044 0.621296
-35.5051 9.39431 -4.65151
-27.4484 5.08003 -7.25542
-24.8051 7.09682 -2.87417
-27.5734 8.16442 1.75685
-25.4043 -0.174729 1.77658
-30.1604 1.83794 3.66837
-25.3929 -3.9477 1.93101
-29.1707 -3.26805 5.87006
-31.5254 1.64802 6.60328
-49.262 -5.61147 -14.6279
-49.8694 -4.1709 -11.7662
-53.3208 -8.24517 -10.4477
-50.4768 -2.73032 -8.9044
-53.9282 -6.80459 -7.58598
-52.053 -11.2521 -4.94914
-51.0842 -1.28975 -6.04265
-54.5356 -5.36401 -4.72423
-52.6604 -9.81157 -2.08738
-43.8824 -6.11059 -2.08738
-51.6915 0.150831 -3.1809
-55.1429 -3.92344 -1.86248
-53.2677 -8.37099 0.774367
-52.2989 1.59141 -0.319146
-55.7503 -2.48286 0.999275
-46.7802 -17.4857 -12.8816
-51.1999 -14.2636 -13.4607
-51.5302 -14.6052 -16.2391
-50.3075 -9.83082 -18.6805
-46.9414 -6.25704 -16.2011
-43.505 -7.91658 -19.8879
-46.6379 -12.4363 -19.8016
-44.8544 -17.9342 -19.4462
-44.0854 -13.0346 -21.8237
-40.2366 -17.8117 2.83593
-43.8822 -17.4192 -7.87976
-47.7517 -15.8187 -2.6292
-46.4932 -8.16017 16.3148
-47.9944 -13.1615 18.0421
-52.7305 -15.3606 16.3148
-55.9654 -12.5584 12.8603
-44.4386 -9.94 12.9471
-45.9398 -14.9413 14.6743
-50.6758 -17.1404 12.9471
-53.9107 -14.3383 9.49258
-50.3548 -11.1168 4.39758
-42.3839 -11.7198 9.57935
-43.8851 -16.7211 11.3066
-48.6212 -18.9203 9.57935
-51.856 -16.1181 6.12484
-47.1117 -4.56361 15.3041
-54.2775 -11.418 5.02478
-59.9688 -3.0262 10.9693
-59.4487 -7.84531 8.37009
-57.6578 -7.98688 3.17176
-60.7285 1.84975 8.21174
-57.6312 0.691146 12.6065
-58.5938 1.4455 3.15908
-51.8338 5.78689 1.48666
-56.2451 8.25369 3.65578
-59.3636 5.5875 7.31856
-54.275 11.0155 8.1551
-58.6385 7.8774 9.32206
-49.5317 8.67762 6.64318
-45.8101 6.96269 9.42118
-49.4038 10.7421 11.1679
-54.6633 9.36131 11.9937
-54.2961 8.71179 17.4998
-57.4076 4.80201 15.2015
-49.002 9.19602 16.0899
-48.1138 7.00889 20.6976
-50.0302 -4.2397 19.5789
-54.4591 -2.26612 16.9828
-58.9467 3.31048 20.7735
-58.5067 -1.69751 18.5427
-54.4198 6.12345 22.1315
-52.2696 6.35549 26.5596
-59.236 -2.24533 23.5165
-61.1179 2.00548 28.3583
-57.0997 3.11671 31.9457
-55.4712 -2.54473 37.0175
-60.4316 -3.1871 34.7303
-60.0241 -9.01638 33.0777
-62.544 -6.56146 28.8499
-55.6303 -6.66312 35.4028
-54.3542 -9.85901 33.9057
-54.5295 -12.9058 27.4772
-55.6674 -10.5545 22.6371
-49.1896 -14.4656 26.732
-47.651 -11.5526 22.3277
-50.6025 -7.18845 20.7489
-43.8891 -6.82099 24.1909
-47.8769 -6.02555 20.4876
-50.3538 -9.83649 30.5047
-45.1275 -8.72646 29.1994
-52.7654 -10.8294 31.5351
-49.4593 -9.43907 35.7048
-44.2044 -8.13898 34.7321
-42.2557 -8.22926 29.5897
-43.6872 6.56589 33.533
-48.2361 8.09732 30.8475
-48.7492 7.0306 25.4764
-45.2916 3.23069 34.3487
-49.8405 4.76212 31.6631
-42.8602 -2.70266 32.4788
-46.8959 -0.104513 35.1643
-51.4448 1.42692 32.4788
-37.6413 5.25099 28.5623
-40.8927 -4.64491 30.8923
-25.3001 9.85741 20.0631
-27.7901 13.9553 22.757
-31.1521 17.3743 20.0631
-32.0242 16.6954 14.6753
-30.4893 11.8539 23.4587
-33.8513 15.2729 20.7648
-34.7234 14.5939 15.377
-36.5506 13.1715 21.4665
-37.4226 12.4925 16.0787
-37.6319 6.29323 14.0865
-39.2498 11.0701 22.1682
-40.1219 10.3911 16.7804
-36.969 0.772848 17.4821
-38.5869 5.54967 25.5638
-41.949 8.96864 22.8699
-42.8211 8.28972 17.4821
-43.0303 2.09041 15.4898
-39.6682 -1.32856 18.1838
-44.6482 6.86724 23.5716
-24.8533 11.8587 16.8927
-32.0524 6.14057 10.8532
-35.8582 2.85945 12.5861
-33.5133 4.89452 8.04626
-30.9584 9.76213 8.2163
-19.8309 6.18522 10.5672
-22.1703 10.4089 13.2012
-13.2016 11.4838 12.9983
-17.2356 13.1716 16.3342
-9.81663 12.0874 15.8208
-11.4472 16.3904 18.8334
-10.2243 6.99993 28.5115
-6.90774 11.3738 28.8583
-5.91789 14.435 24.3974
-8.40147 12.7406 31.2543
-10.4319 17.5034 29.3987
-12.0558 17.9468 24.1626
-16.1362 17.7224 20.8728
-14.7606 18.649 26.1167
-35.4691 2.14119 31.1443
-33.4577 7.98986 28.7856
-32.0408 3.43365 31.5212
-30.0293 9.28232 29.1626
-26.6689 0.368444 29.1626
-26.0743 10.7733 24.0684
-26.601 10.5748 29.5395
-23.2405 1.6609 29.5395
-22.646 12.0658 24.4453
-23.1727 11.8672 29.9165
-18.3274 8.60348 33.029
-37.6077 -5.98393 21.5296
-7.974 -0.209791 25.7315
-8.09214 -8.94563 34.077
-4.9609 -6.27752 30.4265
-8.34268 -12.5843 30.9789
-7.67183 -11.2534 36.2731
-5.74512 -6.28575 37.6371
-4.48927 -2.649 33.7069
-5.16012 -3.97988 28.4126
-22.9041 11.735 35.21
-22.1029 10.921 40.5901
-19.9071 8.68999 39.9256
-22.9012 4.94182 42.6156
-17.7112 6.45896 39.261
-20.7053 2.71079 41.9511
-25.3018 0.590597 33.8809
-16.3165 5.04192 33.2164
-15.5154 4.22793 38.5965
-18.5095 0.479754 41.2866
-17.916 -0.123294 29.8618
-14.1207 2.81089 32.5519
-13.3195 1.99689 37.932
-16.3136 -1.75128 40.622
-20.1089 -4.68546 37.932
-11.1237 -0.234137 37.2674
-14.1178 -3.98231 39.9575
-30.6693 10.6132 35.8911
-27.7142 4.22133 44.9532
-32.5759 6.17978 43.2864
-33.2871 7.67295 38.041
-34.53 3.76229 44.079
-36.5767 1.53302 39.4865
-33.5173 1.34764 34.9196
-34.0484 -1.40117 33.2817
-35.1058 -4.84989 36.259
-30.6918 -10.0298 40.1998
-16.103 -10.1445 39.6612
-24.1563 -12.4252 37.6248
-22.3415 -8.01184 40.3595
-21.2588 -13.9962 37.1255
-10.9591 -15.3666 35.5708
-15.7576 -16.5146 38.0011
-11.3157 -19.9971 33.0203
-18.2119 -23.5249 28.2254
-14.8481 -22.505 32.4556
-21.5156 -24.9356 29.7732
-21.1756 -23.8329 35.1508
-18.4123 -19.4031 36.8803
-24.4573 -21.7646 31.4092
-25.5277 -18.4215 35.6433
-28.5826 -20.3922 31.2056
-33.2946 -12.6398 28.2551
-31.0025 -16.4387 31.5054
-33.1174 -14.4233 30.702
-32.3821 -13.5158 36.0766
-10.8513 -15.8484 26.7059
-13.2757 -21.3183 21.2167
-17.2391 -23.912 24.1012
-22.8388 -16.6352 15.7358
-21.908 -21.8585 17.185
-19.2328 -22.981 21.8576
-26.9922 -21.7451 18.1159
-27.4535 -21.8604 23.5953
-27.2438 -15.6095 13.6372
-31.4552 -18.1998 16.0464
-31.5498 -18.8011 21.5127
-34.7135 -13.8647 23.5851
-34.321 -13.6019 18.1055
-35.3772 -11.1792 17.6056
-34.5611 -11.4018 23.0402
-16.167 -3.80263 14.4709
-6.94553 -6.93104 6.19621
-3.92984 -8.27613 10.5947
-13.033 -14.3113 6.60437
-8.21439 -11.7282 6.00586
-16.0807 -13.2911 5.65218
-13.0476 -17.866 5.3043
-7.59001 -17.6015 5.93239
-5.16547 -12.7622 6.90837
-26.3421 -7.0034 7.15653
-24.9381 -2.3998 9.81844
-23.4315 -8.37355 7.99097
-22.0275 -3.76995 10.6529
-26.0849 -12.389 10.6529
-20.5209 -9.7437 8.82542
-19.1169 -5.1401 11.4873
-20.3663 -4.55195 16.8111
-23.0197 -8.5674 19.4731
-23.1742 -13.7591 11.4873
-17.6102 -11.1139 9.65986
-17.4557 -5.9221 17.6456
-20.2636 -15.1293 12.3218
-17.353 -16.4994 13.1562
-14.4424 -17.8696 13.9907
-32.988 -8.57406 10.5711
-23.1494 -4.47852 4.68509
-15.2745 -10.2544 -0.37708
-15.3576 -4.01346 -1.65151
-20.9175 -2.53695 5.94175
-18.6025 -6.83629 8.47284
-13.0426 -8.3128 0.879581
-18.6856 -0.595374 7.19841
-16.3706 -4.89472 9.7295
-10.8107 -6.37122 2.13624
-16.4538 1.3462 8.45507
-8.57889 -4.42965 3.3929
-8.66203 1.81127 2.11848
-12.5995 4.69919 4.64956
-14.2219 3.28777 9.71174
-6.34703 -2.48807 4.64956
-6.43017 3.75284 3.37514
-25.9029 -6.97122 0.917303
-21.654 -10.2853 2.0187
-23.0487 -12.5854 -5.32
-25.6395 -8.24391 -3.15454
-23.3822 -12.2738 -8.79843
-24.3409 -7.00532 -10.0528
-22.6983 -3.02178 -6.63473
-21.5869 -4.99349 -11.0259
-16.1926 -3.96738 -10.711
-17.7293 -7.4844 -13.6362
-14.7139 -8.51274 -3.10773
-22.214 -15.2819 -8.42337
-21.9803 -11.5005 -12.4104
-5.22224 -0.776093 -17.1787
-7.10279 -4.12152 -17.028
-11.202 -1.69346 -14.2801
-8.98334 -7.46695 -16.8773
-8.77186 -7.09074 -5.88575
-13.0826 -5.03889 -14.1294
-10.8639 -10.8124 -16.7266
-6.65893 -13.0523 -13.9787
-6.55319 -12.8642 -8.48295
-10.6524 -10.4362 -5.73507
-14.9631 -8.38432 -13.9787
1.50105 1.2352 -17.0248
5.10692 -0.460514 -13.2338
-0.277377 -10.0126 -22.1323
-5.0322 -10.8916 -19.5114
4.49363 -10.799 -19.5114
2.22486 -17.2993 -21.7087
7.30204 -16.7274 -19.6727
0.48031 -19.1245 -23.3139
4.62351 -22.3063 -21.5936
6.39553 -9.35756 -12.9549
4.37907 -16.9744 -9.46651
-0.41687 -16.4785 -6.82019
-4.82996 -14.5364 -9.46651
-4.50158 -7.97049 -5.05466
0.206353 -10.6881 -4.21822
-0.613203 -7.7693 -2.64161
4.57887 -6.14048 -3.44116
6.80617 -6.41916 -8.46226
5.64869 -1.79628 -11.1044
-0.273503 -3.69272 -3.88764
-3.09173 -1.35301 -4.10505
3.35827 2.11505 -10.1977
-21.2556 3.39876 -4.80117
-18.5682 3.82011 -6.72269
-17.7385 8.77153 -4.47654
-16.2629 -0.639778 -4.47654
-15.8808 4.24147 -8.6442
-15.0511 9.19288 -6.39805
-11.9162 9.6844 -1.90576
-9.61092 5.22451 0.340387
-10.4406 0.273099 -1.90576
-13.5755 -0.21842 -6.39805
-13.1933 4.66283 -10.5657
-12.3637 9.61424 -8.31957
-9.22874 10.1058 -3.82727
-6.92349 5.64587 -1.58113
-7.75315 0.694458 -3.82727
-10.8881 0.202939 -8.31957
-10.5059 5.08419 -12.4872
-9.67622 10.0356 -10.2411
-4.23605 6.06723 -3.50264
-5.06572 1.11582 -5.74879
-22.9306 8.09935 6.83489
-17.6945 6.84039 7.95229
-24.115 11.2833 -1.89715
-24.6548 10.9417 3.56562
-13.6659 11.9126 -1.91923
-18.6544 13.2443 -3.8144
-22.7462 14.2889 -0.290769
-21.8495 14.0017 5.12804
-24.5025 16.4033 2.53271
-10.9063 18.0946 -4.08356
-9.51067 13.2745 -1.83206
-6.35499 13.1537 2.67096
-9.1463 22.7938 -1.83206
-11.7223 13.3592 6.43781
-11.9085 23.4047 8.40409
-10.4362 18.6412 10.7262
-5.16979 22.2534 1.7698
-9.27532 25.2107 3.9259
-1.48879 26.8587 4.70448
-4.37334 27.5611 9.33439
-8.66054 24.2932 10.4259
-2.77297 26.6578 12.9792
-4.41242 21.664 14.5988
-3.8993 15.2078 6.20852
1.32401 26.823 9.46848
21.2248 10.2171 -6.25578
18.0869 16.7515 3.79392
5.96798 11.5935 0.581726
11.0658 19.771 5.88649
9.73155 20.3448 0.581726
24.1716 11.229 -4.5834
24.7853 14.324 -0.0784928
31.7325 3.91642 -4.31868
36.435 2.23166 5.65798
33.0596 -0.282716 9.1984
19.558 -6.19049 -19.5439
15.5901 -7.84928 -16.1154
21.3712 -5.43244 -17.0787
17.4034 -7.09124 -13.6502
21.0777 -15.8804 -13.6502
27.0056 -8.23957 -16.3277
23.1844 -4.6744 -14.6135
19.2166 -6.3332 -11.185
26.8588 -13.4635 -14.6135
28.8188 -7.48153 -13.8625
24.9977 -3.91636 -12.1482
24.7042 -14.3643 -8.71971
28.6721 -12.7055 -12.1482
30.632 -6.72349 -11.3972
26.8109 -3.15832 -9.68296
26.5175 -13.6063 -6.25447
30.4853 -11.9475 -9.68296
32.4453 -5.96545 -8.93197
28.6242 -2.40028 -7.21772
28.3307 -12.8482 -3.78922
32.2985 -11.1894 -7.21772
34.2585 -5.20741 -6.46672
30.4374 -1.64224 -4.75247
30.1439 -12.0902 -1.32398
34.1118 -10.4314 -4.75247
36.0717 -4.44936 -4.00148
31.9572 -11.3321 1.14127
35.925 -9.67333 -2.28723
26.8081 -13.1563 -21.2178
22.4503 -10.7639 -23.5707
15.5194 -11.4295 -21.3452
16.1354 -15.3515 -25.1515
20.861 -18.1463 -25.4808
24.9706 -17.0191 -22.0036
19.6109 -22.1607 -24.1745
22.6335 -22.8056 -19.625
23.5917 -18.509 -16.328
23.1948 -18.0595 -13.6072
22.2161 -22.1206 -17.1849
26.996 16.347 16.1948
30.803 12.8685 18.107
29.4587 9.15153 21.9316
24.3074 8.91308 23.8438
26.253 14.2925 13.9369
30.06 10.814 15.8492
28.7157 7.09709 19.6738
19.7573 10.3371 19.6738
25.5099 12.2381 11.6791
29.3169 8.75958 13.5914
27.9726 5.04265 17.4159
19.0143 8.2827 17.4159
24.7669 10.1836 9.42131
28.5739 6.70514 11.3336
27.2296 2.98821 15.1581
18.2712 6.22826 15.1581
19.6155 9.94519 11.3336
24.0238 8.1292 7.16349
27.8309 4.65071 9.07577
26.4865 0.933772 12.9003
17.5282 4.17382 12.9003
18.8725 7.89076 9.07577
25.7435 -1.12067 10.6425
25.0004 -3.1751 8.38469
24.2574 -5.22954 6.12687
24.8587 -3.56705 0.044512
23.5143 -7.28398 3.86906
20.3086 -2.14299 -4.12558
22.7713 -9.33842 1.61125
19.5656 -4.19743 -6.38339
22.0282 -11.3929 -0.646569
16.8769 -11.6313 1.2657
13.0699 -8.15281 -0.646569
14.4142 -4.43587 -4.47112
21.2852 -13.4473 -2.90438
16.1338 -13.6857 -0.992109
12.3268 -10.2072 -2.90438
13.6712 -6.49031 -6.72893
20.5421 -15.5017 -5.1622
15.3908 -15.7402 -3.24992
11.5838 -12.2617 -5.1622
12.9281 -8.54475 -8.98674
19.7991 -17.5562 -7.42001
14.6477 -17.7946 -5.50774
10.8407 -14.3161 -7.42001
12.1851 -10.5992 -11.2446
19.056 -19.6106 -9.67782
13.9047 -19.8491 -7.76555
10.0977 -16.3706 -9.67782
11.442 -12.6536 -13.5024
18.313 -21.665 -11.9356
13.1616 -21.9035 -10.0234
9.35464 -18.425 -11.9356
10.699 -14.7081 -15.7602
19.9655 19.092 13.8137
21.5725 16.6643 22.8842
20.4598 20.5037 19.1064
20.2717 14.976 24.4705
17.2521 19.5479 23.9916
15.1315 20.9445 19.1128
16.0307 17.7692 14.7129
11.9871 18.6721 17.5246
13.8605 15.7584 13.2525
16.6788 12.9258 23.5011
13.3963 17.2558 22.6489
13.1284 19.6875 20.7723
17.005 10.5741 25.5595
10.0658 17.0098 24.4737
24.2162 -5.05905 26.1723
19.0844 -3.6721 27.5834
26.2901 -2.7136 20.6907
23.163 -6.25009 23.5128
18.0312 -4.86314 24.9238
25.2369 -3.90464 18.0311
22.1098 -7.44114 20.8532
16.978 -6.05418 22.2643
18.1005 2.40575 18.0311
24.1838 -5.09569 15.3716
21.0566 -8.63218 18.1937
15.9248 -7.24523 19.6047
17.0473 1.21471 15.3716
23.1306 -6.28673 12.712
20.0034 -9.82322 15.5341
14.8716 -8.43627 16.9451
22.0774 -7.47777 10.0524
18.9503 -11.0143 12.8745
13.8185 -9.62731 14.2856
17.8971 -12.2053 10.215
12.7653 -10.8184 11.626
25.4898 6.24146 25.3624
24.3228 1.89446 28.5234
19.467 -0.129007 30.6848
20.5857 5.19644 29.8859
21.7254 7.0388 24.8306
19.7693 7.94169 27.268
12.0723 -5.59853 21.0101
11.4599 -7.46803 15.5893
-0.560795 -11.5316 10.8897
3.90475 -14.695 11.4388
8.86289 -12.3806 11.9958
3.91882 -16.8783 14.7405
7.4048 -14.5655 18.311
8.64535 -9.22491 17.8766
3.71111 -12.0536 21.5617
-2.97317 -14.4085 19.0094
1.18112 -13.3498 22.4548
-0.519115 -6.86615 13.733
-3.82329 -11.1666 14.6485
-0.87455 10.3265 28.0339
-0.405164 12.0315 22.8259
-1.65555 7.48966 27.0348
6.74802 2.12423 26.0356
1.92104 2.53602 28.6396
-2.43655 4.65277 26.0356
5.96702 -0.712648 25.0365
1.14004 -0.300866 27.6405
-3.21756 1.81589 25.0365
5.18602 -3.54953 24.0374
0.359039 -3.13775 26.6414
-3.99856 -1.02099 24.0374
4.40502 -6.38641 23.0383
-4.31017 -2.15289 17.8303
6.10287 9.01546 32.4247
6.31295 3.73735 30.8926
5.6509 12.9661 28.625
13.4152 11.9255 27.8984
10.3247 8.79221 31.1971
9.88323 -1.66279 26.2479
-1.10734 -4.10153 3.99264
0.556885 -8.43568 6.94146
-1.99429 -6.33741 11.2615
-2.6418 -0.17787 3.47316
0.76318 14.1452 20.807
2.16267 16.565 20.1674
6.69857 14.4309 22.4304
9.79133 5.87412 0.5058
13.6537 5.59186 -3.39966
8.07967 -5.87779 -0.327095
11.0012 -4.35238 -4.73026
9.24067 -6.1398 -2.94037
1.68424 8.8901 -0.838214
6.83806 7.5871 0.572582
7.83365 2.97219 3.39417
-2.47399 5.57818 0.572582
2.09566 6.98302 -4.10254
7.24948 5.68003 -2.69174
-1.06698 -0.943806 0.129848
-2.06257 3.67111 -2.69174
-2.49749 13.4505 4.98329
-6.36353 15.4286 8.87045
-7.1352 17.563 17.4744
-3.99304 17.7499 21.4855
0.271321 24.9686 14.4921
4.1361 23.1393 17.9515
4.81816 17.7338 18.7033
8.51725 20.8126 18.7722
6.0078 24.6931 15.7899
8.8439 7.75488 2.14511
17.0924 13.1617 7.01629
12.8949 16.908 9.96583
18.882 8.73319 -5.11078
28.9254 6.96404 -6.7394
30.6375 1.83874 -7.76414
-1.32251 12.589 -22.1869
0.114475 17.1709 -19.5053
-0.99278 17.6803 -14.142
-3.86675 8.51643 -19.5053
1.40791 11.3329 -21.5039
2.8449 15.9148 -18.8223
1.73764 16.4242 -13.459
-1.13633 7.26038 -18.8223
4.13834 10.0769 -20.8209
5.57532 14.6588 -18.1393
4.46807 15.1682 -12.776
0.486839 6.51369 -12.776
1.59409 6.00433 -18.1393
6.86876 8.82083 -20.1379
8.30575 13.4027 -17.4563
4.65425 9.83955 -9.41143
3.21726 5.25764 -12.0931
4.32452 4.74828 -17.4563
9.59919 7.56478 -19.455
11.0362 12.1467 -16.7733
7.38467 8.5835 -8.72844
5.94769 4.00159 -11.4101
7.05494 3.49223 -16.7733
12.3296 6.30873 -18.772
13.7666 10.8906 -16.0903
10.1151 7.32745 -8.04544
8.67811 2.74554 -10.7271
9.78537 2.23618 -16.0903
15.06 5.05268 -18.089
16.497 9.63459 -15.4073
15.3898 10.144 -10.0441
12.8455 6.0714 -7.36245
11.4085 1.48949 -10.0441
12.5158 0.980126 -15.4073
17.7905 3.79663 -17.406
19.2274 8.37854 -14.7243
18.1202 8.8879 -9.36109
14.139 0.233436 -9.36109
15.2462 -0.275924 -14.7243
20.5209 2.54058 -16.723
20.8506 7.63185 -8.6781
16.8694 -1.02261 -8.6781
17.9766 -1.53197 -14.0414
-8.63787 9.55091 -13.1234
-8.35969 15.0435 -13.0561
-4.04674 19.8678 -10.126
-7.37972 17.4172 -6.50166
-5.05351 11.3597 -2.64784
-1.14924 8.24533 -4.95166
-1.58734 12.7125 -1.6767
-3.05953 17.3521 -4.23729
0.300635 21.7092 -8.57081
1.82109 21.3069 -3.30047
2.5057 16.3555 -1.00602
6.29137 19.407 -2.00462
4.08737 10.41 -4.2286
4.8987 21.0029 -7.08042
5.00413 18.6655 -12.7605
6.66046 22.2023 -8.88779
8.77497 20.3236 -4.17087
7.57681 11.3714 -7.19936
18.5081 18.1628 -15.6844
19.145 13.2499 -13.2953
21.8382 12.8441 -8.51706
20.5644 22.6698 -13.2953
16.7085 13.617 -5.56008
15.4347 23.4428 -10.3383
19.3082 25.0864 -11.3551
21.561 18.926 -13.6654
17.8959 25.1265 -7.4308
