14.376 13.393 -9.434
11.305 12.496 -7.337
11.151 9.258 -9.32
11.004 6.006 -7.338
14.52 4.519 -7.198
14.967 0.776 -7.832
15.638 0.429 -4.087
12.514 2.285 -2.905
10.556 -0.102 -5.156
12.221 -3.075 -3.436
11.74 -1.711 0.112
7.991 -1.522 -0.555
8.139 -4.957 -2.2
9.527 -6.582 0.974
6.846 -4.901 3.105
4.21 -5.895 0.525
5.202 -9.589 0.585
5.112 -9.741 4.412
1.285 -9.811 3.999
1.012 -11.657 0.647
-0.051 -15.058 2.058
-1.977 -15.785 -1.16
1.187 -16.059 -3.293
-0.922 -13.94 -5.681
1.285 -10.852 -5.276
-1.689 -9.009 -3.672
-2.915 -8.068 -0.165
-6.302 -7.233 1.393
-7.428 -3.732 2.358
-7.469 -4.807 6.028
-3.672 -5.269 5.793
-3.13 -1.916 4.045
-2.604 0.156 7.219
-0.433 -2.7 8.539
1.967 -2.564 5.569
2.121 1.243 5.732
2.836 0.996 9.476
5.725 -1.371 8.686
7.397 1.46 6.732
6.862 3.75 9.759
3.84 5.572 8.229
0.705 6.206 10.37
-2.191 7.511 8.235
-5.494 7.975 10.111
-8.327 5.514 9.467
-10.202 8.1 7.376
-7.089 8.768 5.267
-6.967 5.013 4.625
-10.723 4.657 3.976
-10.494 7.56 1.505
-7.848 5.96 -0.715
-9.658 2.627 -0.363
-12.899 4.138 -1.689
-10.989 5.097 -4.873
-8.972 1.872 -5.183
-11.976 -0.197 -4.162
-13.395 0.681 -7.557
-12.944 -2.906 -8.736
-14.981 -4.093 -5.736
-12.26 -6.684 -4.927
-11.432 -5.132 -1.522
-7.795 -6.014 -2.414
-4.657 -4.172 -3.647
-1.857 -5.367 -5.98
1.813 -4.17 -5.821
1.616 -1.857 -8.906
-1.333 0.027 -7.367
0.623 -0.024 -4.093
3.454 1.812 -5.882
0.838 4.4 -6.903
-0.068 4.974 -3.233
3.498 5.745 -2.076
4.041 7.956 -5.142
0.983 10.041 -4.186
2.565 10.703 -0.782
6.246 11.063 -1.846
6.035 12.924 -5.182
6.131 16.722 -5.217
6.989 16.305 -1.507
9.858 13.78 -1.634
11.538 13.045 1.688
14.643 14.548 0.171
13.064 18.006 0.615
12.862 17.279 4.359
16.524 16.32 4.829
17.819 19.048 2.483
15.769 21.685 4.333
17.343 20.368 7.548
20.838 20.55 6.134
19.766 24.108 5.257
19.121 24.841 8.95
22.77 23.781 9.254
24.133 25.977 6.444
24.556 29.058 8.681
26.896 30.492 6.029
24.445 29.96 3.139
27.524 28.5 1.388
26.163 24.944 0.823
28.921 23.377 2.972
29.181 22.451 6.688
31.729 20.559 8.83
31.236 16.746 8.792
30.27 17.105 12.466
27.406 19.485 11.721
26.524 16.992 8.956
26.473 13.891 11.138
24.545 16.051 13.611
21.946 17.066 10.979
21.314 13.336 10.537
21.051 12.596 14.308
19.027 15.66 15.431
16.489 14.834 12.71
15.515 11.808 14.796
16.24 9.277 12.028
16.645 5.586 13.048
20.228 5.911 11.837
22.981 4.0 13.689
26.483 5.472 14.156
27.782 2.452 12.196
25.651 3.166 9.104
26.924 6.764 8.92
30.508 5.507 9.258
29.876 3.581 6.016
28.334 6.635 4.314
31.419 8.637 5.44
33.842 6.151 3.789
32.606 6.813 0.212
31.889 10.489 1.033
35.547 11.551 0.974
34.985 13.627 4.111
38.702 14.276 4.326
41.042 15.693 1.72
39.351 19.02 2.645
37.476 19.356 5.962
33.936 20.417 4.945
31.444 18.524 2.726
28.141 19.407 1.037
25.009 17.415 1.984
23.282 16.816 -1.433
25.448 13.672 -1.68
24.712 12.606 1.918
20.999 13.415 1.407
20.557 10.913 -1.446
22.418 8.338 0.683
20.053 8.64 3.675
17.106 8.196 1.29
18.279 5.089 -0.566
21.625 4.335 -2.187
