-13.201 -6.296 -53.957
-10.703 -3.406 -53.291
-9.54 -3.087 -49.639
-11.02 0.322 -48.639
-8.614 1.85 -46.053
-10.787 3.126 -43.162
-9.634 6.195 -41.181
-10.061 4.9 -37.589
-10.286 6.838 -34.306
-12.195 7.103 -30.979
-14.163 9.439 -28.711
-12.619 10.223 -25.263
-14.157 12.207 -22.344
-11.943 15.248 -21.466
-14.301 16.978 -18.949
-17.827 16.65 -17.399
-19.139 18.761 -20.353
-16.752 17.96 -23.312
-15.482 14.956 -25.281
-12.62 14.751 -27.824
-12.437 12.939 -31.204
-8.982 11.264 -31.393
-8.672 10.357 -35.1
-6.282 10.744 -38.079
-6.98 13.557 -40.6
-9.895 13.022 -43.051
-11.208 15.853 -45.293
-14.92 14.856 -45.011
-14.611 14.37 -41.226
-13.015 17.857 -40.827
-15.875 19.254 -42.999
-18.403 17.482 -40.669
-16.559 18.759 -37.515
-16.844 22.341 -38.957
-20.697 21.797 -39.029
-20.861 21.033 -35.24
-22.116 23.933 -33.104
-20.016 23.255 -29.939
-16.791 22.621 -31.971
-13.393 23.436 -30.391
-10.011 22.816 -32.063
-6.805 22.812 -29.99
-3.883 23.919 -32.209
-1.328 22.314 -29.773
-2.753 18.736 -29.691
-4.334 19.137 -33.217
-7.578 17.622 -31.79
-11.313 18.386 -31.995
-13.683 18.544 -28.991
-17.466 19.001 -28.65
-20.131 19.402 -25.91
-21.257 16.038 -24.476
-24.923 16.743 -25.497
-23.731 16.722 -29.178
-22.178 13.179 -28.839
-25.228 11.354 -30.322
-25.57 14.044 -33.093
-21.852 13.682 -34.021
-21.815 9.829 -34.037
-25.045 9.774 -36.128
-23.507 12.176 -38.75
-20.093 10.348 -38.803
-21.793 6.948 -39.527
-22.962 8.546 -42.834
-19.328 9.196 -43.991
-17.677 6.563 -46.261
-14.251 5.2 -45.121
-14.46 6.789 -41.562
-14.765 4.819 -38.279
-15.142 6.964 -35.114
-15.663 4.659 -32.101
-18.218 6.249 -29.657
-17.862 6.903 -25.912
-18.35 3.469 -24.195
-21.794 2.549 -22.772
-20.235 2.829 -19.255
-19.534 6.58 -19.812
-22.964 7.196 -21.431
-24.623 5.531 -18.378
-22.42 7.523 -15.909
-23.028 10.919 -17.654
-26.668 10.153 -18.714
-27.851 13.482 -17.123
-25.214 15.594 -18.963
-26 13.8 -22.296
-29.631 15.147 -21.909
-30.0661 12.7364 -19.0804
-31.0572 10.3635 -16.1568
-32.3155 8.99589 -12.8805
-30.3989 5.97695 -11.3918
-27.3093 6.64216 -13.3982
-25.351 9.93975 -13.2082
-27.3473 9.36521 -9.92329
-28.4257 6.48894 -7.74317
-26.8684 3.36736 -6.17395
-27.2269 0.439338 -8.71351
-27.7766 -3.0784 -9.72314
-26.4693 -5.36499 -12.5015
-25.6762 -7.77983 -15.1908
-22.0506 -9.1908 -15.1816
-19.5944 -10.4565 -17.6598
-16.6312 -11.6866 -19.7111
-14.3584 -8.78648 -19.0701
-15.2144 -9.7229 -15.4749
-14.8598 -13.5242 -15.4321
-11.7099 -12.3823 -17.0331
-8.49427 -11.139 -18.632
-6.39761 -12.777 -15.9184
-8.20613 -16.0869 -16.384
-7.64077 -15.9783 -20.1405
-3.93304 -15.2963 -19.6604
-3.88204 -15.2943 -23.5264
-1.64004 -12.5293 -24.9354
-3.30104 -10.4243 -27.7584
-1.42604 -12.3333 -30.5254
-2.25904 -15.7143 -28.8554
-5.99104 -14.7093 -28.8444
-5.75704 -13.7983 -32.5744
-4.13804 -17.2613 -33.1754
-6.98304 -19.0413 -31.2774
-9.55804 -17.0323 -33.3304
-7.75004 -17.9513 -36.6254
-7.62504 -21.6573 -35.6364
-11.391 -21.6253 -34.7934
-12.219 -19.7733 -38.0864
-10.168 -22.4713 -39.9934
-12.409 -25.0683 -38.1914
-9.70704 -26.4163 -35.7914
-7.54704 -27.7633 -38.6954
-4.15104 -25.9983 -38.7584
-0.404039 -26.1043 -38.2424
0.509961 -23.5753 -35.5004
4.11096 -22.9213 -36.6494
4.66996 -19.9273 -34.2964
8.30096 -19.5113 -33.1444
9.75696 -21.4013 -30.1234
8.44396 -20.1603 -26.7374
5.57196 -17.9473 -28.1474
3.09896 -20.1353 -26.1134
1.96096 -22.7623 -28.6904
0.792961 -25.0353 -25.7874
-1.55804 -22.4023 -24.2054
-3.07104 -21.6103 -27.6674
-3.47704 -25.3783 -28.4314
-5.21504 -26.0743 -25.0604
-7.61004 -23.1203 -25.7234
-8.44204 -24.2613 -29.3264
-9.04104 -27.8393 -28.0584
-11.15 -26.5963 -25.0604
-13.422 -24.5853 -27.4434
-14.095 -28.0583 -29.0144
-14.579 -29.8233 -25.5404
-18.081 -30.9733 -26.7514
-16.245 -33.0723 -29.4594
-13.821 -34.9843 -27.1114
-12.176 -37.5293 -26.3514
-8.96904 -35.5643 -27.0334
-5.74604 -37.2533 -28.2524
-2.43004 -35.4443 -27.5244
0.672961 -36.8553 -29.2984
3.97596 -35.4733 -27.9184
7.75496 -36.1323 -27.5354
8.38896 -38.9363 -24.9544
9.94896 -36.4213 -22.4284
7.11596 -33.7563 -22.3224
4.04696 -35.9843 -21.5184
3.90996 -34.8693 -17.8464
4.65096 -31.2183 -18.8914
1.43996 -31.4203 -21.0154
-0.609039 -33.0133 -18.1464
0.536961 -30.1963 -15.7924
-0.304039 -27.6403 -18.5524
-3.91704 -29.0053 -18.7614
-4.27704 -28.9763 -14.9104
-2.79104 -25.4163 -14.7984
-5.01804 -23.9213 -17.5434
-8.31604 -25.9253 -17.2814
-9.04604 -26.1663 -13.4654
-12.583 -27.3253 -14.5734
-10.959 -30.8173 -15.1154
-10.225 -33.4013 -12.4044
-6.82704 -35.2203 -12.6644
-8.83304 -38.4363 -13.4414
-9.97504 -36.7833 -16.7304
-6.28604 -36.9323 -17.9454
-4.70004 -40.2403 -19.0334
-0.876039 -40.1573 -19.4404
0.102961 -43.2323 -21.4864
3.48896 -44.4193 -20.1494
3.60396 -47.9533 -21.7084
2.39996 -49.9153 -24.7864
0.0359608 -51.9363 -22.4514
-1.98304 -48.9243 -21.2044
-5.54704 -48.0333 -22.3624
-5.27004 -45.0893 -24.8204
-9.01104 -44.2183 -24.2484
-9.11404 -44.2823 -20.3944
-9.30304 -40.4483 -19.9854
-11.275 -37.5823 -21.5264
-7.78304 -36.2563 -22.4834
-5.26004 -38.9493 -23.5564
-1.53104 -38.0143 -23.7184
0.795961 -40.4183 -25.6344
4.27596 -40.4113 -27.2304
5.14696 -40.8563 -30.9444
7.04796 -44.1253 -30.1464
3.97196 -45.6623 -28.4084
1.50496 -44.8853 -31.2994
2.87896 -47.8313 -33.3814
2.51796 -50.1893 -30.3384
-1.03804 -48.8563 -29.6764
-2.20904 -48.9313 -33.3824
-4.92604 -51.5313 -32.4774
-6.43804 -48.9523 -30.0094
-6.15004 -46.0103 -32.5324
-9.26604 -47.5493 -34.2434
-11.383 -45.5673 -31.6964
-12.289 -42.2533 -33.4694
-10.562 -39.3513 -31.6794
-12.431 -36.3313 -33.1614
-9.89904 -33.7933 -31.7294
-6.13104 -34.4143 -32.0924
-3.20204 -32.2613 -30.9194
0.287961 -33.2263 -32.1614
3.14296 -31.3533 -30.4624
6.46396 -30.9813 -32.3704
4.73896 -32.4683 -35.4904
8.03996 -32.3233 -37.4894
8.55296 -35.8583 -35.9774
6.03096 -36.9823 -38.6974
8.24696 -35.5523 -41.5754
8.94396 -39.0253 -43.1324
5.89196 -41.0993 -44.2574
7.81096 -44.4643 -44.1594
8.41896 -44.2323 -40.3604
6.25396 -46.3853 -38.0294
5.23696 -43.2383 -36.0084
3.97296 -41.5253 -39.2144
2.21896 -44.7093 -40.5274
0.343961 -45.0213 -37.1694
-0.508039 -41.2533 -36.8534
-1.66004 -40.4693 -40.4464
-4.89504 -42.6393 -40.5244
-6.15604 -40.9023 -37.3204
-5.19904 -37.3883 -38.5854
-7.08804 -37.9423 -41.9074
-10.343 -39.0433 -40.0974
-10.267 -36.7603 -36.9864
-12.567 -33.6583 -37.2254
-10.021 -31.2323 -35.6254
-6.21404 -31.4633 -36.1504
-3.96404 -29.0393 -34.2314
-0.340039 -29.5733 -35.3444
2.37796 -27.6373 -33.4334
6.06596 -27.0513 -34.3404
8.80696 -24.4043 -33.9484
10.515 -25.8153 -37.0584
7.80296 -27.3383 -39.3534
10.542 -28.1373 -41.8664
13.961 -29.0723 -40.3984
15.984 -28.8433 -43.6774
13.845 -29.3013 -46.8854
10.319 -28.7043 -48.4054
9.65996 -32.5123 -48.6224
9.40296 -32.6343 -44.7444
6.18596 -30.4863 -44.9004
4.17696 -32.9623 -47.0494
2.90096 -35.1423 -44.1354
1.82396 -32.0083 -42.1644
0.0669608 -30.5223 -45.2794
-1.95404 -33.7543 -45.8974
-2.74004 -34.0423 -42.1354
-4.29904 -30.4993 -42.1174
-5.80204 -30.7703 -45.6934
-6.18704 -34.4863 -46.7784
-7.36704 -33.3673 -50.3014
-4.13004 -31.4063 -51.0294
-1.53204 -33.3523 -53.1134
-3.09504 -36.9013 -52.7504
0.228961 -38.3333 -54.0924
3.70396 -37.1353 -52.9504
5.08596 -37.1383 -56.5534
2.93896 -34.0833 -57.5514
4.23996 -32.1473 -54.4804
7.83996 -33.3153 -55.1894
7.77696 -32.2783 -58.9054
6.56696 -28.7503 -57.9514
8.40196 -27.9363 -54.6634
11.295 -30.4673 -54.2854
12.954 -29.9843 -57.7634
12.306 -33.6933 -58.3794
14.883 -35.3403 -60.7104
14.634 -38.6883 -62.5524
17.914 -40.5313 -61.7954
18.91 -44.0133 -63.2234
17.86 -45.5803 -59.8364
14.504 -43.6873 -59.4294
13.34 -40.2043 -58.3354
15.43 -37.7793 -56.2534
13.419 -35.3083 -54.0594
16.35 -33.6923 -52.1004
16.019 -30.3653 -53.9934
13.8 -27.2783 -53.6474
11.672 -25.2183 -56.0864
8.91696 -22.5233 -56.1644
9.37696 -21.8063 -52.3894
7.54596 -18.4083 -52.4884
4.44596 -20.1843 -53.9454
4.77096 -22.8983 -51.2414
4.95196 -20.1303 -48.5484
1.74396 -18.4923 -49.9174
-0.0890392 -21.8873 -50.0264
1.02296 -22.7103 -46.4394
-0.0360392 -19.3123 -44.9524
-3.43804 -19.2623 -46.7654
-4.61504 -22.8713 -46.2304
-2.38404 -24.8733 -43.7644
-0.251039 -22.8153 -41.3804
-0.309039 -19.9213 -38.9094
3.29396 -18.6793 -38.3764
4.60096 -15.6783 -36.3874
8.17596 -14.8433 -35.4134
9.70196 -13.3593 -32.1854
10.313 -10.1553 -34.2074
6.55796 -9.90626 -35.1074
5.11796 -10.2763 -31.5474
7.92896 -9.78126 -28.9254
9.88996 -6.54626 -29.7564
11.304 -6.78326 -26.1564
13.309 -10.0513 -26.5724
17.108 -9.35726 -26.5874
18.861 -10.0913 -29.9114
20.517 -13.4613 -30.6544
24.133 -12.6133 -31.6324
25.67 -15.5033 -33.6344
29.349 -16.0013 -34.5814
31.711 -18.6103 -35.9834
34.752 -19.3053 -33.7424
37.571 -20.8593 -35.7974
39.351 -23.0603 -33.2064
43.066 -23.2413 -34.0164
44.05 -26.4723 -35.9394
47.665 -26.0013 -34.6114
46.627 -28.1933 -31.5894
45.586 -30.9823 -34.0744
48.724 -33.1633 -34.0084
50.23 -34.4363 -37.3064
48.918 -38.0543 -36.7654
45.296 -36.8563 -36.2144
45.573 -34.5263 -39.2754
47.002 -37.3713 -41.4274
44.064 -39.5883 -40.2424
41.518 -36.8533 -41.2404
43.315 -36.4553 -44.6304
43.228 -40.2813 -45.0614
39.455 -40.5903 -44.3134
38.767 -37.5383 -46.5814
40.722 -39.2143 -49.4684
38.948 -42.5273 -48.6774
35.451 -40.9753 -49.2614
36.542 -39.6443 -52.7324
38.022 -42.9743 -53.9844
36.192 -44.0723 -57.1894
36.333 -47.8523 -56.6544
34.462 -48.0133 -53.2694
30.889 -49.2413 -52.7624
28.093 -46.8543 -51.6084
28.412 -48.5163 -48.1454
32.234 -48.0573 -47.8564
31.683 -44.3553 -48.8274
29.094 -44.0023 -45.9524
31.462 -45.8223 -43.5154
34.411 -43.5303 -44.4724
32.06 -40.4923 -44.0164
31.045 -41.6943 -40.4924
34.76 -42.2753 -39.6854
35.73 -38.7543 -40.9574
32.903 -37.2153 -38.8424
33.858 -39.1643 -35.6444
37.591 -38.2473 -36.2114
36.541 -34.5573 -36.5714
34.89 -34.7463 -33.1114
38.05 -36.3273 -31.5424
40.35 -33.7663 -33.2704
38.351 -30.7923 -31.8244
38.298 -31.9883 -28.1264
41.585 -30.2353 -26.9894
40.648 -26.8023 -28.4614
36.963 -27.1573 -27.4214
38.304 -27.7053 -23.8504
40.776 -24.7623 -24.2374
37.849 -22.5113 -25.3204
35.537 -23.6633 -22.4304
38.342 -22.8953 -19.9194
38.996 -19.4453 -21.5444
35.247 -18.6483 -21.0684
35.374 -19.6593 -17.3434
38.699 -17.7943 -16.7534
37.041 -14.7153 -18.4364
34.561 -14.7303 -15.4624
31.392 -16.0273 -17.2534
28.698 -16.9803 -14.7254
26.445 -19.3293 -16.8494
26.664 -20.9243 -20.3304
25.496 -24.0003 -22.3014
27.866 -26.3623 -24.1764
26.28 -28.4293 -26.9804
27.901 -31.5843 -28.4514
26.519 -34.8853 -29.9284
29.397 -37.4293 -29.8734
29.528 -39.1133 -26.4204
33.391 -38.9113 -26.3624
33.161 -35.0543 -26.6044
30.558 -34.8693 -23.7604
32.719 -37.3043 -21.6744
35.984 -35.3223 -22.2284
34.307 -31.9433 -21.3824
32.754 -33.3723 -18.1434
36.09 -35.0053 -17.1134
38.032 -31.7023 -17.5334
35.346 -29.6893 -15.6254
35.564 -32.2803 -12.7604
39.426 -32.0563 -12.8754
39.138 -28.2013 -12.6194
36.47 -28.6333 -9.81836
33.892 -26.6733 -11.9204
30.288 -27.3603 -10.8514
28.285 -28.3513 -13.9624
25.2 -30.3193 -15.1284
25.122 -33.0363 -17.8444
22.12 -34.1373 -19.9884
22.386 -36.8593 -22.6864
20.553 -39.9553 -24.1004
21.131 -41.8723 -20.7914
19.697 -39.1233 -18.4754
16.184 -40.1283 -17.2864
13.021 -38.0323 -17.9424
12.648 -36.9243 -14.2544
16.406 -36.2823 -13.6674
16.397 -34.0573 -16.8344
13.836 -31.7253 -15.1704
15.685 -31.7803 -11.7864
19.121 -30.9923 -13.3944
17.38 -28.2233 -15.4174
16.046 -26.7353 -12.1174
19.523 -27.1183 -10.4644
21.171 -25.1023 -13.3324
18.323 -22.5023 -13.2824
18.249 -21.9383 -9.47136
21.882 -22.6013 -8.33736
24.466 -19.8193 -9.02336
27.269 -22.4473 -8.57336
26.458 -24.4513 -11.7514
28.427 -22.4703 -14.3724
28.285 -24.9943 -17.2854
25.525 -27.1653 -18.7644
26.987 -30.0273 -20.8944
24.131 -30.9373 -23.2674
23.557 -33.4653 -26.0554
22.245 -31.5693 -29.1564
19.816 -34.4793 -29.8654
18.753 -35.3283 -26.2684
18.266 -31.7343 -24.9014
16.544 -30.2053 -28.0344
13.083 -30.6793 -26.3464
11.085 -29.7233 -23.1954
13.852 -27.9573 -21.2004
14.301 -24.1853 -20.5154
17.754 -22.6423 -19.8064
16.917 -18.9073 -19.3604
19.627 -18.5753 -16.6074
22.411 -18.6403 -19.2804
23.295 -15.8353 -21.7774
25.742 -17.9123 -23.9194
25.433 -21.0763 -26.0614
28.6 -22.8433 -27.3464
28.223 -25.4763 -30.0904
31.383 -27.5993 -29.6464
30.174 -29.6193 -32.6774
28.163 -28.8163 -35.8254
24.97 -30.7813 -36.6214
23.884 -31.3353 -40.2884
20.238 -30.3633 -39.5434
19.698 -26.5863 -38.8954
16.225 -27.1343 -37.3324
17.926 -29.0013 -34.4124
20.545 -26.2053 -33.9974
17.708 -23.5773 -33.8434
15.828 -25.8173 -31.3084
19.006 -25.8243 -29.1284
19.48 -21.9733 -29.3604
15.782 -21.4983 -28.3424
16.456 -23.3453 -25.0584
18.077 -20.0653 -23.7934
16.145 -17.5433 -25.9384
12.761 -18.0363 -24.1144
10.221 -15.8623 -22.2314
12.145 -14.9203 -19.0344
15.453 -14.1483 -20.8564
16.682 -10.5483 -20.1424
20.204 -10.6173 -21.7554
21.307 -10.6543 -25.4414
21.929 -14.3353 -26.2644
25.419 -15.1563 -27.5964
25.681 -18.2073 -29.9314
29.242 -19.4593 -30.6724
29.746 -22.1433 -33.3844
33.166 -23.8383 -32.8764
34.6271 -25.9761 -35.6458
37.0167 -26.5497 -38.4145
39.1901 -27.6221 -41.2661
38.94 -24.9183 -43.8387
38.6404 -21.3008 -42.8902
41.2509 -19.0071 -44.48
40.2342 -21.2332 -47.3875
37.4294 -22.7842 -45.3453
36.124 -19.3553 -44.3546
36.1248 -18.2017 -47.9757
34.2065 -21.2969 -49.0634
31.5987 -20.7515 -46.3533
31.1315 -17.1272 -47.3969
30.666 -18.1329 -51.0322
28.0593 -20.7296 -50.0809
26.139 -18.1851 -48.0119
26.1393 -15.7016 -50.8885
24.8361 -18.3398 -53.2937
22.0311 -19.2711 -50.9047
21.0122 -15.6294 -50.5277
20.9212 -15.1638 -54.2984
18.7459 -18.2508 -54.7242
16.3124 -17.02 -52.0772
16.0463 -13.6241 -53.7625
15.6787 -14.0067 -57.5037
17.1007 -16.2075 -60.2797
20.2629 -18.2367 -60.9046
21.5331 -16.4311 -64.1148
24.906 -15.4097 -62.4692
25.447 -15.2722 -58.7474
23.6406 -12.2672 -57.1232
23.0862 -9.35825 -54.7413
26.1743 -10.2894 -52.7314
28.2915 -10.4636 -55.8826
27.0782 -7.04097 -57.0034
27.906 -5.53103 -53.6155
29.171 -4.57203 -50.0855
31.656 -7.54503 -49.6625
