-13.201 -6.296 -53.957
-9.54 -3.087 -49.639
-10.787 3.126 -43.162
-10.286 6.838 -34.306
-12.195 7.103 -30.979
-14.157 12.207 -22.344
-11.943 15.248 -21.466
-15.482 14.956 -25.281
-12.62 14.751 -27.824
-8.672 10.357 -35.1
-14.92 14.856 -45.011
-14.611 14.37 -41.226
-20.861 21.033 -35.24
-13.393 23.436 -30.391
-10.011 22.816 -32.063
-1.328 22.314 -29.773
-4.334 19.137 -33.217
-7.578 17.622 -31.79
-11.313 18.386 -31.995
-20.131 19.402 -25.91
-24.923 16.743 -25.497
-23.731 16.722 -29.178
-19.328 9.196 -43.991
-14.765 4.819 -38.279
-15.663 4.659 -32.101
-21.794 2.549 -22.772
-20.235 2.829 -19.255
-24.623 5.531 -18.378
-26.668 10.153 -18.714
-27.851 13.482 -17.123
-29.014 18.802 -20.797
-26.03 23.63 -14.722
-27.219 19.392 -8.694
-26.798 20.208 -4.988
-30.389 11.851 9.975
-29.32 8.149 13.454
-23.991 11.509 19.371
-24.731 13.185 13.93
-19.687 14.822 11.995
-17.231 17.783 4.996
-25.363 13.084 2.191
-19.956 4.118 -3.237
-16.209 4.012 -2.721
-11.694 7.195 -1.128
-15.012 5.081 9.734
-17.363 7.714 11.316
-30.384 0.293 9.981
-33.886 -0.857 8.77
-27.981 -7.413 9.17
-15.132 -6.739 6.223
-11.829 -5.357 7.603
-5.856 -6.305 13.093
-11.758 -5.868 14.003
-24.851 3.95 22.056
-28.388 2.791 20.948
-22.632 -5.104 22.857
-24.638 -8.32 22.08
-20.505 -10.124 16.488
-15.702 -13.116 14.035
-12.316 -14.303 15.372
-15.769 -21.82 13.07
-8.757 -14.009 5.375
-14.3 -14.769 4.222
-18.014 -18.815 2.139
-20.731 -21.415 3.044
-27.188 -15.451 3.825
-28.094 -12.137 2.052
-25.704 -3.677 3.792
-19.007 -2.145 4.602
-12.662 -1.237 5.059
-9.341 -0.865 3.151
-7.765 -2.207 -1.968
-7.558 -5.436 -6.054
-9.913 -10.983 -8.736
-10.568 -13.122 -0.487
-13.586 -14.593 -5.006
-26.072 -6.644 -1.465
-22.019 -1.347 -0.629
-16.145 0.543 0.177
-9.739 3.065 1.181
0.179 1.273 -8.156
-6.145 -2.396 -13.101
-6.402 -2.518 -9.223
-21.992 -4.37 -11.257
-19.935 -1.29 -15.508
-10.719 -7.022 -21.032
-12.866 -3.967 -22.03
-2.851 0.132 -22.242
-0.922 -5.224 -25.189
3.105 -13.897 -27.702
2.055 -15.464 -24.315
-8.259 11.708 -16.967
-11.359 9.932 -18.424
-16.114 10.195 -3.388
-7.629 15.273 0.108
-5.492 19.961 1.314
-5.915 23.57 5.765
-2.496 20.065 8.949
1.303 20.759 8.934
3.056 20.025 5.61
13.544 14.115 0.94
15.906 11.506 -0.462
18.947 10.811 1.779
31.86 4.115 0.91
32.919 -3.047 1.513
33.113 -7.938 -1.244
29.491 -6.74 -0.693
22.217 -12.858 -18.463
20.528 -17.736 -21.133
12.607 -18.4 -12.624
16.429 -17.941 -12.335
18.756 15.386 20.059
12.893 13.136 20.796
9.691 6.116 13.22
12.096 -1.468 7.07
13.723 -8.997 9.101
17.586 -8.795 9.159
14.753 -4.753 11.761
20.665 1.483 25.703
9.395 -0.203 20.393
-3.157 -6.808 21.267
0.601 -6.166 21.854
6.077 7.515 27.184
11.464 7.669 26.948
12.48 5.122 18.236
9.72 2.951 16.757
7.752 -3.349 9.466
4.011 -4.363 5.656
0.739 -0.089 7.487
-2.722 -0.563 9.175
3.822 11.541 18.914
9.937 12.204 11.602
9.628 9.04 9.46
12.795 7.273 8.175
14.369 0.497 2.844
12.358 1.3 -0.304
4.433 -0.247 -4.022
0.42 2.982 -1.811
4.74 3.911 1.524
2.272 10.051 11.728
-3.66 15.196 16.487
5.502 19.462 10.08
6.124 15.781 9.257
18.894 5.262 -0.758
23.984 4.281 -5.209
17.383 1.525 -4.862
18.702 2.869 -8.246
-6.681 11.565 -9.264
-2.585 10.871 -5.144
9.847 14.317 -8.898
12.901 15.217 -4.373
17.364 18.256 -5.181
19.849 15.283 -4.758
