-13.201 -6.296 -53.957
-10.703 -3.406 -53.291
-9.54 -3.087 -49.639
-11.02 0.322 -48.639
-8.614 1.85 -46.053
-10.787 3.126 -43.162

-9.634 6.195 -41.181
-10.061 4.9 -37.589
-10.286 6.838 -34.306
-12.195 7.103 -30.979
-14.163 9.439 -28.711
-12.619 10.223 -25.263
-14.157 12.207 -22.344

-11.943 15.248 -21.466
-14.301 16.978 -18.949
-17.827 16.65 -17.399
-19.139 18.761 -20.353

-16.752 17.96 -23.312
-15.482 14.956 -25.281
-12.62 14.751 -27.824
-12.437 12.939 -31.204
-8.982 11.264 -31.393
-8.672 10.357 -35.1

-6.282 10.744 -38.079
-6.98 13.557 -40.6
-9.895 13.022 -43.051

-11.208 15.853 -45.293
-14.92 14.856 -45.011
-14.611 14.37 -41.226
-13.015 17.857 -40.827
-15.875 19.254 -42.999
-18.403 17.482 -40.669
-16.559 18.759 -37.515
-16.844 22.341 -38.957

-20.697 21.797 -39.029
-20.861 21.033 -35.24
-22.116 23.933 -33.104
-20.016 23.255 -29.939
-16.791 22.621 -31.971

-13.393 23.436 -30.391
-10.011 22.816 -32.063
-6.805 22.812 -29.99

-3.883 23.919 -32.209
-1.328 22.314 -29.773
-2.753 18.736 -29.691
-4.334 19.137 -33.217

-7.578 17.622 -31.79
-11.313 18.386 -31.995
-13.683 18.544 -28.991
-17.466 19.001 -28.65
-20.131 19.402 -25.91

-21.257 16.038 -24.476
-24.923 16.743 -25.497
-23.731 16.722 -29.178
-22.178 13.179 -28.839
-25.228 11.354 -30.322
-25.57 14.044 -33.093
-21.852 13.682 -34.021
-21.815 9.829 -34.037
-25.045 9.774 -36.128
-23.507 12.176 -38.75
-20.093 10.348 -38.803

-21.793 6.948 -39.527
-22.962 8.546 -42.834
-19.328 9.196 -43.991
-17.677 6.563 -46.261
-14.251 5.2 -45.121

-14.46 6.789 -41.562
-14.765 4.819 -38.279
-15.142 6.964 -35.114
-15.663 4.659 -32.101

-18.218 6.249 -29.657
-17.862 6.903 -25.912
-18.35 3.469 -24.195

-21.794 2.549 -22.772
-20.235 2.829 -19.255
-19.534 6.58 -19.812
-22.964 7.196 -21.431
-24.623 5.531 -18.378
-22.42 7.523 -15.909

-23.4224 10.906 -17.3245
-22.9436 14.7044 -17.8662
-22.8399 18.4486 -17.711

-23.7367 20.8888 -20.483
-22.7246 23.8541 -18.3323
-19.3797 22.2449 -17.5171

-18.7627 25.8999 -16.4051
-18.2707 28.7539 -18.9451
-17.2427 30.9009 -15.9041
-14.1227 31.3039 -13.7161
-15.7787 30.7279 -10.3301
-12.9437 29.6849 -7.98811
-13.4797 26.4529 -5.94211
-16.9677 26.4899 -4.30211
-16.5467 27.3059 -0.596106
-16.3267 24.1299 1.48589
-19.5627 24.0969 3.57189
-19.0247 24.0439 7.34789
-20.0537 20.6489 8.73489
-22.4757 20.3479 11.6599
-20.1377 18.9489 14.3669
-22.8257 19.1169 17.1789
-22.9077 15.2569 17.3149
-19.0687 15.2469 17.8459
-17.5687 15.4039 21.3609

-17.2687 19.1719 22.3049
-13.7397 18.6069 23.7629
-12.5447 17.5669 20.2589
-14.4797 20.2829 18.3219
-13.1507 23.1059 20.6119

-9.4867 21.9179 20.2529
-9.4357 21.9199 16.3869
-7.1937 24.6849 14.9779

-8.8547 26.7899 12.1549
-6.9797 24.8809 9.38789
-7.8127 21.4999 11.0579
-11.5447 22.5049 11.0689
-11.3107 23.4159 7.33889
-9.6917 19.9529 6.73789
-12.5367 18.1729 8.63589
-15.1117 20.1819 6.58289
-13.3037 19.2629 3.28789
-13.1787 15.5569 4.27689
-16.9447 15.5889 5.11989
-17.7727 17.4409 1.82689

-15.895 14.6601 -0.0883858
-13.7046 11.8131 -1.27284
-12.7325 8.14958 -1.13626

-8.99213 8.02458 -1.24117
-5.12152 8.00085 -1.42811
-1.74691 9.24985 -2.51174
1.48309 7.36628 -3.36613

5.08409 8.02028 -4.51513
5.64309 11.0143 -2.16213
9.27409 11.4303 -1.01013
10.7301 9.54028 2.01087
9.41709 10.7813 5.39687
6.54509 12.9943 3.98687
4.07209 10.8063 6.02087

2.93409 8.17928 3.44387
1.76609 5.90628 6.34687
-0.584905 8.53928 7.92887
-2.09791 9.33128 4.46687
-2.50391 5.56328 3.70287
-4.24191 4.86728 7.07387
-6.63691 7.82128 6.41087
-7.46891 6.68028 2.80787
-8.06791 3.10228 4.07587
-10.1769 4.34528 7.07387
-12.4489 6.35628 4.69087
-13.1219 2.88328 3.11987
-13.6059 1.11828 6.59387
-17.1079 -0.0317213 5.38287

-15.2719 -2.13072 2.67487
-12.8479 -4.04272 5.02287
-11.2029 -6.58772 5.78287

-7.99591 -4.62272 5.10087
-4.77291 -6.31172 3.88187
-1.45691 -4.50272 4.60987
1.64609 -5.91372 2.83587
4.94909 -4.53172 4.21587

8.72809 -5.19072 4.59887
9.36209 -7.99472 7.17987
10.9221 -5.47972 9.70587
8.08909 -2.81472 9.81187

5.02009 -5.04272 10.6159
4.88309 -3.92772 14.2879
5.62409 -0.276721 13.2429
2.41309 -0.478721 11.1189
0.364095 -2.07172 13.9879
1.51009 0.745279 16.3419
0.669095 3.30128 13.5819
-2.94391 1.93628 13.3729
-3.30391 1.96528 17.2239
-1.81791 5.52528 17.3359
-4.04491 7.02028 14.5909

-7.34291 5.01628 14.8529
-8.07291 4.77528 18.6689
-11.6099 3.61628 17.5609
-9.98591 0.124279 17.0189
-9.25191 -2.45972 19.7299

-5.85391 -4.27872 19.4699
-7.85991 -7.49472 18.6929
-9.00191 -5.84172 15.4039

-5.31291 -5.99072 14.1889
-3.72691 -9.29872 13.1009
0.0970945 -9.21572 12.6939

1.07609 -12.2907 10.6479
4.46209 -13.4777 11.9849
4.57709 -17.0117 10.4259
3.37309 -18.9737 7.34787
1.00909 -20.9947 9.68287
-1.00991 -17.9827 10.9299
-4.57391 -17.0917 9.77187
-4.29691 -14.1477 7.31387
-8.03791 -13.2767 7.88587
-8.14091 -13.3407 11.7399
-8.32991 -9.50672 12.1489
-10.3019 -6.64072 10.6079

-6.80991 -5.31472 9.65087
-4.28691 -8.00772 8.57787
-0.557905 -7.07272 8.41587
1.76909 -9.47672 6.49987
5.24909 -9.46972 4.90387

6.12009 -9.91472 1.18987
8.02109 -13.1837 1.98787
4.94509 -14.7207 3.72587
2.47809 -13.9437 0.834875

3.85209 -16.8897 -1.24713
3.49109 -19.2477 1.79587
-0.0649055 -17.9147 2.45787
-1.23591 -17.9897 -1.24813
-3.95291 -20.5897 -0.343125
-5.46491 -18.0107 2.12487
-5.17691 -15.0687 -0.398125
-8.29291 -16.6077 -2.10913
-10.4099 -14.6257 0.437875
-11.3159 -11.3117 -1.33513
-9.58891 -8.40972 0.454875
-11.4579 -5.38972 -1.02713

-8.92591 -2.85172 0.404875
-5.15791 -3.47272 0.0418749
-2.22891 -1.31972 1.21487

1.26109 -2.28472 -0.0271251
4.11609 -0.411721 1.67187
7.43709 -0.0397213 -0.236125

5.71209 -1.52672 -3.35613
9.01309 -1.38172 -5.35513
9.52609 -4.91672 -3.84313
7.00409 -6.04072 -6.56313

9.22009 -4.61072 -9.44113
9.91709 -8.08372 -10.9981
6.86509 -10.1577 -12.1231
8.78409 -13.5227 -12.0251
9.39209 -13.2907 -8.22613

7.22709 -15.4437 -5.89513
6.21009 -12.2967 -3.87413
4.94609 -10.5837 -7.08013
3.19209 -13.7677 -8.39313
1.31709 -14.0797 -5.03513
0.465095 -10.3117 -4.71913
-0.686905 -9.52772 -8.31213
-3.92191 -11.6977 -8.39013
-5.18291 -9.96072 -5.18613
-4.22591 -6.44672 -6.45113
-6.11491 -7.00072 -9.77313

-9.36991 -8.10172 -7.96313
-9.29391 -5.81872 -4.85213
-11.5939 -2.71672 -5.09113

-9.04791 -0.290721 -3.49113
-5.24091 -0.521721 -4.01613
-2.99091 1.90228 -2.09713
0.633095 1.36828 -3.21013
3.35109 3.30428 -1.29913

7.03909 3.89028 -2.20613
9.78009 6.53728 -1.81413
11.4881 5.12628 -4.92413
8.77609 3.60328 -7.21913
11.5151 2.80428 -9.73213
14.9341 1.86928 -8.26413
16.9571 2.09828 -11.5431
14.8181 1.64028 -14.7511

11.2921 2.23728 -16.2711
10.6331 -1.57072 -16.4881
10.3761 -1.69272 -12.6101
7.15909 0.455279 -12.7661
5.15009 -2.02072 -14.9151
3.87409 -4.20072 -12.0011
2.79709 -1.06672 -10.0301
1.04009 0.419279 -13.1451
-0.980905 -2.81272 -13.7631
-1.76691 -3.10072 -10.0011
-3.32591 0.442279 -9.98313

-4.82891 0.171279 -13.5591
-5.21391 -3.54472 -14.6441
-6.39391 -2.42572 -18.1671
-3.15691 -0.464721 -18.8951
-0.558905 -2.41072 -20.9791
-2.12191 -5.95972 -20.6161
1.20209 -7.39172 -21.9581

4.67709 -6.19372 -20.8161
6.05909 -6.19672 -24.4191
3.91209 -3.14172 -25.4171
5.21309 -1.20572 -22.3461
8.81309 -2.37372 -23.0551
8.75009 -1.33672 -26.7711
7.54009 2.19128 -25.8171
9.37509 3.00528 -22.5291

12.2681 0.474279 -22.1511
13.9271 0.957279 -25.6291
13.2791 -2.75172 -26.2451

15.8561 -4.39872 -28.5761
15.6071 -7.74672 -30.4181

18.8871 -9.58972 -29.6611
19.8831 -13.0717 -31.0891
18.8331 -14.6387 -27.7021

15.4771 -12.7457 -27.2951
14.3131 -9.26272 -26.2011
16.4031 -6.83772 -24.1191

14.3921 -4.36672 -21.9251
17.3231 -2.75072 -19.9661
16.9921 0.576279 -21.8591
14.7731 3.66328 -21.5131
12.6451 5.72328 -23.9521
9.89009 8.41828 -24.0301

10.3501 9.13528 -20.2551
8.51909 12.5333 -20.3541
5.41909 10.7573 -21.8111
5.74409 8.04328 -19.1071
5.92509 10.8113 -16.4141
2.71709 12.4493 -17.7831
0.884095 9.05428 -17.8921
1.99609 8.23128 -14.3051
0.937095 11.6293 -12.8181
-2.46491 11.6793 -14.6311
-3.64191 8.07028 -14.0961
-1.41091 6.06828 -11.6301

0.722095 8.12628 -9.24613
0.664095 11.0203 -6.77513
4.26709 12.2623 -6.24213
5.57409 15.2633 -4.25313
9.14909 16.0983 -3.27913

10.6751 17.5823 -0.0511251
11.2861 20.7863 -2.07313
7.53109 21.0353 -2.97313
6.09109 20.6653 0.586875

8.90209 21.1603 3.20887
10.8631 24.3953 2.37787
12.2771 24.1583 5.97787
14.2821 20.8903 5.56187
18.0811 21.5843 5.54687
19.8341 20.8503 2.22287

21.4901 17.4803 1.47987
25.1061 18.3283 0.501875
26.6431 15.4383 -1.50013
30.3221 14.9403 -2.44713
32.6841 12.3313 -3.84913
35.7251 11.6363 -1.60813

39.0776 10.0595 -1.35628
42.2812 8.13126 -1.12032
42.9832 4.77812 -2.53568

45.5437 5.99466 -5.06685
48.4133 5.07194 -2.75235

47.3753 2.87994 0.269649
46.3343 0.0909441 -2.21535
49.4723 -2.09006 -2.14935

50.9783 -3.36306 -5.44735
49.6663 -6.98106 -4.90635
46.0443 -5.78306 -4.35535
46.3213 -3.45306 -7.41635
47.7503 -6.29806 -9.56835
44.8123 -8.51506 -8.38335
42.2663 -5.78006 -9.38135
44.0633 -5.38206 -12.7714
43.9763 -9.20806 -13.2024
40.2033 -9.51706 -12.4544
39.5153 -6.46506 -14.7224
41.4703 -8.14106 -17.6094
39.6963 -11.4541 -16.8184
36.1993 -9.90206 -17.4024
37.2903 -8.57106 -20.8734

38.7703 -11.9011 -22.1254
36.9403 -12.9991 -25.3304
37.0813 -16.7791 -24.7954
35.2103 -16.9401 -21.4104
31.6373 -18.1681 -20.9034

28.8413 -15.7811 -19.7494
29.1603 -17.4431 -16.2864
32.9823 -16.9841 -15.9974
32.4313 -13.2821 -16.9684
29.8423 -12.9291 -14.0934
32.2103 -14.7491 -11.6564
35.1593 -12.4571 -12.6134
32.8083 -9.41906 -12.1574
31.7933 -10.6211 -8.63335
35.5083 -11.2021 -7.82635
36.4783 -7.68106 -9.09835
33.6513 -6.14206 -6.98335
34.6063 -8.09106 -3.78535
38.3393 -7.17406 -4.35235
37.2893 -3.48406 -4.71235
35.6383 -3.67306 -1.25235
38.7983 -5.25406 0.316649
41.0983 -2.69306 -1.41135
39.0993 0.280944 0.0346492
39.0463 -0.915056 3.73265
42.3333 0.837944 4.86965
41.3963 4.27094 3.39765
37.7113 3.91594 4.43765
39.0523 3.36794 8.00865
41.5243 6.31094 7.62165
38.5973 8.56194 6.53865
36.2853 7.40994 9.42865
39.0903 8.17794 11.9396
39.7443 11.6279 10.3146
35.9953 12.4249 10.7906
36.1223 11.4139 14.5156
39.4473 13.2789 15.1056

37.7893 16.3579 13.4226
35.3093 16.3429 16.3966
32.1403 15.0459 14.6056
29.4463 14.0929 17.1336
27.1933 11.7439 15.0096

27.4123 10.1489 11.5286
26.2443 7.07294 9.55765
28.6143 4.71094 7.68265
27.0283 2.64394 4.87865

28.6493 -0.511056 3.40765
27.2673 -3.81206 1.93065
30.1453 -6.35606 1.98565

30.2763 -8.04006 5.43865
34.1393 -7.83806 5.49665
33.9093 -3.98106 5.25465
31.3063 -3.79606 8.09865
33.4673 -6.23106 10.1846
36.7323 -4.24906 9.63065
35.0553 -0.870056 10.4766
33.5023 -2.29906 13.7156
36.8383 -3.93206 14.7456
38.7803 -0.629056 14.3256
36.0943 1.38394 16.2336
36.3123 -1.20706 19.0986
40.1743 -0.983056 18.9836

39.8863 2.87194 19.2396
37.2183 2.43994 22.0406
34.6403 4.39994 19.9386
31.0363 3.71294 21.0076

29.0333 2.72194 17.8966
25.9483 0.753944 16.7306
25.8703 -1.96306 14.0146
22.8683 -3.06406 11.8706

23.1343 -5.78606 9.17265
21.3013 -8.88206 7.75865
21.8793 -10.7991 11.0676
20.4453 -8.05006 13.3836
16.9323 -9.05506 14.5726
13.7693 -6.95906 13.9166
13.3963 -5.85106 17.6046

17.1543 -5.20906 18.1916
17.1453 -2.98406 15.0246
14.5843 -0.652056 16.6886
16.4333 -0.707056 20.0726
19.8693 0.0809441 18.4646
18.1283 2.84994 16.4416
16.7943 4.33794 19.7416
20.2713 3.95494 21.3946
21.9193 5.97094 18.5266
19.0713 8.57094 18.5766
18.9973 9.13494 22.3876

22.6303 8.47194 23.5216
25.2143 11.2539 22.8356
28.0173 8.62594 23.2856
27.2063 6.62194 20.1076
29.1753 8.60294 17.4866

29.0333 6.07894 14.5736
26.2733 3.90794 13.0946
27.7353 1.04594 10.9646
24.8793 0.135944 8.59165
24.3053 -2.39206 5.80365

22.9933 -0.496056 2.70265
20.5643 -3.40606 1.99365
19.5013 -4.25506 5.59065
19.0143 -0.661056 6.95765
17.2923 0.867944 3.82465
13.8313 0.393944 5.51265
11.8333 1.34994 8.66365
14.6003 3.11594 10.6586
15.0493 6.88794 11.3436
18.5023 8.43094 12.0526
17.6653 12.1659 12.4986
20.3753 12.4979 15.2516
23.1593 12.4329 12.5786
24.0433 15.2379 10.0816

26.4903 13.1609 7.93965
26.1813 9.99694 5.79765
29.3483 8.22994 4.51265
28.9713 5.59694 1.76865

32.1313 3.47394 2.21265
30.9223 1.45394 -0.818351
28.9113 2.25694 -3.96635
25.7183 0.291944 -4.76235
24.6323 -0.262056 -8.42935
20.9863 0.709944 -7.68435

20.4463 4.48694 -7.03635
16.9733 3.93894 -5.47335
18.6743 2.07194 -2.55335
21.2933 4.86794 -2.13835
18.4563 7.49594 -1.98435
16.5763 5.25594 0.550649
19.7543 5.24894 2.73065
20.2283 9.09994 2.49865

16.5303 9.57494 3.51665
17.2043 7.72794 6.80065
18.8253 11.0079 8.06565
16.8933 13.5299 5.92065
13.5093 13.0369 7.74465
10.9693 15.2109 9.62765
12.8933 16.1529 12.8246
16.2013 16.9249 11.0026
17.4303 20.5249 11.7166
20.9523 20.4559 10.1036
22.0553 20.4189 6.41765

22.6773 16.7379 5.59465
26.1673 15.9169 4.26265
26.4293 12.8659 1.92765
29.9903 11.6139 1.18665
30.4943 8.92994 -1.52535
33.9143 7.23494 -1.01735
35.4473 6.21894 -4.42035

38.8363 4.71894 -5.44235
40.5373 5.23794 -8.87135
41.6433 1.87294 -10.3954
38.6203 -0.102056 -8.97735
34.9483 -1.10206 -9.60335

33.9363 2.48194 -8.52435
35.2553 3.82594 -11.9084
32.4753 1.81794 -13.7184
29.7763 1.89494 -10.9844
29.7403 5.70894 -10.5644
28.9293 6.55094 -14.2784
26.3443 3.66394 -14.2284
24.6353 5.10094 -11.0844
24.6483 8.61394 -12.7014
22.9553 7.53094 -15.9834
20.3543 5.60594 -13.8684
19.5123 8.74094 -11.7494
19.1523 10.7329 -15.0214
16.6793 8.08794 -16.3864
14.7573 8.35394 -13.0544
14.7723 12.2179 -13.2184
13.5453 12.3019 -16.8884

10.6723 9.97994 -15.7714
9.87233 12.5219 -12.9264
10.9483 9.92094 -10.2824
13.9683 11.8279 -8.80635
15.1433 15.4429 -8.23435
18.6013 14.0039 -7.49935
21.0753 15.1399 -10.1444
24.5153 13.4679 -9.67135
26.4003 15.2739 -12.5604

27.4063 18.3629 -10.4784
29.4543 16.1739 -8.03535
31.8013 14.8569 -10.8144
32.6523 18.2539 -12.3734

33.9173 19.2129 -8.84335
36.4023 16.2399 -8.42035

End chain 1
