-13.201 -6.296 -53.957
-10.703 -3.406 -53.291
-9.54 -3.087 -49.639
-11.02 0.322 -48.639
-8.614 1.85 -46.053
-10.787 3.126 -43.162

-9.634 6.195 -41.181
-10.061 4.9 -37.589
-10.286 6.838 -34.306
-12.195 7.103 -30.979
-14.163 9.439 -28.711
-12.619 10.223 -25.263
-14.157 12.207 -22.344

-11.943 15.248 -21.466
-14.301 16.978 -18.949
-17.827 16.65 -17.399
-19.139 18.761 -20.353

-16.752 17.96 -23.312
-15.482 14.956 -25.281
-12.62 14.751 -27.824
-12.437 12.939 -31.204
-8.982 11.264 -31.393
-8.672 10.357 -35.1

-6.282 10.744 -38.079
-6.98 13.557 -40.6
-9.895 13.022 -43.051

-11.208 15.853 -45.293
-14.92 14.856 -45.011
-14.611 14.37 -41.226
-13.015 17.857 -40.827
-15.875 19.254 -42.999
-18.403 17.482 -40.669
-16.559 18.759 -37.515
-16.844 22.341 -38.957

-20.697 21.797 -39.029
-20.861 21.033 -35.24
-22.116 23.933 -33.104
-20.016 23.255 -29.939
-16.791 22.621 -31.971

-13.393 23.436 -30.391
-10.011 22.816 -32.063
-6.805 22.812 -29.99

-3.883 23.919 -32.209
-1.328 22.314 -29.773
-2.753 18.736 -29.691
-4.334 19.137 -33.217

-7.578 17.622 -31.79
-11.313 18.386 -31.995
-13.683 18.544 -28.991
-17.466 19.001 -28.65
-20.131 19.402 -25.91

-21.257 16.038 -24.476
-24.923 16.743 -25.497
-23.731 16.722 -29.178
-22.178 13.179 -28.839
-25.228 11.354 -30.322
-25.57 14.044 -33.093
-21.852 13.682 -34.021
-21.815 9.829 -34.037
-25.045 9.774 -36.128
-23.507 12.176 -38.75
-20.093 10.348 -38.803

-21.793 6.948 -39.527
-22.962 8.546 -42.834
-19.328 9.196 -43.991
-17.677 6.563 -46.261
-14.251 5.2 -45.121

-14.46 6.789 -41.562
-14.765 4.819 -38.279
-15.142 6.964 -35.114
-15.663 4.659 -32.101

-18.218 6.249 -29.657
-17.862 6.903 -25.912
-18.35 3.469 -24.195

-21.794 2.549 -22.772
-20.235 2.829 -19.255
-19.534 6.58 -19.812
-22.964 7.196 -21.431
-24.623 5.531 -18.378
-22.42 7.523 -15.909

-23.028 10.919 -17.654
-26.668 10.153 -18.714
-27.851 13.482 -17.123

-25.214 15.594 -18.963
-26 13.8 -22.296
-29.631 15.147 -21.909

-27.909 18.4929 -21.603
-26.0109 21.4256 -20.1414
-27.9777 24.0179 -18.2602
-28.6828 27.4324 -16.9411
-27.2405 26.3404 -13.4941
-23.7815 25.1303 -14.5846
-20.5123 23.0239 -14.3771
-17.6738 25.4178 -14.3814
-16.3188 25.463 -17.8333
-18.7936 28.0592 -19.173
-17.9839 31.6842 -18.9338
-14.8802 30.1022 -20.4086
-11.5762 28.4578 -20.1092
-10.5801 26.8148 -23.387
-7.84212 29.5627 -23.0825
-7.04701 29.6356 -19.415
-3.32109 28.7331 -18.9244
-3.08023 26.9386 -22.3228
-0.649614 24.4437 -23.8599

1.57699 26.631 -26.028
4.4224 26.3876 -23.5206
4.1274 22.6003 -23.4072
4.22272 22.3826 -27.2002
7.33303 24.5616 -27.3438

10.997 23.3736 -27.7028
11.048 23.3756 -31.5688
13.29 26.1406 -32.9778

11.629 28.2456 -35.8008
13.504 26.3366 -38.5678
12.671 22.9556 -36.8978
8.93903 23.9606 -36.8868
9.17303 24.8716 -40.6168
10.792 21.4086 -41.2178
7.94703 19.6286 -39.3198
5.37203 21.6376 -41.3728
7.18003 20.7186 -44.6678
7.30503 17.0126 -43.6788
3.53903 17.0446 -42.8358
2.71103 18.8966 -46.1288

4.76203 16.1986 -48.0358
2.52103 13.6016 -46.2338
5.22303 12.2536 -43.8338

7.38303 10.9066 -46.7378
10.779 12.6716 -46.8008
14.526 12.5656 -46.2848
15.44 15.0946 -43.5428

19.041 15.7486 -44.6918
19.6 18.7426 -42.3388
23.231 19.1586 -41.1868
24.687 17.2686 -38.1658
23.374 18.5096 -34.7798
20.502 20.7226 -36.1898
18.029 18.5346 -34.1558

16.891 15.9076 -36.7328
15.723 13.6346 -33.8298
13.372 16.2676 -32.2478
11.859 17.0596 -35.7098
11.453 13.2916 -36.4738
9.71503 12.5956 -33.1028
7.32003 15.5496 -33.7658
6.48803 14.4086 -37.3688
5.88903 10.8306 -36.1008
3.78003 12.0736 -33.1028
1.50803 14.0846 -35.4858
0.835028 10.6116 -37.0568
0.351028 8.84663 -33.5828
-3.15097 7.69663 -34.7938

-1.31497 5.59763 -37.5018
1.10903 3.68563 -35.1538
2.75403 1.14063 -34.3938

5.96103 3.10563 -35.0758
9.18403 1.41663 -36.2948
12.5 3.22563 -35.5668
15.603 1.81463 -37.3408
18.906 3.19663 -35.9608

22.685 2.53763 -35.5778
23.319 -0.26637 -32.9968
24.879 2.24863 -30.4708
22.046 4.91363 -30.3648

18.977 2.68563 -29.5608
18.84 3.80063 -25.8888
19.581 7.45163 -26.9338
16.37 7.24963 -29.0578
14.321 5.65663 -26.1888
15.467 8.47363 -23.8348
14.626 11.0296 -26.5948
11.013 9.66463 -26.8038
10.653 9.69363 -22.9528
12.139 13.2536 -22.8408
9.91203 14.7486 -25.5858

6.61403 12.7446 -25.3238
5.88403 12.5036 -21.5078
2.34703 11.3446 -22.6158
3.97103 7.85263 -23.1578
4.70503 5.26863 -20.4468

8.10303 3.44963 -20.7068
6.09703 0.23363 -21.4838
4.95503 1.88663 -24.7728

8.64403 1.73763 -25.9878
10.23 -1.57037 -27.0758
14.054 -1.48737 -27.4828

15.033 -4.56237 -29.5288
18.419 -5.74937 -28.1918
18.534 -9.28337 -29.7508
17.33 -11.2454 -32.8288
14.966 -13.2664 -30.4938
12.947 -10.2544 -29.2468
9.38303 -9.36337 -30.4048
9.66003 -6.41937 -32.8628
5.91903 -5.54837 -32.2908
5.81603 -5.61237 -28.4368
5.62703 -1.77837 -28.0278
3.65503 1.08763 -29.5688

7.14703 2.41363 -30.5258
9.67003 -0.27937 -31.5988
13.399 0.65563 -31.7608
15.726 -1.74837 -33.6768
19.206 -1.74137 -35.2728

20.077 -2.18637 -38.9868
21.978 -5.45537 -38.1888
18.902 -6.99237 -36.4508
16.435 -6.21537 -39.3418

17.809 -9.16137 -41.4238
17.448 -11.5194 -38.3808
13.892 -10.1864 -37.7188
12.721 -10.2614 -41.4248
10.004 -12.8614 -40.5198
8.49203 -10.2824 -38.0518
8.78003 -7.34037 -40.5748
5.66403 -8.87937 -42.2858
3.54703 -6.89737 -39.7388
2.64103 -3.58337 -41.5118
4.36803 -0.68137 -39.7218
2.49903 2.33863 -41.2038

5.03103 4.87663 -39.7718
8.79903 4.25563 -40.1348
11.728 6.40863 -38.9618

15.218 5.44363 -40.2038
18.073 7.31663 -38.5048
21.394 7.68863 -40.4128

19.669 6.20163 -43.5328
22.97 6.34663 -45.5318
23.483 2.81163 -44.0198
20.961 1.68763 -46.7398

23.177 3.11763 -49.6178
23.874 -0.35537 -51.1748
20.822 -2.42937 -52.2998
22.741 -5.79437 -52.2018
23.349 -5.56237 -48.4028

21.184 -7.71537 -46.0718
20.167 -4.56837 -44.0508
18.903 -2.85537 -47.2568
17.149 -6.03937 -48.5698
15.274 -6.35137 -45.2118
14.422 -2.58337 -44.8958
13.27 -1.79937 -48.4888
10.035 -3.96937 -48.5668
8.77403 -2.23237 -45.3628
9.73103 1.28163 -46.6278
7.84203 0.72763 -49.9498

4.58703 -0.37337 -48.1398
4.66303 1.90963 -45.0288
2.36303 5.01163 -45.2678

4.90903 7.43763 -43.6678
8.71603 7.20663 -44.1928
10.966 9.63063 -42.2738
14.59 9.09663 -43.3868
17.308 11.0326 -41.4758

20.996 11.6186 -42.3828
23.737 14.2656 -41.9908
25.445 12.8546 -45.1008
22.733 11.3316 -47.3958
25.472 10.5326 -49.9088
28.891 9.59763 -48.4408
30.914 9.82663 -51.7198
28.775 9.36863 -54.9278

25.249 9.96563 -56.4478
24.59 6.15763 -56.6648
24.333 6.03563 -52.7868
21.116 8.18363 -52.9428
19.107 5.70763 -55.0918
17.831 3.52763 -52.1778
16.754 6.66163 -50.2068
14.997 8.14763 -53.3218
12.976 4.91563 -53.9398
12.19 4.62763 -50.1778
10.631 8.17063 -50.1598

9.12803 7.89963 -53.7358
8.74303 4.18363 -54.8208
7.56303 5.30263 -58.3438
10.8 7.26363 -59.0718
13.398 5.31763 -61.1558
11.835 1.76863 -60.7928
15.159 0.33663 -62.1348

18.634 1.53463 -60.9928
20.016 1.53163 -64.5958
17.869 4.58663 -65.5938
19.17 6.52263 -62.5228
22.77 5.35463 -63.2318
22.707 6.39163 -66.9478
21.497 9.91963 -65.9938
23.332 10.7336 -62.7058

26.225 8.20263 -62.3278
27.884 8.68563 -65.8058
27.236 4.97663 -66.4218

29.813 3.32963 -68.7528
29.564 -0.0183701 -70.5948

32.844 -1.86137 -69.8378
33.84 -5.34337 -71.2658
32.79 -6.91037 -67.8788

29.434 -5.01737 -67.4718
28.27 -1.53437 -66.3778
30.36 0.89063 -64.2958

28.349 3.36163 -62.1018
31.28 4.97763 -60.1428
30.949 8.30463 -62.0358
28.73 11.3916 -61.6898
26.602 13.4516 -64.1288
23.847 16.1466 -64.2068

24.307 16.8636 -60.4318
22.476 20.2616 -60.5308
19.376 18.4856 -61.9878
19.701 15.7716 -59.2838
19.882 18.5396 -56.5908
16.674 20.1776 -57.9598
14.841 16.7826 -58.0688
15.953 15.9596 -54.4818
14.894 19.3576 -52.9948
11.492 19.4076 -54.8078
10.315 15.7986 -54.2728
12.546 13.7966 -51.8068

14.679 15.8546 -49.4228
14.621 18.7486 -46.9518
18.224 19.9906 -46.4188
19.531 22.9916 -44.4298
23.106 23.8266 -43.4558

24.632 25.3106 -40.2278
25.243 28.5146 -42.2498
21.488 28.7636 -43.1498
20.048 28.3936 -39.5898

22.859 28.8886 -36.9678
24.82 32.1236 -37.7988
26.234 31.8866 -34.1988
28.239 28.6186 -34.6148
32.038 29.3126 -34.6298
33.791 28.5786 -37.9538

35.447 25.2086 -38.6968
39.063 26.0566 -39.6748
40.6 23.1666 -41.6768
44.279 22.6686 -42.6238
46.641 20.0596 -44.0258
49.682 19.3646 -41.7848

52.501 17.8106 -43.8398
54.281 15.6096 -41.2488
57.996 15.4286 -42.0588

58.98 12.1976 -43.9818
62.595 12.6686 -42.6538

61.557 10.4766 -39.6318
60.516 7.68763 -42.1168
63.654 5.50663 -42.0508

65.16 4.23363 -45.3488
63.848 0.61563 -44.8078
60.226 1.81363 -44.2568
60.503 4.14363 -47.3178
61.932 1.29863 -49.4698
58.994 -0.91837 -48.2848
56.448 1.81663 -49.2828
58.245 2.21463 -52.6728
58.158 -1.61137 -53.1038
54.385 -1.92037 -52.3558
53.697 1.13163 -54.6238
55.652 -0.54437 -57.5108
53.878 -3.85737 -56.7198
50.381 -2.30537 -57.3038
51.472 -0.97437 -60.7748

52.952 -4.30437 -62.0268
51.122 -5.40237 -65.2318
51.263 -9.18237 -64.6968
49.392 -9.34337 -61.3118
45.819 -10.5714 -60.8048

43.023 -8.18437 -59.6508
43.342 -9.84637 -56.1878
47.164 -9.38737 -55.8988
46.613 -5.68537 -56.8698
44.024 -5.33237 -53.9948
46.392 -7.15237 -51.5578
49.341 -4.86037 -52.5148
46.99 -1.82237 -52.0588
45.975 -3.02437 -48.5348
49.69 -3.60537 -47.7278
50.66 -0.0843701 -48.9998
47.833 1.45463 -46.8848
48.788 -0.49437 -43.6868
52.521 0.42263 -44.2538
51.471 4.11263 -44.6138
49.82 3.92363 -41.1538
52.98 2.34263 -39.5848
55.28 4.90363 -41.3128
53.281 7.87763 -39.8668
53.228 6.68163 -36.1688
56.515 8.43463 -35.0318
55.578 11.8676 -36.5038
51.893 11.5126 -35.4638
53.234 10.9646 -31.8928
55.706 13.9076 -32.2798
52.779 16.1586 -33.3628
50.467 15.0066 -30.4728
53.272 15.7746 -27.9618
53.926 19.2246 -29.5868
50.177 20.0216 -29.1108
50.304 19.0106 -25.3858
53.629 20.8756 -24.7958

51.971 23.9546 -26.4788
49.491 23.9396 -23.5048
46.322 22.6426 -25.2958
43.628 21.6896 -22.7678
41.375 19.3406 -24.8918

41.594 17.7456 -28.3728
40.426 14.6696 -30.3438
42.796 12.3076 -32.2188
41.21 10.2406 -35.0228

42.831 7.08563 -36.4938
41.449 3.78463 -37.9708
44.327 1.24063 -37.9158

44.458 -0.44337 -34.4628
48.321 -0.24137 -34.4048
48.091 3.61563 -34.6468
45.488 3.80063 -31.8028
47.649 1.36563 -29.7168
50.914 3.34763 -30.2708
49.237 6.72663 -29.4248
47.684 5.29763 -26.1858
51.02 3.66463 -25.1558
52.962 6.96763 -25.5758
50.276 8.98063 -23.6678
50.494 6.38963 -20.8028
54.356 6.61363 -20.9178

54.068 10.4686 -20.6618
51.4 10.0366 -17.8608
48.822 11.9966 -19.9628
45.218 11.3096 -18.8938

43.215 10.3186 -22.0048
40.13 8.35063 -23.1708
40.052 5.63363 -25.8868
37.05 4.53263 -28.0308

37.316 1.81063 -30.7288
35.483 -1.28537 -32.1428
36.061 -3.20237 -28.8338
34.627 -0.45337 -26.5178
31.114 -1.45837 -25.3288
27.951 0.63763 -25.9848
27.578 1.74563 -22.2968

31.336 2.38763 -21.7098
31.327 4.61263 -24.8768
28.766 6.94463 -23.2128
30.615 6.88963 -19.8288
34.051 7.67763 -21.4368
32.31 10.4466 -23.4598
30.976 11.9346 -20.1598
34.453 11.5516 -18.5068
36.101 13.5676 -21.3748
33.253 16.1676 -21.3248
33.179 16.7316 -17.5138

36.812 16.0686 -16.3798
39.396 18.8506 -17.0658
42.199 16.2226 -16.6158
41.388 14.2186 -19.7938
43.357 16.1996 -22.4148

43.215 13.6756 -25.3278
40.455 11.5046 -26.8068
41.917 8.64263 -28.9368
39.061 7.73263 -31.3098
38.487 5.20463 -34.0978

37.175 7.10063 -37.1988
34.746 4.19063 -37.9078
33.683 3.34163 -34.3108
33.196 6.93563 -32.9438
31.474 8.46463 -36.0768
28.013 7.99063 -34.3888
26.015 8.94663 -31.2378
28.782 10.7126 -29.2428
29.231 14.4846 -28.5578
32.684 16.0276 -27.8488
31.847 19.7626 -27.4028
34.557 20.0946 -24.6498
37.341 20.0296 -27.3228
38.225 22.8346 -29.8198

40.672 20.7576 -31.9618
40.363 17.5936 -34.1038
43.53 15.8266 -35.3888
43.153 13.1936 -38.1328

46.313 11.0706 -37.6888
45.104 9.05063 -40.7198
43.093 9.85363 -43.8678
39.9 7.88863 -44.6638
38.814 7.33463 -48.3308
35.168 8.30663 -47.5858

34.628 12.0836 -46.9378
31.155 11.5356 -45.3748
32.856 9.66863 -42.4548
35.475 12.4646 -42.0398
32.638 15.0926 -41.8858
30.758 12.8526 -39.3508
33.936 12.8456 -37.1708
34.41 16.6966 -37.4028

30.712 17.1716 -36.3848
31.386 15.3246 -33.1008
33.007 18.6046 -31.8358
31.075 21.1266 -33.9808
27.691 20.6336 -32.1568
25.151 22.8076 -30.2738
27.075 23.7496 -27.0768
30.383 24.5216 -28.8988
31.612 28.1216 -28.1848
35.134 28.0526 -29.7978
36.237 28.0156 -33.4838

36.859 24.3346 -34.3068
40.349 23.5136 -35.6388
40.611 20.4626 -37.9738
44.172 19.2106 -38.7148
44.676 16.5266 -41.4268
48.096 14.8316 -40.9188
49.629 13.8156 -44.3218

53.018 12.3156 -45.3438
54.719 12.8346 -48.7728
55.825 9.46963 -50.2968
52.802 7.49463 -48.8788
49.13 6.49463 -49.5048

48.118 10.0786 -48.4258
49.437 11.4226 -51.8098
46.657 9.41463 -53.6198
43.958 9.49163 -50.8858
43.922 13.3056 -50.4658
43.111 14.1476 -54.1798
40.526 11.2606 -54.1298
38.817 12.6976 -50.9858
38.83 16.2106 -52.6028
37.137 15.1276 -55.8848
34.536 13.2026 -53.7698
33.694 16.3376 -51.6508
33.334 18.3296 -54.9228
30.861 15.6846 -56.2878
28.939 15.9506 -52.9558
28.954 19.8146 -53.1198
27.727 19.8986 -56.7898

24.854 17.5766 -55.6728
24.054 20.1186 -52.8278
25.13 17.5176 -50.1838
28.15 19.4246 -48.7078
29.325 23.0396 -48.1358
32.783 21.6006 -47.4008
35.257 22.7366 -50.0458
38.697 21.0646 -49.5728
40.582 22.8706 -52.4618

41.588 25.9596 -50.3798
43.636 23.7706 -47.9368
45.983 22.4536 -50.7158
46.834 25.8506 -52.2748

48.099 26.8096 -48.7448
50.584 23.8366 -48.3218

End chain 1
