-13.201 -6.296 -53.957
-10.703 -3.406 -53.291
-9.54 -3.087 -49.639
-11.02 0.322 -48.639
-8.614 1.85 -46.053
-10.787 3.126 -43.162

-9.634 6.195 -41.181
-10.061 4.9 -37.589
-10.286 6.838 -34.306
-12.195 7.103 -30.979
-14.163 9.439 -28.711
-12.619 10.223 -25.263
-14.157 12.207 -22.344

-11.943 15.248 -21.466
-14.301 16.978 -18.949
-17.827 16.65 -17.399
-19.139 18.761 -20.353

-16.752 17.96 -23.312
-15.482 14.956 -25.281
-12.62 14.751 -27.824
-12.437 12.939 -31.204
-8.982 11.264 -31.393
-8.672 10.357 -35.1

-6.282 10.744 -38.079
-6.98 13.557 -40.6
-9.895 13.022 -43.051

-11.208 15.853 -45.293
-14.92 14.856 -45.011
-14.611 14.37 -41.226
-13.015 17.857 -40.827
-15.875 19.254 -42.999
-18.403 17.482 -40.669
-16.559 18.759 -37.515
-16.844 22.341 -38.957

-20.697 21.797 -39.029
-20.861 21.033 -35.24
-22.116 23.933 -33.104
-20.016 23.255 -29.939
-16.791 22.621 -31.971

-13.393 23.436 -30.391
-10.011 22.816 -32.063
-6.805 22.812 -29.99

-3.883 23.919 -32.209
-1.328 22.314 -29.773
-2.753 18.736 -29.691
-4.334 19.137 -33.217

-7.578 17.622 -31.79
-11.313 18.386 -31.995
-13.683 18.544 -28.991
-17.466 19.001 -28.65
-20.131 19.402 -25.91

-21.257 16.038 -24.476
-24.923 16.743 -25.497
-23.731 16.722 -29.178
-22.178 13.179 -28.839
-25.228 11.354 -30.322
-25.57 14.044 -33.093
-21.852 13.682 -34.021
-21.815 9.829 -34.037
-25.045 9.774 -36.128
-23.507 12.176 -38.75
-20.093 10.348 -38.803

-21.793 6.948 -39.527
-22.962 8.546 -42.834
-19.328 9.196 -43.991
-17.677 6.563 -46.261
-14.251 5.2 -45.121

-14.46 6.789 -41.562
-14.765 4.819 -38.279
-15.142 6.964 -35.114
-15.663 4.659 -32.101

-18.218 6.249 -29.657
-17.862 6.903 -25.912
-18.35 3.469 -24.195

-21.794 2.549 -22.772
-20.235 2.829 -19.255
-19.534 6.58 -19.812
-22.964 7.196 -21.431
-24.623 5.531 -18.378
-22.42 7.523 -15.909

-23.4224 10.906 -17.3245
-22.9436 14.7044 -17.8662
-22.8399 18.4486 -17.711

-23.7367 20.8888 -20.483
-22.7246 23.8541 -18.3323
-19.3797 22.2449 -17.5171

-18.7627 25.8999 -16.4051
-18.2707 28.7539 -18.9451
-17.2427 30.9009 -15.9041
-14.1227 31.3039 -13.7161
-15.7787 30.7279 -10.3301
-12.9437 29.6849 -7.98811
-13.4797 26.4529 -5.94211
-16.9677 26.4899 -4.30211
-16.5467 27.3059 -0.596106
-16.3267 24.1299 1.48589
-19.5627 24.0969 3.57189
-19.0247 24.0439 7.34789
-20.0537 20.6489 8.73489
-22.4757 20.3479 11.6599
-20.1377 18.9489 14.3669
-22.8257 19.1169 17.1789
-22.9077 15.2569 17.3149
-19.0687 15.2469 17.8459
-17.5687 15.4039 21.3609

-17.2687 19.1719 22.3049
-13.7397 18.6069 23.7629
-12.5447 17.5669 20.2589
-14.4797 20.2829 18.3219
-13.1507 23.1059 20.6119

-9.4867 21.9179 20.2529
-9.4357 21.9199 16.3869
-7.1937 24.6849 14.9779

-8.8547 26.7899 12.1549
-6.9797 24.8809 9.38789
-7.8127 21.4999 11.0579
-11.5447 22.5049 11.0689
-11.3107 23.4159 7.33889
-9.6917 19.9529 6.73789
-12.5367 18.1729 8.63589
-15.1117 20.1819 6.58289
-13.3037 19.2629 3.28789
-13.1787 15.5569 4.27689
-16.9447 15.5889 5.11989
-17.7727 17.4409 1.82689

-15.9805 14.5383 0.382917
-13.9333 11.7236 -1.28351
-10.1735 12.3091 -1.71554

-6.468 12.2894 -1.9629
-2.84989 11.1027 -2.23049
0.894706 10.6429 -2.60897
2.50561 8.23198 -5.14728

6.10661 8.88598 -6.29628
6.66561 11.88 -3.94328
10.2966 12.296 -2.79128
11.7526 10.406 0.229715
10.4396 11.647 3.61572
7.56761 13.86 2.20572
5.09461 11.672 4.23972

3.95661 9.04498 1.66272
2.78861 6.77198 4.56572
0.437611 9.40498 6.14772
-1.07539 10.197 2.68572
-1.48139 6.42898 1.92172
-3.21939 5.73298 5.29272
-5.61439 8.68698 4.62972
-6.44639 7.54598 1.02672
-7.04539 3.96798 2.29472
-9.15439 5.21098 5.29272
-11.4264 7.22198 2.90972
-12.0994 3.74898 1.33872
-12.5834 1.98398 4.81272
-16.0854 0.833976 3.60172

-14.2494 -1.26502 0.893715
-11.8254 -3.17702 3.24172
-10.1804 -5.72202 4.00172

-6.97339 -3.75702 3.31972
-3.75039 -5.44602 2.10072
-0.434389 -3.63702 2.82872
2.66861 -5.04802 1.05472
5.97161 -3.66602 2.43472

9.75061 -4.32502 2.81772
10.3846 -7.12902 5.39872
11.9446 -4.61402 7.92472
9.11161 -1.94902 8.03072

6.04261 -4.17702 8.83472
5.90561 -3.06202 12.5067
6.64661 0.588976 11.4617
3.43561 0.386976 9.33772
1.38661 -1.20602 12.2067
2.53261 1.61098 14.5607
1.69161 4.16698 11.8007
-1.92139 2.80198 11.5917
-2.28139 2.83098 15.4427
-0.795389 6.39098 15.5547
-3.02239 7.88598 12.8097

-6.32039 5.88198 13.0717
-7.05039 5.64098 16.8877
-10.5874 4.48198 15.7797
-8.96339 0.989976 15.2377
-8.22939 -1.59402 17.9487

-4.83139 -3.41302 17.6887
-6.83739 -6.62902 16.9117
-7.97939 -4.97602 13.6227

-4.29039 -5.12502 12.4077
-2.70439 -8.43302 11.3197
1.11961 -8.35002 10.9127

2.09861 -11.425 8.86672
5.48461 -12.612 10.2037
5.59961 -16.146 8.64472
4.39561 -18.108 5.56672
2.03161 -20.129 7.90172
0.0126111 -17.117 9.14872
-3.55139 -16.226 7.99072
-3.27439 -13.282 5.53272
-7.01539 -12.411 6.10472
-7.11839 -12.475 9.95872
-7.30739 -8.64102 10.3677
-9.27939 -5.77502 8.82672

-5.78739 -4.44902 7.86972
-3.26439 -7.14202 6.79672
0.464611 -6.20702 6.63472
2.79161 -8.61102 4.71872
6.27161 -8.60402 3.12272

7.14261 -9.04902 -0.591285
9.04361 -12.318 0.206715
5.96761 -13.855 1.94472
3.50061 -13.078 -0.946285

4.87461 -16.024 -3.02828
4.51361 -18.382 0.0147153
0.957611 -17.049 0.676715
-0.213389 -17.124 -3.02928
-2.93039 -19.724 -2.12428
-4.44239 -17.145 0.343715
-4.15439 -14.203 -2.17928
-7.27039 -15.742 -3.89028
-9.38739 -13.76 -1.34328
-10.2934 -10.446 -3.11628
-8.56639 -7.54402 -1.32628
-10.4354 -4.52402 -2.80828

-7.90339 -1.98602 -1.37628
-4.13539 -2.60702 -1.73928
-1.20639 -0.454024 -0.566285

2.28361 -1.41902 -1.80828
5.13861 0.453976 -0.109285
8.45961 0.825976 -2.01728

6.73461 -0.661024 -5.13728
10.0356 -0.516024 -7.13628
10.5486 -4.05102 -5.62428
8.02661 -5.17502 -8.34428

10.2426 -3.74502 -11.2223
10.9396 -7.21802 -12.7793
7.88761 -9.29202 -13.9043
9.80661 -12.657 -13.8063
10.4146 -12.425 -10.0073

8.24961 -14.578 -7.67628
7.23261 -11.431 -5.65528
5.96861 -9.71802 -8.86128
4.21461 -12.902 -10.1743
2.33961 -13.214 -6.81628
1.48761 -9.44602 -6.50028
0.335611 -8.66202 -10.0933
-2.89939 -10.832 -10.1713
-4.16039 -9.09502 -6.96728
-3.20339 -5.58102 -8.23228
-5.09239 -6.13502 -11.5543

-8.34739 -7.23602 -9.74428
-8.27139 -4.95302 -6.63328
-10.5714 -1.85102 -6.87228

-8.02539 0.574976 -5.27228
-4.21839 0.343976 -5.79728
-1.96839 2.76798 -3.87828
1.65561 2.23398 -4.99128
4.37361 4.16998 -3.08028

8.06161 4.75598 -3.98728
10.8026 7.40298 -3.59528
12.5106 5.99198 -6.70528
9.79861 4.46898 -9.00028
12.5376 3.66998 -11.5133
15.9566 2.73498 -10.0453
17.9796 2.96398 -13.3243
15.8406 2.50598 -16.5323

12.3146 3.10298 -18.0523
11.6556 -0.705024 -18.2693
11.3986 -0.827024 -14.3913
8.18161 1.32098 -14.5473
6.17261 -1.15502 -16.6963
4.89661 -3.33502 -13.7823
3.81961 -0.201024 -11.8113
2.06261 1.28498 -14.9263
0.0416111 -1.94702 -15.5443
-0.744389 -2.23502 -11.7823
-2.30339 1.30798 -11.7643

-3.80639 1.03698 -15.3403
-4.19139 -2.67902 -16.4253
-5.37139 -1.56002 -19.9483
-2.13439 0.400976 -20.6763
0.463611 -1.54502 -22.7603
-1.09939 -5.09402 -22.3973
2.22461 -6.52602 -23.7393

5.69961 -5.32802 -22.5973
7.08161 -5.33102 -26.2003
4.93461 -2.27602 -27.1983
6.23561 -0.340024 -24.1273
9.83561 -1.50802 -24.8363
9.77261 -0.471024 -28.5523
8.56261 3.05698 -27.5983
10.3976 3.87098 -24.3103

13.2906 1.33998 -23.9323
14.9496 1.82298 -27.4103
14.3016 -1.88602 -28.0263

16.8786 -3.53302 -30.3573
16.6296 -6.88102 -32.1993

19.9096 -8.72402 -31.4423
20.9056 -12.206 -32.8703
19.8556 -13.773 -29.4833

16.4996 -11.88 -29.0763
15.3356 -8.39702 -27.9823
17.4256 -5.97202 -25.9003

15.4146 -3.50102 -23.7063
18.3456 -1.88502 -21.7473
18.0146 1.44198 -23.6403
15.7956 4.52898 -23.2943
13.6676 6.58898 -25.7333
10.9126 9.28398 -25.8113

11.3726 10.001 -22.0363
9.54161 13.399 -22.1353
6.44161 11.623 -23.5923
6.76661 8.90898 -20.8883
6.94761 11.677 -18.1953
3.73961 13.315 -19.5643
1.90661 9.91998 -19.6733
3.01861 9.09698 -16.0863
1.95961 12.495 -14.5993
-1.44239 12.545 -16.4123
-2.61939 8.93598 -15.8773
-0.388389 6.93398 -13.4113

1.74461 8.99198 -11.0273
1.68661 11.886 -8.55628
5.28961 13.128 -8.02328
6.59661 16.129 -6.03428
10.1716 16.964 -5.06028

11.6976 18.448 -1.83228
12.3086 21.652 -3.85428
8.55361 21.901 -4.75428
7.11361 21.531 -1.19428

9.92461 22.026 1.42772
11.8856 25.261 0.596715
13.2996 25.024 4.19672
15.3046 21.756 3.78072
19.1036 22.45 3.76572
20.8566 21.716 0.441715

22.5126 18.346 -0.301285
26.1286 19.194 -1.27928
27.6656 16.304 -3.28128
31.3446 15.806 -4.22828
33.7066 13.197 -5.63028
36.7476 12.502 -3.38928

39.5666 10.948 -5.44428
41.3466 8.74698 -2.85328
45.0616 8.56598 -3.66328

46.0456 5.33498 -5.58628
49.6606 5.80598 -4.25828

48.6226 3.61398 -1.23628
47.5816 0.824976 -3.72128
50.7196 -1.35602 -3.65528

52.2256 -2.62902 -6.95328
50.9136 -6.24702 -6.41228
47.2916 -5.04902 -5.86128
47.5686 -2.71902 -8.92228
48.9976 -5.56402 -11.0743
46.0596 -7.78102 -9.88928
43.5136 -5.04602 -10.8873
45.3106 -4.64802 -14.2773
45.2236 -8.47402 -14.7083
41.4506 -8.78302 -13.9603
40.7626 -5.73102 -16.2283
42.7176 -7.40702 -19.1153
40.9436 -10.72 -18.3243
37.4466 -9.16802 -18.9083
38.5376 -7.83702 -22.3793

40.0176 -11.167 -23.6313
38.1876 -12.265 -26.8363
38.3286 -16.045 -26.3013
36.4576 -16.206 -22.9163
32.8846 -17.434 -22.4093

30.0886 -15.047 -21.2553
30.4076 -16.709 -17.7923
34.2296 -16.25 -17.5033
33.6786 -12.548 -18.4743
31.0896 -12.195 -15.5993
33.4576 -14.015 -13.1623
36.4066 -11.723 -14.1193
34.0556 -8.68502 -13.6633
33.0406 -9.88702 -10.1393
36.7556 -10.468 -9.33228
37.7256 -6.94702 -10.6043
34.8986 -5.40802 -8.48928
35.8536 -7.35702 -5.29128
39.5866 -6.44002 -5.85828
38.5366 -2.75002 -6.21828
36.8856 -2.93902 -2.75828
40.0456 -4.52002 -1.18928
42.3456 -1.95902 -2.91728
40.3466 1.01498 -1.47128
40.2936 -0.181024 2.22672
43.5806 1.57198 3.36372
42.6436 5.00498 1.89172
38.9586 4.64998 2.93172
40.2996 4.10198 6.50272
42.7716 7.04498 6.11572
39.8446 9.29598 5.03272
37.5326 8.14398 7.92272
40.3376 8.91198 10.4337
40.9916 12.362 8.80872
37.2426 13.159 9.28472
37.3696 12.148 13.0097
40.6946 14.013 13.5997

39.0366 17.092 11.9167
36.5566 17.077 14.8907
33.3876 15.78 13.0997
30.6936 14.827 15.6277
28.4406 12.478 13.5037

28.6596 10.883 10.0227
27.4916 7.80698 8.05172
29.8616 5.44498 6.17672
28.2756 3.37798 3.37272

29.8966 0.222976 1.90172
28.5146 -3.07802 0.424715
31.3926 -5.62202 0.479715

31.5236 -7.30602 3.93272
35.3866 -7.10402 3.99072
35.1566 -3.24702 3.74872
32.5536 -3.06202 6.59272
34.7146 -5.49702 8.67872
37.9796 -3.51502 8.12472
36.3026 -0.136024 8.97072
34.7496 -1.56502 12.2097
38.0856 -3.19802 13.2397
40.0276 0.104976 12.8197
37.3416 2.11798 14.7277
37.5596 -0.473024 17.5927
41.4216 -0.249024 17.4777

41.1336 3.60598 17.7337
38.4656 3.17398 20.5347
35.8876 5.13398 18.4327
32.2836 4.44698 19.5017

30.2806 3.45598 16.3907
27.1956 1.48798 15.2247
27.1176 -1.22902 12.5087
24.1156 -2.33002 10.3647

24.3816 -5.05202 7.66672
22.5486 -8.14802 6.25272
23.1266 -10.065 9.56172
21.6926 -7.31602 11.8777
18.1796 -8.32102 13.0667
15.0166 -6.22502 12.4107
14.6436 -5.11702 16.0987

18.4016 -4.47502 16.6857
18.3926 -2.25002 13.5187
15.8316 0.0819763 15.1827
17.6806 0.0269763 18.5667
21.1166 0.814976 16.9587
19.3756 3.58398 14.9357
18.0416 5.07198 18.2357
21.5186 4.68898 19.8887
23.1666 6.70498 17.0207
20.3186 9.30498 17.0707
20.2446 9.86898 20.8817

23.8776 9.20598 22.0157
26.4616 11.988 21.3297
29.2646 9.35998 21.7797
28.4536 7.35598 18.6017
30.4226 9.33698 15.9807

30.2806 6.81298 13.0677
27.5206 4.64198 11.5887
28.9826 1.77998 9.45872
26.1266 0.869976 7.08572
25.5526 -1.65802 4.29772

24.2406 0.237976 1.19672
21.8116 -2.67202 0.487715
20.7486 -3.52102 4.08472
20.2616 0.0729763 5.45172
18.5396 1.60198 2.31872
15.0786 1.12798 4.00672
13.0806 2.08398 7.15772
15.8476 3.84998 9.15272
16.2966 7.62198 9.83772
19.7496 9.16498 10.5467
18.9126 12.9 10.9927
21.6226 13.232 13.7457
24.4066 13.167 11.0727
25.2906 15.972 8.57572

27.7376 13.895 6.43372
27.4286 10.731 4.29172
30.5956 8.96398 3.00672
30.2186 6.33098 0.262715

33.3786 4.20798 0.706715
32.1696 2.18798 -2.32428
30.1586 2.99098 -5.47228
26.9656 1.02598 -6.26828
25.8796 0.471976 -9.93528
22.2336 1.44398 -9.19028

21.6936 5.22098 -8.54228
18.2206 4.67298 -6.97928
19.9216 2.80598 -4.05928
22.5406 5.60198 -3.64428
19.7036 8.22998 -3.49028
17.8236 5.98998 -0.955285
21.0016 5.98298 1.22472
21.4756 9.83398 0.992715

17.7776 10.309 2.01072
18.4516 8.46198 5.29472
20.0726 11.742 6.55972
18.1406 14.264 4.41472
14.7566 13.771 6.23872
12.2166 15.945 8.12172
14.1406 16.887 11.3187
17.4486 17.659 9.49672
18.6776 21.259 10.2107
22.1996 21.19 8.59772
23.3026 21.153 4.91172

23.9246 17.472 4.08872
27.4146 16.651 2.75672
27.6766 13.6 0.421715
31.2376 12.348 -0.319285
31.7416 9.66398 -3.03128
35.1616 7.96898 -2.52328
36.6946 6.95298 -5.92628

40.0836 5.45298 -6.94828
41.7846 5.97198 -10.3773
42.8906 2.60698 -11.9013
39.8676 0.631976 -10.4833
36.1956 -0.368024 -11.1093

35.1836 3.21598 -10.0303
36.5026 4.55998 -13.4143
33.7226 2.55198 -15.2243
31.0236 2.62898 -12.4903
30.9876 6.44298 -12.0703
30.1766 7.28498 -15.7843
27.5916 4.39798 -15.7343
25.8826 5.83498 -12.5903
25.8956 9.34798 -14.2073
24.2026 8.26498 -17.4893
21.6016 6.33998 -15.3743
20.7596 9.47498 -13.2553
20.3996 11.467 -16.5273
17.9266 8.82198 -17.8923
16.0046 9.08798 -14.5603
16.0196 12.952 -14.7243
14.7926 13.036 -18.3943

11.9196 10.714 -17.2773
11.1196 13.256 -14.4323
12.1956 10.655 -11.7883
15.2156 12.562 -10.3123
16.3906 16.177 -9.74028
19.8486 14.738 -9.00528
22.3226 15.874 -11.6503
25.7626 14.202 -11.1773
27.6476 16.008 -14.0663

28.6536 19.097 -11.9843
30.7016 16.908 -9.54128
33.0486 15.591 -12.3203
33.8996 18.988 -13.8793

35.1646 19.947 -10.3493
37.6496 16.974 -9.92628

End chain 1
