-13.201 -6.296 -53.957
-10.703 -3.406 -53.291
-9.54 -3.087 -49.639
-11.02 0.322 -48.639
-8.614 1.85 -46.053
-10.787 3.126 -43.162

-9.634 6.195 -41.181
-10.061 4.9 -37.589
-10.286 6.838 -34.306
-12.195 7.103 -30.979
-14.163 9.439 -28.711
-12.619 10.223 -25.263
-14.157 12.207 -22.344

-11.943 15.248 -21.466
-14.301 16.978 -18.949
-17.827 16.65 -17.399
-19.139 18.761 -20.353

-16.752 17.96 -23.312
-15.482 14.956 -25.281
-12.62 14.751 -27.824
-12.437 12.939 -31.204
-8.982 11.264 -31.393
-8.672 10.357 -35.1

-6.282 10.744 -38.079
-6.98 13.557 -40.6
-9.895 13.022 -43.051

-11.208 15.853 -45.293
-14.92 14.856 -45.011
-14.611 14.37 -41.226
-13.015 17.857 -40.827
-15.875 19.254 -42.999
-18.403 17.482 -40.669
-16.559 18.759 -37.515
-16.844 22.341 -38.957

-20.697 21.797 -39.029
-20.861 21.033 -35.24
-22.116 23.933 -33.104
-20.016 23.255 -29.939
-16.791 22.621 -31.971

-13.393 23.436 -30.391
-10.011 22.816 -32.063
-6.805 22.812 -29.99

-3.883 23.919 -32.209
-1.328 22.314 -29.773
-2.753 18.736 -29.691
-4.334 19.137 -33.217

-7.578 17.622 -31.79
-11.313 18.386 -31.995
-13.683 18.544 -28.991
-17.466 19.001 -28.65
-20.131 19.402 -25.91

-21.257 16.038 -24.476
-24.923 16.743 -25.497
-23.731 16.722 -29.178
-22.178 13.179 -28.839
-25.228 11.354 -30.322
-25.57 14.044 -33.093
-21.852 13.682 -34.021
-21.815 9.829 -34.037
-25.045 9.774 -36.128
-23.507 12.176 -38.75
-20.093 10.348 -38.803

-21.793 6.948 -39.527
-22.962 8.546 -42.834
-19.328 9.196 -43.991
-17.677 6.563 -46.261
-14.251 5.2 -45.121

-14.46 6.789 -41.562
-14.765 4.819 -38.279
-15.142 6.964 -35.114
-15.663 4.659 -32.101

-18.218 6.249 -29.657
-17.862 6.903 -25.912
-18.35 3.469 -24.195

-21.794 2.549 -22.772
-20.235 2.829 -19.255
-19.534 6.58 -19.812
-22.964 7.196 -21.431
-24.623 5.531 -18.378
-22.42 7.523 -15.909

-22.9208 10.8857 -17.599
-21.8289 13.8794 -19.7047
-22.6297 16.827 -17.4045

-24.5646 19.7669 -15.9707
-21.8098 20.4755 -13.4503
-19.1659 20.422 -16.1797

-18.5489 24.077 -15.0677
-18.0569 26.931 -17.6077
-17.0289 29.078 -14.5667
-13.9089 29.481 -12.3787
-15.5649 28.905 -8.99272
-12.7299 27.862 -6.65072
-13.2659 24.63 -4.60472
-16.7539 24.667 -2.96472
-16.3329 25.483 0.741279
-16.1129 22.307 2.82328
-19.3489 22.274 4.90928
-18.8109 22.221 8.68528
-19.8399 18.826 10.0723
-22.2619 18.525 12.9973
-19.9239 17.126 15.7043
-22.6119 17.294 18.5163
-22.6939 13.434 18.6523
-18.8549 13.424 19.1833
-17.3549 13.581 22.6983

-17.0549 17.349 23.6423
-13.5259 16.784 25.1003
-12.3309 15.744 21.5963
-14.2659 18.46 19.6593
-12.9369 21.283 21.9493

-9.27286 20.095 21.5903
-9.22186 20.097 17.7243
-6.97986 22.862 16.3153

-8.64086 24.967 13.4923
-6.76586 23.058 10.7253
-7.59886 19.677 12.3953
-11.3309 20.682 12.4063
-11.0969 21.593 8.67628
-9.47786 18.13 8.07528
-12.3229 16.35 9.97328
-14.8979 18.359 7.92028
-13.0899 17.44 4.62528
-12.9649 13.734 5.61428
-16.7309 13.766 6.45728
-17.5589 15.618 3.16428

-15.5079 12.92 1.25728
-17.7489 10.323 3.05928
-15.0469 8.97498 5.45928

-12.8869 7.62798 2.55528
-9.49086 9.39298 2.49228
-5.74386 9.28698 3.00828
-4.82986 11.816 5.75028

-1.22886 12.47 4.60128
-0.669861 15.464 6.95428
2.96114 15.88 8.10628
4.41714 13.99 11.1273
3.10414 15.231 14.5133
0.232139 17.444 13.1033
-2.24086 15.256 15.1373

-3.37886 12.629 12.5603
-4.54686 10.356 15.4633
-6.89786 12.989 17.0453
-8.41086 13.781 13.5833
-8.81686 10.013 12.8193
-10.5549 9.31698 16.1903
-12.9499 12.271 15.5273
-13.7819 11.13 11.9243
-14.3809 7.55198 13.1923
-16.4899 8.79498 16.1903
-18.7619 10.806 13.8073
-19.4349 7.33298 12.2363
-19.9189 5.56798 15.7103
-23.4209 4.41798 14.4993

-21.5849 2.31898 11.7913
-19.1609 0.406982 14.1393
-17.5159 -2.13802 14.8993

-14.3089 -0.173018 14.2173
-11.0859 -1.86202 12.9983
-7.76986 -0.0530183 13.7263
-4.66686 -1.46402 11.9523
-1.36386 -0.0820183 13.3323

2.41514 -0.741018 13.7153
3.04914 -3.54502 16.2963
4.60914 -1.03002 18.8223
1.77614 1.63498 18.9283

-1.29286 -0.593018 19.7323
-1.42986 0.521982 23.4043
-0.688861 4.17298 22.3593
-3.89986 3.97098 20.2353
-5.94886 2.37798 23.1043
-4.80286 5.19498 25.4583
-5.64386 7.75098 22.6983
-9.25686 6.38598 22.4893
-9.61686 6.41498 26.3403
-8.13086 9.97498 26.4523
-10.3579 11.47 23.7073

-13.6559 9.46598 23.9693
-14.3859 9.22498 27.7853
-17.9229 8.06598 26.6773
-16.2989 4.57398 26.1353
-15.5649 1.98998 28.8463

-12.1669 0.170982 28.5863
-14.1729 -3.04502 27.8093
-15.3149 -1.39202 24.5203

-11.6259 -1.54102 23.3053
-10.0399 -4.84902 22.2173
-6.21586 -4.76602 21.8103

-5.23686 -7.84102 19.7643
-1.85086 -9.02802 21.1013
-1.73586 -12.562 19.5423
-2.93986 -14.524 16.4643
-5.30386 -16.545 18.7993
-7.32286 -13.533 20.0463
-10.8869 -12.642 18.8883
-10.6099 -9.69802 16.4303
-14.3509 -8.82702 17.0023
-14.4539 -8.89102 20.8563
-14.6429 -5.05702 21.2653
-16.6149 -2.19102 19.7243

-13.1229 -0.865018 18.7673
-10.5999 -3.55802 17.6943
-6.87086 -2.62302 17.5323
-4.54386 -5.02702 15.6163
-1.06386 -5.02002 14.0203

-0.192861 -5.46502 10.3063
1.70814 -8.73402 11.1043
-1.36786 -10.271 12.8423
-3.83486 -9.49402 9.95128

-2.46086 -12.44 7.86928
-2.82186 -14.798 10.9123
-6.37786 -13.465 11.5743
-7.54886 -13.54 7.86828
-10.2659 -16.14 8.77328
-11.7779 -13.561 11.2413
-11.4899 -10.619 8.71828
-14.6059 -12.158 7.00728
-16.7229 -10.176 9.55428
-17.6289 -6.86202 7.78128
-15.9019 -3.96002 9.57128
-17.7709 -0.940018 8.08928

-15.2389 1.59798 9.52128
-11.4709 0.976982 9.15828
-8.54186 3.12998 10.3313

-5.05186 2.16498 9.08928
-2.19686 4.03798 10.7883
1.12414 4.40998 8.88028

-0.600861 2.92298 5.76028
2.70014 3.06798 3.76128
3.21314 -0.467018 5.27328
0.691139 -1.59102 2.55328

2.90714 -0.161018 -0.324721
3.60414 -3.63402 -1.88172
0.552139 -5.70802 -3.00672
2.47114 -9.07302 -2.90872
3.07914 -8.84102 0.890279

0.914139 -10.994 3.22128
-0.102861 -7.84702 5.24228
-1.36686 -6.13402 2.03628
-3.12086 -9.31802 0.723279
-4.99586 -9.63002 4.08128
-5.84786 -5.86202 4.39728
-6.99986 -5.07802 0.804279
-10.2349 -7.24802 0.726279
-11.4959 -5.51102 3.93028
-10.5389 -1.99702 2.66528
-12.4279 -2.55102 -0.656721

-15.6829 -3.65202 1.15328
-15.6069 -1.36902 4.26428
-17.9069 1.73298 4.02528

-15.3609 4.15898 5.62528
-11.5539 3.92798 5.10028
-9.30386 6.35198 7.01928
-5.67986 5.81798 5.90628
-2.96186 7.75398 7.81728

0.726139 8.33998 6.91028
3.46714 10.987 7.30228
5.17514 9.57598 4.19228
2.46314 8.05298 1.89728
5.20214 7.25398 -0.615721
8.62114 6.31898 0.852279
10.6441 6.54798 -2.42672
8.50514 6.08998 -5.63472

4.97914 6.68698 -7.15472
4.32014 2.87898 -7.37172
4.06314 2.75698 -3.49372
0.846139 4.90498 -3.64972
-1.16286 2.42898 -5.79872
-2.43886 0.248982 -2.88472
-3.51586 3.38298 -0.913721
-5.27286 4.86898 -4.02872
-7.29386 1.63698 -4.64672
-8.07986 1.34898 -0.884721
-9.63886 4.89198 -0.866721

-11.1419 4.62098 -4.44272
-11.5269 0.904982 -5.52772
-12.7069 2.02398 -9.05072
-9.46986 3.98498 -9.77872
-6.87186 2.03898 -11.8627
-8.43486 -1.51002 -11.4997
-5.11086 -2.94202 -12.8417

-1.63586 -1.74402 -11.6997
-0.253861 -1.74702 -15.3027
-2.40086 1.30798 -16.3007
-1.09986 3.24398 -13.2297
2.50014 2.07598 -13.9387
2.43714 3.11298 -17.6547
1.22714 6.64098 -16.7007
3.06214 7.45498 -13.4127

5.95514 4.92398 -13.0347
7.61414 5.40698 -16.5127
6.96614 1.69798 -17.1287

9.54314 0.0509817 -19.4597
9.29414 -3.29702 -21.3017

12.5741 -5.14002 -20.5447
13.5701 -8.62202 -21.9727
12.5201 -10.189 -18.5857

9.16414 -8.29602 -18.1787
8.00014 -4.81302 -17.0847
10.0901 -2.38802 -15.0027

8.07914 0.0829817 -12.8087
11.0101 1.69898 -10.8497
10.6791 5.02598 -12.7427
8.46014 8.11298 -12.3967
6.33214 10.173 -14.8357
3.57714 12.868 -14.9137

4.03714 13.585 -11.1387
2.20614 16.983 -11.2377
-0.893861 15.207 -12.6947
-0.568861 12.493 -9.99072
-0.387861 15.261 -7.29772
-3.59586 16.899 -8.66672
-5.42886 13.504 -8.77572
-4.31686 12.681 -5.18872
-5.37586 16.079 -3.70172
-8.77786 16.129 -5.51472
-9.95486 12.52 -4.97972
-7.72386 10.518 -2.51372

-5.59086 12.576 -0.129721
-5.64886 15.47 2.34128
-2.04586 16.712 2.87428
-0.738861 19.713 4.86328
2.83614 20.548 5.83728

4.36214 22.032 9.06528
4.97314 25.236 7.04328
1.21814 25.485 6.14328
-0.221861 25.115 9.70328

2.58914 25.61 12.3253
4.55014 28.845 11.4943
5.96414 28.608 15.0943
7.96914 25.34 14.6783
11.7681 26.034 14.6633
13.5211 25.3 11.3393

15.1771 21.93 10.5963
18.7931 22.778 9.61828
20.3301 19.888 7.61628
24.0091 19.39 6.66928
26.3711 16.781 5.26728
29.4121 16.086 7.50828

32.2311 14.532 5.45328
34.0111 12.331 8.04428
37.7261 12.15 7.23428

38.7101 8.91898 5.31128
42.3251 9.38998 6.63928

41.2871 7.19798 9.66128
40.2461 4.40898 7.17628
43.3841 2.22798 7.24228

44.8901 0.954982 3.94428
43.5781 -2.66302 4.48528
39.9561 -1.46502 5.03628
40.2331 0.864982 1.97528
41.6621 -1.98002 -0.176721
38.7241 -4.19702 1.00828
36.1781 -1.46202 0.0102794
37.9751 -1.06402 -3.37972
37.8881 -4.89002 -3.81072
34.1151 -5.19902 -3.06272
33.4271 -2.14702 -5.33072
35.3821 -3.82302 -8.21772
33.6081 -7.13602 -7.42672
30.1111 -5.58402 -8.01072
31.2021 -4.25302 -11.4817

32.6821 -7.58302 -12.7337
30.8521 -8.68102 -15.9387
30.9931 -12.461 -15.4037
29.1221 -12.622 -12.0187
25.5491 -13.85 -11.5117

22.7531 -11.463 -10.3577
23.0721 -13.125 -6.89472
26.8941 -12.666 -6.60572
26.3431 -8.96402 -7.57672
23.7541 -8.61102 -4.70172
26.1221 -10.431 -2.26472
29.0711 -8.13902 -3.22172
26.7201 -5.10102 -2.76572
25.7051 -6.30302 0.758279
29.4201 -6.88402 1.56528
30.3901 -3.36302 0.293279
27.5631 -1.82402 2.40828
28.5181 -3.77302 5.60628
32.2511 -2.85602 5.03928
31.2011 0.833982 4.67928
29.5501 0.644982 8.13928
32.7101 -0.936018 9.70828
35.0101 1.62498 7.98028
33.0111 4.59898 9.42628
32.9581 3.40298 13.1243
36.2451 5.15598 14.2613
35.3081 8.58898 12.7893
31.6231 8.23398 13.8293
32.9641 7.68598 17.4003
35.4361 10.629 17.0133
32.5091 12.88 15.9303
30.1971 11.728 18.8203
33.0021 12.496 21.3313
33.6561 15.946 19.7063
29.9071 16.743 20.1823
30.0341 15.732 23.9073
33.3591 17.597 24.4973

31.7011 20.676 22.8143
29.2211 20.661 25.7883
26.0521 19.364 23.9973
23.3581 18.411 26.5253
21.1051 16.062 24.4013

21.3241 14.467 20.9203
20.1561 11.391 18.9493
22.5261 9.02898 17.0743
20.9401 6.96198 14.2703

22.5611 3.80698 12.7993
21.1791 0.505982 11.3223
24.0571 -2.03802 11.3773

24.1881 -3.72202 14.8303
28.0511 -3.52002 14.8883
27.8211 0.336982 14.6463
25.2181 0.521982 17.4903
27.3791 -1.91302 19.5763
30.6441 0.0689817 19.0223
28.9671 3.44798 19.8683
27.4141 2.01898 23.1073
30.7501 0.385982 24.1373
32.6921 3.68898 23.7173
30.0061 5.70198 25.6253
30.2241 3.11098 28.4903
34.0861 3.33498 28.3753

33.7981 7.18998 28.6313
31.1301 6.75798 31.4323
28.5521 8.71798 29.3303
24.9481 8.03098 30.3993

22.9451 7.03998 27.2883
19.8601 5.07198 26.1223
19.7821 2.35498 23.4063
16.7801 1.25398 21.2623

17.0461 -1.46802 18.5643
15.2131 -4.56402 17.1503
15.7911 -6.48102 20.4593
14.3571 -3.73202 22.7753
10.8441 -4.73702 23.9643
7.68114 -2.64102 23.3083
7.30814 -1.53302 26.9963

11.0661 -0.891018 27.5833
11.0571 1.33398 24.4163
8.49614 3.66598 26.0803
10.3451 3.61098 29.4643
13.7811 4.39898 27.8563
12.0401 7.16798 25.8333
10.7061 8.65598 29.1333
14.1831 8.27298 30.7863
15.8311 10.289 27.9183
12.9831 12.889 27.9683
12.9091 13.453 31.7793

16.5421 12.79 32.9133
19.1261 15.572 32.2273
21.9291 12.944 32.6773
21.1181 10.94 29.4993
23.0871 12.921 26.8783

22.9451 10.397 23.9653
20.1851 8.22598 22.4863
21.6471 5.36398 20.3563
18.7911 4.45398 17.9833
18.2171 1.92598 15.1953

16.9051 3.82198 12.0943
14.4761 0.911982 11.3853
13.4131 0.0629817 14.9823
12.9261 3.65698 16.3493
11.2041 5.18598 13.2163
7.74314 4.71198 14.9043
5.74514 5.66798 18.0553
8.51214 7.43398 20.0503
8.96114 11.206 20.7353
12.4141 12.749 21.4443
11.5771 16.484 21.8903
14.2871 16.816 24.6433
17.0711 16.751 21.9703
17.9551 19.556 19.4733

20.4021 17.479 17.3313
20.0931 14.315 15.1893
23.2601 12.548 13.9043
22.8831 9.91498 11.1603

26.0431 7.79198 11.6043
24.8341 5.77198 8.57328
22.8231 6.57498 5.42528
19.6301 4.60998 4.62928
18.5441 4.05598 0.962279
14.8981 5.02798 1.70728

14.3581 8.80498 2.35528
10.8851 8.25698 3.91828
12.5861 6.38998 6.83828
15.2051 9.18598 7.25328
12.3681 11.814 7.40728
10.4881 9.57398 9.94228
13.6661 9.56698 12.1223
14.1401 13.418 11.8903

10.4421 13.893 12.9083
11.1161 12.046 16.1923
12.7371 15.326 17.4573
10.8051 17.848 15.3123
7.42114 17.355 17.1363
4.88114 19.529 19.0193
6.80514 20.471 22.2163
10.1131 21.243 20.3943
11.3421 24.843 21.1083
14.8641 24.774 19.4953
15.9671 24.737 15.8093

16.5891 21.056 14.9863
20.0791 20.235 13.6543
20.3411 17.184 11.3193
23.9021 15.932 10.5783
24.4061 13.248 7.86628
27.8261 11.553 8.37428
29.3591 10.537 4.97128

32.7481 9.03698 3.94928
34.4491 9.55598 0.520279
35.5551 6.19098 -1.00372
32.5321 4.21598 0.414279
28.8601 3.21598 -0.211721

27.8481 6.79998 0.867279
29.1671 8.14398 -2.51672
26.3871 6.13598 -4.32672
23.6881 6.21298 -1.59272
23.6521 10.027 -1.17272
22.8411 10.869 -4.88672
20.2561 7.98198 -4.83672
18.5471 9.41898 -1.69272
18.5601 12.932 -3.30972
16.8671 11.849 -6.59172
14.2661 9.92398 -4.47672
13.4241 13.059 -2.35772
13.0641 15.051 -5.62972
10.5911 12.406 -6.99472
8.66914 12.672 -3.66272
8.68414 16.536 -3.82672
7.45714 16.62 -7.49672

4.58414 14.298 -6.37972
3.78414 16.84 -3.53472
4.86014 14.239 -0.890721
7.88014 16.146 0.585279
9.05514 19.761 1.15728
12.5131 18.322 1.89228
14.9871 19.458 -0.752721
18.4271 17.786 -0.279721
20.3121 19.592 -3.16872

21.3181 22.681 -1.08672
23.3661 20.492 1.35628
25.7131 19.175 -1.42272
26.5641 22.572 -2.98172

27.8291 23.531 0.548279
30.3141 20.558 0.971279

End chain 1
