-13.201 -6.296 -53.957
-10.703 -3.406 -53.291
-9.54 -3.087 -49.639
-11.02 0.322 -48.639
-8.614 1.85 -46.053
-10.787 3.126 -43.162

-9.634 6.195 -41.181
-10.061 4.9 -37.589
-10.286 6.838 -34.306
-12.195 7.103 -30.979
-14.163 9.439 -28.711
-12.619 10.223 -25.263
-14.157 12.207 -22.344

-11.943 15.248 -21.466
-14.301 16.978 -18.949
-17.827 16.65 -17.399
-19.139 18.761 -20.353

-16.752 17.96 -23.312
-15.482 14.956 -25.281
-12.62 14.751 -27.824
-12.437 12.939 -31.204
-8.982 11.264 -31.393
-8.672 10.357 -35.1

-6.282 10.744 -38.079
-6.98 13.557 -40.6
-9.895 13.022 -43.051

-11.208 15.853 -45.293
-14.92 14.856 -45.011
-14.611 14.37 -41.226
-13.015 17.857 -40.827
-15.875 19.254 -42.999
-18.403 17.482 -40.669
-16.559 18.759 -37.515
-16.844 22.341 -38.957

-20.697 21.797 -39.029
-20.861 21.033 -35.24
-22.116 23.933 -33.104
-20.016 23.255 -29.939
-16.791 22.621 -31.971

-13.393 23.436 -30.391
-10.011 22.816 -32.063
-6.805 22.812 -29.99

-3.883 23.919 -32.209
-1.328 22.314 -29.773
-2.753 18.736 -29.691
-4.334 19.137 -33.217

-7.578 17.622 -31.79
-11.313 18.386 -31.995
-13.683 18.544 -28.991
-17.466 19.001 -28.65
-20.131 19.402 -25.91

-21.257 16.038 -24.476
-24.923 16.743 -25.497
-23.731 16.722 -29.178
-22.178 13.179 -28.839
-25.228 11.354 -30.322
-25.57 14.044 -33.093
-21.852 13.682 -34.021
-21.815 9.829 -34.037
-25.045 9.774 -36.128
-23.507 12.176 -38.75
-20.093 10.348 -38.803

-21.793 6.948 -39.527
-22.962 8.546 -42.834
-19.328 9.196 -43.991
-17.677 6.563 -46.261
-14.251 5.2 -45.121

-14.46 6.789 -41.562
-14.765 4.819 -38.279
-15.142 6.964 -35.114
-15.663 4.659 -32.101

-18.218 6.249 -29.657
-17.862 6.903 -25.912
-18.35 3.469 -24.195

-21.794 2.549 -22.772
-20.235 2.829 -19.255
-19.534 6.58 -19.812
-22.964 7.196 -21.431
-24.623 5.531 -18.378
-22.42 7.523 -15.909

-23.028 10.919 -17.654
-26.668 10.153 -18.714
-27.851 13.482 -17.123

-25.214 15.594 -18.963
-26 13.8 -22.296
-29.631 15.147 -21.909

-27.9938 18.589 -21.8871
-27.3527 22.1924 -22.5713
-25.9758 25.2547 -20.8489
-24.2047 22.4569 -18.8134
-22.9554 20.2867 -21.5603
-21.7598 23.5166 -23.2172
-20.4004 25.5002 -20.3702
-17.9 22.6101 -20.507
-16.9067 23.4998 -24.0777
-16.2146 27.0715 -22.9236
-14.3144 25.8598 -19.9601
-12.3197 23.3307 -21.8025
-11.5246 25.6662 -24.7869
-11.5521 29.1724 -23.093
-9.27129 27.4719 -20.7
-6.74408 25.8934 -23.1068
-5.51481 29.3021 -24.1399
-4.68199 30.618 -20.5652
-3.0359 27.4909 -19.1598

0.427732 27.3803 -20.7199
1.6861 25.0482 -17.9957
-1.26733 22.71 -18.4985
-0.662086 22.5951 -22.2486
3.01142 21.772 -21.7283

6.67542 20.584 -22.0873
6.72642 20.586 -25.9533
8.96842 23.351 -27.3623

7.30742 25.456 -30.1853
9.18242 23.547 -32.9523
8.34942 20.166 -31.2823
4.61742 21.171 -31.2713
4.85142 22.082 -35.0013
6.47042 18.619 -35.6023
3.62542 16.839 -33.7043
1.05042 18.848 -35.7573
2.85842 17.929 -39.0523
2.98342 14.223 -38.0633
-0.782583 14.255 -37.2203
-1.61058 16.107 -40.5133

0.440417 13.409 -42.4203
-1.80058 10.812 -40.6183
0.901417 9.46398 -38.2183

3.06142 8.11698 -41.1223
6.45742 9.88198 -41.1853
10.2044 9.77598 -40.6693
11.1184 12.305 -37.9273

14.7194 12.959 -39.0763
15.2784 15.953 -36.7233
18.9094 16.369 -35.5713
20.3654 14.479 -32.5503
19.0524 15.72 -29.1643
16.1804 17.933 -30.5743
13.7074 15.745 -28.5403

12.5694 13.118 -31.1173
11.4014 10.845 -28.2143
9.05042 13.478 -26.6323
7.53742 14.27 -30.0943
7.13142 10.502 -30.8583
5.39342 9.80598 -27.4873
2.99842 12.76 -28.1503
2.16642 11.619 -31.7533
1.56742 8.04098 -30.4853
-0.541583 9.28398 -27.4873
-2.81358 11.295 -29.8703
-3.48658 7.82198 -31.4413
-3.97058 6.05698 -27.9673
-7.47258 4.90698 -29.1783

-5.63658 2.80798 -31.8863
-3.21258 0.895983 -29.5383
-1.56758 -1.64902 -28.7783

1.63942 0.315983 -29.4603
4.86242 -1.37302 -30.6793
8.17842 0.435983 -29.9513
11.2814 -0.975017 -31.7253
14.5844 0.406983 -30.3453

18.3634 -0.252017 -29.9623
18.9974 -3.05602 -27.3813
20.5574 -0.541017 -24.8553
17.7244 2.12398 -24.7493

14.6554 -0.104017 -23.9453
14.5184 1.01098 -20.2733
15.2594 4.66198 -21.3183
12.0484 4.45998 -23.4423
9.99942 2.86698 -20.5733
11.1454 5.68398 -18.2193
10.3044 8.23998 -20.9793
6.69142 6.87498 -21.1883
6.33142 6.90398 -17.3373
7.81742 10.464 -17.2253
5.59042 11.959 -19.9703

2.29242 9.95498 -19.7083
1.56242 9.71398 -15.8923
-1.97458 8.55498 -17.0003
-0.350583 5.06298 -17.5423
0.383417 2.47898 -14.8313

3.78142 0.659983 -15.0913
1.77542 -2.55602 -15.8683
0.633417 -0.903017 -19.1573

4.32242 -1.05202 -20.3723
5.90842 -4.36002 -21.4603
9.73242 -4.27702 -21.8673

10.7114 -7.35202 -23.9133
14.0974 -8.53902 -22.5763
14.2124 -12.073 -24.1353
13.0084 -14.035 -27.2133
10.6444 -16.056 -24.8783
8.62542 -13.044 -23.6313
5.06142 -12.153 -24.7893
5.33842 -9.20902 -27.2473
1.59742 -8.33802 -26.6753
1.49442 -8.40202 -22.8213
1.30542 -4.56802 -22.4123
-0.666583 -1.70202 -23.9533

2.82542 -0.376017 -24.9103
5.34842 -3.06902 -25.9833
9.07742 -2.13402 -26.1453
11.4044 -4.53802 -28.0613
14.8844 -4.53102 -29.6573

15.7554 -4.97602 -33.3713
17.6564 -8.24502 -32.5733
14.5804 -9.78202 -30.8353
12.1134 -9.00502 -33.7263

13.4874 -11.951 -35.8083
13.1264 -14.309 -32.7653
9.57042 -12.976 -32.1033
8.39942 -13.051 -35.8093
5.68242 -15.651 -34.9043
4.17042 -13.072 -32.4363
4.45842 -10.13 -34.9593
1.34242 -11.669 -36.6703
-0.774583 -9.68702 -34.1233
-1.68058 -6.37302 -35.8963
0.0464172 -3.47102 -34.1063
-1.82258 -0.451017 -35.5883

0.709417 2.08698 -34.1563
4.47742 1.46598 -34.5193
7.40642 3.61898 -33.3463

10.8964 2.65398 -34.5883
13.7514 4.52698 -32.8893
17.0724 4.89898 -34.7973

15.3474 3.41198 -37.9173
18.6484 3.55698 -39.9163
19.1614 0.0219833 -38.4043
16.6394 -1.10202 -41.1243

18.8554 0.327983 -44.0023
19.5524 -3.14502 -45.5593
16.5004 -5.21902 -46.6843
18.4194 -8.58402 -46.5863
19.0274 -8.35202 -42.7873

16.8624 -10.505 -40.4563
15.8454 -7.35802 -38.4353
14.5814 -5.64502 -41.6413
12.8274 -8.82902 -42.9543
10.9524 -9.14102 -39.5963
10.1004 -5.37302 -39.2803
8.94842 -4.58902 -42.8733
5.71342 -6.75902 -42.9513
4.45242 -5.02202 -39.7473
5.40942 -1.50802 -41.0123
3.52042 -2.06202 -44.3343

0.265417 -3.16302 -42.5243
0.341417 -0.880017 -39.4133
-1.95858 2.22198 -39.6523

0.587417 4.64798 -38.0523
4.39442 4.41698 -38.5773
6.64442 6.84098 -36.6583
10.2684 6.30698 -37.7713
12.9864 8.24298 -35.8603

16.6744 8.82898 -36.7673
19.4154 11.476 -36.3753
21.1234 10.065 -39.4853
18.4114 8.54198 -41.7803
21.1504 7.74298 -44.2933
24.5694 6.80798 -42.8253
26.5924 7.03698 -46.1043
24.4534 6.57898 -49.3123

20.9274 7.17598 -50.8323
20.2684 3.36798 -51.0493
20.0114 3.24598 -47.1713
16.7944 5.39398 -47.3273
14.7854 2.91798 -49.4763
13.5094 0.737983 -46.5623
12.4324 3.87198 -44.5913
10.6754 5.35798 -47.7063
8.65442 2.12598 -48.3243
7.86842 1.83798 -44.5623
6.30942 5.38098 -44.5443

4.80642 5.10998 -48.1203
4.42142 1.39398 -49.2053
3.24142 2.51298 -52.7283
6.47842 4.47398 -53.4563
9.07642 2.52798 -55.5403
7.51342 -1.02102 -55.1773
10.8374 -2.45302 -56.5193

14.3124 -1.25502 -55.3773
15.6944 -1.25802 -58.9803
13.5474 1.79698 -59.9783
14.8484 3.73298 -56.9073
18.4484 2.56498 -57.6163
18.3854 3.60198 -61.3323
17.1754 7.12998 -60.3783
19.0104 7.94398 -57.0903

21.9034 5.41298 -56.7123
23.5624 5.89598 -60.1903
22.9144 2.18698 -60.8063

25.4914 0.539983 -63.1373
25.2424 -2.80802 -64.9793

28.5224 -4.65102 -64.2223
29.5184 -8.13302 -65.6503
28.4684 -9.70002 -62.2633

25.1124 -7.80702 -61.8563
23.9484 -4.32402 -60.7623
26.0384 -1.89902 -58.6803

24.0274 0.571983 -56.4863
26.9584 2.18798 -54.5273
26.6274 5.51498 -56.4203
24.4084 8.60198 -56.0743
22.2804 10.662 -58.5133
19.5254 13.357 -58.5913

19.9854 14.074 -54.8163
18.1544 17.472 -54.9153
15.0544 15.696 -56.3723
15.3794 12.982 -53.6683
15.5604 15.75 -50.9753
12.3524 17.388 -52.3443
10.5194 13.993 -52.4533
11.6314 13.17 -48.8663
10.5724 16.568 -47.3793
7.17042 16.618 -49.1923
5.99342 13.009 -48.6573
8.22442 11.007 -46.1913

10.3574 13.065 -43.8073
10.2994 15.959 -41.3363
13.9024 17.201 -40.8033
15.2094 20.202 -38.8143
18.7844 21.037 -37.8403

20.3104 22.521 -34.6123
20.9214 25.725 -36.6343
17.1664 25.974 -37.5343
15.7264 25.604 -33.9743

18.5374 26.099 -31.3523
20.4984 29.334 -32.1833
21.9124 29.097 -28.5833
23.9174 25.829 -28.9993
27.7164 26.523 -29.0143
29.4694 25.789 -32.3383

31.1254 22.419 -33.0813
34.7414 23.267 -34.0593
36.2784 20.377 -36.0613
39.9574 19.879 -37.0083
42.3194 17.27 -38.4103
45.3604 16.575 -36.1693

48.1794 15.021 -38.2243
49.9594 12.82 -35.6333
53.6744 12.639 -36.4433

54.6584 9.40798 -38.3663
58.2734 9.87898 -37.0383

57.2354 7.68698 -34.0163
56.1944 4.89798 -36.5013
59.3324 2.71698 -36.4353

60.8384 1.44398 -39.7333
59.5264 -2.17402 -39.1923
55.9044 -0.976017 -38.6413
56.1814 1.35398 -41.7023
57.6104 -1.49102 -43.8543
54.6724 -3.70802 -42.6693
52.1264 -0.973017 -43.6673
53.9234 -0.575017 -47.0573
53.8364 -4.40102 -47.4883
50.0634 -4.71002 -46.7403
49.3754 -1.65802 -49.0083
51.3304 -3.33402 -51.8953
49.5564 -6.64702 -51.1043
46.0594 -5.09502 -51.6883
47.1504 -3.76402 -55.1593

48.6304 -7.09402 -56.4113
46.8004 -8.19202 -59.6163
46.9414 -11.972 -59.0813
45.0704 -12.133 -55.6963
41.4974 -13.361 -55.1893

38.7014 -10.974 -54.0353
39.0204 -12.636 -50.5723
42.8424 -12.177 -50.2833
42.2914 -8.47502 -51.2543
39.7024 -8.12202 -48.3793
42.0704 -9.94202 -45.9423
45.0194 -7.65002 -46.8993
42.6684 -4.61202 -46.4433
41.6534 -5.81402 -42.9193
45.3684 -6.39502 -42.1123
46.3384 -2.87402 -43.3843
43.5114 -1.33502 -41.2693
44.4664 -3.28402 -38.0713
48.1994 -2.36702 -38.6383
47.1494 1.32298 -38.9983
45.4984 1.13398 -35.5383
48.6584 -0.447017 -33.9693
50.9584 2.11398 -35.6973
48.9594 5.08798 -34.2513
48.9064 3.89198 -30.5533
52.1934 5.64498 -29.4163
51.2564 9.07798 -30.8883
47.5714 8.72298 -29.8483
48.9124 8.17498 -26.2773
51.3844 11.118 -26.6643
48.4574 13.369 -27.7473
46.1454 12.217 -24.8573
48.9504 12.985 -22.3463
49.6044 16.435 -23.9713
45.8554 17.232 -23.4953
45.9824 16.221 -19.7703
49.3074 18.086 -19.1803

47.6494 21.165 -20.8633
45.1694 21.15 -17.8893
42.0004 19.853 -19.6803
39.3064 18.9 -17.1523
37.0534 16.551 -19.2763

37.2724 14.956 -22.7573
36.1044 11.88 -24.7283
38.4744 9.51798 -26.6033
36.8884 7.45098 -29.4073

38.5094 4.29598 -30.8783
37.1274 0.994983 -32.3553
40.0054 -1.54902 -32.3003

40.1364 -3.23302 -28.8473
43.9994 -3.03102 -28.7893
43.7694 0.825983 -29.0313
41.1664 1.01098 -26.1873
43.3274 -1.42402 -24.1013
46.5924 0.557983 -24.6553
44.9154 3.93698 -23.8093
43.3624 2.50798 -20.5703
46.6984 0.874983 -19.5403
48.6404 4.17798 -19.9603
45.9544 6.19098 -18.0523
46.1724 3.59998 -15.1873
50.0344 3.82398 -15.3023

49.7464 7.67898 -15.0463
47.0784 7.24698 -12.2453
44.5004 9.20698 -14.3473
40.8964 8.51998 -13.2783

38.8934 7.52898 -16.3893
35.8084 5.56098 -17.5553
35.7304 2.84398 -20.2713
32.7284 1.74298 -22.4153

32.9944 -0.979017 -25.1133
31.1614 -4.07502 -26.5273
31.7394 -5.99202 -23.2183
30.3054 -3.24302 -20.9023
26.7924 -4.24802 -19.7133
23.6294 -2.15202 -20.3693
23.2564 -1.04402 -16.6813

27.0144 -0.402017 -16.0943
27.0054 1.82298 -19.2613
24.4444 4.15498 -17.5973
26.2934 4.09998 -14.2133
29.7294 4.88798 -15.8213
27.9884 7.65698 -17.8443
26.6544 9.14498 -14.5443
30.1314 8.76198 -12.8913
31.7794 10.778 -15.7593
28.9314 13.378 -15.7093
28.8574 13.942 -11.8983

32.4904 13.279 -10.7643
35.0744 16.061 -11.4503
37.8774 13.433 -11.0003
37.0664 11.429 -14.1783
39.0354 13.41 -16.7993

38.8934 10.886 -19.7123
36.1334 8.71498 -21.1913
37.5954 5.85298 -23.3213
34.7394 4.94298 -25.6943
34.1654 2.41498 -28.4823

32.8534 4.31098 -31.5833
30.4244 1.40098 -32.2923
29.3614 0.551983 -28.6953
28.8744 4.14598 -27.3283
27.1524 5.67498 -30.4613
23.6914 5.20098 -28.7733
21.6934 6.15698 -25.6223
24.4604 7.92298 -23.6273
24.9094 11.695 -22.9423
28.3624 13.238 -22.2333
27.5254 16.973 -21.7873
30.2354 17.305 -19.0343
33.0194 17.24 -21.7073
33.9034 20.045 -24.2043

36.3504 17.968 -26.3463
36.0414 14.804 -28.4883
39.2084 13.037 -29.7733
38.8314 10.404 -32.5173

41.9914 8.28098 -32.0733
40.7824 6.26098 -35.1043
38.7714 7.06398 -38.2523
35.5784 5.09898 -39.0483
34.4924 4.54498 -42.7153
30.8464 5.51698 -41.9703

30.3064 9.29398 -41.3223
26.8334 8.74598 -39.7593
28.5344 6.87898 -36.8393
31.1534 9.67498 -36.4243
28.3164 12.303 -36.2703
26.4364 10.063 -33.7353
29.6144 10.056 -31.5553
30.0884 13.907 -31.7873

26.3904 14.382 -30.7693
27.0644 12.535 -27.4853
28.6854 15.815 -26.2203
26.7534 18.337 -28.3653
23.3694 17.844 -26.5413
20.8294 20.018 -24.6583
22.7534 20.96 -21.4613
26.0614 21.732 -23.2833
27.2904 25.332 -22.5693
30.8124 25.263 -24.1823
31.9154 25.226 -27.8683

32.5374 21.545 -28.6913
36.0274 20.724 -30.0233
36.2894 17.673 -32.3583
39.8504 16.421 -33.0993
40.3544 13.737 -35.8113
43.7744 12.042 -35.3033
45.3074 11.026 -38.7063

48.6964 9.52598 -39.7283
50.3974 10.045 -43.1573
51.5034 6.67998 -44.6813
48.4804 4.70498 -43.2633
44.8084 3.70498 -43.8893

43.7964 7.28898 -42.8103
45.1154 8.63298 -46.1943
42.3354 6.62498 -48.0043
39.6364 6.70198 -45.2703
39.6004 10.516 -44.8503
38.7894 11.358 -48.5643
36.2044 8.47098 -48.5143
34.4954 9.90798 -45.3703
34.5084 13.421 -46.9873
32.8154 12.338 -50.2693
30.2144 10.413 -48.1543
29.3724 13.548 -46.0353
29.0124 15.54 -49.3073
26.5394 12.895 -50.6723
24.6174 13.161 -47.3403
24.6324 17.025 -47.5043
23.4054 17.109 -51.1743

20.5324 14.787 -50.0573
19.7324 17.329 -47.2123
20.8084 14.728 -44.5683
23.8284 16.635 -43.0923
25.0034 20.25 -42.5203
28.4614 18.811 -41.7853
30.9354 19.947 -44.4303
34.3754 18.275 -43.9573
36.2604 20.081 -46.8463

37.2664 23.17 -44.7643
39.3144 20.981 -42.3213
41.6614 19.664 -45.1003
42.5124 23.061 -46.6593

43.7774 24.02 -43.1293
46.2624 21.047 -42.7063

End chain 1
