-13.201 -6.296 -53.957
-10.703 -3.406 -53.291
-9.54 -3.087 -49.639
-11.02 0.322 -48.639
-8.614 1.85 -46.053
-10.787 3.126 -43.162

-9.634 6.195 -41.181
-10.061 4.9 -37.589
-10.286 6.838 -34.306
-12.195 7.103 -30.979
-14.163 9.439 -28.711
-12.619 10.223 -25.263
-14.157 12.207 -22.344

-11.943 15.248 -21.466
-14.301 16.978 -18.949
-17.827 16.65 -17.399
-19.139 18.761 -20.353

-16.752 17.96 -23.312
-15.482 14.956 -25.281
-12.62 14.751 -27.824
-12.437 12.939 -31.204
-8.982 11.264 -31.393
-8.672 10.357 -35.1

-6.282 10.744 -38.079
-6.98 13.557 -40.6
-9.895 13.022 -43.051

-11.208 15.853 -45.293
-14.92 14.856 -45.011
-14.611 14.37 -41.226
-13.015 17.857 -40.827
-15.875 19.254 -42.999
-18.403 17.482 -40.669
-16.559 18.759 -37.515
-16.844 22.341 -38.957

-20.697 21.797 -39.029
-20.861 21.033 -35.24
-22.116 23.933 -33.104
-20.016 23.255 -29.939
-16.791 22.621 -31.971

-13.393 23.436 -30.391
-10.011 22.816 -32.063
-6.805 22.812 -29.99

-3.883 23.919 -32.209
-1.328 22.314 -29.773
-2.753 18.736 -29.691
-4.334 19.137 -33.217

-7.578 17.622 -31.79
-11.313 18.386 -31.995
-13.683 18.544 -28.991
-17.466 19.001 -28.65
-20.131 19.402 -25.91

-21.257 16.038 -24.476
-24.923 16.743 -25.497
-23.731 16.722 -29.178
-22.178 13.179 -28.839
-25.228 11.354 -30.322
-25.57 14.044 -33.093
-21.852 13.682 -34.021
-21.815 9.829 -34.037
-25.045 9.774 -36.128
-23.507 12.176 -38.75
-20.093 10.348 -38.803

-21.793 6.948 -39.527
-22.962 8.546 -42.834
-19.328 9.196 -43.991
-17.677 6.563 -46.261
-14.251 5.2 -45.121

-14.46 6.789 -41.562
-14.765 4.819 -38.279
-15.142 6.964 -35.114
-15.663 4.659 -32.101

-18.218 6.249 -29.657
-17.862 6.903 -25.912
-18.35 3.469 -24.195

-21.794 2.549 -22.772
-20.235 2.829 -19.255
-19.534 6.58 -19.812
-22.964 7.196 -21.431
-24.623 5.531 -18.378
-22.42 7.523 -15.909

-23.9095 10.5033 -17.7697
-27.4647 11.8013 -17.5083
-28.3718 15.3668 -18.3929

-27.3912 17.8719 -15.7085
-25.2513 15.28 -13.9348
-23.4749 14.3885 -17.174

-22.8579 18.0435 -16.062
-22.3659 20.8975 -18.602
-21.3379 23.0445 -15.561
-18.2179 23.4475 -13.373
-19.8739 22.8715 -9.98704
-17.0389 21.8285 -7.64504
-17.5749 18.5965 -5.59904
-21.0629 18.6335 -3.95904
-20.6419 19.4495 -0.253043
-20.4219 16.2735 1.82896
-23.6579 16.2405 3.91496
-23.1199 16.1875 7.69096
-24.1489 12.7925 9.07796
-26.5709 12.4915 12.003
-24.2329 11.0925 14.71
-26.9209 11.2605 17.522
-27.0029 7.40053 17.658
-23.1639 7.39053 18.189
-21.6639 7.54753 21.704

-21.3639 11.3155 22.648
-17.8349 10.7505 24.106
-16.6399 9.71053 20.602
-18.5749 12.4265 18.665
-17.2459 15.2495 20.955

-13.5819 14.0615 20.596
-13.5309 14.0635 16.73
-11.2889 16.8285 15.321

-12.9499 18.9335 12.498
-11.0749 17.0245 9.73096
-11.9079 13.6435 11.401
-15.6399 14.6485 11.412
-15.4059 15.5595 7.68196
-13.7869 12.0965 7.08096
-16.6319 10.3165 8.97896
-19.2069 12.3255 6.92596
-17.3989 11.4065 3.63096
-17.2739 7.70053 4.61996
-21.0399 7.73253 5.46296
-21.8679 9.58453 2.16996

-19.8169 6.88653 0.262957
-22.0579 4.28953 2.06496
-19.3559 2.94153 4.46496

-17.1959 1.59453 1.56096
-13.7999 3.35953 1.49796
-10.0529 3.25353 2.01396
-9.13887 5.78253 4.75596

-5.53787 6.43653 3.60696
-4.97887 9.43053 5.95996
-1.34787 9.84653 7.11196
0.108125 7.95653 10.133
-1.20487 9.19753 13.519
-4.07687 11.4105 12.109
-6.54987 9.22253 14.143

-7.68787 6.59553 11.566
-8.85587 4.32253 14.469
-11.2069 6.95553 16.051
-12.7199 7.74753 12.589
-13.1259 3.97953 11.825
-14.8639 3.28353 15.196
-17.2589 6.23753 14.533
-18.0909 5.09653 10.93
-18.6899 1.51853 12.198
-20.7989 2.76153 15.196
-23.0709 4.77253 12.813
-23.7439 1.29953 11.242
-24.2279 -0.465475 14.716
-27.7299 -1.61547 13.505

-25.8939 -3.71447 10.797
-23.4699 -5.62647 13.145
-21.8249 -8.17147 13.905

-18.6179 -6.20647 13.223
-15.3949 -7.89547 12.004
-12.0789 -6.08647 12.732
-8.97587 -7.49747 10.958
-5.67287 -6.11547 12.338

-1.89387 -6.77447 12.721
-1.25987 -9.57847 15.302
0.300125 -7.06347 17.828
-2.53287 -4.39847 17.934

-5.60187 -6.62647 18.738
-5.73887 -5.51147 22.41
-4.99787 -1.86047 21.365
-8.20887 -2.06247 19.241
-10.2579 -3.65547 22.11
-9.11187 -0.838475 24.464
-9.95287 1.71753 21.704
-13.5659 0.352525 21.495
-13.9259 0.381525 25.346
-12.4399 3.94153 25.458
-14.6669 5.43653 22.713

-17.9649 3.43253 22.975
-18.6949 3.19153 26.791
-22.2319 2.03253 25.683
-20.6079 -1.45947 25.141
-19.8739 -4.04347 27.852

-16.4759 -5.86247 27.592
-18.4819 -9.07847 26.815
-19.6239 -7.42547 23.526

-15.9349 -7.57447 22.311
-14.3489 -10.8825 21.223
-10.5249 -10.7995 20.816

-9.54587 -13.8745 18.77
-6.15987 -15.0615 20.107
-6.04487 -18.5955 18.548
-7.24887 -20.5575 15.47
-9.61287 -22.5785 17.805
-11.6319 -19.5665 19.052
-15.1959 -18.6755 17.894
-14.9189 -15.7315 15.436
-18.6599 -14.8605 16.008
-18.7629 -14.9245 19.862
-18.9519 -11.0905 20.271
-20.9239 -8.22447 18.73

-17.4319 -6.89847 17.773
-14.9089 -9.59147 16.7
-11.1799 -8.65647 16.538
-8.85287 -11.0605 14.622
-5.37287 -11.0535 13.026

-4.50187 -11.4985 9.31196
-2.60087 -14.7675 10.11
-5.67687 -16.3045 11.848
-8.14387 -15.5275 8.95696

-6.76987 -18.4735 6.87496
-7.13087 -20.8315 9.91796
-10.6869 -19.4985 10.58
-11.8579 -19.5735 6.87396
-14.5749 -22.1735 7.77896
-16.0869 -19.5945 10.247
-15.7989 -16.6525 7.72396
-18.9149 -18.1915 6.01296
-21.0319 -16.2095 8.55996
-21.9379 -12.8955 6.78696
-20.2109 -9.99347 8.57696
-22.0799 -6.97347 7.09496

-19.5479 -4.43547 8.52696
-15.7799 -5.05647 8.16396
-12.8509 -2.90347 9.33696

-9.36087 -3.86847 8.09496
-6.50587 -1.99547 9.79396
-3.18487 -1.62347 7.88596

-4.90987 -3.11047 4.76596
-1.60887 -2.96547 2.76696
-1.09587 -6.50047 4.27896
-3.61787 -7.62447 1.55896

-1.40187 -6.19447 -1.31904
-0.704875 -9.66747 -2.87604
-3.75687 -11.7415 -4.00104
-1.83787 -15.1065 -3.90304
-1.22987 -14.8745 -0.104043

-3.39487 -17.0275 2.22696
-4.41187 -13.8805 4.24796
-5.67587 -12.1675 1.04196
-7.42987 -15.3515 -0.271043
-9.30487 -15.6635 3.08696
-10.1569 -11.8955 3.40296
-11.3089 -11.1115 -0.190043
-14.5439 -13.2815 -0.268043
-15.8049 -11.5445 2.93596
-14.8479 -8.03047 1.67096
-16.7369 -8.58447 -1.65104

-19.9919 -9.68547 0.158957
-19.9159 -7.40247 3.26996
-22.2159 -4.30047 3.03096

-19.6699 -1.87447 4.63096
-15.8629 -2.10547 4.10596
-13.6129 0.318525 6.02496
-9.98887 -0.215475 4.91196
-7.27087 1.72053 6.82296

-3.58287 2.30653 5.91596
-0.841875 4.95353 6.30796
0.866125 3.54253 3.19796
-1.84587 2.01953 0.902957
0.893125 1.22053 -1.61004
4.31213 0.285525 -0.142043
6.33513 0.514525 -3.42104
4.19613 0.0565251 -6.62904

0.670125 0.653525 -8.14904
0.0111253 -3.15447 -8.36604
-0.245875 -3.27647 -4.48804
-3.46287 -1.12847 -4.64404
-5.47187 -3.60447 -6.79304
-6.74787 -5.78447 -3.87904
-7.82487 -2.65047 -1.90804
-9.58187 -1.16447 -5.02304
-11.6029 -4.39647 -5.64104
-12.3889 -4.68447 -1.87904
-13.9479 -1.14147 -1.86104

-15.4509 -1.41247 -5.43704
-15.8359 -5.12847 -6.52204
-17.0159 -4.00947 -10.045
-13.7789 -2.04847 -10.773
-11.1809 -3.99447 -12.857
-12.7439 -7.54347 -12.494
-9.41987 -8.97547 -13.836

-5.94487 -7.77747 -12.694
-4.56287 -7.78047 -16.297
-6.70987 -4.72547 -17.295
-5.40887 -2.78947 -14.224
-1.80887 -3.95747 -14.933
-1.87187 -2.92047 -18.649
-3.08187 0.607525 -17.695
-1.24687 1.42153 -14.407

1.64613 -1.10947 -14.029
3.30513 -0.626475 -17.507
2.65713 -4.33547 -18.123

5.23413 -5.98247 -20.454
4.98513 -9.33047 -22.296

8.26513 -11.1735 -21.539
9.26113 -14.6555 -22.967
8.21113 -16.2225 -19.58

4.85513 -14.3295 -19.173
3.69113 -10.8465 -18.079
5.78113 -8.42147 -15.997

3.77013 -5.95047 -13.803
6.70113 -4.33447 -11.844
6.37013 -1.00747 -13.737
4.15113 2.07953 -13.391
2.02313 4.13953 -15.83
-0.731875 6.83453 -15.908

-0.271875 7.55153 -12.133
-2.10287 10.9495 -12.232
-5.20287 9.17353 -13.689
-4.87787 6.45953 -10.985
-4.69687 9.22753 -8.29204
-7.90487 10.8655 -9.66104
-9.73787 7.47053 -9.77004
-8.62587 6.64753 -6.18304
-9.68487 10.0455 -4.69604
-13.0869 10.0955 -6.50904
-14.2639 6.48653 -5.97404
-12.0329 4.48453 -3.50804

-9.89987 6.54253 -1.12404
-9.95787 9.43653 1.34696
-6.35487 10.6785 1.87996
-5.04787 13.6795 3.86896
-1.47287 14.5145 4.84296

0.0531253 15.9985 8.07096
0.664125 19.2025 6.04896
-3.09087 19.4515 5.14896
-4.53087 19.0815 8.70896

-1.71987 19.5765 11.331
0.241125 22.8115 10.5
1.65513 22.5745 14.1
3.66013 19.3065 13.684
7.45913 20.0005 13.669
9.21213 19.2665 10.345

10.8681 15.8965 9.60196
14.4841 16.7445 8.62396
16.0211 13.8545 6.62196
19.7001 13.3565 5.67496
22.0621 10.7475 4.27296
25.1031 10.0525 6.51396

27.9221 8.49853 4.45896
29.7021 6.29753 7.04996
33.4171 6.11653 6.23996

34.4011 2.88553 4.31696
38.0161 3.35653 5.64496

36.9781 1.16453 8.66696
35.9371 -1.62447 6.18196
39.0751 -3.80547 6.24796

40.5811 -5.07847 2.94996
39.2691 -8.69647 3.49096
35.6471 -7.49847 4.04196
35.9241 -5.16847 0.980957
37.3531 -8.01347 -1.17104
34.4151 -10.2305 0.0139574
31.8691 -7.49547 -0.984043
33.6661 -7.09747 -4.37404
33.5791 -10.9235 -4.80504
29.8061 -11.2325 -4.05704
29.1181 -8.18047 -6.32504
31.0731 -9.85647 -9.21204
29.2991 -13.1695 -8.42104
25.8021 -11.6175 -9.00504
26.8931 -10.2865 -12.476

28.3731 -13.6165 -13.728
26.5431 -14.7145 -16.933
26.6841 -18.4945 -16.398
24.8131 -18.6555 -13.013
21.2401 -19.8835 -12.506

18.4441 -17.4965 -11.352
18.7631 -19.1585 -7.88904
22.5851 -18.6995 -7.60004
22.0341 -14.9975 -8.57104
19.4451 -14.6445 -5.69604
21.8131 -16.4645 -3.25904
24.7621 -14.1725 -4.21604
22.4111 -11.1345 -3.76004
21.3961 -12.3365 -0.236043
25.1111 -12.9175 0.570957
26.0811 -9.39647 -0.701043
23.2541 -7.85747 1.41396
24.2091 -9.80647 4.61196
27.9421 -8.88947 4.04496
26.8921 -5.19947 3.68496
25.2411 -5.38847 7.14496
28.4011 -6.96947 8.71396
30.7011 -4.40847 6.98596
28.7021 -1.43447 8.43196
28.6491 -2.63047 12.13
31.9361 -0.877475 13.267
30.9991 2.55553 11.795
27.3141 2.20053 12.835
28.6551 1.65253 16.406
31.1271 4.59553 16.019
28.2001 6.84653 14.936
25.8881 5.69453 17.826
28.6931 6.46253 20.337
29.3471 9.91253 18.712
25.5981 10.7095 19.188
25.7251 9.69853 22.913
29.0501 11.5635 23.503

27.3921 14.6425 21.82
24.9121 14.6275 24.794
21.7431 13.3305 23.003
19.0491 12.3775 25.531
16.7961 10.0285 23.407

17.0151 8.43353 19.926
15.8471 5.35753 17.955
18.2171 2.99553 16.08
16.6311 0.928525 13.276

18.2521 -2.22647 11.805
16.8701 -5.52747 10.328
19.7481 -8.07147 10.383

19.8791 -9.75547 13.836
23.7421 -9.55347 13.894
23.5121 -5.69647 13.652
20.9091 -5.51147 16.496
23.0701 -7.94647 18.582
26.3351 -5.96447 18.028
24.6581 -2.58547 18.874
23.1051 -4.01447 22.113
26.4411 -5.64747 23.143
28.3831 -2.34447 22.723
25.6971 -0.331475 24.631
25.9151 -2.92247 27.496
29.7771 -2.69847 27.381

29.4891 1.15653 27.637
26.8211 0.724525 30.438
24.2431 2.68453 28.336
20.6391 1.99753 29.405

18.6361 1.00653 26.294
15.5511 -0.961475 25.128
15.4731 -3.67847 22.412
12.4711 -4.77947 20.268

12.7371 -7.50147 17.57
10.9041 -10.5975 16.156
11.4821 -12.5145 19.465
10.0481 -9.76547 21.781
6.53513 -10.7705 22.97
3.37213 -8.67447 22.314
2.99913 -7.56647 26.002

6.75713 -6.92447 26.589
6.74813 -4.69947 23.422
4.18713 -2.36747 25.086
6.03613 -2.42247 28.47
9.47213 -1.63447 26.862
7.73113 1.13453 24.839
6.39713 2.62253 28.139
9.87413 2.23953 29.792
11.5221 4.25553 26.924
8.67413 6.85553 26.974
8.60013 7.41953 30.785

12.2331 6.75653 31.919
14.8171 9.53853 31.233
17.6201 6.91053 31.683
16.8091 4.90653 28.505
18.7781 6.88753 25.884

18.6361 4.36353 22.971
15.8761 2.19253 21.492
17.3381 -0.669475 19.362
14.4821 -1.57947 16.989
13.9081 -4.10747 14.201

12.5961 -2.21147 11.1
10.1671 -5.12147 10.391
9.10413 -5.97047 13.988
8.61713 -2.37647 15.355
6.89513 -0.847475 12.222
3.43413 -1.32147 13.91
1.43613 -0.365475 17.061
4.20313 1.40053 19.056
4.65213 5.17253 19.741
8.10513 6.71553 20.45
7.26813 10.4505 20.896
9.97813 10.7825 23.649
12.7621 10.7175 20.976
13.6461 13.5225 18.479

16.0931 11.4455 16.337
15.7841 8.28153 14.195
18.9511 6.51453 12.91
18.5741 3.88153 10.166

21.7341 1.75853 10.61
20.5251 -0.261475 7.57896
18.5141 0.541525 4.43096
15.3211 -1.42347 3.63496
14.2351 -1.97747 -0.0320426
10.5891 -1.00547 0.712957

10.0491 2.77153 1.36096
6.57613 2.22353 2.92396
8.27713 0.356525 5.84396
10.8961 3.15253 6.25896
8.05913 5.78053 6.41296
6.17913 3.54053 8.94796
9.35713 3.53353 11.128
9.83113 7.38453 10.896

6.13313 7.85953 11.914
6.80713 6.01253 15.198
8.42813 9.29253 16.463
6.49613 11.8145 14.318
3.11213 11.3215 16.142
0.572125 13.4955 18.025
2.49613 14.4375 21.222
5.80413 15.2095 19.4
7.03313 18.8095 20.114
10.5551 18.7405 18.501
11.6581 18.7035 14.815

12.2801 15.0225 13.992
15.7701 14.2015 12.66
16.0321 11.1505 10.325
19.5931 9.89853 9.58396
20.0971 7.21453 6.87196
23.5171 5.51953 7.37996
25.0501 4.50353 3.97696

28.4391 3.00353 2.95496
30.1401 3.52253 -0.474043
31.2461 0.157525 -1.99804
28.2231 -1.81747 -0.580043
24.5511 -2.81747 -1.20604

23.5391 0.766525 -0.127043
24.8581 2.11053 -3.51104
22.0781 0.102525 -5.32104
19.3791 0.179525 -2.58704
19.3431 3.99353 -2.16704
18.5321 4.83553 -5.88104
15.9471 1.94853 -5.83104
14.2381 3.38553 -2.68704
14.2511 6.89853 -4.30404
12.5581 5.81553 -7.58604
9.95713 3.89053 -5.47104
9.11513 7.02553 -3.35204
8.75513 9.01753 -6.62404
6.28213 6.37253 -7.98904
4.36013 6.63853 -4.65704
4.37513 10.5025 -4.82104
3.14813 10.5865 -8.49104

0.275125 8.26453 -7.37404
-0.524875 10.8065 -4.52904
0.551125 8.20553 -1.88504
3.57113 10.1125 -0.409043
4.74613 13.7275 0.162957
8.20413 12.2885 0.897957
10.6781 13.4245 -1.74704
14.1181 11.7525 -1.27404
16.0031 13.5585 -4.16304

17.0091 16.6475 -2.08104
19.0571 14.4585 0.361957
21.4041 13.1415 -2.41704
22.2551 16.5385 -3.97604

23.5201 17.4975 -0.446043
26.0051 14.5245 -0.0230426

End chain 1
