-13.201 -6.296 -53.957
-10.703 -3.406 -53.291
-9.54 -3.087 -49.639
-11.02 0.322 -48.639
-8.614 1.85 -46.053
-10.787 3.126 -43.162

-9.634 6.195 -41.181
-10.061 4.9 -37.589
-10.286 6.838 -34.306
-12.195 7.103 -30.979
-14.163 9.439 -28.711
-12.619 10.223 -25.263
-14.157 12.207 -22.344

-11.943 15.248 -21.466
-14.301 16.978 -18.949
-17.827 16.65 -17.399
-19.139 18.761 -20.353

-16.752 17.96 -23.312
-15.482 14.956 -25.281
-12.62 14.751 -27.824
-12.437 12.939 -31.204
-8.982 11.264 -31.393
-8.672 10.357 -35.1

-6.282 10.744 -38.079
-6.98 13.557 -40.6
-9.895 13.022 -43.051

-11.208 15.853 -45.293
-14.92 14.856 -45.011
-14.611 14.37 -41.226
-13.015 17.857 -40.827
-15.875 19.254 -42.999
-18.403 17.482 -40.669
-16.559 18.759 -37.515
-16.844 22.341 -38.957

-20.697 21.797 -39.029
-20.861 21.033 -35.24
-22.116 23.933 -33.104
-20.016 23.255 -29.939
-16.791 22.621 -31.971

-13.393 23.436 -30.391
-10.011 22.816 -32.063
-6.805 22.812 -29.99

-3.883 23.919 -32.209
-1.328 22.314 -29.773
-2.753 18.736 -29.691
-4.334 19.137 -33.217

-7.578 17.622 -31.79
-11.313 18.386 -31.995
-13.683 18.544 -28.991
-17.466 19.001 -28.65
-20.131 19.402 -25.91

-21.257 16.038 -24.476
-24.923 16.743 -25.497
-23.731 16.722 -29.178
-22.178 13.179 -28.839
-25.228 11.354 -30.322
-25.57 14.044 -33.093
-21.852 13.682 -34.021
-21.815 9.829 -34.037
-25.045 9.774 -36.128
-23.507 12.176 -38.75
-20.093 10.348 -38.803

-21.793 6.948 -39.527
-22.962 8.546 -42.834
-19.328 9.196 -43.991
-17.677 6.563 -46.261
-14.251 5.2 -45.121

-14.46 6.789 -41.562
-14.765 4.819 -38.279
-15.142 6.964 -35.114
-15.663 4.659 -32.101

-18.218 6.249 -29.657
-17.862 6.903 -25.912
-18.35 3.469 -24.195

-21.794 2.549 -22.772
-20.235 2.829 -19.255
-19.534 6.58 -19.812
-22.964 7.196 -21.431
-24.623 5.531 -18.378
-22.42 7.523 -15.909

-23.9095 10.5033 -17.7697
-27.4647 11.8013 -17.5083
-28.3718 15.3668 -18.3929

-27.3912 17.8719 -15.7085
-25.2513 15.28 -13.9348
-23.4749 14.3885 -17.174

-22.8579 18.0435 -16.062
-22.3659 20.8975 -18.602
-21.3379 23.0445 -15.561
-18.2179 23.4475 -13.373
-19.8739 22.8715 -9.98704
-17.0389 21.8285 -7.64504
-17.5749 18.5965 -5.59904
-21.0629 18.6335 -3.95904
-20.6419 19.4495 -0.253043
-20.4219 16.2735 1.82896
-23.6579 16.2405 3.91496
-23.1199 16.1875 7.69096
-24.1489 12.7925 9.07796
-26.5709 12.4915 12.003
-24.2329 11.0925 14.71
-26.9209 11.2605 17.522
-27.0029 7.40053 17.658
-23.1639 7.39053 18.189
-21.6639 7.54753 21.704

-21.3639 11.3155 22.648
-17.8349 10.7505 24.106
-16.6399 9.71053 20.602
-18.5749 12.4265 18.665
-17.2459 15.2495 20.955

-13.5819 14.0615 20.596
-13.5309 14.0635 16.73
-11.2889 16.8285 15.321

-12.9499 18.9335 12.498
-11.0749 17.0245 9.73096
-11.9079 13.6435 11.401
-15.6399 14.6485 11.412
-15.4059 15.5595 7.68196
-13.7869 12.0965 7.08096
-16.6319 10.3165 8.97896
-19.2069 12.3255 6.92596
-17.3989 11.4065 3.63096
-17.2739 7.70053 4.61996
-21.0399 7.73253 5.46296
-21.8679 9.58453 2.16996

-19.6781 7.31677 0.208673
-17.407 4.80886 -1.6969
-14.4002 3.76074 -3.78286

-12.5844 3.36438 -0.516028
-12.5063 -0.233548 0.359733
-10.5329 -3.49072 0.662962
-6.75113 -2.67665 0.716406

-3.15013 -2.02265 -0.432594
-2.59113 0.971349 1.92041
1.03987 1.38735 3.07241
2.49587 -0.502651 6.09341
1.18287 0.738349 9.47941
-1.68913 2.95135 8.06941
-4.16213 0.763349 10.1034

-5.30013 -1.86365 7.52641
-6.46813 -4.13665 10.4294
-8.81913 -1.50365 12.0114
-10.3321 -0.711651 8.54941
-10.7381 -4.47965 7.78541
-12.4761 -5.17565 11.1564
-14.8711 -2.22165 10.4934
-15.7031 -3.36265 6.89041
-16.3021 -6.94065 8.15841
-18.4111 -5.69765 11.1564
-20.6831 -3.68665 8.77341
-21.3561 -7.15965 7.20241
-21.8401 -8.92465 10.6764
-25.3421 -10.0747 9.46541

-23.5061 -12.1737 6.75741
-21.0821 -14.0857 9.10541
-19.4371 -16.6307 9.86541

-16.2301 -14.6657 9.18341
-13.0071 -16.3547 7.96441
-9.69113 -14.5457 8.69241
-6.58813 -15.9567 6.91841
-3.28513 -14.5747 8.29841

0.49387 -15.2337 8.68141
1.12787 -18.0377 11.2624
2.68787 -15.5227 13.7884
-0.14513 -12.8577 13.8944

-3.21413 -15.0857 14.6984
-3.35113 -13.9707 18.3704
-2.61013 -10.3197 17.3254
-5.82113 -10.5217 15.2014
-7.87013 -12.1147 18.0704
-6.72413 -9.29765 20.4244
-7.56513 -6.74165 17.6644
-11.1781 -8.10665 17.4554
-11.5381 -8.07765 21.3064
-10.0521 -4.51765 21.4184
-12.2791 -3.02265 18.6734

-15.5771 -5.02665 18.9354
-16.3071 -5.26765 22.7514
-19.8441 -6.42665 21.6434
-18.2201 -9.91865 21.1014
-17.4861 -12.5027 23.8124

-14.0881 -14.3217 23.5524
-16.0941 -17.5377 22.7754
-17.2361 -15.8847 19.4864

-13.5471 -16.0337 18.2714
-11.9611 -19.3417 17.1834
-8.13713 -19.2587 16.7764

-7.15813 -22.3337 14.7304
-3.77213 -23.5207 16.0674
-3.65713 -27.0547 14.5084
-4.86113 -29.0167 11.4304
-7.22513 -31.0377 13.7654
-9.24413 -28.0257 15.0124
-12.8081 -27.1347 13.8544
-12.5311 -24.1907 11.3964
-16.2721 -23.3197 11.9684
-16.3751 -23.3837 15.8224
-16.5641 -19.5497 16.2314
-18.5361 -16.6837 14.6904

-15.0441 -15.3577 13.7334
-12.5211 -18.0507 12.6604
-8.79213 -17.1157 12.4984
-6.46513 -19.5197 10.5824
-2.98513 -19.5127 8.98641

-2.11413 -19.9577 5.27241
-0.21313 -23.2267 6.07041
-3.28913 -24.7637 7.80841
-5.75613 -23.9867 4.91741

-4.38213 -26.9327 2.83541
-4.74313 -29.2907 5.87841
-8.29913 -27.9577 6.54041
-9.47013 -28.0327 2.83441
-12.1871 -30.6327 3.73941
-13.6991 -28.0537 6.20741
-13.4111 -25.1117 3.68441
-16.5271 -26.6507 1.97341
-18.6441 -24.6687 4.52041
-19.5501 -21.3547 2.74741
-17.8231 -18.4527 4.53741
-19.6921 -15.4327 3.05541

-17.1601 -12.8947 4.48741
-13.3921 -13.5157 4.12441
-10.4631 -11.3627 5.29741

-6.97313 -12.3277 4.05541
-4.11813 -10.4547 5.75441
-0.79713 -10.0827 3.84641

-2.52213 -11.5697 0.726406
0.77887 -11.4247 -1.27259
1.29187 -14.9597 0.239406
-1.23013 -16.0837 -2.48059

0.98587 -14.6537 -5.35859
1.68287 -18.1267 -6.91559
-1.36913 -20.2007 -8.04059
0.54987 -23.5657 -7.94259
1.15787 -23.3337 -4.14359

-1.00713 -25.4867 -1.81259
-2.02413 -22.3397 0.208406
-3.28813 -20.6267 -2.99759
-5.04213 -23.8107 -4.31059
-6.91713 -24.1227 -0.952594
-7.76913 -20.3547 -0.636594
-8.92113 -19.5707 -4.22959
-12.1561 -21.7407 -4.30759
-13.4171 -20.0037 -1.10359
-12.4601 -16.4897 -2.36859
-14.3491 -17.0437 -5.69059

-17.6041 -18.1447 -3.88059
-17.5281 -15.8617 -0.769594
-19.8281 -12.7597 -1.00859

-17.2821 -10.3337 0.591406
-13.4751 -10.5647 0.0664058
-11.2251 -8.14065 1.98541
-7.60113 -8.67465 0.872406
-4.88313 -6.73865 2.78341

-1.19513 -6.15265 1.87641
1.54587 -3.50565 2.26841
3.25387 -4.91665 -0.841594
0.54187 -6.43965 -3.13659
3.28087 -7.23865 -5.64959
6.69987 -8.17365 -4.18159
8.72287 -7.94465 -7.46059
6.58387 -8.40265 -10.6686

3.05787 -7.80565 -12.1886
2.39887 -11.6137 -12.4056
2.14187 -11.7357 -8.52759
-1.07513 -9.58765 -8.68359
-3.08413 -12.0637 -10.8326
-4.36013 -14.2437 -7.91859
-5.43713 -11.1097 -5.94759
-7.19413 -9.62365 -9.06259
-9.21513 -12.8557 -9.68059
-10.0011 -13.1437 -5.91859
-11.5601 -9.60065 -5.90059

-13.0631 -9.87165 -9.47659
-13.4481 -13.5877 -10.5616
-14.6281 -12.4687 -14.0846
-11.3911 -10.5077 -14.8126
-8.79313 -12.4537 -16.8966
-10.3561 -16.0027 -16.5336
-7.03213 -17.4347 -17.8756

-3.55713 -16.2367 -16.7336
-2.17513 -16.2397 -20.3366
-4.32213 -13.1847 -21.3346
-3.02113 -11.2487 -18.2636
0.57887 -12.4167 -18.9726
0.51587 -11.3797 -22.6886
-0.69413 -7.85165 -21.7346
1.14087 -7.03765 -18.4466

4.03387 -9.56865 -18.0686
5.69287 -9.08565 -21.5466
5.04487 -12.7947 -22.1626

7.62187 -14.4417 -24.4936
7.37287 -17.7897 -26.3356

10.6529 -19.6327 -25.5786
11.6489 -23.1147 -27.0066
10.5989 -24.6817 -23.6196

7.24287 -22.7887 -23.2126
6.07887 -19.3057 -22.1186
8.16887 -16.8807 -20.0366

6.15787 -14.4097 -17.8426
9.08887 -12.7937 -15.8836
8.75787 -9.46665 -17.7766
6.53887 -6.37965 -17.4306
4.41087 -4.31965 -19.8696
1.65587 -1.62465 -19.9476

2.11587 -0.907651 -16.1726
0.28487 2.49035 -16.2716
-2.81513 0.714349 -17.7286
-2.49013 -1.99965 -15.0246
-2.30913 0.768349 -12.3316
-5.51713 2.40635 -13.7006
-7.35013 -0.988651 -13.8096
-6.23813 -1.81165 -10.2226
-7.29713 1.58635 -8.73559
-10.6991 1.63635 -10.5486
-11.8761 -1.97265 -10.0136
-9.64513 -3.97465 -7.54759

-7.51213 -1.91665 -5.16359
-7.57013 0.977349 -2.69259
-3.96713 2.21935 -2.15959
-2.66013 5.22035 -0.170594
0.91487 6.05535 0.803406

2.44087 7.53935 4.03141
3.05187 10.7433 2.00941
-0.70313 10.9923 1.10941
-2.14313 10.6223 4.66941

0.66787 11.1173 7.29141
2.62887 14.3523 6.46041
4.04287 14.1153 10.0604
6.04787 10.8473 9.64441
9.84687 11.5413 9.62941
11.5999 10.8073 6.30541

13.2559 7.43735 5.56241
16.8719 8.28535 4.58441
18.4089 5.39535 2.58241
22.0879 4.89735 1.63541
24.4499 2.28835 0.233406
27.4909 1.59335 2.47441

30.3099 0.0393487 0.419406
32.0899 -2.16165 3.01041
35.8049 -2.34265 2.20041

36.7889 -5.57365 0.277406
40.4039 -5.10265 1.60541

39.3659 -7.29465 4.62741
38.3249 -10.0837 2.14241
41.4629 -12.2647 2.20841

42.9689 -13.5377 -1.08959
41.6569 -17.1557 -0.548594
38.0349 -15.9577 0.00240585
38.3119 -13.6277 -3.05859
39.7409 -16.4727 -5.21059
36.8029 -18.6897 -4.02559
34.2569 -15.9547 -5.02359
36.0539 -15.5567 -8.41359
35.9669 -19.3827 -8.84459
32.1939 -19.6917 -8.09659
31.5059 -16.6397 -10.3646
33.4609 -18.3157 -13.2516
31.6869 -21.6287 -12.4606
28.1899 -20.0767 -13.0446
29.2809 -18.7457 -16.5156

30.7609 -22.0757 -17.7676
28.9309 -23.1737 -20.9726
29.0719 -26.9537 -20.4376
27.2009 -27.1147 -17.0526
23.6279 -28.3427 -16.5456

20.8319 -25.9557 -15.3916
21.1509 -27.6177 -11.9286
24.9729 -27.1587 -11.6396
24.4219 -23.4567 -12.6106
21.8329 -23.1037 -9.73559
24.2009 -24.9237 -7.29859
27.1499 -22.6317 -8.25559
24.7989 -19.5937 -7.79959
23.7839 -20.7957 -4.27559
27.4989 -21.3767 -3.46859
28.4689 -17.8557 -4.74059
25.6419 -16.3167 -2.62559
26.5969 -18.2657 0.572406
30.3299 -17.3487 0.00540585
29.2799 -13.6587 -0.354594
27.6289 -13.8477 3.10541
30.7889 -15.4287 4.67441
33.0889 -12.8677 2.94641
31.0899 -9.89365 4.39241
31.0369 -11.0897 8.09041
34.3239 -9.33665 9.22741
33.3869 -5.90365 7.75541
29.7019 -6.25865 8.79541
31.0429 -6.80665 12.3664
33.5149 -3.86365 11.9794
30.5879 -1.61265 10.8964
28.2759 -2.76465 13.7864
31.0809 -1.99665 16.2974
31.7349 1.45335 14.6724
27.9859 2.25035 15.1484
28.1129 1.23935 18.8734
31.4379 3.10435 19.4634

29.7799 6.18335 17.7804
27.2999 6.16835 20.7544
24.1309 4.87135 18.9634
21.4369 3.91835 21.4914
19.1839 1.56935 19.3674

19.4029 -0.0256513 15.8864
18.2349 -3.10165 13.9154
20.6049 -5.46365 12.0404
19.0189 -7.53065 9.23641

20.6399 -10.6857 7.76541
19.2579 -13.9867 6.28841
22.1359 -16.5307 6.34341

22.2669 -18.2147 9.79641
26.1299 -18.0127 9.85441
25.8999 -14.1557 9.61241
23.2969 -13.9707 12.4564
25.4579 -16.4057 14.5424
28.7229 -14.4237 13.9884
27.0459 -11.0447 14.8344
25.4929 -12.4737 18.0734
28.8289 -14.1067 19.1034
30.7709 -10.8037 18.6834
28.0849 -8.79065 20.5914
28.3029 -11.3817 23.4564
32.1649 -11.1577 23.3414

31.8769 -7.30265 23.5974
29.2089 -7.73465 26.3984
26.6309 -5.77465 24.2964
23.0269 -6.46165 25.3654

21.0239 -7.45265 22.2544
17.9389 -9.42065 21.0884
17.8609 -12.1377 18.3724
14.8589 -13.2387 16.2284

15.1249 -15.9607 13.5304
13.2919 -19.0567 12.1164
13.8699 -20.9737 15.4254
12.4359 -18.2247 17.7414
8.92287 -19.2297 18.9304
5.75987 -17.1337 18.2744
5.38687 -16.0257 21.9624

9.14487 -15.3837 22.5494
9.13587 -13.1587 19.3824
6.57487 -10.8267 21.0464
8.42387 -10.8817 24.4304
11.8599 -10.0937 22.8224
10.1189 -7.32465 20.7994
8.78487 -5.83665 24.0994
12.2619 -6.21965 25.7524
13.9099 -4.20365 22.8844
11.0619 -1.60365 22.9344
10.9879 -1.03965 26.7454

14.6209 -1.70265 27.8794
17.2049 1.07935 27.1934
20.0079 -1.54865 27.6434
19.1969 -3.55265 24.4654
21.1659 -1.57165 21.8444

21.0239 -4.09565 18.9314
18.2639 -6.26665 17.4524
19.7259 -9.12865 15.3224
16.8699 -10.0387 12.9494
16.2959 -12.5667 10.1614

14.9839 -10.6707 7.06041
12.5549 -13.5807 6.35141
11.4919 -14.4297 9.94841
11.0049 -10.8357 11.3154
9.28287 -9.30665 8.18241
5.82187 -9.78065 9.87041
3.82387 -8.82465 13.0214
6.59087 -7.05865 15.0164
7.03987 -3.28665 15.7014
10.4929 -1.74365 16.4104
9.65587 1.99135 16.8564
12.3659 2.32335 19.6094
15.1499 2.25835 16.9364
16.0339 5.06335 14.4394

18.4809 2.98635 12.2974
18.1719 -0.177651 10.1554
21.3389 -1.94465 8.87041
20.9619 -4.57765 6.12641

24.1219 -6.70065 6.57041
22.9129 -8.72065 3.53941
20.9019 -7.91765 0.391406
17.7089 -9.88265 -0.404594
16.6229 -10.4367 -4.07159
12.9769 -9.46465 -3.32659

12.4369 -5.68765 -2.67859
8.96387 -6.23565 -1.11559
10.6649 -8.10265 1.80441
13.2839 -5.30665 2.21941
10.4469 -2.67865 2.37341
8.56687 -4.91865 4.90841
11.7449 -4.92565 7.08841
12.2189 -1.07465 6.85641

8.52087 -0.599651 7.87441
9.19487 -2.44665 11.1584
10.8159 0.833349 12.4234
8.88387 3.35535 10.2784
5.49987 2.86235 12.1024
2.95987 5.03635 13.9854
4.88387 5.97835 17.1824
8.19187 6.75035 15.3604
9.42087 10.3503 16.0744
12.9429 10.2813 14.4614
14.0459 10.2443 10.7754

14.6679 6.56335 9.95241
18.1579 5.74235 8.62041
18.4199 2.69135 6.28541
21.9809 1.43935 5.54441
22.4849 -1.24465 2.83241
25.9049 -2.93965 3.34041
27.4379 -3.95565 -0.0625942

30.8269 -5.45565 -1.08459
32.5279 -4.93665 -4.51359
33.6339 -8.30165 -6.03759
30.6109 -10.2767 -4.61959
26.9389 -11.2767 -5.24559

25.9269 -7.69265 -4.16659
27.2459 -6.34865 -7.55059
24.4659 -8.35665 -9.36059
21.7669 -8.27965 -6.62659
21.7309 -4.46565 -6.20659
20.9199 -3.62365 -9.92059
18.3349 -6.51065 -9.87059
16.6259 -5.07365 -6.72659
16.6389 -1.56065 -8.34359
14.9459 -2.64365 -11.6256
12.3449 -4.56865 -9.51059
11.5029 -1.43365 -7.39159
11.1429 0.558349 -10.6636
8.66987 -2.08665 -12.0286
6.74787 -1.82065 -8.69659
6.76287 2.04335 -8.86059
5.53587 2.12735 -12.5306

2.66287 -0.194651 -11.4136
1.86287 2.34735 -8.56859
2.93887 -0.253651 -5.92459
5.95887 1.65335 -4.44859
7.13387 5.26835 -3.87659
10.5919 3.82935 -3.14159
13.0659 4.96535 -5.78659
16.5059 3.29335 -5.31359
18.3909 5.09935 -8.20259

19.3969 8.18835 -6.12059
21.4449 5.99935 -3.67759
23.7919 4.68235 -6.45659
24.6429 8.07935 -8.01559

25.9079 9.03835 -4.48559
28.3929 6.06535 -4.06259

End chain 1
