-37.368 -26.642 -7.312
-37.942 -23.603 -5.199
-37.203 -24.493 -1.63
-37.291 -22.848 1.768
-35.484 -24.504 4.648
-36.114 -23.154 8.093
-34.144 -23.374 11.31
-34.904 -26.367 13.51
-36.961 -26.432 16.662
-36.18 -24.048 19.501
-36.59 -24.117 23.263
-36.584 -20.648 24.798
-37.012 -19.151 28.225
-39.549 -16.525 28.839
-38.202 -13.033 28.345
-35.655 -14.451 25.941
-35.503 -13.732 22.234
-35.125 -15.984 19.193
-34.305 -15.545 15.544
-35.272 -17.937 12.763
-33.836 -18.381 9.317
-35.449 -19.288 6.021
-32.743 -20.168 3.496
-34.097 -19.928 -0.028
-32.816 -21.696 -3.092
-34.051 -22.166 -6.62
-35.081 -18.649 -7.584
-33.882 -15.068 -7.736
-34.326 -13.912 -4.158
-34.8 -10.191 -4.755
-37.677 -10.869 -7.144
-40.097 -12.227 -4.549
-41.617 -10.85 -1.339
-41.492 -13.097 1.732
-44.239 -13.389 4.339
-44.256 -15.045 7.739
-47.123 -16.926 9.359
-47.778 -18.123 12.907
-49.889 -21.09 13.828
-50.599 -21.962 17.438
-51.307 -25.473 18.58
-54.69 -26.594 17.368
-55.227 -23.171 15.949
-55.45 -21.119 12.78
-52.921 -19.296 10.681
-52.041 -15.683 11.441
-50.112 -13.3 9.202
-47.112 -11.705 10.946
-45.801 -9.537 8.117
-43.931 -9.42 4.815
-40.669 -7.982 3.554
-39.422 -6.737 0.2
-35.938 -8.034 -0.435
-34.614 -5.558 -3.006
-35.005 -2.76 -0.563
-35.621 -4.148 2.946
-38.924 -2.29 3.385
-41.188 -4.445 5.522
-44.838 -4.423 6.614
-46.23 -5.825 9.824
-49.552 -6.958 11.141
-50.369 -4.615 14.0
-50.679 -7.373 16.533
-47.099 -8.522 15.805
-45.414 -5.116 15.559
-44.023 -5.266 19.073
-43.098 -8.974 18.768
-41.358 -9.605 15.456
-38.682 -8.082 13.273
-37.968 -9.229 9.728
-34.63 -8.913 7.973
-32.884 -10.309 4.923
-29.289 -11.135 4.054
-29.327 -10.83 0.282
-26.027 -12.594 -0.245
-27.026 -15.592 1.85
-30.412 -15.399 0.157
-31.845 -16.058 3.588
-34.731 -14.263 5.28
-34.859 -13.852 9.025
-37.374 -12.981 11.717
-36.615 -12.269 15.313
-39.318 -12.826 17.897
-38.536 -10.959 21.047
-39.599 -10.895 24.724
-41.203 -14.302 24.366
-44.161 -15.632 26.323
-46.032 -18.948 26.276
-48.404 -17.363 23.78
-45.481 -17.228 21.367
-45.252 -21.002 21.506
-46.298 -21.987 18.02
-45.015 -23.084 14.658
-43.826 -20.308 12.37
-43.711 -20.57 8.591
-41.932 -18.549 5.932
-43.575 -18.251 2.516
-42.894 -16.437 -0.722
-45.52 -14.583 -2.684
-46.111 -14.74 -6.431
-48.233 -12.784 -8.86
-49.624 -15.425 -11.155
-52.167 -13.122 -12.711
-52.823 -9.344 -12.643
-52.413 -8.066 -9.046
-53.087 -11.487 -7.536
-50.982 -12.143 -4.443
-50.831 -15.696 -3.1
-48.382 -17.65 -0.946
-47.003 -20.061 -3.546
-44.431 -21.915 -1.507
-44.272 -22.558 2.198
-41.437 -23.626 4.428
-41.642 -26.68 6.676
-42.144 -24.487 9.731
-40.277 -24.207 13.016
-41.68 -25.233 16.351
-40.745 -22.712 18.94
-41.679 -23.648 22.457
-41.331 -21.236 25.346
-40.903 -22.711 28.777
-38.823 -22.428 31.94
-38.265 -26.19 31.907
-34.972 -27.695 30.81
-34.346 -29.792 27.75
-34.355 -33.54 28.138
-33.407 -36.227 25.624
-35.58 -39.178 24.955
-35.007 -42.656 26.282
-35.663 -45.207 23.583
-37.015 -48.631 24.481
-37.781 -51.467 22.154
-41.261 -52.9 21.643
-41.149 -56.602 20.809
-43.833 -59.231 21.089
-43.661 -61.797 23.884
-45.713 -64.734 22.737
-48.849 -65.936 21.136
-49.264 -69.525 19.952
-47.151 -68.983 16.892
-45.783 -65.968 15.004
-49.24 -64.524 15.036
-49.273 -63.576 11.398
-48.42 -60.056 10.486
-45.954 -59.009 13.102
-45.414 -55.654 14.692
-42.48 -54.141 16.514
-41.669 -50.608 17.51
-39.82 -48.221 19.773
-41.055 -46.284 22.771
-39.652 -42.774 22.895
-40.083 -41.7 26.488
-39.629 -38.661 28.693
-38.415 -35.9 26.407
-38.885 -32.14 26.27
-39.646 -30.203 24.271
-41.369 -31.527 21.18
-40.608 -32.547 18.533
-38.797 -35.841 17.953
-38.272 -37.396 14.541
-38.39 -41.126 14.093
-37.243 -43.184 11.127
-36.693 -46.878 10.581
-33.606 -48.448 9.036
-32.573 -44.962 8.154
-34.948 -43.729 5.507
-35.277 -47.222 4.016
-38.394 -48.604 5.708
-41.398 -46.309 5.28
-44.18 -48.847 4.824
-46.296 -50.139 7.655
-44.818 -47.485 9.873
-46.915 -45.492 12.297
-45.453 -42.893 14.556
-48.027 -41.674 17.04
-48.412 -38.112 18.123
-46.712 -37.239 21.379
-48.778 -37.119 24.514
-47.975 -34.903 27.484
-47.528 -36.895 30.625
-48.404 -35.827 34.147
-44.671 -35.578 34.611
-44.724 -32.754 32.118
-42.612 -34.615 29.585
-43.589 -35.975 26.156
-43.77 -39.648 25.214
-44.633 -41.434 21.968
-44.238 -44.768 20.21
-43.431 -45.611 16.614
-44.445 -48.958 15.221
-44.037 -50.908 12.012
-45.758 -54.074 10.904
-44.36 -56.783 8.64
-46.541 -59.261 6.821
-44.975 -62.523 7.958
-43.414 -65.416 5.939
-39.686 -65.491 6.705
-39.891 -62.272 8.648
-36.505 -62.307 10.12
-34.83 -61.758 6.833
-34.302 -58.115 7.695
-33.41 -56.236 10.869
-35.337 -53.318 12.281
-33.792 -50.296 13.907
-35.539 -47.11 14.926
-33.651 -43.848 14.517
-34.712 -41.113 16.902
-33.523 -37.532 16.562
-34.294 -34.931 19.209
-32.599 -31.853 17.84
-33.305 -29.628 20.791
-31.043 -31.916 22.851
-28.738 -32.887 19.976
-29.662 -36.438 20.923
-29.668 -38.987 18.176
-30.188 -42.585 19.073
-30.678 -45.768 17.122
-32.134 -48.817 18.761
-32.308 -52.168 17.105
-35.252 -54.292 18.099
-34.488 -57.986 18.42
-37.384 -60.268 17.511
-35.596 -63.296 19.143
-38.347 -65.856 18.991
-39.673 -67.909 16.208
-42.133 -70.629 15.374
-41.716 -73.526 17.737
-45.162 -74.747 18.831
-47.435 -77.647 17.961
-50.84 -76.599 16.616
-53.2 -79.115 18.309
-53.526 -82.846 18.83
-54.809 -85.425 16.307
-58.166 -86.66 17.706
-61.369 -84.94 16.712
-64.364 -84.47 18.983
-67.43 -86.583 18.11
-69.936 -83.937 19.166
-73.315 -84.003 20.725
-76.429 -84.583 18.683
-78.666 -81.679 17.908
