24.242 -54.659 35.641
23.415 -57.466 37.993
21.234 -59.989 36.265
18.582 -61.836 38.184
17.595 -65.126 36.657
14.442 -66.99 37.471
15.117 -70.088 35.431
11.734 -71.649 36.024
9.259 -69.265 34.417
6.302 -71.604 34.719
5.576 -73.62 37.82
2.663 -75.899 38.625
1.755 -76.909 42.159
-1.106 -78.516 44.038
-3.29 -76.902 46.671
-1.822 -77.785 50.095
1.723 -78.411 48.837
4.839 -76.348 49.383
6.174 -74.345 46.501
9.604 -72.939 46.042
10.527 -70.235 43.577
14.175 -69.463 43.135
16.253 -66.546 41.931
19.96 -66.346 41.231
22.088 -63.247 40.848
25.095 -62.921 38.568
27.0 -61.421 41.516
26.511 -61.598 45.302
23.682 -59.273 46.375
24.359 -59.441 50.081
20.74 -60.287 50.929
19.409 -57.158 49.353
16.531 -58.826 47.56
12.851 -58.184 47.594
10.037 -60.363 46.308
6.899 -59.052 44.611
3.729 -60.823 43.601
1.648 -59.589 40.748
-1.946 -60.711 40.416
-3.414 -61.424 37.063
-5.127 -58.028 37.162
-1.731 -56.361 37.224
-1.751 -55.266 40.833
1.687 -55.561 42.391
2.353 -56.138 46.064
5.583 -56.453 48.02
5.705 -59.775 49.872
9.127 -59.799 51.449
12.068 -57.441 51.899
15.717 -58.021 52.835
15.39 -61.647 51.775
13.584 -62.778 54.951
11.256 -60.125 56.316
7.55 -60.361 55.586
5.605 -57.248 54.661
2.727 -56.272 56.919
-0.445 -58.011 55.716
1.296 -61.003 54.086
0.506 -64.428 55.39
2.98 -66.411 57.495
2.858 -69.067 54.766
5.271 -66.997 52.709
8.923 -67.071 53.742
12.117 -65.858 52.094
15.557 -67.43 52.326
19.049 -67.527 50.821
22.215 -65.452 50.727
24.87 -64.434 48.246
23.722 -65.301 44.734
20.836 -67.687 45.386
17.488 -66.853 46.96
14.139 -68.6 47.28
10.537 -67.703 48.079
8.641 -70.545 49.728
4.922 -70.983 50.156
4.387 -73.241 53.133
0.998 -74.364 51.878
-0.514 -73.184 48.627
-3.928 -71.552 48.647
-5.945 -70.499 45.676
-5.368 -66.767 46.21
-1.68 -67.22 45.581
-2.175 -67.604 41.838
0.164 -64.923 40.524
3.595 -64.236 39.065
6.469 -63.789 41.507
9.452 -61.523 40.858
12.691 -60.959 42.775
14.461 -57.607 42.772
17.997 -56.729 43.839
18.723 -53.379 45.509
22.398 -54.07 46.173
23.496 -51.991 43.184
21.878 -49.675 40.624
20.271 -50.062 38.36
17.683 -52.107 40.222
17.087 -55.365 38.397
14.19 -57.816 38.418
14.0 -61.526 37.818
12.1 -62.782 34.773
9.193 -63.876 36.947
7.654 -67.198 37.784
4.005 -67.861 37.039
2.156 -70.221 39.318
-0.317 -72.653 37.761
-2.45 -74.241 40.399
-3.47 -77.874 40.177
-6.837 -78.813 41.57
-9.486 -81.474 41.024
-11.057 -81.956 37.619
-14.189 -79.992 36.875
-16.022 -80.114 33.56
-17.216 -76.996 31.872
-20.777 -75.813 31.628
-21.302 -74.856 27.999
-23.373 -72.062 26.443
-23.817 -70.802 22.88
-24.942 -67.329 21.784
-26.144 -66.353 18.343
-25.3 -63.015 16.831
-27.467 -60.008 17.706
-29.603 -58.367 15.086
-27.723 -55.268 16.125
-24.469 -56.845 14.947
-25.887 -58.445 11.795
-27.103 -55.096 10.585
-23.417 -54.164 10.239
-22.575 -57.178 8.093
-20.586 -59.388 10.457
-21.835 -62.268 12.603
-20.029 -63.411 15.735
-21.096 -66.672 17.334
-19.845 -67.239 20.835
-19.389 -70.507 22.694
-18.615 -70.304 26.405
-17.005 -72.931 28.607
-17.416 -71.947 32.235
-15.424 -72.844 35.331
-13.43 -75.858 34.218
-10.103 -77.456 35.102
-7.754 -78.442 33.6
-7.122 -75.889 30.867
-6.982 -78.431 28.087
-10.243 -78.422 26.177
-11.114 -79.037 22.573
-13.799 -76.89 21.047
-14.942 -77.718 17.552
-17.46 -75.674 15.611
-19.826 -77.368 13.238
-22.157 -75.595 10.85
-24.873 -77.752 9.363
-22.758 -80.595 10.729
-19.716 -79.587 8.737
-16.59 -79.075 10.782
-15.155 -75.612 10.575
-11.528 -74.6 10.478
-9.734 -71.273 10.675
-12.838 -69.221 11.36
-12.598 -69.066 15.117
-10.482 -67.534 17.878
-10.476 -68.479 21.532
-9.481 -66.68 24.695
-9.181 -67.952 28.227
-9.29 -66.225 31.565
-6.592 -66.51 34.182
-7.076 -69.029 36.943
-9.824 -67.989 39.344
-8.428 -66.93 42.708
-11.095 -68.756 44.694
-11.978 -71.699 42.427
-8.713 -72.115 40.546
-10.829 -72.735 37.454
-10.619 -71.286 33.966
-13.283 -70.052 31.587
-12.838 -69.961 27.83
-14.677 -68.303 24.965
-14.531 -69.373 21.355
-15.902 -66.994 18.759
-16.715 -68.004 15.199
-16.745 -65.026 12.861
-18.628 -65.01 9.573
-20.008 -62.526 7.096
-23.7 -61.87 7.453
-24.186 -63.425 4.057
-22.317 -66.53 5.136
-24.168 -66.603 8.424
-27.474 -66.651 6.532
-26.561 -69.618 4.345
-26.584 -72.118 7.203
-29.262 -73.244 9.672
-27.484 -75.003 12.521
-24.588 -73.667 14.527
-23.031 -75.802 17.206
-19.962 -76.046 19.375
-18.77 -79.445 20.569
-16.695 -79.589 23.69
-14.475 -82.365 24.886
-12.794 -82.216 28.252
-11.36 -84.682 30.736
-14.182 -83.888 33.136
-16.763 -84.974 30.583
-17.437 -88.591 29.788
-18.765 -87.775 26.365
-18.527 -84.605 24.512
-21.135 -81.935 25.035
-22.675 -80.162 22.095
-24.738 -77.047 22.189
-26.389 -75.573 19.157
-29.114 -73.277 17.931
-31.001 -73.071 14.684
-30.741 -69.749 12.966
-34.169 -68.401 12.229
-35.438 -70.053 15.327
-33.836 -67.176 17.117
