-4.228 -45.369 53.316
-1.448 -44.43 50.96
-2.631 -44.197 47.376
-1.054 -43.638 43.979
-3.406 -42.841 41.108
-1.938 -42.831 37.618
-3.111 -41.165 34.443
-5.35 -43.339 32.276
-4.415 -45.168 29.137
-2.799 -43.377 26.239
-2.531 -43.79 22.483
0.547 -42.107 21.016
2.008 -41.753 17.536
5.536 -42.702 16.865
7.927 -39.816 17.352
5.458 -38.243 19.745
5.992 -37.739 23.454
3.787 -38.444 26.477
3.677 -37.434 30.119
2.271 -39.586 32.944
1.042 -38.491 36.36
1.085 -40.275 39.709
-1.028 -38.306 42.195
-0.117 -39.296 45.711
-2.273 -39.078 48.801
-2.088 -40.351 52.345
1.442 -39.427 53.381
4.092 -36.71 53.441
5.203 -36.524 49.843
8.687 -35.138 50.501
9.499 -37.968 52.89
9.49 -40.76 50.307
11.447 -41.44 47.102
9.445 -42.462 44.026
10.527 -45.057 41.471
9.114 -45.882 38.052
8.974 -49.325 36.459
8.134 -50.532 32.958
6.476 -53.833 32.054
6.292 -54.886 28.432
3.546 -57.214 27.322
4.302 -60.699 28.529
7.565 -59.459 29.987
9.358 -58.639 33.22
9.763 -55.39 35.118
12.522 -52.934 34.358
13.555 -50.096 36.649
13.414 -46.716 34.885
14.695 -44.511 37.693
13.867 -42.791 40.98
13.457 -39.213 42.155
14.016 -37.491 45.493
11.105 -35.173 46.131
12.64 -32.657 48.482
15.593 -31.754 46.28
14.308 -33.142 42.979
17.535 -35.043 42.437
16.827 -37.876 40.067
18.63 -41.112 39.168
18.127 -43.046 35.965
18.783 -46.501 34.639
21.262 -45.997 31.812
18.961 -47.795 29.432
16.21 -45.186 29.964
18.333 -42.04 30.196
17.536 -41.024 26.644
13.823 -41.956 26.985
12.434 -40.747 30.288
12.456 -37.659 32.448
11.055 -37.545 35.963
9.79 -34.464 37.773
7.585 -33.637 40.716
5.16 -30.852 41.582
5.513 -30.612 45.338
2.273 -28.738 45.914
0.173 -31.078 43.796
2.04 -33.906 45.516
2.141 -35.504 42.094
5.088 -37.22 40.418
5.611 -36.936 36.678
7.475 -38.954 34.063
7.755 -37.979 30.44
8.689 -40.502 27.8
9.895 -38.958 24.568
10.573 -39.996 20.952
8.284 -42.917 21.407
8.485 -46.207 19.49
6.619 -49.523 19.53
9.154 -50.77 22.063
7.831 -48.141 24.454
4.425 -49.786 24.332
4.075 -51.153 27.822
2.504 -50.594 31.203
4.327 -48.134 33.439
4.053 -48.147 37.221
4.913 -45.565 39.854
5.964 -46.835 43.266
7.17 -45.36 46.52
10.258 -46.451 48.426
10.223 -47.25 52.118
12.891 -47.961 54.651
12.224 -50.448 57.332
14.503 -48.495 59.609
17.784 -46.815 58.507
18.397 -49.744 56.136
16.625 -51.804 53.498
14.946 -50.216 50.475
11.813 -51.812 48.989
8.853 -50.699 46.831
6.025 -50.727 49.397
3.211 -49.316 47.324
2.584 -49.539 43.617
0.247 -47.623 41.355
-2.304 -49.372 39.121
-0.134 -48.747 36.102
-0.841 -46.986 32.828
-1.058 -48.706 29.461
0.736 -46.725 26.83
0.352 -48.005 23.299
2.311 -46.521 20.445
0.774 -46.834 17.006
0.032 -44.915 13.838
-3.524 -46.278 13.916
-6.449 -44.142 15.035
-8.654 -44.583 18.067
-11.839 -46.553 17.661
-14.659 -47.005 20.183
-16.122 -50.371 20.866
-19.421 -51.578 19.54
-21.302 -53.457 22.221
-23.631 -56.312 21.343
-25.621 -58.462 23.681
-25.132 -62.195 24.125
-28.394 -63.949 24.949
-29.533 -67.515 24.519
-31.499 -68.41 21.38
-34.374 -70.401 22.854
-35.759 -73.962 22.38
-35.024 -74.447 26.094
-37.484 -73.432 28.827
-34.435 -72.404 30.719
-31.382 -74.536 30.568
-30.614 -74.187 34.241
-27.954 -71.781 35.263
-28.185 -69.152 32.595
-25.447 -67.143 30.991
-25.617 -63.697 29.414
-22.895 -61.462 28.188
-21.732 -58.567 26.089
-19.58 -58.663 22.98
-17.298 -55.67 22.894
-15.951 -55.561 19.407
-13.665 -53.621 17.094
-11.887 -51.198 19.396
-8.385 -49.746 19.551
-6.316 -49.431 21.563
-6.651 -51.544 24.674
-7.875 -51.395 27.284
-11.635 -51.497 27.85
-13.264 -51.829 31.24
-16.473 -53.76 31.736
-18.752 -53.847 34.723
-22.254 -55.147 35.252
-25.156 -53.301 36.83
-22.792 -50.451 37.605
-20.598 -52.593 39.821
-23.508 -54.276 41.572
-22.843 -57.667 39.948
-19.373 -58.977 40.596
-20.163 -62.671 40.968
-20.277 -65.128 38.104
-18.668 -62.491 35.91
-15.902 -63.366 33.489
-14.365 -60.786 31.246
-12.021 -62.396 28.762
-8.742 -60.956 27.671
-8.859 -59.039 24.416
-7.694 -60.747 21.266
-6.281 -58.903 18.295
-8.258 -59.553 15.148
-6.679 -60.113 11.758
-8.001 -56.666 11.321
-6.301 -54.021 13.302
-8.843 -54.104 16.125
-9.313 -55.743 19.54
-12.415 -57.642 20.619
-13.508 -59.385 23.81
-16.607 -60.636 25.572
-17.751 -60.363 29.167
-20.151 -62.929 30.554
-22.13 -63.515 33.728
-23.774 -66.7 34.893
-26.802 -66.878 37.092
-28.445 -69.813 38.668
-31.874 -70.74 37.497
-34.339 -69.91 40.197
-36.129 -66.665 40.415
-33.615 -65.544 37.893
-35.559 -63.109 35.909
-36.114 -61.043 38.983
-33.165 -58.834 38.102
-32.04 -57.217 34.85
-28.529 -57.308 33.448
-26.666 -54.416 31.919
-23.063 -54.246 30.771
-21.167 -51.02 31.31
-18.242 -50.579 28.95
-15.737 -47.749 29.246
-13.084 -47.118 26.613
-11.145 -44.181 28.008
-8.987 -43.607 24.994
-12.107 -42.835 22.939
-14.097 -41.283 25.788
-16.716 -43.878 24.918
-18.971 -45.115 27.676
-21.775 -47.416 26.733
-24.369 -49.373 28.671
-26.065 -52.314 27.002
-28.973 -54.01 28.672
-29.331 -57.641 27.718
-32.874 -58.848 27.443
-33.492 -62.405 28.611
-34.817 -65.204 26.42
-38.569 -65.468 25.886
-40.523 -68.472 26.98
-42.338 -70.415 24.32
-44.877 -72.381 26.323
-48.01 -73.163 24.435
-51.367 -73.648 26.025
-53.725 -76.393 24.937
-55.682 -75.753 21.752
-59.328 -75.38 21.173
-61.391 -78.146 19.609
-60.476 -78.738 15.998
-63.77 -78.346 14.092
-63.949 -74.67 13.205
-65.154 -72.712 10.212
-62.717 -71.7 7.542
-62.517 -70.756 3.939
-63.333 -73.395 1.386
-65.165 -73.935 -1.842
