-59.327 -6.292 10.246
-61.518 -8.337 8.019
-62.51 -11.537 9.69
-62.862 -14.72 7.762
-65.202 -17.234 9.298
-65.139 -20.928 8.508
-68.265 -21.878 10.391
-67.91 -25.594 10.018
-64.599 -26.587 11.547
-65.17 -30.303 11.154
-66.705 -31.968 8.165
-67.054 -35.639 7.295
-67.578 -36.769 3.741
-67.805 -39.891 1.604
-65.126 -41.12 -0.774
-66.51 -40.371 -4.241
-68.817 -37.662 -2.876
-68.731 -33.922 -3.48
-67.496 -31.75 -0.65
-67.972 -28.049 -0.086
-66.068 -25.931 2.373
-67.308 -22.414 2.837
-65.698 -19.148 3.917
-67.409 -15.838 4.686
-65.82 -12.429 5.109
-66.969 -9.626 7.378
-66.628 -7.244 4.423
-66.595 -7.761 0.641
-63.181 -9.057 -0.482
-63.665 -8.536 -4.187
-62.566 -12.084 -5.041
-59.169 -11.691 -3.468
-59.354 -15.021 -1.709
-56.889 -17.927 -1.689
-57.338 -21.475 -0.416
-54.658 -23.556 1.284
-54.455 -27.245 2.205
-52.601 -28.262 5.301
-51.714 -31.919 5.491
-51.515 -33.665 8.822
-47.739 -33.422 8.515
-48.007 -29.651 8.669
-47.076 -29.161 5.045
-48.987 -26.273 3.505
-49.935 -26.086 -0.153
-51.757 -23.393 -2.112
-54.742 -24.942 -3.923
-56.369 -21.955 -5.599
-55.851 -18.242 -5.942
-58.129 -15.365 -6.946
-61.124 -17.417 -5.859
-61.122 -19.698 -8.854
-57.736 -20.275 -10.443
-56.155 -23.632 -9.669
-52.467 -23.775 -8.821
-50.349 -25.916 -11.087
-50.288 -29.57 -10.165
-53.623 -29.356 -8.407
-56.275 -31.786 -9.468
-59.161 -30.555 -11.612
-61.45 -31.951 -8.916
-60.805 -28.864 -6.831
-62.661 -25.733 -7.837
-63.162 -22.345 -6.186
-66.272 -20.189 -6.365
-68.048 -17.164 -4.88
-67.816 -13.386 -4.801
-68.253 -10.586 -2.302
-68.412 -12.017 1.209
-69.06 -15.702 0.547
-66.648 -18.187 -1.002
-66.544 -21.949 -1.333
-64.007 -24.637 -2.182
-65.496 -27.716 -3.734
-64.017 -31.103 -4.29
-65.754 -32.761 -7.191
-64.889 -36.264 -6.007
-63.232 -36.994 -2.737
-60.054 -39.019 -2.805
-58.18 -40.318 0.197
-55.235 -37.928 -0.336
-57.703 -35.121 0.38
-57.404 -35.688 4.136
-56.36 -32.272 5.401
-57.452 -28.936 6.857
-58.564 -26.272 4.405
-57.995 -22.553 5.02
-59.288 -19.449 3.223
-57.162 -16.275 3.096
-58.151 -12.718 2.161
-55.617 -10.462 0.383
-58.053 -7.593 -0.245
-56.823 -5.603 2.757
-53.899 -5.812 5.162
-53.396 -7.492 7.482
-53.969 -10.72 5.623
-56.512 -12.8 7.471
-57.159 -16.547 7.481
-60.266 -18.593 8.101
-60.406 -20.856 11.156
-59.93 -23.943 9.008
-62.049 -26.942 8.127
-60.787 -30.435 8.86
-61.969 -33.225 6.661
-62.889 -36.606 8.116
-63.176 -39.21 5.42
-65.544 -42.007 5.962
-64.857 -45.386 4.477
-65.953 -48.949 4.811
-65.417 -50.482 8.224
-62.186 -52.312 8.883
-61.378 -53.989 12.184
-58.059 -53.44 13.818
-55.275 -55.955 14.127
-54.197 -55.911 17.751
-50.737 -56.342 19.274
-49.406 -56.082 22.836
-45.844 -55.333 23.954
-44.408 -55.906 27.388
-41.945 -53.501 28.941
-38.283 -53.975 28.078
-35.768 -54.826 30.765
-33.99 -51.682 29.721
-36.971 -49.616 30.876
-37.727 -51.702 33.952
-34.236 -51.115 35.275
-35.295 -47.466 35.584
-38.341 -48.197 37.711
-41.218 -47.637 35.263
-43.045 -50.199 33.174
-44.928 -49.127 30.06
-47.178 -51.687 28.456
-48.347 -50.867 24.973
-51.212 -52.21 22.993
-51.638 -51.27 19.371
-54.697 -51.261 17.146
-53.583 -51.119 13.547
-55.355 -49.784 10.442
-58.972 -49.622 11.55
-62.026 -47.519 10.699
-64.114 -45.986 12.22
-62.037 -44.33 14.883
-64.354 -45.26 17.729
-62.728 -48.111 19.597
-62.951 -49.281 23.167
-59.756 -50.519 24.712
-59.861 -52.009 28.21
-56.773 -52.991 30.157
-57.05 -56.062 32.331
-54.412 -57.112 34.849
-54.901 -60.584 36.258
-58.442 -60.173 34.937
-59.068 -57.024 36.911
-60.234 -54.006 34.97
-57.991 -51.038 35.183
-58.809 -47.368 35.203
-56.851 -44.108 35.128
-53.556 -45.896 34.428
-53.452 -45.584 30.638
-53.322 -42.934 27.922
-54.257 -43.322 24.265
-52.946 -41.666 21.125
-54.317 -41.937 17.595
-52.727 -41.213 14.254
-54.296 -38.959 11.673
-56.266 -40.691 8.985
-54.02 -42.469 6.473
-53.822 -40.717 3.117
-54.079 -43.904 1.096
-56.144 -46.181 3.362
-58.105 -43.561 5.281
-57.652 -45.727 8.363
-56.428 -44.889 11.839
-53.996 -46.567 14.167
-54.206 -46.213 17.944
-51.837 -46.929 20.803
-52.807 -47.41 24.432
-50.063 -47.282 27.014
-50.506 -48.655 30.516
-47.972 -47.141 32.891
-47.066 -48.723 36.182
-44.204 -48.699 38.641
-41.764 -51.536 38.349
-42.929 -52.725 41.728
-46.561 -52.923 40.774
-45.637 -54.364 37.394
-44.044 -57.29 39.252
-47.145 -57.881 41.357
-49.176 -59.287 38.487
-48.671 -62.064 35.933
-51.2 -61.442 33.151
-51.496 -58.243 31.18
-54.097 -57.947 28.47
-55.926 -55.378 26.444
-59.396 -56.098 25.116
-60.56 -54.339 22.027
-64.122 -53.658 20.984
-64.827 -52.281 17.528
-67.566 -52.202 14.892
-65.467 -54.419 12.664
-65.152 -57.179 15.25
-67.998 -59.588 15.907
-66.7 -60.039 19.429
-63.989 -58.364 21.412
-60.426 -59.362 20.726
-58.033 -59.842 23.597
-54.267 -59.875 23.434
-52.31 -60.853 26.514
-48.922 -61.993 27.78
-47.674 -63.563 30.992
-45.121 -61.498 32.862
-42.458 -64.167 33.579
-43.062 -65.861 30.265
-41.39 -62.882 28.716
