-13.201 -6.296 -53.957
-10.703 -3.406 -53.291
-9.54 -3.087 -49.639
-11.02 0.322 -48.639
-8.614 1.85 -46.053
-10.787 3.126 -43.162

-9.634 6.195 -41.181
-10.061 4.9 -37.589
-10.286 6.838 -34.306
-12.195 7.103 -30.979
-14.163 9.439 -28.711
-12.619 10.223 -25.263
-14.157 12.207 -22.344

-11.943 15.248 -21.466
-14.301 16.978 -18.949
-17.827 16.65 -17.399
-19.139 18.761 -20.353

-16.752 17.96 -23.312
-15.482 14.956 -25.281
-12.62 14.751 -27.824
-12.437 12.939 -31.204
-8.982 11.264 -31.393
-8.672 10.357 -35.1

-6.282 10.744 -38.079
-6.98 13.557 -40.6
-9.895 13.022 -43.051

-11.208 15.853 -45.293
-14.92 14.856 -45.011
-14.611 14.37 -41.226
-13.015 17.857 -40.827
-15.875 19.254 -42.999
-18.403 17.482 -40.669
-16.559 18.759 -37.515
-16.844 22.341 -38.957

-20.697 21.797 -39.029
-20.861 21.033 -35.24
-22.116 23.933 -33.104
-20.016 23.255 -29.939
-16.791 22.621 -31.971

-13.393 23.436 -30.391
-10.011 22.816 -32.063
-6.805 22.812 -29.99

-3.883 23.919 -32.209
-1.328 22.314 -29.773
-2.753 18.736 -29.691
-4.334 19.137 -33.217

-7.578 17.622 -31.79
-11.313 18.386 -31.995
-13.683 18.544 -28.991
-17.466 19.001 -28.65
-20.131 19.402 -25.91

-21.257 16.038 -24.476
-24.923 16.743 -25.497
-23.731 16.722 -29.178
-22.178 13.179 -28.839
-25.228 11.354 -30.322
-25.57 14.044 -33.093
-21.852 13.682 -34.021
-21.815 9.829 -34.037
-25.045 9.774 -36.128
-23.507 12.176 -38.75
-20.093 10.348 -38.803

-21.793 6.948 -39.527
-22.962 8.546 -42.834
-19.328 9.196 -43.991
-17.677 6.563 -46.261
-14.251 5.2 -45.121

-14.46 6.789 -41.562
-14.765 4.819 -38.279
-15.142 6.964 -35.114
-15.663 4.659 -32.101

-18.218 6.249 -29.657
-17.862 6.903 -25.912
-18.35 3.469 -24.195

-21.794 2.549 -22.772
-20.235 2.829 -19.255
-19.534 6.58 -19.812
-22.964 7.196 -21.431
-24.623 5.531 -18.378
-22.42 7.523 -15.909

-23.028 10.919 -17.654
-26.668 10.153 -18.714
-27.851 13.482 -17.123

-25.214 15.594 -18.963
-26 13.8 -22.296
-29.631 15.147 -21.909

-28.8239 18.6561 -20.8338
-29.0584 20.7566 -24.0836
-29.1004 24.1997 -22.4427
-25.4983 25.2189 -22.9731
-26.3601 28.6372 -24.6412
-24.7556 28.1717 -27.9956
-25.448 24.8402 -29.6874
-25.0336 21.6382 -31.7887
-25.4946 19.6741 -28.5462
-24.1209 18.4716 -25.1614
-22.6297 21.7854 -23.9945
-19.9854 20.5575 -26.3702
-18.7586 17.1065 -25.8096
-17.5329 13.626 -26.5824
-20.1327 11.7484 -24.5187
-19.8064 8.17554 -23.105
-16.4025 9.50306 -22.4932
-16.0598 12.7258 -20.4159
-16.7118 15.8706 -22.3447

-18.0943 19.3548 -22.9709
-16.0499 20.7862 -20.1048
-12.8771 19.1699 -21.4327
-13.4936 20.5857 -24.9052
-14.021 24.0749 -23.4946

-10.357 22.8869 -23.8536
-10.306 22.8889 -27.7196
-8.06401 25.6539 -29.1286

-9.72501 27.7589 -31.9516
-7.85001 25.8499 -34.7186
-8.68301 22.4689 -33.0486
-12.415 23.4739 -33.0376
-12.181 24.3849 -36.7676
-10.562 20.9219 -37.3686
-13.407 19.1419 -35.4706
-15.982 21.1509 -37.5236
-14.174 20.2319 -40.8186
-14.049 16.5259 -39.8296
-17.815 16.5579 -38.9866
-18.643 18.4099 -42.2796

-16.592 15.7119 -44.1866
-18.833 13.1149 -42.3846
-16.131 11.7669 -39.9846

-13.971 10.4199 -42.8886
-10.575 12.1849 -42.9516
-6.82801 12.0789 -42.4356
-5.91401 14.6079 -39.6936

-2.31301 15.2619 -40.8426
-1.75401 18.2559 -38.4896
1.87699 18.6719 -37.3376
3.33299 16.7819 -34.3166
2.01999 18.0229 -30.9306
-0.85201 20.2359 -32.3406
-3.32501 18.0479 -30.3066

-4.46301 15.4209 -32.8836
-5.63101 13.1479 -29.9806
-7.98201 15.7809 -28.3986
-9.49501 16.5729 -31.8606
-9.90101 12.8049 -32.6246
-11.639 12.1089 -29.2536
-14.034 15.0629 -29.9166
-14.866 13.9219 -33.5196
-15.465 10.3439 -32.2516
-17.574 11.5869 -29.2536
-19.846 13.5979 -31.6366
-20.519 10.1249 -33.2076
-21.003 8.35991 -29.7336
-24.505 7.20991 -30.9446

-22.669 5.11091 -33.6526
-20.245 3.19891 -31.3046
-18.6 0.65391 -30.5446

-15.393 2.61891 -31.2266
-12.17 0.92991 -32.4456
-8.85401 2.73891 -31.7176
-5.75101 1.32791 -33.4916
-2.44801 2.70991 -32.1116

1.33099 2.05091 -31.7286
1.96499 -0.75309 -29.1476
3.52499 1.76191 -26.6216
0.69199 4.42691 -26.5156

-2.37701 2.19891 -25.7116
-2.51401 3.31391 -22.0396
-1.77301 6.96491 -23.0846
-4.98401 6.76291 -25.2086
-7.03301 5.16991 -22.3396
-5.88701 7.98691 -19.9856
-6.72801 10.5429 -22.7456
-10.341 9.17791 -22.9546
-10.701 9.20691 -19.1036
-9.21501 12.7669 -18.9916
-11.442 14.2619 -21.7366

-14.74 12.2579 -21.4746
-15.47 12.0169 -17.6586
-19.007 10.8579 -18.7666
-17.383 7.36591 -19.3086
-16.649 4.78191 -16.5976

-13.251 2.96291 -16.8576
-15.257 -0.25309 -17.6346
-16.399 1.39991 -20.9236

-12.71 1.25091 -22.1386
-11.124 -2.05709 -23.2266
-7.30001 -1.97409 -23.6336

-6.32101 -5.04909 -25.6796
-2.93501 -6.23609 -24.3426
-2.82001 -9.77009 -25.9016
-4.02401 -11.7321 -28.9796
-6.38801 -13.7531 -26.6446
-8.40701 -10.7411 -25.3976
-11.971 -9.85009 -26.5556
-11.694 -6.90609 -29.0136
-15.435 -6.03509 -28.4416
-15.538 -6.09909 -24.5876
-15.727 -2.26509 -24.1786
-17.699 0.60091 -25.7196

-14.207 1.92691 -26.6766
-11.684 -0.76609 -27.7496
-7.95501 0.16891 -27.9116
-5.62801 -2.23509 -29.8276
-2.14801 -2.22809 -31.4236

-1.27701 -2.67309 -35.1376
0.62399 -5.94209 -34.3396
-2.45201 -7.47909 -32.6016
-4.91901 -6.70209 -35.4926

-3.54501 -9.64809 -37.5746
-3.90601 -12.0061 -34.5316
-7.46201 -10.6731 -33.8696
-8.63301 -10.7481 -37.5756
-11.35 -13.3481 -36.6706
-12.862 -10.7691 -34.2026
-12.574 -7.82709 -36.7256
-15.69 -9.36609 -38.4366
-17.807 -7.38409 -35.8896
-18.713 -4.07009 -37.6626
-16.986 -1.16809 -35.8726
-18.855 1.85191 -37.3546

-16.323 4.38991 -35.9226
-12.555 3.76891 -36.2856
-9.62601 5.92191 -35.1126

-6.13601 4.95691 -36.3546
-3.28101 6.82991 -34.6556
0.0399903 7.20191 -36.5636

-1.68501 5.71491 -39.6836
1.61599 5.85991 -41.6826
2.12899 2.32491 -40.1706
-0.39301 1.20091 -42.8906

1.82299 2.63091 -45.7686
2.51999 -0.84209 -47.3256
-0.53201 -2.91609 -48.4506
1.38699 -6.28109 -48.3526
1.99499 -6.04909 -44.5536

-0.17001 -8.20209 -42.2226
-1.18701 -5.05509 -40.2016
-2.45101 -3.34209 -43.4076
-4.20501 -6.52609 -44.7206
-6.08001 -6.83809 -41.3626
-6.93201 -3.07009 -41.0466
-8.08401 -2.28609 -44.6396
-11.319 -4.45609 -44.7176
-12.58 -2.71909 -41.5136
-11.623 0.79491 -42.7786
-13.512 0.24091 -46.1006

-16.767 -0.86009 -44.2906
-16.691 1.42291 -41.1796
-18.991 4.52491 -41.4186

-16.445 6.95091 -39.8186
-12.638 6.71991 -40.3436
-10.388 9.14391 -38.4246
-6.76401 8.60991 -39.5376
-4.04601 10.5459 -37.6266

-0.35801 11.1319 -38.5336
2.38299 13.7789 -38.1416
4.09099 12.3679 -41.2516
1.37899 10.8449 -43.5466
4.11799 10.0459 -46.0596
7.53699 9.11091 -44.5916
9.55999 9.33991 -47.8706
7.42099 8.88191 -51.0786

3.89499 9.47891 -52.5986
3.23599 5.67091 -52.8156
2.97899 5.54891 -48.9376
-0.23801 7.69691 -49.0936
-2.24701 5.22091 -51.2426
-3.52301 3.04091 -48.3286
-4.60001 6.17491 -46.3576
-6.35701 7.66091 -49.4726
-8.37801 4.42891 -50.0906
-9.16401 4.14091 -46.3286
-10.723 7.68391 -46.3106

-12.226 7.41291 -49.8866
-12.611 3.69691 -50.9716
-13.791 4.81591 -54.4946
-10.554 6.77691 -55.2226
-7.95601 4.83091 -57.3066
-9.51901 1.28191 -56.9436
-6.19501 -0.15009 -58.2856

-2.72001 1.04791 -57.1436
-1.33801 1.04491 -60.7466
-3.48501 4.09991 -61.7446
-2.18401 6.03591 -58.6736
1.41599 4.86791 -59.3826
1.35299 5.90491 -63.0986
0.14299 9.43291 -62.1446
1.97799 10.2469 -58.8566

4.87099 7.71591 -58.4786
6.52999 8.19891 -61.9566
5.88199 4.48991 -62.5726

8.45899 2.84291 -64.9036
8.20999 -0.50509 -66.7456

11.49 -2.34809 -65.9886
12.486 -5.83009 -67.4166
11.436 -7.39709 -64.0296

8.07999 -5.50409 -63.6226
6.91599 -2.02109 -62.5286
9.00599 0.40391 -60.4466

6.99499 2.87491 -58.2526
9.92599 4.49091 -56.2936
9.59499 7.81791 -58.1866
7.37599 10.9049 -57.8406
5.24799 12.9649 -60.2796
2.49299 15.6599 -60.3576

2.95299 16.3769 -56.5826
1.12199 19.7749 -56.6816
-1.97801 17.9989 -58.1386
-1.65301 15.2849 -55.4346
-1.47201 18.0529 -52.7416
-4.68001 19.6909 -54.1106
-6.51301 16.2959 -54.2196
-5.40101 15.4729 -50.6326
-6.46001 18.8709 -49.1456
-9.86201 18.9209 -50.9586
-11.039 15.3119 -50.4236
-8.80801 13.3099 -47.9576

-6.67501 15.3679 -45.5736
-6.73301 18.2619 -43.1026
-3.13001 19.5039 -42.5696
-1.82301 22.5049 -40.5806
1.75199 23.3399 -39.6066

3.27799 24.8239 -36.3786
3.88899 28.0279 -38.4006
0.13399 28.2769 -39.3006
-1.30601 27.9069 -35.7406

1.50499 28.4019 -33.1186
3.46599 31.6369 -33.9496
4.87999 31.3999 -30.3496
6.88499 28.1319 -30.7656
10.684 28.8259 -30.7806
12.437 28.0919 -34.1046

14.093 24.7219 -34.8476
17.709 25.5699 -35.8256
19.246 22.6799 -37.8276
22.925 22.1819 -38.7746
25.287 19.5729 -40.1766
28.328 18.8779 -37.9356

31.147 17.3239 -39.9906
32.927 15.1229 -37.3996
36.642 14.9419 -38.2096

37.626 11.7109 -40.1326
41.241 12.1819 -38.8046

40.203 9.98991 -35.7826
39.162 7.20091 -38.2676
42.3 5.01991 -38.2016

43.806 3.74691 -41.4996
42.494 0.12891 -40.9586
38.872 1.32691 -40.4076
39.149 3.65691 -43.4686
40.578 0.81191 -45.6206
37.64 -1.40509 -44.4356
35.094 1.32991 -45.4336
36.891 1.72791 -48.8236
36.804 -2.09809 -49.2546
33.031 -2.40709 -48.5066
32.343 0.64491 -50.7746
34.298 -1.03109 -53.6616
32.524 -4.34409 -52.8706
29.027 -2.79209 -53.4546
30.118 -1.46109 -56.9256

31.598 -4.79109 -58.1776
29.768 -5.88909 -61.3826
29.909 -9.66909 -60.8476
28.038 -9.83009 -57.4626
24.465 -11.0581 -56.9556

21.669 -8.67109 -55.8016
21.988 -10.3331 -52.3386
25.81 -9.87409 -52.0496
25.259 -6.17209 -53.0206
22.67 -5.81909 -50.1456
25.038 -7.63909 -47.7086
27.987 -5.34709 -48.6656
25.636 -2.30909 -48.2096
24.621 -3.51109 -44.6856
28.336 -4.09209 -43.8786
29.306 -0.57109 -45.1506
26.479 0.96791 -43.0356
27.434 -0.98109 -39.8376
31.167 -0.0640896 -40.4046
30.117 3.62591 -40.7646
28.466 3.43691 -37.3046
31.626 1.85591 -35.7356
33.926 4.41691 -37.4636
31.927 7.39091 -36.0176
31.874 6.19491 -32.3196
35.161 7.94791 -31.1826
34.224 11.3809 -32.6546
30.539 11.0259 -31.6146
31.88 10.4779 -28.0436
34.352 13.4209 -28.4306
31.425 15.6719 -29.5136
29.113 14.5199 -26.6236
31.918 15.2879 -24.1126
32.572 18.7379 -25.7376
28.823 19.5349 -25.2616
28.95 18.5239 -21.5366
32.275 20.3889 -20.9466

30.617 23.4679 -22.6296
28.137 23.4529 -19.6556
24.968 22.1559 -21.4466
22.274 21.2029 -18.9186
20.021 18.8539 -21.0426

20.24 17.2589 -24.5236
19.072 14.1829 -26.4946
21.442 11.8209 -28.3696
19.856 9.75391 -31.1736

21.477 6.59891 -32.6446
20.095 3.29791 -34.1216
22.973 0.75391 -34.0666

23.104 -0.93009 -30.6136
26.967 -0.72809 -30.5556
26.737 3.12891 -30.7976
24.134 3.31391 -27.9536
26.295 0.87891 -25.8676
29.56 2.86091 -26.4216
27.883 6.23991 -25.5756
26.33 4.81091 -22.3366
29.666 3.17791 -21.3066
31.608 6.48091 -21.7266
28.922 8.49391 -19.8186
29.14 5.90291 -16.9536
33.002 6.12691 -17.0686

32.714 9.98191 -16.8126
30.046 9.54991 -14.0116
27.468 11.5099 -16.1136
23.864 10.8229 -15.0446

21.861 9.83191 -18.1556
18.776 7.86391 -19.3216
18.698 5.14691 -22.0376
15.696 4.04591 -24.1816

15.962 1.32391 -26.8796
14.129 -1.77209 -28.2936
14.707 -3.68909 -24.9846
13.273 -0.94009 -22.6686
9.75999 -1.94509 -21.4796
6.59699 0.15091 -22.1356
6.22399 1.25891 -18.4476

9.98199 1.90091 -17.8606
9.97299 4.12591 -21.0276
7.41199 6.45791 -19.3636
9.26099 6.40291 -15.9796
12.697 7.19091 -17.5876
10.956 9.95991 -19.6106
9.62199 11.4479 -16.3106
13.099 11.0649 -14.6576
14.747 13.0809 -17.5256
11.899 15.6809 -17.4756
11.825 16.2449 -13.6646

15.458 15.5819 -12.5306
18.042 18.3639 -13.2166
20.845 15.7359 -12.7666
20.034 13.7319 -15.9446
22.003 15.7129 -18.5656

21.861 13.1889 -21.4786
19.101 11.0179 -22.9576
20.563 8.15591 -25.0876
17.707 7.24591 -27.4606
17.133 4.71791 -30.2486

15.821 6.61391 -33.3496
13.392 3.70391 -34.0586
12.329 2.85491 -30.4616
11.842 6.44891 -29.0946
10.12 7.97791 -32.2276
6.65899 7.50391 -30.5396
4.66099 8.45991 -27.3886
7.42799 10.2259 -25.3936
7.87699 13.9979 -24.7086
11.33 15.5409 -23.9996
10.493 19.2759 -23.5536
13.203 19.6079 -20.8006
15.987 19.5429 -23.4736
16.871 22.3479 -25.9706

19.318 20.2709 -28.1126
19.009 17.1069 -30.2546
22.176 15.3399 -31.5396
21.799 12.7069 -34.2836

24.959 10.5839 -33.8396
23.75 8.56391 -36.8706
21.739 9.36691 -40.0186
18.546 7.40191 -40.8146
17.46 6.84791 -44.4816
13.814 7.81991 -43.7366

13.274 11.5969 -43.0886
9.80099 11.0489 -41.5256
11.502 9.18191 -38.6056
14.121 11.9779 -38.1906
11.284 14.6059 -38.0366
9.40399 12.3659 -35.5016
12.582 12.3589 -33.3216
13.056 16.2099 -33.5536

9.35799 16.6849 -32.5356
10.032 14.8379 -29.2516
11.653 18.1179 -27.9866
9.72099 20.6399 -30.1316
6.33699 20.1469 -28.3076
3.79699 22.3209 -26.4246
5.72099 23.2629 -23.2276
9.02899 24.0349 -25.0496
10.258 27.6349 -24.3356
13.78 27.5659 -25.9486
14.883 27.5289 -29.6346

15.505 23.8479 -30.4576
18.995 23.0269 -31.7896
19.257 19.9759 -34.1246
22.818 18.7239 -34.8656
23.322 16.0399 -37.5776
26.742 14.3449 -37.0696
28.275 13.3289 -40.4726

31.664 11.8289 -41.4946
33.365 12.3479 -44.9236
34.471 8.98291 -46.4476
31.448 7.00791 -45.0296
27.776 6.00791 -45.6556

26.764 9.59191 -44.5766
28.083 10.9359 -47.9606
25.303 8.92791 -49.7706
22.604 9.00491 -47.0366
22.568 12.8189 -46.6166
21.757 13.6609 -50.3306
19.172 10.7739 -50.2806
17.463 12.2109 -47.1366
17.476 15.7239 -48.7536
15.783 14.6409 -52.0356
13.182 12.7159 -49.9206
12.34 15.8509 -47.8016
11.98 17.8429 -51.0736
9.50699 15.1979 -52.4386
7.58499 15.4639 -49.1066
7.59999 19.3279 -49.2706
6.37299 19.4119 -52.9406

3.49999 17.0899 -51.8236
2.69999 19.6319 -48.9786
3.77599 17.0309 -46.3346
6.79599 18.9379 -44.8586
7.97099 22.5529 -44.2866
11.429 21.1139 -43.5516
13.903 22.2499 -46.1966
17.343 20.5779 -45.7236
19.228 22.3839 -48.6126

20.234 25.4729 -46.5306
22.282 23.2839 -44.0876
24.629 21.9669 -46.8666
25.48 25.3639 -48.4256

26.745 26.3229 -44.8956
29.23 23.3499 -44.4726

End chain 1
