-13.201 -6.296 -53.957
-10.703 -3.406 -53.291
-9.54 -3.087 -49.639
-11.02 0.322 -48.639
-8.614 1.85 -46.053
-10.787 3.126 -43.162

-9.634 6.195 -41.181
-10.061 4.9 -37.589
-10.286 6.838 -34.306
-12.195 7.103 -30.979
-14.163 9.439 -28.711
-12.619 10.223 -25.263
-14.157 12.207 -22.344

-11.943 15.248 -21.466
-14.301 16.978 -18.949
-17.827 16.65 -17.399
-19.139 18.761 -20.353

-16.752 17.96 -23.312
-15.482 14.956 -25.281
-12.62 14.751 -27.824
-12.437 12.939 -31.204
-8.982 11.264 -31.393
-8.672 10.357 -35.1

-6.282 10.744 -38.079
-6.98 13.557 -40.6
-9.895 13.022 -43.051

-11.208 15.853 -45.293
-14.92 14.856 -45.011
-14.611 14.37 -41.226
-13.015 17.857 -40.827
-15.875 19.254 -42.999
-18.403 17.482 -40.669
-16.559 18.759 -37.515
-16.844 22.341 -38.957

-20.697 21.797 -39.029
-20.861 21.033 -35.24
-22.116 23.933 -33.104
-20.016 23.255 -29.939
-16.791 22.621 -31.971

-13.393 23.436 -30.391
-10.011 22.816 -32.063
-6.805 22.812 -29.99

-3.883 23.919 -32.209
-1.328 22.314 -29.773
-2.753 18.736 -29.691
-4.334 19.137 -33.217

-7.578 17.622 -31.79
-11.313 18.386 -31.995
-13.683 18.544 -28.991
-17.466 19.001 -28.65
-20.131 19.402 -25.91

-21.257 16.038 -24.476
-24.923 16.743 -25.497
-23.731 16.722 -29.178
-22.178 13.179 -28.839
-25.228 11.354 -30.322
-25.57 14.044 -33.093
-21.852 13.682 -34.021
-21.815 9.829 -34.037
-25.045 9.774 -36.128
-23.507 12.176 -38.75
-20.093 10.348 -38.803

-21.793 6.948 -39.527
-22.962 8.546 -42.834
-19.328 9.196 -43.991
-17.677 6.563 -46.261
-14.251 5.2 -45.121

-14.46 6.789 -41.562
-14.765 4.819 -38.279
-15.142 6.964 -35.114
-15.663 4.659 -32.101

-18.218 6.249 -29.657
-17.862 6.903 -25.912
-18.35 3.469 -24.195

-21.794 2.549 -22.772
-20.235 2.829 -19.255
-19.534 6.58 -19.812
-22.964 7.196 -21.431
-24.623 5.531 -18.378
-22.42 7.523 -15.909

-23.028 10.919 -17.654
-26.668 10.153 -18.714
-27.851 13.482 -17.123

-25.214 15.594 -18.963
-26 13.8 -22.296
-29.631 15.147 -21.909

-29.1322 18.8006 -20.8243
-30.46 21.0589 -18.1514
-31.2113 18.9235 -15.2002
-33.8194 17.1873 -13.1658
-34.0276 18.0669 -9.39721
-34.9123 21.2707 -11.1531
-36.4958 23.0928 -14.1667
-38.8333 25.2498 -12.0725
-42.2868 23.9304 -13.032
-46.1196 24.5437 -13.3048
-47.4666 21.2013 -12.1782
-51.1584 20.5338 -11.5536
-54.6937 19.3937 -11.1037
-53.0622 19.1354 -7.75919
-51.3562 22.2568 -6.28294
-54.9724 22.8073 -7.24529
-58.3737 21.0529 -6.50577
-58.1852 19.589 -3.09875
-55.5663 22.2212 -2.32997

-53.4272 25.3446 -1.99538
-51.4112 23.7796 0.820558
-50.8002 20.6399 -1.23159
-49.6147 22.6944 -4.20079
-47.2088 24.6547 -2.00723

-43.5448 23.4667 -2.36623
-43.4938 23.4687 -6.23223
-41.2518 26.2337 -7.64123

-42.9128 28.3387 -10.4642
-41.0378 26.4297 -13.2312
-41.8708 23.0487 -11.5612
-45.6028 24.0537 -11.5502
-45.3688 24.9647 -15.2802
-43.7498 21.5017 -15.8812
-46.5948 19.7217 -13.9832
-49.1698 21.7307 -16.0362
-47.3618 20.8117 -19.3312
-47.2368 17.1057 -18.3422
-51.0028 17.1377 -17.4992
-51.8308 18.9897 -20.7922

-49.7798 16.2917 -22.6992
-52.0208 13.6947 -20.8972
-49.3188 12.3467 -18.4972

-47.1588 10.9997 -21.4012
-43.7628 12.7647 -21.4642
-40.0158 12.6587 -20.9482
-39.1018 15.1877 -18.2062

-35.5008 15.8417 -19.3552
-34.9418 18.8357 -17.0022
-31.3108 19.2517 -15.8502
-29.8548 17.3617 -12.8292
-31.1678 18.6027 -9.44323
-34.0398 20.8157 -10.8532
-36.5128 18.6277 -8.81923

-37.6508 16.0007 -11.3962
-38.8188 13.7277 -8.49323
-41.1698 16.3607 -6.91123
-42.6828 17.1527 -10.3732
-43.0888 13.3847 -11.1372
-44.8268 12.6887 -7.76623
-47.2218 15.6427 -8.42923
-48.0538 14.5017 -12.0322
-48.6528 10.9237 -10.7642
-50.7618 12.1667 -7.76623
-53.0338 14.1777 -10.1492
-53.7068 10.7047 -11.7202
-54.1908 8.93973 -8.24623
-57.6928 7.78973 -9.45723

-55.8568 5.69073 -12.1652
-53.4328 3.77873 -9.81723
-51.7878 1.23373 -9.05723

-48.5808 3.19873 -9.73923
-45.3578 1.50973 -10.9582
-42.0418 3.31873 -10.2302
-38.9388 1.90773 -12.0042
-35.6358 3.28973 -10.6242

-31.8568 2.63073 -10.2412
-31.2228 -0.173267 -7.66023
-29.6628 2.34173 -5.13423
-32.4958 5.00673 -5.02823

-35.5648 2.77873 -4.22423
-35.7018 3.89373 -0.55223
-34.9608 7.54473 -1.59723
-38.1718 7.34273 -3.72123
-40.2208 5.74973 -0.85223
-39.0748 8.56673 1.50177
-39.9158 11.1227 -1.25823
-43.5288 9.75773 -1.46723
-43.8888 9.78673 2.38377
-42.4028 13.3467 2.49577
-44.6298 14.8417 -0.24923

-47.9278 12.8377 0.0127703
-48.6578 12.5967 3.82877
-52.1948 11.4377 2.72077
-50.5708 7.94573 2.17877
-49.8368 5.36173 4.88977

-46.4388 3.54273 4.62977
-48.4448 0.326733 3.85277
-49.5868 1.97973 0.56377

-45.8978 1.83073 -0.65123
-44.3118 -1.47727 -1.73923
-40.4878 -1.39427 -2.14623

-39.5088 -4.46927 -4.19223
-36.1228 -5.65627 -2.85523
-36.0078 -9.19027 -4.41423
-37.2118 -11.1523 -7.49223
-39.5758 -13.1733 -5.15723
-41.5948 -10.1613 -3.91023
-45.1588 -9.27027 -5.06823
-44.8818 -6.32627 -7.52623
-48.6228 -5.45527 -6.95423
-48.7258 -5.51927 -3.10023
-48.9148 -1.68527 -2.69123
-50.8868 1.18073 -4.23223

-47.3948 2.50673 -5.18923
-44.8718 -0.186267 -6.26223
-41.1428 0.748733 -6.42423
-38.8158 -1.65527 -8.34023
-35.3358 -1.64827 -9.93623

-34.4648 -2.09327 -13.6502
-32.5638 -5.36227 -12.8522
-35.6398 -6.89927 -11.1142
-38.1068 -6.12227 -14.0052

-36.7328 -9.06827 -16.0872
-37.0938 -11.4263 -13.0442
-40.6498 -10.0933 -12.3822
-41.8208 -10.1683 -16.0882
-44.5378 -12.7683 -15.1832
-46.0498 -10.1893 -12.7152
-45.7618 -7.24727 -15.2382
-48.8778 -8.78627 -16.9492
-50.9948 -6.80427 -14.4022
-51.9008 -3.49027 -16.1752
-50.1738 -0.588267 -14.3852
-52.0428 2.43173 -15.8672

-49.5108 4.96973 -14.4352
-45.7428 4.34873 -14.7982
-42.8138 6.50173 -13.6252

-39.3238 5.53673 -14.8672
-36.4688 7.40973 -13.1682
-33.1478 7.78173 -15.0762

-34.8728 6.29473 -18.1962
-31.5718 6.43973 -20.1952
-31.0588 2.90473 -18.6832
-33.5808 1.78073 -21.4032

-31.3648 3.21073 -24.2812
-30.6678 -0.262267 -25.8382
-33.7198 -2.33627 -26.9632
-31.8008 -5.70127 -26.8652
-31.1928 -5.46927 -23.0662

-33.3578 -7.62227 -20.7352
-34.3748 -4.47527 -18.7142
-35.6388 -2.76227 -21.9202
-37.3928 -5.94627 -23.2332
-39.2678 -6.25827 -19.8752
-40.1198 -2.49027 -19.5592
-41.2718 -1.70627 -23.1522
-44.5068 -3.87627 -23.2302
-45.7678 -2.13927 -20.0262
-44.8108 1.37473 -21.2912
-46.6998 0.820733 -24.6132

-49.9548 -0.280267 -22.8032
-49.8788 2.00273 -19.6922
-52.1788 5.10473 -19.9312

-49.6328 7.53073 -18.3312
-45.8258 7.29973 -18.8562
-43.5758 9.72373 -16.9372
-39.9518 9.18973 -18.0502
-37.2338 11.1257 -16.1392

-33.5458 11.7117 -17.0462
-30.8048 14.3587 -16.6542
-29.0968 12.9477 -19.7642
-31.8088 11.4247 -22.0592
-29.0698 10.6257 -24.5722
-25.6508 9.69073 -23.1042
-23.6278 9.91973 -26.3832
-25.7668 9.46173 -29.5912

-29.2928 10.0587 -31.1112
-29.9518 6.25073 -31.3282
-30.2088 6.12873 -27.4502
-33.4258 8.27673 -27.6062
-35.4348 5.80073 -29.7552
-36.7108 3.62073 -26.8412
-37.7878 6.75473 -24.8702
-39.5448 8.24073 -27.9852
-41.5658 5.00873 -28.6032
-42.3518 4.72073 -24.8412
-43.9108 8.26373 -24.8232

-45.4138 7.99273 -28.3992
-45.7988 4.27673 -29.4842
-46.9788 5.39573 -33.0072
-43.7418 7.35673 -33.7352
-41.1438 5.41073 -35.8192
-42.7068 1.86173 -35.4562
-39.3828 0.429733 -36.7982

-35.9078 1.62773 -35.6562
-34.5258 1.62473 -39.2592
-36.6728 4.67973 -40.2572
-35.3718 6.61573 -37.1862
-31.7718 5.44773 -37.8952
-31.8348 6.48473 -41.6112
-33.0448 10.0127 -40.6572
-31.2098 10.8267 -37.3692

-28.3168 8.29573 -36.9912
-26.6578 8.77873 -40.4692
-27.3058 5.06973 -41.0852

-24.7288 3.42273 -43.4162
-24.9778 0.0747333 -45.2582

-21.6978 -1.76827 -44.5012
-20.7018 -5.25027 -45.9292
-21.7518 -6.81727 -42.5422

-25.1078 -4.92427 -42.1352
-26.2718 -1.44127 -41.0412
-24.1818 0.983733 -38.9592

-26.1928 3.45473 -36.7652
-23.2618 5.07073 -34.8062
-23.5928 8.39773 -36.6992
-25.8118 11.4847 -36.3532
-27.9398 13.5447 -38.7922
-30.6948 16.2397 -38.8702

-30.2348 16.9567 -35.0952
-32.0658 20.3547 -35.1942
-35.1658 18.5787 -36.6512
-34.8408 15.8647 -33.9472
-34.6598 18.6327 -31.2542
-37.8678 20.2707 -32.6232
-39.7008 16.8757 -32.7322
-38.5888 16.0527 -29.1452
-39.6478 19.4507 -27.6582
-43.0498 19.5007 -29.4712
-44.2268 15.8917 -28.9362
-41.9958 13.8897 -26.4702

-39.8628 15.9477 -24.0862
-39.9208 18.8417 -21.6152
-36.3178 20.0837 -21.0822
-35.0108 23.0847 -19.0932
-31.4358 23.9197 -18.1192

-29.9098 25.4037 -14.8912
-29.2988 28.6077 -16.9132
-33.0538 28.8567 -17.8132
-34.4938 28.4867 -14.2532

-31.6828 28.9817 -11.6312
-29.7218 32.2167 -12.4622
-28.3078 31.9797 -8.86223
-26.3028 28.7117 -9.27823
-22.5038 29.4057 -9.29323
-20.7508 28.6717 -12.6172

-19.0948 25.3017 -13.3602
-15.4788 26.1497 -14.3382
-13.9418 23.2597 -16.3402
-10.2628 22.7617 -17.2872
-7.90077 20.1527 -18.6892
-4.85977 19.4577 -16.4482

-2.04077 17.9037 -18.5032
-0.260767 15.7027 -15.9122
3.45423 15.5217 -16.7222

4.43823 12.2907 -18.6452
8.05323 12.7617 -17.3172

7.01523 10.5697 -14.2952
5.97423 7.78073 -16.7802
9.11223 5.59973 -16.7142

10.6182 4.32673 -20.0122
9.30623 0.708733 -19.4712
5.68423 1.90673 -18.9202
5.96123 4.23673 -21.9812
7.39023 1.39173 -24.1332
4.45223 -0.825267 -22.9482
1.90623 1.90973 -23.9462
3.70323 2.30773 -27.3362
3.61623 -1.51827 -27.7672
-0.156767 -1.82727 -27.0192
-0.844767 1.22473 -29.2872
1.11023 -0.451267 -32.1742
-0.663767 -3.76427 -31.3832
-4.16077 -2.21227 -31.9672
-3.06977 -0.881267 -35.4382

-1.58977 -4.21127 -36.6902
-3.41977 -5.30927 -39.8952
-3.27877 -9.08927 -39.3602
-5.14977 -9.25027 -35.9752
-8.72277 -10.4783 -35.4682

-11.5188 -8.09127 -34.3142
-11.1998 -9.75327 -30.8512
-7.37777 -9.29427 -30.5622
-7.92877 -5.59227 -31.5332
-10.5178 -5.23927 -28.6582
-8.14977 -7.05927 -26.2212
-5.20077 -4.76727 -27.1782
-7.55177 -1.72927 -26.7222
-8.56677 -2.93127 -23.1982
-4.85177 -3.51227 -22.3912
-3.88177 0.00873329 -23.6632
-6.70877 1.54773 -21.5482
-5.75377 -0.401267 -18.3502
-2.02077 0.515733 -18.9172
-3.07077 4.20573 -19.2772
-4.72177 4.01673 -15.8172
-1.56177 2.43573 -14.2482
0.738233 4.99673 -15.9762
-1.26077 7.97073 -14.5302
-1.31377 6.77473 -10.8322
1.97323 8.52773 -9.69523
1.03623 11.9607 -11.1672
-2.64877 11.6057 -10.1272
-1.30777 11.0577 -6.55623
1.16423 14.0007 -6.94323
-1.76277 16.2517 -8.02623
-4.07477 15.0997 -5.13623
-1.26977 15.8677 -2.62523
-0.615767 19.3177 -4.25023
-4.36477 20.1147 -3.77423
-4.23777 19.1037 -0.0492297
-0.912767 20.9687 0.54077

-2.57077 24.0477 -1.14223
-5.05077 24.0327 1.83177
-8.21977 22.7357 0.0407703
-10.9138 21.7827 2.56877
-13.1668 19.4337 0.44477

-12.9478 17.8387 -3.03623
-14.1158 14.7627 -5.00723
-11.7458 12.4007 -6.88223
-13.3318 10.3337 -9.68623

-11.7108 7.17873 -11.1572
-13.0928 3.87773 -12.6342
-10.2148 1.33373 -12.5792

-10.0838 -0.350267 -9.12623
-6.22077 -0.148267 -9.06823
-6.45077 3.70873 -9.31023
-9.05377 3.89373 -6.46623
-6.89277 1.45873 -4.38023
-3.62777 3.44073 -4.93423
-5.30477 6.81973 -4.08823
-6.85777 5.39073 -0.84923
-3.52177 3.75773 0.18077
-1.57977 7.06073 -0.23923
-4.26577 9.07373 1.66877
-4.04777 6.48273 4.53377
-0.185767 6.70673 4.41877

-0.473767 10.5617 4.67477
-3.14177 10.1297 7.47577
-5.71977 12.0897 5.37377
-9.32377 11.4027 6.44277

-11.3268 10.4117 3.33177
-14.4118 8.44373 2.16577
-14.4898 5.72673 -0.55023
-17.4918 4.62573 -2.69423

-17.2258 1.90373 -5.39223
-19.0588 -1.19227 -6.80623
-18.4808 -3.10927 -3.49723
-19.9148 -0.360267 -1.18123
-23.4278 -1.36527 0.00777032
-26.5908 0.730733 -0.64823
-26.9638 1.83873 3.03977

-23.2058 2.48073 3.62677
-23.2148 4.70573 0.45977
-25.7758 7.03773 2.12377
-23.9268 6.98273 5.50777
-20.4908 7.77073 3.89977
-22.2318 10.5397 1.87677
-23.5658 12.0277 5.17677
-20.0888 11.6447 6.82977
-18.4408 13.6607 3.96177
-21.2888 16.2607 4.01177
-21.3628 16.8247 7.82277

-17.7298 16.1617 8.95677
-15.1458 18.9437 8.27077
-12.3428 16.3157 8.72077
-13.1538 14.3117 5.54277
-11.1848 16.2927 2.92177

-11.3268 13.7687 0.00877032
-14.0868 11.5977 -1.47023
-12.6248 8.73573 -3.60023
-15.4808 7.82573 -5.97323
-16.0548 5.29773 -8.76123

-17.3668 7.19373 -11.8622
-19.7958 4.28373 -12.5712
-20.8588 3.43473 -8.97423
-21.3458 7.02873 -7.60723
-23.0678 8.55773 -10.7402
-26.5288 8.08373 -9.05223
-28.5268 9.03973 -5.90123
-25.7598 10.8057 -3.90623
-25.3108 14.5777 -3.22123
-21.8578 16.1207 -2.51223
-22.6948 19.8557 -2.06623
-19.9848 20.1877 0.68677
-17.2008 20.1227 -1.98623
-16.3168 22.9277 -4.48323

-13.8698 20.8507 -6.62523
-14.1788 17.6867 -8.76723
-11.0118 15.9197 -10.0522
-11.3888 13.2867 -12.7962

-8.22877 11.1637 -12.3522
-9.43777 9.14373 -15.3832
-11.4488 9.94673 -18.5312
-14.6418 7.98173 -19.3272
-15.7278 7.42773 -22.9942
-19.3738 8.39973 -22.2492

-19.9138 12.1767 -21.6012
-23.3868 11.6287 -20.0382
-21.6858 9.76173 -17.1182
-19.0668 12.5577 -16.7032
-21.9038 15.1857 -16.5492
-23.7838 12.9457 -14.0142
-20.6058 12.9387 -11.8342
-20.1318 16.7897 -12.0662

-23.8298 17.2647 -11.0482
-23.1558 15.4177 -7.76423
-21.5348 18.6977 -6.49923
-23.4668 21.2197 -8.64423
-26.8508 20.7267 -6.82023
-29.3908 22.9007 -4.93723
-27.4668 23.8427 -1.74023
-24.1588 24.6147 -3.56223
-22.9298 28.2147 -2.84823
-19.4078 28.1457 -4.46123
-18.3048 28.1087 -8.14723

-17.6828 24.4277 -8.97023
-14.1928 23.6067 -10.3022
-13.9308 20.5557 -12.6372
-10.3698 19.3037 -13.3782
-9.86577 16.6197 -16.0902
-6.44577 14.9247 -15.5822
-4.91277 13.9087 -18.9852

-1.52377 12.4087 -20.0072
0.177233 12.9277 -23.4362
1.28323 9.56273 -24.9602
-1.73977 7.58773 -23.5422
-5.41177 6.58773 -24.1682

-6.42377 10.1717 -23.0892
-5.10477 11.5157 -26.4732
-7.88477 9.50773 -28.2832
-10.5838 9.58473 -25.5492
-10.6198 13.3987 -25.1292
-11.4308 14.2407 -28.8432
-14.0158 11.3537 -28.7932
-15.7248 12.7907 -25.6492
-15.7118 16.3037 -27.2662
-17.4048 15.2207 -30.5482
-20.0058 13.2957 -28.4332
-20.8478 16.4307 -26.3142
-21.2078 18.4227 -29.5862
-23.6808 15.7777 -30.9512
-25.6028 16.0437 -27.6192
-25.5878 19.9077 -27.7832
-26.8148 19.9917 -31.4532

-29.6878 17.6697 -30.3362
-30.4878 20.2117 -27.4912
-29.4118 17.6107 -24.8472
-26.3918 19.5177 -23.3712
-25.2168 23.1327 -22.7992
-21.7588 21.6937 -22.0642
-19.2848 22.8297 -24.7092
-15.8448 21.1577 -24.2362
-13.9598 22.9637 -27.1252

-12.9538 26.0527 -25.0432
-10.9058 23.8637 -22.6002
-8.55877 22.5467 -25.3792
-7.70777 25.9437 -26.9382

-6.44277 26.9027 -23.4082
-3.95777 23.9297 -22.9852

End chain 1
