-13.201 -6.296 -53.957
-10.703 -3.406 -53.291
-9.54 -3.087 -49.639
-11.02 0.322 -48.639
-8.614 1.85 -46.053
-10.787 3.126 -43.162

-9.634 6.195 -41.181
-10.061 4.9 -37.589
-10.286 6.838 -34.306
-12.195 7.103 -30.979
-14.163 9.439 -28.711
-12.619 10.223 -25.263
-14.157 12.207 -22.344

-11.943 15.248 -21.466
-14.301 16.978 -18.949
-17.827 16.65 -17.399
-19.139 18.761 -20.353

-16.752 17.96 -23.312
-15.482 14.956 -25.281
-12.62 14.751 -27.824
-12.437 12.939 -31.204
-8.982 11.264 -31.393
-8.672 10.357 -35.1

-6.282 10.744 -38.079
-6.98 13.557 -40.6
-9.895 13.022 -43.051

-11.208 15.853 -45.293
-14.92 14.856 -45.011
-14.611 14.37 -41.226
-13.015 17.857 -40.827
-15.875 19.254 -42.999
-18.403 17.482 -40.669
-16.559 18.759 -37.515
-16.844 22.341 -38.957

-20.697 21.797 -39.029
-20.861 21.033 -35.24
-22.116 23.933 -33.104
-20.016 23.255 -29.939
-16.791 22.621 -31.971

-13.393 23.436 -30.391
-10.011 22.816 -32.063
-6.805 22.812 -29.99

-3.883 23.919 -32.209
-1.328 22.314 -29.773
-2.753 18.736 -29.691
-4.334 19.137 -33.217

-7.578 17.622 -31.79
-11.313 18.386 -31.995
-13.683 18.544 -28.991
-17.466 19.001 -28.65
-20.131 19.402 -25.91

-21.257 16.038 -24.476
-24.923 16.743 -25.497
-23.731 16.722 -29.178
-22.178 13.179 -28.839
-25.228 11.354 -30.322
-25.57 14.044 -33.093
-21.852 13.682 -34.021
-21.815 9.829 -34.037
-25.045 9.774 -36.128
-23.507 12.176 -38.75
-20.093 10.348 -38.803

-21.793 6.948 -39.527
-22.962 8.546 -42.834
-19.328 9.196 -43.991
-17.677 6.563 -46.261
-14.251 5.2 -45.121

-14.46 6.789 -41.562
-14.765 4.819 -38.279
-15.142 6.964 -35.114
-15.663 4.659 -32.101

-18.218 6.249 -29.657
-17.862 6.903 -25.912
-18.35 3.469 -24.195

-21.794 2.549 -22.772
-20.235 2.829 -19.255
-19.534 6.58 -19.812
-22.964 7.196 -21.431
-24.623 5.531 -18.378
-22.42 7.523 -15.909

-23.028 10.919 -17.654
-26.668 10.153 -18.714
-27.851 13.482 -17.123

-25.214 15.594 -18.963
-26 13.8 -22.296
-29.631 15.147 -21.909

-28.3264 18.7897 -21.5134
-28.8178 22.5452 -20.9991
-28.2821 25.8924 -19.4578
-30.3439 28.9372 -18.3162
-30.3661 30.9526 -21.582
-31.6218 27.615 -22.6599
-32.2891 24.0831 -24.0994
-35.4376 22.0803 -24.6888
-33.9585 19.2088 -22.5696
-34.5133 16.7094 -19.7474
-31.4794 18.407 -18.0332
-33.1254 21.7245 -18.0409
-36.842 21.3959 -17.9778
-36.45 18.5951 -15.4407
-39.0999 17.9935 -12.6779
-40.7465 18.2107 -16.0605
-43.6561 16.6251 -14.2921
-45.5765 13.3659 -13.6023
-45.1874 12.9277 -9.84289

-43.2242 11.0704 -7.17096
-46.4233 10.0584 -5.38662
-47.9307 8.75543 -8.62282
-44.8194 6.70077 -9.35814
-44.884 5.17852 -5.87655

-41.22 3.99052 -6.23555
-41.169 3.99252 -10.1016
-38.927 6.75752 -11.5106

-40.588 8.86252 -14.3336
-38.713 6.95352 -17.1006
-39.546 3.57252 -15.4306
-43.278 4.57752 -15.4196
-43.044 5.48852 -19.1496
-41.425 2.02552 -19.7506
-44.27 0.245515 -17.8526
-46.845 2.25452 -19.9056
-45.037 1.33552 -23.2006
-44.912 -2.37048 -22.2116
-48.678 -2.33848 -21.3686
-49.506 -0.486485 -24.6616

-47.455 -3.18448 -26.5686
-49.696 -5.78148 -24.7666
-46.994 -7.12948 -22.3666

-44.834 -8.47648 -25.2706
-41.438 -6.71148 -25.3336
-37.691 -6.81748 -24.8176
-36.777 -4.28848 -22.0756

-33.176 -3.63448 -23.2246
-32.617 -0.640485 -20.8716
-28.986 -0.224485 -19.7196
-27.53 -2.11448 -16.6986
-28.843 -0.873485 -13.3126
-31.715 1.33952 -14.7226
-34.188 -0.848485 -12.6886

-35.326 -3.47548 -15.2656
-36.494 -5.74848 -12.3626
-38.845 -3.11548 -10.7806
-40.358 -2.32348 -14.2426
-40.764 -6.09148 -15.0066
-42.502 -6.78748 -11.6356
-44.897 -3.83348 -12.2986
-45.729 -4.97448 -15.9016
-46.328 -8.55248 -14.6336
-48.437 -7.30948 -11.6356
-50.709 -5.29848 -14.0186
-51.382 -8.77148 -15.5896
-51.866 -10.5365 -12.1156
-55.368 -11.6865 -13.3266

-53.532 -13.7855 -16.0346
-51.108 -15.6975 -13.6866
-49.463 -18.2425 -12.9266

-46.256 -16.2775 -13.6086
-43.033 -17.9665 -14.8276
-39.717 -16.1575 -14.0996
-36.614 -17.5685 -15.8736
-33.311 -16.1865 -14.4936

-29.532 -16.8455 -14.1106
-28.898 -19.6495 -11.5296
-27.338 -17.1345 -9.00355
-30.171 -14.4695 -8.89755

-33.24 -16.6975 -8.09355
-33.377 -15.5825 -4.42155
-32.636 -11.9315 -5.46655
-35.847 -12.1335 -7.59055
-37.896 -13.7265 -4.72155
-36.75 -10.9095 -2.36755
-37.591 -8.35348 -5.12755
-41.204 -9.71848 -5.33655
-41.564 -9.68948 -1.48555
-40.078 -6.12948 -1.37355
-42.305 -4.63448 -4.11855

-45.603 -6.63848 -3.85655
-46.333 -6.87948 -0.0405546
-49.87 -8.03848 -1.14855
-48.246 -11.5305 -1.69055
-47.512 -14.1145 1.02045

-44.114 -15.9335 0.760445
-46.12 -19.1495 -0.0165546
-47.262 -17.4965 -3.30555

-43.573 -17.6455 -4.52055
-41.987 -20.9535 -5.60855
-38.163 -20.8705 -6.01555

-37.184 -23.9455 -8.06155
-33.798 -25.1325 -6.72455
-33.683 -28.6665 -8.28355
-34.887 -30.6285 -11.3616
-37.251 -32.6495 -9.02655
-39.27 -29.6375 -7.77955
-42.834 -28.7465 -8.93755
-42.557 -25.8025 -11.3956
-46.298 -24.9315 -10.8236
-46.401 -24.9955 -6.96955
-46.59 -21.1615 -6.56055
-48.562 -18.2955 -8.10155

-45.07 -16.9695 -9.05855
-42.547 -19.6625 -10.1316
-38.818 -18.7275 -10.2936
-36.491 -21.1315 -12.2096
-33.011 -21.1245 -13.8056

-32.14 -21.5695 -17.5196
-30.239 -24.8385 -16.7216
-33.315 -26.3755 -14.9836
-35.782 -25.5985 -17.8746

-34.408 -28.5445 -19.9566
-34.769 -30.9025 -16.9136
-38.325 -29.5695 -16.2516
-39.496 -29.6445 -19.9576
-42.213 -32.2445 -19.0526
-43.725 -29.6655 -16.5846
-43.437 -26.7235 -19.1076
-46.553 -28.2625 -20.8186
-48.67 -26.2805 -18.2716
-49.576 -22.9665 -20.0446
-47.849 -20.0645 -18.2546
-49.718 -17.0445 -19.7366

-47.186 -14.5065 -18.3046
-43.418 -15.1275 -18.6676
-40.489 -12.9745 -17.4946

-36.999 -13.9395 -18.7366
-34.144 -12.0665 -17.0376
-30.823 -11.6945 -18.9456

-32.548 -13.1815 -22.0656
-29.247 -13.0365 -24.0646
-28.734 -16.5715 -22.5526
-31.256 -17.6955 -25.2726

-29.04 -16.2655 -28.1506
-28.343 -19.7385 -29.7076
-31.395 -21.8125 -30.8326
-29.476 -25.1775 -30.7346
-28.868 -24.9455 -26.9356

-31.033 -27.0985 -24.6046
-32.05 -23.9515 -22.5836
-33.314 -22.2385 -25.7896
-35.068 -25.4225 -27.1026
-36.943 -25.7345 -23.7446
-37.795 -21.9665 -23.4286
-38.947 -21.1825 -27.0216
-42.182 -23.3525 -27.0996
-43.443 -21.6155 -23.8956
-42.486 -18.1015 -25.1606
-44.375 -18.6555 -28.4826

-47.63 -19.7565 -26.6726
-47.554 -17.4735 -23.5616
-49.854 -14.3715 -23.8006

-47.308 -11.9455 -22.2006
-43.501 -12.1765 -22.7256
-41.251 -9.75248 -20.8066
-37.627 -10.2865 -21.9196
-34.909 -8.35048 -20.0086

-31.221 -7.76448 -20.9156
-28.48 -5.11748 -20.5236
-26.772 -6.52848 -23.6336
-29.484 -8.05148 -25.9286
-26.745 -8.85048 -28.4416
-23.326 -9.78548 -26.9736
-21.303 -9.55648 -30.2526
-23.442 -10.0145 -33.4606

-26.968 -9.41748 -34.9806
-27.627 -13.2255 -35.1976
-27.884 -13.3475 -31.3196
-31.101 -11.1995 -31.4756
-33.11 -13.6755 -33.6246
-34.386 -15.8555 -30.7106
-35.463 -12.7215 -28.7396
-37.22 -11.2355 -31.8546
-39.241 -14.4675 -32.4726
-40.027 -14.7555 -28.7106
-41.586 -11.2125 -28.6926

-43.089 -11.4835 -32.2686
-43.474 -15.1995 -33.3536
-44.654 -14.0805 -36.8766
-41.417 -12.1195 -37.6046
-38.819 -14.0655 -39.6886
-40.382 -17.6145 -39.3256
-37.058 -19.0465 -40.6676

-33.583 -17.8485 -39.5256
-32.201 -17.8515 -43.1286
-34.348 -14.7965 -44.1266
-33.047 -12.8605 -41.0556
-29.447 -14.0285 -41.7646
-29.51 -12.9915 -45.4806
-30.72 -9.46348 -44.5266
-28.885 -8.64948 -41.2386

-25.992 -11.1805 -40.8606
-24.333 -10.6975 -44.3386
-24.981 -14.4065 -44.9546

-22.404 -16.0535 -47.2856
-22.653 -19.4015 -49.1276

-19.373 -21.2445 -48.3706
-18.377 -24.7265 -49.7986
-19.427 -26.2935 -46.4116

-22.783 -24.4005 -46.0046
-23.947 -20.9175 -44.9106
-21.857 -18.4925 -42.8286

-23.868 -16.0215 -40.6346
-20.937 -14.4055 -38.6756
-21.268 -11.0785 -40.5686
-23.487 -7.99148 -40.2226
-25.615 -5.93148 -42.6616
-28.37 -3.23648 -42.7396

-27.91 -2.51948 -38.9646
-29.741 0.878515 -39.0636
-32.841 -0.897485 -40.5206
-32.516 -3.61148 -37.8166
-32.335 -0.843485 -35.1236
-35.543 0.794515 -36.4926
-37.376 -2.60048 -36.6016
-36.264 -3.42348 -33.0146
-37.323 -0.0254847 -31.5276
-40.725 0.0245153 -33.3406
-41.902 -3.58448 -32.8056
-39.671 -5.58648 -30.3396

-37.538 -3.52848 -27.9556
-37.596 -0.634485 -25.4846
-33.993 0.607515 -24.9516
-32.686 3.60852 -22.9626
-29.111 4.44352 -21.9886

-27.585 5.92752 -18.7606
-26.974 9.13152 -20.7826
-30.729 9.38052 -21.6826
-32.169 9.01052 -18.1226

-29.358 9.50552 -15.5006
-27.397 12.7405 -16.3316
-25.983 12.5035 -12.7316
-23.978 9.23552 -13.1476
-20.179 9.92952 -13.1626
-18.426 9.19552 -16.4866

-16.77 5.82552 -17.2296
-13.154 6.67352 -18.2076
-11.617 3.78352 -20.2096
-7.93797 3.28552 -21.1566
-5.57597 0.676515 -22.5586
-2.53497 -0.0184847 -20.3176

0.284029 -1.57248 -22.3726
2.06403 -3.77348 -19.7816
5.77903 -3.95448 -20.5916

6.76303 -7.18548 -22.5146
10.378 -6.71448 -21.1866

9.34003 -8.90648 -18.1646
8.29903 -11.6955 -20.6496
11.437 -13.8765 -20.5836

12.943 -15.1495 -23.8816
11.631 -18.7675 -23.3406
8.00903 -17.5695 -22.7896
8.28603 -15.2395 -25.8506
9.71503 -18.0845 -28.0026
6.77703 -20.3015 -26.8176
4.23103 -17.5665 -27.8156
6.02803 -17.1685 -31.2056
5.94103 -20.9945 -31.6366
2.16803 -21.3035 -30.8886
1.48003 -18.2515 -33.1566
3.43503 -19.9275 -36.0436
1.66103 -23.2405 -35.2526
-1.83597 -21.6885 -35.8366
-0.744971 -20.3575 -39.3076

0.735029 -23.6875 -40.5596
-1.09497 -24.7855 -43.7646
-0.953971 -28.5655 -43.2296
-2.82497 -28.7265 -39.8446
-6.39797 -29.9545 -39.3376

-9.19397 -27.5675 -38.1836
-8.87497 -29.2295 -34.7206
-5.05297 -28.7705 -34.4316
-5.60397 -25.0685 -35.4026
-8.19297 -24.7155 -32.5276
-5.82497 -26.5355 -30.0906
-2.87597 -24.2435 -31.0476
-5.22697 -21.2055 -30.5916
-6.24197 -22.4075 -27.0676
-2.52697 -22.9885 -26.2606
-1.55697 -19.4675 -27.5326
-4.38397 -17.9285 -25.4176
-3.42897 -19.8775 -22.2196
0.304029 -18.9605 -22.7866
-0.745971 -15.2705 -23.1466
-2.39697 -15.4595 -19.6866
0.763029 -17.0405 -18.1176
3.06303 -14.4795 -19.8456
1.06403 -11.5055 -18.3996
1.01103 -12.7015 -14.7016
4.29803 -10.9485 -13.5646
3.36103 -7.51548 -15.0366
-0.323971 -7.87048 -13.9966
1.01703 -8.41848 -10.4256
3.48903 -5.47548 -10.8126
0.562029 -3.22448 -11.8956
-1.74997 -4.37648 -9.00555
1.05503 -3.60848 -6.49455
1.70903 -0.158485 -8.11955
-2.03997 0.638515 -7.64355
-1.91297 -0.372485 -3.91855
1.41203 1.49252 -3.32855

-0.245971 4.57152 -5.01155
-2.72597 4.55652 -2.03755
-5.89497 3.25952 -3.82855
-8.58897 2.30652 -1.30055
-10.842 -0.0424847 -3.42455

-10.623 -1.63748 -6.90555
-11.791 -4.71348 -8.87655
-9.42097 -7.07548 -10.7516
-11.007 -9.14248 -13.5556

-9.38597 -12.2975 -15.0266
-10.768 -15.5985 -16.5036
-7.88997 -18.1425 -16.4486

-7.75897 -19.8265 -12.9956
-3.89597 -19.6245 -12.9376
-4.12597 -15.7675 -13.1796
-6.72897 -15.5825 -10.3356
-4.56797 -18.0175 -8.24955
-1.30297 -16.0355 -8.80355
-2.97997 -12.6565 -7.95755
-4.53297 -14.0855 -4.71855
-1.19697 -15.7185 -3.68855
0.745029 -12.4155 -4.10855
-1.94097 -10.4025 -2.20055
-1.72297 -12.9935 0.664445
2.13903 -12.7695 0.549445

1.85103 -8.91448 0.805445
-0.816971 -9.34648 3.60645
-3.39497 -7.38648 1.50445
-6.99897 -8.07348 2.57345

-9.00197 -9.06448 -0.537555
-12.087 -11.0325 -1.70355
-12.165 -13.7495 -4.41955
-15.167 -14.8505 -6.56355

-14.901 -17.5725 -9.26155
-16.734 -20.6685 -10.6756
-16.156 -22.5855 -7.36655
-17.59 -19.8365 -5.05055
-21.103 -20.8415 -3.86155
-24.266 -18.7455 -4.51755
-24.639 -17.6375 -0.829555

-20.881 -16.9955 -0.242555
-20.89 -14.7705 -3.40955
-23.451 -12.4385 -1.74555
-21.602 -12.4935 1.63845
-18.166 -11.7055 0.0304454
-19.907 -8.93648 -1.99255
-21.241 -7.44848 1.30745
-17.764 -7.83148 2.96045
-16.116 -5.81548 0.0924454
-18.964 -3.21548 0.142445
-19.038 -2.65148 3.95345

-15.405 -3.31448 5.08745
-12.821 -0.532485 4.40145
-10.018 -3.16048 4.85145
-10.829 -5.16448 1.67345
-8.85997 -3.18348 -0.947555

-9.00197 -5.70748 -3.86055
-11.762 -7.87848 -5.33955
-10.3 -10.7405 -7.46955
-13.156 -11.6505 -9.84255
-13.73 -14.1785 -12.6306

-15.042 -12.2825 -15.7316
-17.471 -15.1925 -16.4406
-18.534 -16.0415 -12.8436
-19.021 -12.4475 -11.4766
-20.743 -10.9185 -14.6096
-24.204 -11.3925 -12.9216
-26.202 -10.4365 -9.77055
-23.435 -8.67048 -7.77555
-22.986 -4.89848 -7.09055
-19.533 -3.35548 -6.38155
-20.37 0.379515 -5.93555
-17.66 0.711515 -3.18255
-14.876 0.646515 -5.85555
-13.992 3.45152 -8.35255

-11.545 1.37452 -10.4946
-11.854 -1.78948 -12.6366
-8.68697 -3.55648 -13.9216
-9.06397 -6.18948 -16.6656

-5.90397 -8.31248 -16.2216
-7.11297 -10.3325 -19.2526
-9.12397 -9.52948 -22.4006
-12.317 -11.4945 -23.1966
-13.403 -12.0485 -26.8636
-17.049 -11.0765 -26.1186

-17.589 -7.29948 -25.4706
-21.062 -7.84748 -23.9076
-19.361 -9.71448 -20.9876
-16.742 -6.91848 -20.5726
-19.579 -4.29048 -20.4186
-21.459 -6.53048 -17.8836
-18.281 -6.53748 -15.7036
-17.807 -2.68648 -15.9356

-21.505 -2.21148 -14.9176
-20.831 -4.05848 -11.6336
-19.21 -0.778485 -10.3686
-21.142 1.74352 -12.5136
-24.526 1.25052 -10.6896
-27.066 3.42452 -8.80655
-25.142 4.36652 -5.60955
-21.834 5.13852 -7.43155
-20.605 8.73852 -6.71755
-17.083 8.66952 -8.33055
-15.98 8.63252 -12.0166

-15.358 4.95152 -12.8396
-11.868 4.13052 -14.1716
-11.606 1.07952 -16.5066
-8.04497 -0.172485 -17.2476
-7.54097 -2.85648 -19.9596
-4.12097 -4.55148 -19.4516
-2.58797 -5.56748 -22.8546

0.801029 -7.06748 -23.8766
2.50203 -6.54848 -27.3056
3.60803 -9.91348 -28.8296
0.585029 -11.8885 -27.4116
-3.08697 -12.8885 -28.0376

-4.09897 -9.30448 -26.9586
-2.77997 -7.96048 -30.3426
-5.55997 -9.96848 -32.1526
-8.25897 -9.89148 -29.4186
-8.29497 -6.07748 -28.9986
-9.10597 -5.23548 -32.7126
-11.691 -8.12248 -32.6626
-13.4 -6.68548 -29.5186
-13.387 -3.17248 -31.1356
-15.08 -4.25548 -34.4176
-17.681 -6.18048 -32.3026
-18.523 -3.04548 -30.1836
-18.883 -1.05348 -33.4556
-21.356 -3.69848 -34.8206
-23.278 -3.43248 -31.4886
-23.263 0.431515 -31.6526
-24.49 0.515515 -35.3226

-27.363 -1.80648 -34.2056
-28.163 0.735515 -31.3606
-27.087 -1.86548 -28.7166
-24.067 0.0415153 -27.2406
-22.892 3.65652 -26.6686
-19.434 2.21752 -25.9336
-16.96 3.35352 -28.5786
-13.52 1.68152 -28.1056
-11.635 3.48752 -30.9946

-10.629 6.57652 -28.9126
-8.58097 4.38752 -26.4696
-6.23397 3.07052 -29.2486
-5.38297 6.46752 -30.8076

-4.11797 7.42652 -27.2776
-1.63297 4.45352 -26.8546

End chain 1
