-13.201 -6.296 -53.957
-10.703 -3.406 -53.291
-9.54 -3.087 -49.639
-11.02 0.322 -48.639
-8.614 1.85 -46.053
-10.787 3.126 -43.162

-9.634 6.195 -41.181
-10.061 4.9 -37.589
-10.286 6.838 -34.306
-12.195 7.103 -30.979
-14.163 9.439 -28.711
-12.619 10.223 -25.263
-14.157 12.207 -22.344

-11.943 15.248 -21.466
-14.301 16.978 -18.949
-17.827 16.65 -17.399
-19.139 18.761 -20.353

-16.752 17.96 -23.312
-15.482 14.956 -25.281
-12.62 14.751 -27.824
-12.437 12.939 -31.204
-8.982 11.264 -31.393
-8.672 10.357 -35.1

-6.282 10.744 -38.079
-6.98 13.557 -40.6
-9.895 13.022 -43.051

-11.208 15.853 -45.293
-14.92 14.856 -45.011
-14.611 14.37 -41.226
-13.015 17.857 -40.827
-15.875 19.254 -42.999
-18.403 17.482 -40.669
-16.559 18.759 -37.515
-16.844 22.341 -38.957

-20.697 21.797 -39.029
-20.861 21.033 -35.24
-22.116 23.933 -33.104
-20.016 23.255 -29.939
-16.791 22.621 -31.971

-13.393 23.436 -30.391
-10.011 22.816 -32.063
-6.805 22.812 -29.99

-3.883 23.919 -32.209
-1.328 22.314 -29.773
-2.753 18.736 -29.691
-4.334 19.137 -33.217

-7.578 17.622 -31.79
-11.313 18.386 -31.995
-13.683 18.544 -28.991
-17.466 19.001 -28.65
-20.131 19.402 -25.91

-21.257 16.038 -24.476
-24.923 16.743 -25.497
-23.731 16.722 -29.178
-22.178 13.179 -28.839
-25.228 11.354 -30.322
-25.57 14.044 -33.093
-21.852 13.682 -34.021
-21.815 9.829 -34.037
-25.045 9.774 -36.128
-23.507 12.176 -38.75
-20.093 10.348 -38.803

-21.793 6.948 -39.527
-22.962 8.546 -42.834
-19.328 9.196 -43.991
-17.677 6.563 -46.261
-14.251 5.2 -45.121

-14.46 6.789 -41.562
-14.765 4.819 -38.279
-15.142 6.964 -35.114
-15.663 4.659 -32.101

-18.218 6.249 -29.657
-17.862 6.903 -25.912
-18.35 3.469 -24.195

-21.794 2.549 -22.772
-20.235 2.829 -19.255
-19.534 6.58 -19.812
-22.964 7.196 -21.431
-24.623 5.531 -18.378
-22.42 7.523 -15.909

-23.028 10.919 -17.654
-26.668 10.153 -18.714
-27.851 13.482 -17.123

-25.214 15.594 -18.963
-26 13.8 -22.296
-29.631 15.147 -21.909

-28.4379 18.6731 -21.5258
-28.9388 22.3608 -20.9753
-29.3414 26.1205 -20.1656
-30.838 29.5566 -20.6192
-32.3377 33.0307 -21.0597
-32.5062 34.6164 -24.4685
-30.6721 37.701 -23.5369
-33.4106 40.1605 -24.8194
-35.2625 40.7674 -21.4451
-34.6052 44.5717 -21.8295
-31.6317 44.9096 -19.5524
-29.3369 46.2765 -16.7931
-25.9179 47.5842 -17.8188
-24.6264 44.7248 -15.5045
-26.3751 42.1042 -17.6023
-27.9582 38.642 -16.9566
-25.5423 37.0605 -19.5475
-24.1493 35.2821 -22.5432
-22.8399 32.5533 -20.3643

-21.9109 30.328 -17.427
-25.3623 30.7476 -15.8926
-27.0402 29.8376 -19.1789
-24.9075 26.7098 -19.5132
-25.7728 25.6244 -15.9754

-22.1088 24.4364 -16.3344
-22.0578 24.4384 -20.2004
-19.8158 27.2034 -21.6094

-21.4768 29.3084 -24.4324
-19.6018 27.3994 -27.1994
-20.4348 24.0184 -25.5294
-24.1668 25.0234 -25.5184
-23.9328 25.9344 -29.2484
-22.3138 22.4714 -29.8494
-25.1588 20.6914 -27.9514
-27.7338 22.7004 -30.0044
-25.9258 21.7814 -33.2994
-25.8008 18.0754 -32.3104
-29.5668 18.1074 -31.4674
-30.3948 19.9594 -34.7604

-28.3438 17.2614 -36.6674
-30.5848 14.6644 -34.8654
-27.8828 13.3164 -32.4654

-25.7228 11.9694 -35.3694
-22.3268 13.7344 -35.4324
-18.5798 13.6284 -34.9164
-17.6658 16.1574 -32.1744

-14.0648 16.8114 -33.3234
-13.5058 19.8054 -30.9704
-9.87481 20.2214 -29.8184
-8.41881 18.3314 -26.7974
-9.73181 19.5724 -23.4114
-12.6038 21.7854 -24.8214
-15.0768 19.5974 -22.7874

-16.2148 16.9704 -25.3644
-17.3828 14.6974 -22.4614
-19.7338 17.3304 -20.8794
-21.2468 18.1224 -24.3414
-21.6528 14.3544 -25.1054
-23.3908 13.6584 -21.7344
-25.7858 16.6124 -22.3974
-26.6178 15.4714 -26.0004
-27.2168 11.8934 -24.7324
-29.3258 13.1364 -21.7344
-31.5978 15.1474 -24.1174
-32.2708 11.6744 -25.6884
-32.7548 9.90944 -22.2144
-36.2568 8.75944 -23.4254

-34.4208 6.66044 -26.1334
-31.9968 4.74844 -23.7854
-30.3518 2.20344 -23.0254

-27.1448 4.16844 -23.7074
-23.9218 2.47944 -24.9264
-20.6058 4.28844 -24.1984
-17.5028 2.87744 -25.9724
-14.1998 4.25944 -24.5924

-10.4208 3.60044 -24.2094
-9.78681 0.796443 -21.6284
-8.22681 3.31144 -19.1024
-11.0598 5.97644 -18.9964

-14.1288 3.74844 -18.1924
-14.2658 4.86344 -14.5204
-13.5248 8.51444 -15.5654
-16.7358 8.31244 -17.6894
-18.7848 6.71944 -14.8204
-17.6388 9.53644 -12.4664
-18.4798 12.0924 -15.2264
-22.0928 10.7274 -15.4354
-22.4528 10.7564 -11.5844
-20.9668 14.3164 -11.4724
-23.1938 15.8114 -14.2174

-26.4918 13.8074 -13.9554
-27.2218 13.5664 -10.1394
-30.7588 12.4074 -11.2474
-29.1348 8.91544 -11.7894
-28.4008 6.33144 -9.07837

-25.0028 4.51244 -9.33837
-27.0088 1.29644 -10.1154
-28.1508 2.94944 -13.4044

-24.4618 2.80044 -14.6194
-22.8758 -0.507557 -15.7074
-19.0518 -0.424557 -16.1144

-18.0728 -3.49956 -18.1604
-14.6868 -4.68656 -16.8234
-14.5718 -8.22056 -18.3824
-15.7758 -10.1826 -21.4604
-18.1398 -12.2036 -19.1254
-20.1588 -9.19156 -17.8784
-23.7228 -8.30056 -19.0364
-23.4458 -5.35656 -21.4944
-27.1868 -4.48556 -20.9224
-27.2898 -4.54956 -17.0684
-27.4788 -0.715557 -16.6594
-29.4508 2.15044 -18.2004

-25.9588 3.47644 -19.1574
-23.4358 0.783443 -20.2304
-19.7068 1.71844 -20.3924
-17.3798 -0.685557 -22.3084
-13.8998 -0.678557 -23.9044

-13.0288 -1.12356 -27.6184
-11.1278 -4.39256 -26.8204
-14.2038 -5.92956 -25.0824
-16.6708 -5.15256 -27.9734

-15.2968 -8.09856 -30.0554
-15.6578 -10.4566 -27.0124
-19.2138 -9.12356 -26.3504
-20.3848 -9.19856 -30.0564
-23.1018 -11.7986 -29.1514
-24.6138 -9.21956 -26.6834
-24.3258 -6.27756 -29.2064
-27.4418 -7.81656 -30.9174
-29.5588 -5.83456 -28.3704
-30.4648 -2.52056 -30.1434
-28.7378 0.381443 -28.3534
-30.6068 3.40144 -29.8354

-28.0748 5.93944 -28.4034
-24.3068 5.31844 -28.7664
-21.3778 7.47144 -27.5934

-17.8878 6.50644 -28.8354
-15.0328 8.37944 -27.1364
-11.7118 8.75144 -29.0444

-13.4368 7.26444 -32.1644
-10.1358 7.40944 -34.1634
-9.62281 3.87444 -32.6514
-12.1448 2.75044 -35.3714

-9.92881 4.18044 -38.2494
-9.23181 0.707443 -39.8064
-12.2838 -1.36656 -40.9314
-10.3648 -4.73156 -40.8334
-9.75681 -4.49956 -37.0344

-11.9218 -6.65256 -34.7034
-12.9388 -3.50556 -32.6824
-14.2028 -1.79256 -35.8884
-15.9568 -4.97656 -37.2014
-17.8318 -5.28856 -33.8434
-18.6838 -1.52056 -33.5274
-19.8358 -0.736557 -37.1204
-23.0708 -2.90656 -37.1984
-24.3318 -1.16956 -33.9944
-23.3748 2.34444 -35.2594
-25.2638 1.79044 -38.5814

-28.5188 0.689443 -36.7714
-28.4428 2.97244 -33.6604
-30.7428 6.07444 -33.8994

-28.1968 8.50044 -32.2994
-24.3898 8.26944 -32.8244
-22.1398 10.6934 -30.9054
-18.5158 10.1594 -32.0184
-15.7978 12.0954 -30.1074

-12.1098 12.6814 -31.0144
-9.36881 15.3284 -30.6224
-7.66081 13.9174 -33.7324
-10.3728 12.3944 -36.0274
-7.63381 11.5954 -38.5404
-4.21481 10.6604 -37.0724
-2.19181 10.8894 -40.3514
-4.33081 10.4314 -43.5594

-7.85681 11.0284 -45.0794
-8.51581 7.22044 -45.2964
-8.77281 7.09844 -41.4184
-11.9898 9.24644 -41.5744
-13.9988 6.77044 -43.7234
-15.2748 4.59044 -40.8094
-16.3518 7.72444 -38.8384
-18.1088 9.21044 -41.9534
-20.1298 5.97844 -42.5714
-20.9158 5.69044 -38.8094
-22.4748 9.23344 -38.7914

-23.9778 8.96244 -42.3674
-24.3628 5.24644 -43.4524
-25.5428 6.36544 -46.9754
-22.3058 8.32644 -47.7034
-19.7078 6.38044 -49.7874
-21.2708 2.83144 -49.4244
-17.9468 1.39944 -50.7664

-14.4718 2.59744 -49.6244
-13.0898 2.59444 -53.2274
-15.2368 5.64944 -54.2254
-13.9358 7.58544 -51.1544
-10.3358 6.41744 -51.8634
-10.3988 7.45444 -55.5794
-11.6088 10.9824 -54.6254
-9.77381 11.7964 -51.3374

-6.88081 9.26544 -50.9594
-5.22181 9.74844 -54.4374
-5.86981 6.03944 -55.0534

-3.29281 4.39244 -57.3844
-3.54181 1.04444 -59.2264

-0.261812 -0.798557 -58.4694
0.734188 -4.28056 -59.8974
-0.315812 -5.84756 -56.5104

-3.67181 -3.95456 -56.1034
-4.83581 -0.471557 -55.0094
-2.74581 1.95344 -52.9274

-4.75681 4.42444 -50.7334
-1.82581 6.04044 -48.7744
-2.15681 9.36744 -50.6674
-4.37581 12.4544 -50.3214
-6.50381 14.5144 -52.7604
-9.25881 17.2094 -52.8384

-8.79881 17.9264 -49.0634
-10.6298 21.3244 -49.1624
-13.7298 19.5484 -50.6194
-13.4048 16.8344 -47.9154
-13.2238 19.6024 -45.2224
-16.4318 21.2404 -46.5914
-18.2648 17.8454 -46.7004
-17.1528 17.0224 -43.1134
-18.2118 20.4204 -41.6264
-21.6138 20.4704 -43.4394
-22.7908 16.8614 -42.9044
-20.5598 14.8594 -40.4384

-18.4268 16.9174 -38.0544
-18.4848 19.8114 -35.5834
-14.8818 21.0534 -35.0504
-13.5748 24.0544 -33.0614
-9.99981 24.8894 -32.0874

-8.47381 26.3734 -28.8594
-7.86281 29.5774 -30.8814
-11.6178 29.8264 -31.7814
-13.0578 29.4564 -28.2214

-10.2468 29.9514 -25.5994
-8.28581 33.1864 -26.4304
-6.87181 32.9494 -22.8304
-4.86681 29.6814 -23.2464
-1.06781 30.3754 -23.2614
0.685188 29.6414 -26.5854

2.34119 26.2714 -27.3284
5.95719 27.1194 -28.3064
7.49419 24.2294 -30.3084
11.1732 23.7314 -31.2554
13.5352 21.1224 -32.6574
16.5762 20.4274 -30.4164

19.3952 18.8734 -32.4714
21.1752 16.6724 -29.8804
24.8902 16.4914 -30.6904

25.8742 13.2604 -32.6134
29.4892 13.7314 -31.2854

28.4512 11.5394 -28.2634
27.4102 8.75044 -30.7484
30.5482 6.56944 -30.6824

32.0542 5.29644 -33.9804
30.7422 1.67844 -33.4394
27.1202 2.87644 -32.8884
27.3972 5.20644 -35.9494
28.8262 2.36144 -38.1014
25.8882 0.144443 -36.9164
23.3422 2.87944 -37.9144
25.1392 3.27744 -41.3044
25.0522 -0.548557 -41.7354
21.2792 -0.857557 -40.9874
20.5912 2.19444 -43.2554
22.5462 0.518443 -46.1424
20.7722 -2.79456 -45.3514
17.2752 -1.24256 -45.9354
18.3662 0.0884428 -49.4064

19.8462 -3.24156 -50.6584
18.0162 -4.33956 -53.8634
18.1572 -8.11956 -53.3284
16.2862 -8.28056 -49.9434
12.7132 -9.50856 -49.4364

9.91719 -7.12156 -48.2824
10.2362 -8.78356 -44.8194
14.0582 -8.32456 -44.5304
13.5072 -4.62256 -45.5014
10.9182 -4.26956 -42.6264
13.2862 -6.08956 -40.1894
16.2352 -3.79756 -41.1464
13.8842 -0.759557 -40.6904
12.8692 -1.96156 -37.1664
16.5842 -2.54256 -36.3594
17.5542 0.978443 -37.6314
14.7272 2.51744 -35.5164
15.6822 0.568443 -32.3184
19.4152 1.48544 -32.8854
18.3652 5.17544 -33.2454
16.7142 4.98644 -29.7854
19.8742 3.40544 -28.2164
22.1742 5.96644 -29.9444
20.1752 8.94044 -28.4984
20.1222 7.74444 -24.8004
23.4092 9.49744 -23.6634
22.4722 12.9304 -25.1354
18.7872 12.5754 -24.0954
20.1282 12.0274 -20.5244
22.6002 14.9704 -20.9114
19.6732 17.2214 -21.9944
17.3612 16.0694 -19.1044
20.1662 16.8374 -16.5934
20.8202 20.2874 -18.2184
17.0712 21.0844 -17.7424
17.1982 20.0734 -14.0174
20.5232 21.9384 -13.4274

18.8652 25.0174 -15.1104
16.3852 25.0024 -12.1364
13.2162 23.7054 -13.9274
10.5222 22.7524 -11.3994
8.26919 20.4034 -13.5234

8.48819 18.8084 -17.0044
7.32019 15.7324 -18.9754
9.69019 13.3704 -20.8504
8.10419 11.3034 -23.6544

9.72519 8.14844 -25.1254
8.34319 4.84744 -26.6024
11.2212 2.30344 -26.5474

11.3522 0.619443 -23.0944
15.2152 0.821443 -23.0364
14.9852 4.67844 -23.2784
12.3822 4.86344 -20.4344
14.5432 2.42844 -18.3484
17.8082 4.41044 -18.9024
16.1312 7.78944 -18.0564
14.5782 6.36044 -14.8174
17.9142 4.72744 -13.7874
19.8562 8.03044 -14.2074
17.1702 10.0434 -12.2994
17.3882 7.45244 -9.43437
21.2502 7.67644 -9.54937

20.9622 11.5314 -9.29337
18.2942 11.0994 -6.49237
15.7162 13.0594 -8.59437
12.1122 12.3724 -7.52537

10.1092 11.3814 -10.6364
7.02419 9.41344 -11.8024
6.94619 6.69644 -14.5184
3.94419 5.59544 -16.6624

4.21019 2.87344 -19.3604
2.37719 -0.222557 -20.7744
2.95519 -2.13956 -17.4654
1.52119 0.609443 -15.1494
-1.99181 -0.395557 -13.9604
-5.15481 1.70044 -14.6164
-5.52781 2.80844 -10.9284

-1.76981 3.45044 -10.3414
-1.77881 5.67544 -13.5084
-4.33981 8.00744 -11.8444
-2.49081 7.95244 -8.46037
0.945188 8.74044 -10.0684
-0.795812 11.5094 -12.0914
-2.12981 12.9974 -8.79137
1.34719 12.6144 -7.13837
2.99519 14.6304 -10.0064
0.147188 17.2304 -9.95637
0.073188 17.7944 -6.14537

3.70619 17.1314 -5.01137
6.29019 19.9134 -5.69737
9.09319 17.2854 -5.24737
8.28219 15.2814 -8.42537
10.2512 17.2624 -11.0464

10.1092 14.7384 -13.9594
7.34919 12.5674 -15.4384
8.81119 9.70544 -17.5684
5.95519 8.79544 -19.9414
5.38119 6.26744 -22.7294

4.06919 8.16344 -25.8304
1.64019 5.25344 -26.5394
0.577188 4.40444 -22.9424
0.090188 7.99844 -21.5754
-1.63181 9.52744 -24.7084
-5.09281 9.05344 -23.0204
-7.09081 10.0094 -19.8694
-4.32381 11.7754 -17.8744
-3.87481 15.5474 -17.1894
-0.421812 17.0904 -16.4804
-1.25881 20.8254 -16.0344
1.45119 21.1574 -13.2814
4.23519 21.0924 -15.9544
5.11919 23.8974 -18.4514

7.56619 21.8204 -20.5934
7.25719 18.6564 -22.7354
10.4242 16.8894 -24.0204
10.0472 14.2564 -26.7644

13.2072 12.1334 -26.3204
11.9982 10.1134 -29.3514
9.98719 10.9164 -32.4994
6.79419 8.95144 -33.2954
5.70819 8.39744 -36.9624
2.06219 9.36944 -36.2174

1.52219 13.1464 -35.5694
-1.95081 12.5984 -34.0064
-0.249812 10.7314 -31.0864
2.36919 13.5274 -30.6714
-0.467812 16.1554 -30.5174
-2.34781 13.9154 -27.9824
0.830188 13.9084 -25.8024
1.30419 17.7594 -26.0344

-2.39381 18.2344 -25.0164
-1.71981 16.3874 -21.7324
-0.098812 19.6674 -20.4674
-2.03081 22.1894 -22.6124
-5.41481 21.6964 -20.7884
-7.95481 23.8704 -18.9054
-6.03081 24.8124 -15.7084
-2.72281 25.5844 -17.5304
-1.49381 29.1844 -16.8164
2.02819 29.1154 -18.4294
3.13119 29.0784 -22.1154

3.75319 25.3974 -22.9384
7.24319 24.5764 -24.2704
7.50519 21.5254 -26.6054
11.0662 20.2734 -27.3464
11.5702 17.5894 -30.0584
14.9902 15.8944 -29.5504
16.5232 14.8784 -32.9534

19.9122 13.3784 -33.9754
21.6132 13.8974 -37.4044
22.7192 10.5324 -38.9284
19.6962 8.55744 -37.5104
16.0242 7.55744 -38.1364

15.0122 11.1414 -37.0574
16.3312 12.4854 -40.4414
13.5512 10.4774 -42.2514
10.8522 10.5544 -39.5174
10.8162 14.3684 -39.0974
10.0052 15.2104 -42.8114
7.42019 12.3234 -42.7614
5.71119 13.7604 -39.6174
5.72419 17.2734 -41.2344
4.03119 16.1904 -44.5164
1.43019 14.2654 -42.4014
0.588188 17.4004 -40.2824
0.228188 19.3924 -43.5544
-2.24481 16.7474 -44.9194
-4.16681 17.0134 -41.5874
-4.15181 20.8774 -41.7514
-5.37881 20.9614 -45.4214

-8.25181 18.6394 -44.3044
-9.05181 21.1814 -41.4594
-7.97581 18.5804 -38.8154
-4.95581 20.4874 -37.3394
-3.78081 24.1024 -36.7674
-0.322812 22.6634 -36.0324
2.15119 23.7994 -38.6774
5.59119 22.1274 -38.2044
7.47619 23.9334 -41.0934

8.48219 27.0224 -39.0114
10.5302 24.8334 -36.5684
12.8772 23.5164 -39.3474
13.7282 26.9134 -40.9064

14.9932 27.8724 -37.3764
17.4782 24.8994 -36.9534

End chain 1
