-13.201 -6.296 -53.957
-10.703 -3.406 -53.291
-9.54 -3.087 -49.639
-11.02 0.322 -48.639
-8.614 1.85 -46.053
-10.787 3.126 -43.162

-9.634 6.195 -41.181
-10.061 4.9 -37.589
-10.286 6.838 -34.306
-12.195 7.103 -30.979
-14.163 9.439 -28.711
-12.619 10.223 -25.263
-14.157 12.207 -22.344

-11.943 15.248 -21.466
-14.301 16.978 -18.949
-17.827 16.65 -17.399
-19.139 18.761 -20.353

-16.752 17.96 -23.312
-15.482 14.956 -25.281
-12.62 14.751 -27.824
-12.437 12.939 -31.204
-8.982 11.264 -31.393
-8.672 10.357 -35.1

-6.282 10.744 -38.079
-6.98 13.557 -40.6
-9.895 13.022 -43.051

-11.208 15.853 -45.293
-14.92 14.856 -45.011
-14.611 14.37 -41.226
-13.015 17.857 -40.827
-15.875 19.254 -42.999
-18.403 17.482 -40.669
-16.559 18.759 -37.515
-16.844 22.341 -38.957

-20.697 21.797 -39.029
-20.861 21.033 -35.24
-22.116 23.933 -33.104
-20.016 23.255 -29.939
-16.791 22.621 -31.971

-13.393 23.436 -30.391
-10.011 22.816 -32.063
-6.805 22.812 -29.99

-3.883 23.919 -32.209
-1.328 22.314 -29.773
-2.753 18.736 -29.691
-4.334 19.137 -33.217

-7.578 17.622 -31.79
-11.313 18.386 -31.995
-13.683 18.544 -28.991
-17.466 19.001 -28.65
-20.131 19.402 -25.91

-21.257 16.038 -24.476
-24.923 16.743 -25.497
-23.731 16.722 -29.178
-22.178 13.179 -28.839
-25.228 11.354 -30.322
-25.57 14.044 -33.093
-21.852 13.682 -34.021
-21.815 9.829 -34.037
-25.045 9.774 -36.128
-23.507 12.176 -38.75
-20.093 10.348 -38.803

-21.793 6.948 -39.527
-22.962 8.546 -42.834
-19.328 9.196 -43.991
-17.677 6.563 -46.261
-14.251 5.2 -45.121

-14.46 6.789 -41.562
-14.765 4.819 -38.279
-15.142 6.964 -35.114
-15.663 4.659 -32.101

-18.218 6.249 -29.657
-17.862 6.903 -25.912
-18.35 3.469 -24.195

-21.794 2.549 -22.772
-20.235 2.829 -19.255
-19.534 6.58 -19.812
-22.964 7.196 -21.431
-24.623 5.531 -18.378
-22.42 7.523 -15.909

-23.028 10.919 -17.654
-26.668 10.153 -18.714
-27.851 13.482 -17.123

-25.214 15.594 -18.963
-26 13.8 -22.296
-29.631 15.147 -21.909

-29.1506 18.901 -21.8081
-29.4822 22.414 -20.5792
-30.2554 25.5286 -18.6018
-30.8411 29.274 -18.782
-33.6127 28.7489 -16.3478
-36.8314 27.5018 -14.8509
-40.0489 29.1132 -13.7921
-43.448 30.045 -12.1458
-43.6419 26.3602 -12.5507
-42.9242 25.398 -16.2345
-46.0114 23.3846 -17.3194
-47.7222 25.7084 -19.7823
-47.914 23.1928 -22.6731
-45.2799 23.2999 -25.2847
-44.118 19.7439 -24.9154
-45.687 17.2292 -27.3563
-43.5523 19.7955 -29.0445
-41.2831 22.7588 -29.6409
-37.7098 22.216 -30.5134

-34.956 22.878 -27.9793
-35.8034 19.6958 -26.0825
-35.7028 17.6468 -29.2816
-32.3058 19.078 -30.2061
-30.9159 18.2575 -26.7654

-27.2519 17.0695 -27.1244
-27.2009 17.0715 -30.9904
-24.9589 19.8365 -32.3994

-26.6199 21.9415 -35.2224
-24.7449 20.0325 -37.9894
-25.5779 16.6515 -36.3194
-29.3099 17.6565 -36.3084
-29.0759 18.5675 -40.0384
-27.4569 15.1045 -40.6394
-30.3019 13.3245 -38.7414
-32.8769 15.3335 -40.7944
-31.0689 14.4145 -44.0894
-30.9439 10.7085 -43.1004
-34.7099 10.7405 -42.2574
-35.5379 12.5925 -45.5504

-33.4869 9.89453 -47.4574
-35.7279 7.29753 -45.6554
-33.0259 5.94953 -43.2554

-30.8659 4.60253 -46.1594
-27.4699 6.36753 -46.2224
-23.7229 6.26153 -45.7064
-22.8089 8.79053 -42.9644

-19.2079 9.44453 -44.1134
-18.6489 12.4385 -41.7604
-15.0179 12.8545 -40.6084
-13.5619 10.9645 -37.5874
-14.8749 12.2055 -34.2014
-17.7469 14.4185 -35.6114
-20.2199 12.2305 -33.5774

-21.3579 9.60353 -36.1544
-22.5259 7.33053 -33.2514
-24.8769 9.96353 -31.6694
-26.3899 10.7555 -35.1314
-26.7959 6.98753 -35.8954
-28.5339 6.29153 -32.5244
-30.9289 9.24553 -33.1874
-31.7609 8.10453 -36.7904
-32.3599 4.52653 -35.5224
-34.4689 5.76953 -32.5244
-36.7409 7.78053 -34.9074
-37.4139 4.30753 -36.4784
-37.8979 2.54253 -33.0044
-41.3999 1.39253 -34.2154

-39.5639 -0.706465 -36.9234
-37.1399 -2.61847 -34.5754
-35.4949 -5.16347 -33.8154

-32.2879 -3.19847 -34.4974
-29.0649 -4.88747 -35.7164
-25.7489 -3.07847 -34.9884
-22.6459 -4.48947 -36.7624
-19.3429 -3.10747 -35.3824

-15.5639 -3.76647 -34.9994
-14.9299 -6.57047 -32.4184
-13.3699 -4.05547 -29.8924
-16.2029 -1.39047 -29.7864

-19.2719 -3.61847 -28.9824
-19.4089 -2.50347 -25.3104
-18.6679 1.14753 -26.3554
-21.8789 0.945535 -28.4794
-23.9279 -0.647465 -25.6104
-22.7819 2.16953 -23.2564
-23.6229 4.72553 -26.0164
-27.2359 3.36053 -26.2254
-27.5959 3.38953 -22.3744
-26.1099 6.94953 -22.2624
-28.3369 8.44453 -25.0074

-31.6349 6.44053 -24.7454
-32.3649 6.19953 -20.9294
-35.9019 5.04053 -22.0374
-34.2779 1.54853 -22.5794
-33.5439 -1.03547 -19.8684

-30.1459 -2.85447 -20.1284
-32.1519 -6.07047 -20.9054
-33.2939 -4.41747 -24.1944

-29.6049 -4.56647 -25.4094
-28.0189 -7.87447 -26.4974
-24.1949 -7.79147 -26.9044

-23.2159 -10.8665 -28.9504
-19.8299 -12.0535 -27.6134
-19.7149 -15.5875 -29.1724
-20.9189 -17.5495 -32.2504
-23.2829 -19.5705 -29.9154
-25.3019 -16.5585 -28.6684
-28.8659 -15.6675 -29.8264
-28.5889 -12.7235 -32.2844
-32.3299 -11.8525 -31.7124
-32.4329 -11.9165 -27.8584
-32.6219 -8.08247 -27.4494
-34.5939 -5.21647 -28.9904

-31.1019 -3.89047 -29.9474
-28.5789 -6.58347 -31.0204
-24.8499 -5.64847 -31.1824
-22.5229 -8.05247 -33.0984
-19.0429 -8.04547 -34.6944

-18.1719 -8.49047 -38.4084
-16.2709 -11.7595 -37.6104
-19.3469 -13.2965 -35.8724
-21.8139 -12.5195 -38.7634

-20.4399 -15.4655 -40.8454
-20.8009 -17.8235 -37.8024
-24.3569 -16.4905 -37.1404
-25.5279 -16.5655 -40.8464
-28.2449 -19.1655 -39.9414
-29.7569 -16.5865 -37.4734
-29.4689 -13.6445 -39.9964
-32.5849 -15.1835 -41.7074
-34.7019 -13.2015 -39.1604
-35.6079 -9.88747 -40.9334
-33.8809 -6.98547 -39.1434
-35.7499 -3.96547 -40.6254

-33.2179 -1.42747 -39.1934
-29.4499 -2.04847 -39.5564
-26.5209 0.104535 -38.3834

-23.0309 -0.860465 -39.6254
-20.1759 1.01253 -37.9264
-16.8549 1.38453 -39.8344

-18.5799 -0.102465 -42.9544
-15.2789 0.0425346 -44.9534
-14.7659 -3.49247 -43.4414
-17.2879 -4.61647 -46.1614

-15.0719 -3.18647 -49.0394
-14.3749 -6.65947 -50.5964
-17.4269 -8.73347 -51.7214
-15.5079 -12.0985 -51.6234
-14.8999 -11.8665 -47.8244

-17.0649 -14.0195 -45.4934
-18.0819 -10.8725 -43.4724
-19.3459 -9.15947 -46.6784
-21.0999 -12.3435 -47.9914
-22.9749 -12.6555 -44.6334
-23.8269 -8.88747 -44.3174
-24.9789 -8.10347 -47.9104
-28.2139 -10.2735 -47.9884
-29.4749 -8.53647 -44.7844
-28.5179 -5.02247 -46.0494
-30.4069 -5.57647 -49.3714

-33.6619 -6.67747 -47.5614
-33.5859 -4.39447 -44.4504
-35.8859 -1.29247 -44.6894

-33.3399 1.13353 -43.0894
-29.5329 0.902535 -43.6144
-27.2829 3.32653 -41.6954
-23.6589 2.79253 -42.8084
-20.9409 4.72853 -40.8974

-17.2529 5.31453 -41.8044
-14.5119 7.96153 -41.4124
-12.8039 6.55053 -44.5224
-15.5159 5.02753 -46.8174
-12.7769 4.22853 -49.3304
-9.35788 3.29353 -47.8624
-7.33488 3.52253 -51.1414
-9.47388 3.06453 -54.3494

-12.9999 3.66153 -55.8694
-13.6589 -0.146465 -56.0864
-13.9159 -0.268465 -52.2084
-17.1329 1.87953 -52.3644
-19.1419 -0.596465 -54.5134
-20.4179 -2.77647 -51.5994
-21.4949 0.357535 -49.6284
-23.2519 1.84353 -52.7434
-25.2729 -1.38847 -53.3614
-26.0589 -1.67647 -49.5994
-27.6179 1.86653 -49.5814

-29.1209 1.59553 -53.1574
-29.5059 -2.12047 -54.2424
-30.6859 -1.00147 -57.7654
-27.4489 0.959535 -58.4934
-24.8509 -0.986465 -60.5774
-26.4139 -4.53547 -60.2144
-23.0899 -5.96747 -61.5564

-19.6149 -4.76947 -60.4144
-18.2329 -4.77247 -64.0174
-20.3799 -1.71747 -65.0154
-19.0789 0.218535 -61.9444
-15.4789 -0.949465 -62.6534
-15.5419 0.0875346 -66.3694
-16.7519 3.61553 -65.4154
-14.9169 4.42953 -62.1274

-12.0239 1.89853 -61.7494
-10.3649 2.38153 -65.2274
-11.0129 -1.32747 -65.8434

-8.43588 -2.97447 -68.1744
-8.68488 -6.32247 -70.0164

-5.40488 -8.16547 -69.2594
-4.40888 -11.6475 -70.6874
-5.45888 -13.2145 -67.3004

-8.81488 -11.3215 -66.8934
-9.97888 -7.83847 -65.7994
-7.88888 -5.41347 -63.7174

-9.89988 -2.94247 -61.5234
-6.96888 -1.32647 -59.5644
-7.29988 2.00053 -61.4574
-9.51888 5.08753 -61.1114
-11.6469 7.14753 -63.5504
-14.4019 9.84253 -63.6284

-13.9419 10.5595 -59.8534
-15.7729 13.9575 -59.9524
-18.8729 12.1815 -61.4094
-18.5479 9.46753 -58.7054
-18.3669 12.2355 -56.0124
-21.5749 13.8735 -57.3814
-23.4079 10.4785 -57.4904
-22.2959 9.65553 -53.9034
-23.3549 13.0535 -52.4164
-26.7569 13.1035 -54.2294
-27.9339 9.49453 -53.6944
-25.7029 7.49253 -51.2284

-23.5699 9.55053 -48.8444
-23.6279 12.4445 -46.3734
-20.0249 13.6865 -45.8404
-18.7179 16.6875 -43.8514
-15.1429 17.5225 -42.8774

-13.6169 19.0065 -39.6494
-13.0059 22.2105 -41.6714
-16.7609 22.4595 -42.5714
-18.2009 22.0895 -39.0114

-15.3899 22.5845 -36.3894
-13.4289 25.8195 -37.2204
-12.0149 25.5825 -33.6204
-10.0099 22.3145 -34.0364
-6.21088 23.0085 -34.0514
-4.45788 22.2745 -37.3754

-2.80188 18.9045 -38.1184
0.814118 19.7525 -39.0964
2.35112 16.8625 -41.0984
6.03012 16.3645 -42.0454
8.39212 13.7555 -43.4474
11.4331 13.0605 -41.2064

14.2521 11.5065 -43.2614
16.0321 9.30553 -40.6704
19.7471 9.12453 -41.4804

20.7311 5.89353 -43.4034
24.3461 6.36453 -42.0754

23.3081 4.17253 -39.0534
22.2671 1.38353 -41.5384
25.4051 -0.797465 -41.4724

26.9111 -2.07047 -44.7704
25.5991 -5.68847 -44.2294
21.9771 -4.49047 -43.6784
22.2541 -2.16047 -46.7394
23.6831 -5.00547 -48.8914
20.7451 -7.22247 -47.7064
18.1991 -4.48747 -48.7044
19.9961 -4.08947 -52.0944
19.9091 -7.91547 -52.5254
16.1361 -8.22447 -51.7774
15.4481 -5.17247 -54.0454
17.4031 -6.84847 -56.9324
15.6291 -10.1615 -56.1414
12.1321 -8.60947 -56.7254
13.2231 -7.27847 -60.1964

14.7031 -10.6085 -61.4484
12.8731 -11.7065 -64.6534
13.0141 -15.4865 -64.1184
11.1431 -15.6475 -60.7334
7.57012 -16.8755 -60.2264

4.77412 -14.4885 -59.0724
5.09312 -16.1505 -55.6094
8.91512 -15.6915 -55.3204
8.36412 -11.9895 -56.2914
5.77512 -11.6365 -53.4164
8.14312 -13.4565 -50.9794
11.0921 -11.1645 -51.9364
8.74112 -8.12647 -51.4804
7.72612 -9.32847 -47.9564
11.4411 -9.90947 -47.1494
12.4111 -6.38847 -48.4214
9.58412 -4.84947 -46.3064
10.5391 -6.79847 -43.1084
14.2721 -5.88147 -43.6754
13.2221 -2.19147 -44.0354
11.5711 -2.38047 -40.5754
14.7311 -3.96147 -39.0064
17.0311 -1.40047 -40.7344
15.0321 1.57353 -39.2884
14.9791 0.377535 -35.5904
18.2661 2.13053 -34.4534
17.3291 5.56353 -35.9254
13.6441 5.20853 -34.8854
14.9851 4.66053 -31.3144
17.4571 7.60353 -31.7014
14.5301 9.85453 -32.7844
12.2181 8.70253 -29.8944
15.0231 9.47053 -27.3834
15.6771 12.9205 -29.0084
11.9281 13.7175 -28.5324
12.0551 12.7065 -24.8074
15.3801 14.5715 -24.2174

13.7221 17.6505 -25.9004
11.2421 17.6355 -22.9264
8.07312 16.3385 -24.7174
5.37912 15.3855 -22.1894
3.12612 13.0365 -24.3134

3.34512 11.4415 -27.7944
2.17712 8.36553 -29.7654
4.54712 6.00353 -31.6404
2.96112 3.93653 -34.4444

4.58212 0.781535 -35.9154
3.20012 -2.51947 -37.3924
6.07812 -5.06347 -37.3374

6.20912 -6.74747 -33.8844
10.0721 -6.54547 -33.8264
9.84212 -2.68847 -34.0684
7.23912 -2.50347 -31.2244
9.40012 -4.93847 -29.1384
12.6651 -2.95647 -29.6924
10.9881 0.422535 -28.8464
9.43512 -1.00647 -25.6074
12.7711 -2.63947 -24.5774
14.7131 0.663535 -24.9974
12.0271 2.67653 -23.0894
12.2451 0.0855346 -20.2244
16.1071 0.309535 -20.3394

15.8191 4.16453 -20.0834
13.1511 3.73253 -17.2824
10.5731 5.69253 -19.3844
6.96912 5.00553 -18.3154

4.96612 4.01453 -21.4264
1.88112 2.04653 -22.5924
1.80312 -0.670465 -25.3084
-1.19888 -1.77147 -27.4524

-0.932882 -4.49347 -30.1504
-2.76588 -7.58947 -31.5644
-2.18788 -9.50647 -28.2554
-3.62188 -6.75747 -25.9394
-7.13488 -7.76247 -24.7504
-10.2979 -5.66647 -25.4064
-10.6709 -4.55847 -21.7184

-6.91288 -3.91647 -21.1314
-6.92188 -1.69147 -24.2984
-9.48288 0.640535 -22.6344
-7.63388 0.585535 -19.2504
-4.19788 1.37353 -20.8584
-5.93888 4.14253 -22.8814
-7.27288 5.63053 -19.5814
-3.79588 5.24753 -17.9284
-2.14788 7.26353 -20.7964
-4.99588 9.86353 -20.7464
-5.06988 10.4275 -16.9354

-1.43688 9.76453 -15.8014
1.14712 12.5465 -16.4874
3.95012 9.91853 -16.0374
3.13912 7.91453 -19.2154
5.10812 9.89553 -21.8364

4.96612 7.37153 -24.7494
2.20612 5.20053 -26.2284
3.66812 2.33853 -28.3584
0.812118 1.42853 -30.7314
0.238118 -1.09947 -33.5194

-1.07388 0.796535 -36.6204
-3.50288 -2.11347 -37.3294
-4.56588 -2.96247 -33.7324
-5.05288 0.631535 -32.3654
-6.77488 2.16053 -35.4984
-10.2359 1.68653 -33.8104
-12.2339 2.64253 -30.6594
-9.46688 4.40853 -28.6644
-9.01788 8.18053 -27.9794
-5.56488 9.72353 -27.2704
-6.40188 13.4585 -26.8244
-3.69188 13.7905 -24.0714
-0.907882 13.7255 -26.7444
-0.0238821 16.5305 -29.2414

2.42312 14.4535 -31.3834
2.11412 11.2895 -33.5254
5.28112 9.52253 -34.8104
4.90412 6.88953 -37.5544

8.06412 4.76653 -37.1104
6.85512 2.74653 -40.1414
4.84412 3.54953 -43.2894
1.65112 1.58453 -44.0854
0.565118 1.03053 -47.7524
-3.08088 2.00253 -47.0074

-3.62088 5.77953 -46.3594
-7.09388 5.23153 -44.7964
-5.39288 3.36453 -41.8764
-2.77388 6.16053 -41.4614
-5.61088 8.78853 -41.3074
-7.49088 6.54853 -38.7724
-4.31288 6.54153 -36.5924
-3.83888 10.3925 -36.8244

-7.53688 10.8675 -35.8064
-6.86288 9.02053 -32.5224
-5.24188 12.3005 -31.2574
-7.17388 14.8225 -33.4024
-10.5579 14.3295 -31.5784
-13.0979 16.5035 -29.6954
-11.1739 17.4455 -26.4984
-7.86588 18.2175 -28.3204
-6.63688 21.8175 -27.6064
-3.11488 21.7485 -29.2194
-2.01188 21.7115 -32.9054

-1.38988 18.0305 -33.7284
2.10012 17.2095 -35.0604
2.36212 14.1585 -37.3954
5.92312 12.9065 -38.1364
6.42712 10.2225 -40.8484
9.84712 8.52753 -40.3404
11.3801 7.51153 -43.7434

14.7691 6.01153 -44.7654
16.4701 6.53053 -48.1944
17.5761 3.16553 -49.7184
14.5531 1.19053 -48.3004
10.8811 0.190535 -48.9264

9.86912 3.77453 -47.8474
11.1881 5.11853 -51.2314
8.40812 3.11053 -53.0414
5.70912 3.18753 -50.3074
5.67312 7.00153 -49.8874
4.86212 7.84353 -53.6014
2.27712 4.95653 -53.5514
0.568118 6.39353 -50.4074
0.581118 9.90653 -52.0244
-1.11188 8.82353 -55.3064
-3.71288 6.89853 -53.1914
-4.55488 10.0335 -51.0724
-4.91488 12.0255 -54.3444
-7.38788 9.38053 -55.7094
-9.30988 9.64653 -52.3774
-9.29488 13.5105 -52.5414
-10.5219 13.5945 -56.2114

-13.3949 11.2725 -55.0944
-14.1949 13.8145 -52.2494
-13.1189 11.2135 -49.6054
-10.0989 13.1205 -48.1294
-8.92388 16.7355 -47.5574
-5.46588 15.2965 -46.8224
-2.99188 16.4325 -49.4674
0.448118 14.7605 -48.9944
2.33312 16.5665 -51.8834

3.33912 19.6555 -49.8014
5.38712 17.4665 -47.3584
7.73412 16.1495 -50.1374
8.58512 19.5465 -51.6964

9.85012 20.5055 -48.1664
12.3351 17.5325 -47.7434

End chain 1
