-13.201 -6.296 -53.957
-10.703 -3.406 -53.291
-9.54 -3.087 -49.639
-11.02 0.322 -48.639
-8.614 1.85 -46.053
-10.787 3.126 -43.162

-9.634 6.195 -41.181
-10.061 4.9 -37.589
-10.286 6.838 -34.306
-12.195 7.103 -30.979
-14.163 9.439 -28.711
-12.619 10.223 -25.263
-14.157 12.207 -22.344

-11.943 15.248 -21.466
-14.301 16.978 -18.949
-17.827 16.65 -17.399
-19.139 18.761 -20.353

-16.752 17.96 -23.312
-15.482 14.956 -25.281
-12.62 14.751 -27.824
-12.437 12.939 -31.204
-8.982 11.264 -31.393
-8.672 10.357 -35.1

-6.282 10.744 -38.079
-6.98 13.557 -40.6
-9.895 13.022 -43.051

-11.208 15.853 -45.293
-14.92 14.856 -45.011
-14.611 14.37 -41.226
-13.015 17.857 -40.827
-15.875 19.254 -42.999
-18.403 17.482 -40.669
-16.559 18.759 -37.515
-16.844 22.341 -38.957

-20.697 21.797 -39.029
-20.861 21.033 -35.24
-22.116 23.933 -33.104
-20.016 23.255 -29.939
-16.791 22.621 -31.971

-13.393 23.436 -30.391
-10.011 22.816 -32.063
-6.805 22.812 -29.99

-3.883 23.919 -32.209
-1.328 22.314 -29.773
-2.753 18.736 -29.691
-4.334 19.137 -33.217

-7.578 17.622 -31.79
-11.313 18.386 -31.995
-13.683 18.544 -28.991
-17.466 19.001 -28.65
-20.131 19.402 -25.91

-21.257 16.038 -24.476
-24.923 16.743 -25.497
-23.731 16.722 -29.178
-22.178 13.179 -28.839
-25.228 11.354 -30.322
-25.57 14.044 -33.093
-21.852 13.682 -34.021
-21.815 9.829 -34.037
-25.045 9.774 -36.128
-23.507 12.176 -38.75
-20.093 10.348 -38.803

-21.793 6.948 -39.527
-22.962 8.546 -42.834
-19.328 9.196 -43.991
-17.677 6.563 -46.261
-14.251 5.2 -45.121

-14.46 6.789 -41.562
-14.765 4.819 -38.279
-15.142 6.964 -35.114
-15.663 4.659 -32.101

-18.218 6.249 -29.657
-17.862 6.903 -25.912
-18.35 3.469 -24.195

-21.794 2.549 -22.772
-20.235 2.829 -19.255
-19.534 6.58 -19.812
-22.964 7.196 -21.431
-24.623 5.531 -18.378
-22.42 7.523 -15.909

-23.028 10.919 -17.654
-26.668 10.153 -18.714
-27.851 13.482 -17.123

-25.214 15.594 -18.963
-26 13.8 -22.296
-29.631 15.147 -21.909

-28.4781 18.6667 -22.0391
-26.8547 21.9083 -23.0865
-24.8265 25.0625 -23.2216
-27.3693 27.7532 -24.317
-27.2795 30.9595 -26.259
-26.3337 29.342 -29.5701
-28.9599 27.807 -31.9445
-30.7682 30.5601 -30.0456
-32.3828 33.1999 -27.829
-29.4013 34.5892 -29.8815
-27.9654 33.815 -33.2533
-26.2075 32.9808 -36.5997
-26.7828 36.0227 -38.751
-29.6799 36.8847 -40.9624
-31.0331 36.1925 -37.442
-29.1244 38.1246 -34.7314
-29.2792 40.5399 -37.7473
-28.5495 44.1677 -36.66
-24.7476 44.4727 -36.9472

-24.8107 43.1106 -40.4945
-26.0296 39.7236 -39.2756
-28.8135 41.3432 -37.2584
-29.9388 43.3788 -40.2639
-30.032 40.2742 -42.4537

-26.368 39.0862 -42.8127
-26.317 39.0882 -46.6787
-24.075 41.8532 -48.0877

-25.736 43.9582 -50.9107
-23.861 42.0492 -53.6777
-24.694 38.6682 -52.0077
-28.426 39.6732 -51.9967
-28.192 40.5842 -55.7267
-26.573 37.1212 -56.3277
-29.418 35.3412 -54.4297
-31.993 37.3502 -56.4827
-30.185 36.4312 -59.7777
-30.06 32.7252 -58.7887
-33.826 32.7572 -57.9457
-34.654 34.6092 -61.2387

-32.603 31.9112 -63.1457
-34.844 29.3142 -61.3437
-32.142 27.9662 -58.9437

-29.982 26.6192 -61.8477
-26.586 28.3842 -61.9107
-22.839 28.2782 -61.3947
-21.925 30.8072 -58.6527

-18.324 31.4612 -59.8017
-17.765 34.4552 -57.4487
-14.134 34.8712 -56.2967
-12.678 32.9812 -53.2757
-13.991 34.2222 -49.8897
-16.863 36.4352 -51.2997
-19.336 34.2472 -49.2657

-20.474 31.6202 -51.8427
-21.642 29.3472 -48.9397
-23.993 31.9802 -47.3577
-25.506 32.7722 -50.8197
-25.912 29.0042 -51.5837
-27.65 28.3082 -48.2127
-30.045 31.2622 -48.8757
-30.877 30.1212 -52.4787
-31.476 26.5432 -51.2107
-33.585 27.7862 -48.2127
-35.857 29.7972 -50.5957
-36.53 26.3242 -52.1667
-37.014 24.5592 -48.6927
-40.516 23.4092 -49.9037

-38.68 21.3102 -52.6117
-36.256 19.3982 -50.2637
-34.611 16.8532 -49.5037

-31.404 18.8182 -50.1857
-28.181 17.1292 -51.4047
-24.865 18.9382 -50.6767
-21.762 17.5272 -52.4507
-18.459 18.9092 -51.0707

-14.68 18.2502 -50.6877
-14.046 15.4462 -48.1067
-12.486 17.9612 -45.5807
-15.319 20.6262 -45.4747

-18.388 18.3982 -44.6707
-18.525 19.5132 -40.9987
-17.784 23.1642 -42.0437
-20.995 22.9622 -44.1677
-23.044 21.3692 -41.2987
-21.898 24.1862 -38.9447
-22.739 26.7422 -41.7047
-26.352 25.3772 -41.9137
-26.712 25.4062 -38.0627
-25.226 28.9662 -37.9507
-27.453 30.4612 -40.6957

-30.751 28.4572 -40.4337
-31.481 28.2162 -36.6177
-35.018 27.0572 -37.7257
-33.394 23.5652 -38.2677
-32.66 20.9812 -35.5567

-29.262 19.1622 -35.8167
-31.268 15.9462 -36.5937
-32.41 17.5992 -39.8827

-28.721 17.4502 -41.0977
-27.135 14.1422 -42.1857
-23.311 14.2252 -42.5927

-22.332 11.1502 -44.6387
-18.946 9.96321 -43.3017
-18.831 6.42921 -44.8607
-20.035 4.46721 -47.9387
-22.399 2.44621 -45.6037
-24.418 5.45821 -44.3567
-27.982 6.34921 -45.5147
-27.705 9.29321 -47.9727
-31.446 10.1642 -47.4007
-31.549 10.1002 -43.5467
-31.738 13.9342 -43.1377
-33.71 16.8002 -44.6787

-30.218 18.1262 -45.6357
-27.695 15.4332 -46.7087
-23.966 16.3682 -46.8707
-21.639 13.9642 -48.7867
-18.159 13.9712 -50.3827

-17.288 13.5262 -54.0967
-15.387 10.2572 -53.2987
-18.463 8.72021 -51.5607
-20.93 9.49721 -54.4517

-19.556 6.55121 -56.5337
-19.917 4.19321 -53.4907
-23.473 5.52621 -52.8287
-24.644 5.45121 -56.5347
-27.361 2.85121 -55.6297
-28.873 5.43021 -53.1617
-28.585 8.37221 -55.6847
-31.701 6.83321 -57.3957
-33.818 8.81521 -54.8487
-34.724 12.1292 -56.6217
-32.997 15.0312 -54.8317
-34.866 18.0512 -56.3137

-32.334 20.5892 -54.8817
-28.566 19.9682 -55.2447
-25.637 22.1212 -54.0717

-22.147 21.1562 -55.3137
-19.292 23.0292 -53.6147
-15.971 23.4012 -55.5227

-17.696 21.9142 -58.6427
-14.395 22.0592 -60.6417
-13.882 18.5242 -59.1297
-16.404 17.4002 -61.8497

-14.188 18.8302 -64.7277
-13.491 15.3572 -66.2847
-16.543 13.2832 -67.4097
-14.624 9.91821 -67.3117
-14.016 10.1502 -63.5127

-16.181 7.99721 -61.1817
-17.198 11.1442 -59.1607
-18.462 12.8572 -62.3667
-20.216 9.67321 -63.6797
-22.091 9.36121 -60.3217
-22.943 13.1292 -60.0057
-24.095 13.9132 -63.5987
-27.33 11.7432 -63.6767
-28.591 13.4802 -60.4727
-27.634 16.9942 -61.7377
-29.523 16.4402 -65.0597

-32.778 15.3392 -63.2497
-32.702 17.6222 -60.1387
-35.002 20.7242 -60.3777

-32.456 23.1502 -58.7777
-28.649 22.9192 -59.3027
-26.399 25.3432 -57.3837
-22.775 24.8092 -58.4967
-20.057 26.7452 -56.5857

-16.369 27.3312 -57.4927
-13.628 29.9782 -57.1007
-11.92 28.5672 -60.2107
-14.632 27.0442 -62.5057
-11.893 26.2452 -65.0187
-8.47396 25.3102 -63.5507
-6.45096 25.5392 -66.8297
-8.58996 25.0812 -70.0377

-12.116 25.6782 -71.5577
-12.775 21.8702 -71.7747
-13.032 21.7482 -67.8967
-16.249 23.8962 -68.0527
-18.258 21.4202 -70.2017
-19.534 19.2402 -67.2877
-20.611 22.3742 -65.3167
-22.368 23.8602 -68.4317
-24.389 20.6282 -69.0497
-25.175 20.3402 -65.2877
-26.734 23.8832 -65.2697

-28.237 23.6122 -68.8457
-28.622 19.8962 -69.9307
-29.802 21.0152 -73.4537
-26.565 22.9762 -74.1817
-23.967 21.0302 -76.2657
-25.53 17.4812 -75.9027
-22.206 16.0492 -77.2447

-18.731 17.2472 -76.1027
-17.349 17.2442 -79.7057
-19.496 20.2992 -80.7037
-18.195 22.2352 -77.6327
-14.595 21.0672 -78.3417
-14.658 22.1042 -82.0577
-15.868 25.6322 -81.1037
-14.033 26.4462 -77.8157

-11.14 23.9152 -77.4377
-9.48096 24.3982 -80.9157
-10.129 20.6892 -81.5317

-7.55196 19.0422 -83.8627
-7.80096 15.6942 -85.7047

-4.52096 13.8512 -84.9477
-3.52496 10.3692 -86.3757
-4.57496 8.80221 -82.9887

-7.93096 10.6952 -82.5817
-9.09496 14.1782 -81.4877
-7.00496 16.6032 -79.4057

-9.01596 19.0742 -77.2117
-6.08496 20.6902 -75.2527
-6.41596 24.0172 -77.1457
-8.63496 27.1042 -76.7997
-10.763 29.1642 -79.2387
-13.518 31.8592 -79.3167

-13.058 32.5762 -75.5417
-14.889 35.9742 -75.6407
-17.989 34.1982 -77.0977
-17.664 31.4842 -74.3937
-17.483 34.2522 -71.7007
-20.691 35.8902 -73.0697
-22.524 32.4952 -73.1787
-21.412 31.6722 -69.5917
-22.471 35.0702 -68.1047
-25.873 35.1202 -69.9177
-27.05 31.5112 -69.3827
-24.819 29.5092 -66.9167

-22.686 31.5672 -64.5327
-22.744 34.4612 -62.0617
-19.141 35.7032 -61.5287
-17.834 38.7042 -59.5397
-14.259 39.5392 -58.5657

-12.733 41.0232 -55.3377
-12.122 44.2272 -57.3597
-15.877 44.4762 -58.2597
-17.317 44.1062 -54.6997

-14.506 44.6012 -52.0777
-12.545 47.8362 -52.9087
-11.131 47.5992 -49.3087
-9.12596 44.3312 -49.7247
-5.32696 45.0252 -49.7397
-3.57396 44.2912 -53.0637

-1.91796 40.9212 -53.8067
1.69804 41.7692 -54.7847
3.23504 38.8792 -56.7867
6.91404 38.3812 -57.7337
9.27604 35.7722 -59.1357
12.317 35.0772 -56.8947

15.136 33.5232 -58.9497
16.916 31.3222 -56.3587
20.631 31.1412 -57.1687

21.615 27.9102 -59.0917
25.23 28.3812 -57.7637

24.192 26.1892 -54.7417
23.151 23.4002 -57.2267
26.289 21.2192 -57.1607

27.795 19.9462 -60.4587
26.483 16.3282 -59.9177
22.861 17.5262 -59.3667
23.138 19.8562 -62.4277
24.567 17.0112 -64.5797
21.629 14.7942 -63.3947
19.083 17.5292 -64.3927
20.88 17.9272 -67.7827
20.793 14.1012 -68.2137
17.02 13.7922 -67.4657
16.332 16.8442 -69.7337
18.287 15.1682 -72.6207
16.513 11.8552 -71.8297
13.016 13.4072 -72.4137
14.107 14.7382 -75.8847

15.587 11.4082 -77.1367
13.757 10.3102 -80.3417
13.898 6.53021 -79.8067
12.027 6.36921 -76.4217
8.45404 5.14121 -75.9147

5.65804 7.52821 -74.7607
5.97704 5.86621 -71.2977
9.79904 6.32521 -71.0087
9.24804 10.0272 -71.9797
6.65904 10.3802 -69.1047
9.02704 8.56021 -66.6677
11.976 10.8522 -67.6247
9.62504 13.8902 -67.1687
8.61004 12.6882 -63.6447
12.325 12.1072 -62.8377
13.295 15.6282 -64.1097
10.468 17.1672 -61.9947
11.423 15.2182 -58.7967
15.156 16.1352 -59.3637
14.106 19.8252 -59.7237
12.455 19.6362 -56.2637
15.615 18.0552 -54.6947
17.915 20.6162 -56.4227
15.916 23.5902 -54.9767
15.863 22.3942 -51.2787
19.15 24.1472 -50.1417
18.213 27.5802 -51.6137
14.528 27.2252 -50.5737
15.869 26.6772 -47.0027
18.341 29.6202 -47.3897
15.414 31.8712 -48.4727
13.102 30.7192 -45.5827
15.907 31.4872 -43.0717
16.561 34.9372 -44.6967
12.812 35.7342 -44.2207
12.939 34.7232 -40.4957
16.264 36.5882 -39.9057

14.606 39.6672 -41.5887
12.126 39.6522 -38.6147
8.95704 38.3552 -40.4057
6.26304 37.4022 -37.8777
4.01004 35.0532 -40.0017

4.22904 33.4582 -43.4827
3.06104 30.3822 -45.4537
5.43104 28.0202 -47.3287
3.84504 25.9532 -50.1327

5.46604 22.7982 -51.6037
4.08404 19.4972 -53.0807
6.96204 16.9532 -53.0257

7.09304 15.2692 -49.5727
10.956 15.4712 -49.5147
10.726 19.3282 -49.7567
8.12304 19.5132 -46.9127
10.284 17.0782 -44.8267
13.549 19.0602 -45.3807
11.872 22.4392 -44.5347
10.319 21.0102 -41.2957
13.655 19.3772 -40.2657
15.597 22.6802 -40.6857
12.911 24.6932 -38.7777
13.129 22.1022 -35.9127
16.991 22.3262 -36.0277

16.703 26.1812 -35.7717
14.035 25.7492 -32.9707
11.457 27.7092 -35.0727
7.85304 27.0222 -34.0037

5.85004 26.0312 -37.1147
2.76504 24.0632 -38.2807
2.68704 21.3462 -40.9967
-0.314957 20.2452 -43.1407

-0.0489568 17.5232 -45.8387
-1.88196 14.4272 -47.2527
-1.30396 12.5102 -43.9437
-2.73796 15.2592 -41.6277
-6.25096 14.2542 -40.4387
-9.41396 16.3502 -41.0947
-9.78696 17.4582 -37.4067

-6.02896 18.1002 -36.8197
-6.03796 20.3252 -39.9867
-8.59896 22.6572 -38.3227
-6.74996 22.6022 -34.9387
-3.31396 23.3902 -36.5467
-5.05496 26.1592 -38.5697
-6.38896 27.6472 -35.2697
-2.91196 27.2642 -33.6167
-1.26396 29.2802 -36.4847
-4.11196 31.8802 -36.4347
-4.18596 32.4442 -32.6237

-0.552957 31.7812 -31.4897
2.03104 34.5632 -32.1757
4.83404 31.9352 -31.7257
4.02304 29.9312 -34.9037
5.99204 31.9122 -37.5247

5.85004 29.3882 -40.4377
3.09004 27.2172 -41.9167
4.55204 24.3552 -44.0467
1.69604 23.4452 -46.4197
1.12204 20.9172 -49.2077

-0.189957 22.8132 -52.3087
-2.61896 19.9032 -53.0177
-3.68196 19.0542 -49.4207
-4.16896 22.6482 -48.0537
-5.89096 24.1772 -51.1867
-9.35196 23.7032 -49.4987
-11.35 24.6592 -46.3477
-8.58296 26.4252 -44.3527
-8.13396 30.1972 -43.6677
-4.68096 31.7402 -42.9587
-5.51796 35.4752 -42.5127
-2.80796 35.8072 -39.7597
-0.0239568 35.7422 -42.4327
0.860043 38.5472 -44.9297

3.30704 36.4702 -47.0717
2.99804 33.3062 -49.2137
6.16504 31.5392 -50.4987
5.78804 28.9062 -53.2427

8.94804 26.7832 -52.7987
7.73904 24.7632 -55.8297
5.72804 25.5662 -58.9777
2.53504 23.6012 -59.7737
1.44904 23.0472 -63.4407
-2.19696 24.0192 -62.6957

-2.73696 27.7962 -62.0477
-6.20996 27.2482 -60.4847
-4.50896 25.3812 -57.5647
-1.88996 28.1772 -57.1497
-4.72696 30.8052 -56.9957
-6.60696 28.5652 -54.4607
-3.42896 28.5582 -52.2807
-2.95496 32.4092 -52.5127

-6.65296 32.8842 -51.4947
-5.97896 31.0372 -48.2107
-4.35796 34.3172 -46.9457
-6.28996 36.8392 -49.0907
-9.67396 36.3462 -47.2667
-12.214 38.5202 -45.3837
-10.29 39.4622 -42.1867
-6.98196 40.2342 -44.0087
-5.75296 43.8342 -43.2947
-2.23096 43.7652 -44.9077
-1.12796 43.7282 -48.5937

-0.505957 40.0472 -49.4167
2.98404 39.2262 -50.7487
3.24604 36.1752 -53.0837
6.80704 34.9232 -53.8247
7.31104 32.2392 -56.5367
10.731 30.5442 -56.0287
12.264 29.5282 -59.4317

15.653 28.0282 -60.4537
17.354 28.5472 -63.8827
18.46 25.1822 -65.4067
15.437 23.2072 -63.9887
11.765 22.2072 -64.6147

10.753 25.7912 -63.5357
12.072 27.1352 -66.9197
9.29204 25.1272 -68.7297
6.59304 25.2042 -65.9957
6.55704 29.0182 -65.5757
5.74604 29.8602 -69.2897
3.16104 26.9732 -69.2397
1.45204 28.4102 -66.0957
1.46504 31.9232 -67.7127
-0.227957 30.8402 -70.9947
-2.82896 28.9152 -68.8797
-3.67096 32.0502 -66.7607
-4.03096 34.0422 -70.0327
-6.50396 31.3972 -71.3977
-8.42596 31.6632 -68.0657
-8.41096 35.5272 -68.2297
-9.63796 35.6112 -71.8997

-12.511 33.2892 -70.7827
-13.311 35.8312 -67.9377
-12.235 33.2302 -65.2937
-9.21496 35.1372 -63.8177
-8.03996 38.7522 -63.2457
-4.58196 37.3132 -62.5107
-2.10796 38.4492 -65.1557
1.33204 36.7772 -64.6827
3.21704 38.5832 -67.5717

4.22304 41.6722 -65.4897
6.27104 39.4832 -63.0467
8.61804 38.1662 -65.8257
9.46904 41.5632 -67.3847

10.734 42.5222 -63.8547
13.219 39.5492 -63.4317

End chain 1
