-13.201 -6.296 -53.957
-10.703 -3.406 -53.291
-9.54 -3.087 -49.639
-11.02 0.322 -48.639
-8.614 1.85 -46.053
-10.787 3.126 -43.162

-9.634 6.195 -41.181
-10.061 4.9 -37.589
-10.286 6.838 -34.306
-12.195 7.103 -30.979
-14.163 9.439 -28.711
-12.619 10.223 -25.263
-14.157 12.207 -22.344

-11.943 15.248 -21.466
-14.301 16.978 -18.949
-17.827 16.65 -17.399
-19.139 18.761 -20.353

-16.752 17.96 -23.312
-15.482 14.956 -25.281
-12.62 14.751 -27.824
-12.437 12.939 -31.204
-8.982 11.264 -31.393
-8.672 10.357 -35.1

-6.282 10.744 -38.079
-6.98 13.557 -40.6
-9.895 13.022 -43.051

-11.208 15.853 -45.293
-14.92 14.856 -45.011
-14.611 14.37 -41.226
-13.015 17.857 -40.827
-15.875 19.254 -42.999
-18.403 17.482 -40.669
-16.559 18.759 -37.515
-16.844 22.341 -38.957

-20.697 21.797 -39.029
-20.861 21.033 -35.24
-22.116 23.933 -33.104
-20.016 23.255 -29.939
-16.791 22.621 -31.971

-13.393 23.436 -30.391
-10.011 22.816 -32.063
-6.805 22.812 -29.99

-3.883 23.919 -32.209
-1.328 22.314 -29.773
-2.753 18.736 -29.691
-4.334 19.137 -33.217

-7.578 17.622 -31.79
-11.313 18.386 -31.995
-13.683 18.544 -28.991
-17.466 19.001 -28.65
-20.131 19.402 -25.91

-21.257 16.038 -24.476
-24.923 16.743 -25.497
-23.731 16.722 -29.178
-22.178 13.179 -28.839
-25.228 11.354 -30.322
-25.57 14.044 -33.093
-21.852 13.682 -34.021
-21.815 9.829 -34.037
-25.045 9.774 -36.128
-23.507 12.176 -38.75
-20.093 10.348 -38.803

-21.793 6.948 -39.527
-22.962 8.546 -42.834
-19.328 9.196 -43.991
-17.677 6.563 -46.261
-14.251 5.2 -45.121

-14.46 6.789 -41.562
-14.765 4.819 -38.279
-15.142 6.964 -35.114
-15.663 4.659 -32.101

-18.218 6.249 -29.657
-17.862 6.903 -25.912
-18.35 3.469 -24.195

-21.794 2.549 -22.772
-20.235 2.829 -19.255
-19.534 6.58 -19.812
-22.964 7.196 -21.431
-24.623 5.531 -18.378
-22.42 7.523 -15.909

-23.028 10.919 -17.654
-26.668 10.153 -18.714
-27.851 13.482 -17.123

-25.214 15.594 -18.963
-26 13.8 -22.296
-29.631 15.147 -21.909

-28.7618 18.6533 -20.6235
-29.5919 22.1464 -19.6894
-29.9856 25.8741 -18.8237
-31.5342 26.372 -15.3073
-34.871 26.501 -17.2364
-38.3675 25.5074 -18.2755
-37.3492 23.4238 -21.1608
-33.9467 22.1287 -20.0159
-35.3262 18.5669 -19.5142
-38.6414 18.6326 -17.7324
-39.0658 18.3418 -14.0644
-41.596 17.153 -11.5389
-40.6054 14.6284 -14.145
-37.0635 13.7029 -14.8944
-34.738 11.9954 -17.2598
-31.4982 10.1379 -16.1953
-33.2736 6.78477 -16.9939
-30.0672 6.21606 -18.9888
-26.3834 7.25237 -19.3034

-25.9092 9.60671 -22.2487
-23.5438 11.7999 -20.2394
-21.4779 8.78482 -19.198
-21.2072 7.60451 -22.8002
-20.06 11.0429 -23.9424

-16.396 9.85487 -24.3014
-16.345 9.85687 -28.1674
-14.103 12.6219 -29.5764

-15.764 14.7269 -32.3994
-13.889 12.8179 -35.1664
-14.722 9.43687 -33.4964
-18.454 10.4419 -33.4854
-18.22 11.3529 -37.2154
-16.601 7.88987 -37.8164
-19.446 6.10987 -35.9184
-22.021 8.11887 -37.9714
-20.213 7.19987 -41.2664
-20.088 3.49387 -40.2774
-23.854 3.52587 -39.4344
-24.682 5.37787 -42.7274

-22.631 2.67987 -44.6344
-24.872 0.0828738 -42.8324
-22.17 -1.26513 -40.4324

-20.01 -2.61213 -43.3364
-16.614 -0.847126 -43.3994
-12.867 -0.953126 -42.8834
-11.953 1.57587 -40.1414

-8.35195 2.22987 -41.2904
-7.79295 5.22387 -38.9374
-4.16195 5.63987 -37.7854
-2.70595 3.74987 -34.7644
-4.01895 4.99087 -31.3784
-6.89095 7.20387 -32.7884
-9.36395 5.01587 -30.7544

-10.502 2.38887 -33.3314
-11.67 0.115874 -30.4284
-14.021 2.74887 -28.8464
-15.534 3.54087 -32.3084
-15.94 -0.227126 -33.0724
-17.678 -0.923126 -29.7014
-20.073 2.03087 -30.3644
-20.905 0.889874 -33.9674
-21.504 -2.68813 -32.6994
-23.613 -1.44513 -29.7014
-25.885 0.565874 -32.0844
-26.558 -2.90713 -33.6554
-27.042 -4.67213 -30.1814
-30.544 -5.82213 -31.3924

-28.708 -7.92113 -34.1004
-26.284 -9.83313 -31.7524
-24.639 -12.3781 -30.9924

-21.432 -10.4131 -31.6744
-18.209 -12.1021 -32.8934
-14.893 -10.2931 -32.1654
-11.79 -11.7041 -33.9394
-8.48695 -10.3221 -32.5594

-4.70795 -10.9811 -32.1764
-4.07395 -13.7851 -29.5954
-2.51395 -11.2701 -27.0694
-5.34695 -8.60513 -26.9634

-8.41595 -10.8331 -26.1594
-8.55295 -9.71813 -22.4874
-7.81195 -6.06713 -23.5324
-11.023 -6.26913 -25.6564
-13.072 -7.86213 -22.7874
-11.926 -5.04513 -20.4334
-12.767 -2.48913 -23.1934
-16.38 -3.85413 -23.4024
-16.74 -3.82513 -19.5514
-15.254 -0.265126 -19.4394
-17.481 1.22987 -22.1844

-20.779 -0.774126 -21.9224
-21.509 -1.01513 -18.1064
-25.046 -2.17413 -19.2144
-23.422 -5.66613 -19.7564
-22.688 -8.25013 -17.0454

-19.29 -10.0691 -17.3054
-21.296 -13.2851 -18.0824
-22.438 -11.6321 -21.3714

-18.749 -11.7811 -22.5864
-17.163 -15.0891 -23.6744
-13.339 -15.0061 -24.0814

-12.36 -18.0811 -26.1274
-8.97395 -19.2681 -24.7904
-8.85895 -22.8021 -26.3494
-10.063 -24.7641 -29.4274
-12.427 -26.7851 -27.0924
-14.446 -23.7731 -25.8454
-18.01 -22.8821 -27.0034
-17.733 -19.9381 -29.4614
-21.474 -19.0671 -28.8894
-21.577 -19.1311 -25.0354
-21.766 -15.2971 -24.6264
-23.738 -12.4311 -26.1674

-20.246 -11.1051 -27.1244
-17.723 -13.7981 -28.1974
-13.994 -12.8631 -28.3594
-11.667 -15.2671 -30.2754
-8.18695 -15.2601 -31.8714

-7.31595 -15.7051 -35.5854
-5.41495 -18.9741 -34.7874
-8.49095 -20.5111 -33.0494
-10.958 -19.7341 -35.9404

-9.58395 -22.6801 -38.0224
-9.94495 -25.0381 -34.9794
-13.501 -23.7051 -34.3174
-14.672 -23.7801 -38.0234
-17.389 -26.3801 -37.1184
-18.901 -23.8011 -34.6504
-18.613 -20.8591 -37.1734
-21.729 -22.3981 -38.8844
-23.846 -20.4161 -36.3374
-24.752 -17.1021 -38.1104
-23.025 -14.2001 -36.3204
-24.894 -11.1801 -37.8024

-22.362 -8.64213 -36.3704
-18.594 -9.26313 -36.7334
-15.665 -7.11013 -35.5604

-12.175 -8.07513 -36.8024
-9.31995 -6.20213 -35.1034
-5.99895 -5.83013 -37.0114

-7.72395 -7.31713 -40.1314
-4.42295 -7.17213 -42.1304
-3.90995 -10.7071 -40.6184
-6.43195 -11.8311 -43.3384

-4.21595 -10.4011 -46.2164
-3.51895 -13.8741 -47.7734
-6.57095 -15.9481 -48.8984
-4.65195 -19.3131 -48.8004
-4.04395 -19.0811 -45.0014

-6.20895 -21.2341 -42.6704
-7.22595 -18.0871 -40.6494
-8.48995 -16.3741 -43.8554
-10.244 -19.5581 -45.1684
-12.119 -19.8701 -41.8104
-12.971 -16.1021 -41.4944
-14.123 -15.3181 -45.0874
-17.358 -17.4881 -45.1654
-18.619 -15.7511 -41.9614
-17.662 -12.2371 -43.2264
-19.551 -12.7911 -46.5484

-22.806 -13.8921 -44.7384
-22.73 -11.6091 -41.6274
-25.03 -8.50713 -41.8664

-22.484 -6.08113 -40.2664
-18.677 -6.31213 -40.7914
-16.427 -3.88813 -38.8724
-12.803 -4.42213 -39.9854
-10.085 -2.48613 -38.0744

-6.39695 -1.90013 -38.9814
-3.65595 0.746874 -38.5894
-1.94795 -0.664126 -41.6994
-4.65995 -2.18713 -43.9944
-1.92095 -2.98613 -46.5074
1.49805 -3.92113 -45.0394
3.52105 -3.69213 -48.3184
1.38205 -4.15013 -51.5264

-2.14395 -3.55313 -53.0464
-2.80295 -7.36113 -53.2634
-3.05995 -7.48313 -49.3854
-6.27695 -5.33513 -49.5414
-8.28595 -7.81113 -51.6904
-9.56195 -9.99113 -48.7764
-10.639 -6.85713 -46.8054
-12.396 -5.37113 -49.9204
-14.417 -8.60313 -50.5384
-15.203 -8.89113 -46.7764
-16.762 -5.34813 -46.7584

-18.265 -5.61913 -50.3344
-18.65 -9.33513 -51.4194
-19.83 -8.21613 -54.9424
-16.593 -6.25513 -55.6704
-13.995 -8.20113 -57.7544
-15.558 -11.7501 -57.3914
-12.234 -13.1821 -58.7334

-8.75895 -11.9841 -57.5914
-7.37695 -11.9871 -61.1944
-9.52395 -8.93213 -62.1924
-8.22295 -6.99613 -59.1214
-4.62295 -8.16413 -59.8304
-4.68595 -7.12713 -63.5464
-5.89595 -3.59913 -62.5924
-4.06095 -2.78513 -59.3044

-1.16795 -5.31613 -58.9264
0.491048 -4.83313 -62.4044
-0.156952 -8.54213 -63.0204

2.42005 -10.1891 -65.3514
2.17105 -13.5371 -67.1934

5.45105 -15.3801 -66.4364
6.44705 -18.8621 -67.8644
5.39705 -20.4291 -64.4774

2.04105 -18.5361 -64.0704
0.877048 -15.0531 -62.9764
2.96705 -12.6281 -60.8944

0.956048 -10.1571 -58.7004
3.88705 -8.54113 -56.7414
3.55605 -5.21413 -58.6344
1.33705 -2.12713 -58.2884
-0.790952 -0.0671262 -60.7274
-3.54595 2.62787 -60.8054

-3.08595 3.34487 -57.0304
-4.91695 6.74287 -57.1294
-8.01695 4.96687 -58.5864
-7.69195 2.25287 -55.8824
-7.51095 5.02087 -53.1894
-10.719 6.65887 -54.5584
-12.552 3.26387 -54.6674
-11.44 2.44087 -51.0804
-12.499 5.83887 -49.5934
-15.901 5.88887 -51.4064
-17.078 2.27987 -50.8714
-14.847 0.277874 -48.4054

-12.714 2.33587 -46.0214
-12.772 5.22987 -43.5504
-9.16895 6.47187 -43.0174
-7.86195 9.47287 -41.0284
-4.28695 10.3079 -40.0544

-2.76095 11.7919 -36.8264
-2.14995 14.9959 -38.8484
-5.90495 15.2449 -39.7484
-7.34495 14.8749 -36.1884

-4.53395 15.3699 -33.5664
-2.57295 18.6049 -34.3974
-1.15895 18.3679 -30.7974
0.846048 15.0999 -31.2134
4.64505 15.7939 -31.2284
6.39805 15.0599 -34.5524

8.05405 11.6899 -35.2954
11.67 12.5379 -36.2734
13.207 9.64787 -38.2754
16.886 9.14987 -39.2224
19.248 6.54087 -40.6244
22.289 5.84587 -38.3834

25.108 4.29187 -40.4384
26.888 2.09087 -37.8474
30.603 1.90987 -38.6574

31.587 -1.32113 -40.5804
35.202 -0.850126 -39.2524

34.164 -3.04213 -36.2304
33.123 -5.83113 -38.7154
36.261 -8.01213 -38.6494

37.767 -9.28513 -41.9474
36.455 -12.9031 -41.4064
32.833 -11.7051 -40.8554
33.11 -9.37513 -43.9164
34.539 -12.2201 -46.0684
31.601 -14.4371 -44.8834
29.055 -11.7021 -45.8814
30.852 -11.3041 -49.2714
30.765 -15.1301 -49.7024
26.992 -15.4391 -48.9544
26.304 -12.3871 -51.2224
28.259 -14.0631 -54.1094
26.485 -17.3761 -53.3184
22.988 -15.8241 -53.9024
24.079 -14.4931 -57.3734

25.559 -17.8231 -58.6254
23.729 -18.9211 -61.8304
23.87 -22.7011 -61.2954
21.999 -22.8621 -57.9104
18.426 -24.0901 -57.4034

15.63 -21.7031 -56.2494
15.949 -23.3651 -52.7864
19.771 -22.9061 -52.4974
19.22 -19.2041 -53.4684
16.631 -18.8511 -50.5934
18.999 -20.6711 -48.1564
21.948 -18.3791 -49.1134
19.597 -15.3411 -48.6574
18.582 -16.5431 -45.1334
22.297 -17.1241 -44.3264
23.267 -13.6031 -45.5984
20.44 -12.0641 -43.4834
21.395 -14.0131 -40.2854
25.128 -13.0961 -40.8524
24.078 -9.40613 -41.2124
22.427 -9.59513 -37.7524
25.587 -11.1761 -36.1834
27.887 -8.61513 -37.9114
25.888 -5.64113 -36.4654
25.835 -6.83713 -32.7674
29.122 -5.08413 -31.6304
28.185 -1.65113 -33.1024
24.5 -2.00613 -32.0624
25.841 -2.55413 -28.4914
28.313 0.388874 -28.8784
25.386 2.63987 -29.9614
23.074 1.48787 -27.0714
25.879 2.25587 -24.5604
26.533 5.70587 -26.1854
22.784 6.50287 -25.7094
22.911 5.49187 -21.9844
26.236 7.35687 -21.3944

24.578 10.4359 -23.0774
22.098 10.4209 -20.1034
18.929 9.12387 -21.8944
16.235 8.17087 -19.3664
13.982 5.82187 -21.4904

14.201 4.22687 -24.9714
13.033 1.15087 -26.9424
15.403 -1.21113 -28.8174
13.817 -3.27813 -31.6214

15.438 -6.43313 -33.0924
14.056 -9.73413 -34.5694
16.934 -12.2781 -34.5144

17.065 -13.9621 -31.0614
20.928 -13.7601 -31.0034
20.698 -9.90313 -31.2454
18.095 -9.71813 -28.4014
20.256 -12.1531 -26.3154
23.521 -10.1711 -26.8694
21.844 -6.79213 -26.0234
20.291 -8.22113 -22.7844
23.627 -9.85413 -21.7544
25.569 -6.55113 -22.1744
22.883 -4.53813 -20.2664
23.101 -7.12913 -17.4014
26.963 -6.90513 -17.5164

26.675 -3.05013 -17.2604
24.007 -3.48213 -14.4594
21.429 -1.52213 -16.5614
17.825 -2.20913 -15.4924

15.822 -3.20013 -18.6034
12.737 -5.16813 -19.7694
12.659 -7.88513 -22.4854
9.65705 -8.98613 -24.6294

9.92305 -11.7081 -27.3274
8.09005 -14.8041 -28.7414
8.66805 -16.7211 -25.4324
7.23405 -13.9721 -23.1164
3.72105 -14.9771 -21.9274
0.558048 -12.8811 -22.5834
0.185048 -11.7731 -18.8954

3.94305 -11.1311 -18.3084
3.93405 -8.90613 -21.4754
1.37305 -6.57413 -19.8114
3.22205 -6.62913 -16.4274
6.65805 -5.84113 -18.0354
4.91705 -3.07213 -20.0584
3.58305 -1.58413 -16.7584
7.06005 -1.96713 -15.1054
8.70805 0.0488738 -17.9734
5.86005 2.64887 -17.9234
5.78605 3.21287 -14.1124

9.41905 2.54987 -12.9784
12.003 5.33187 -13.6644
14.806 2.70387 -13.2144
13.995 0.699874 -16.3924
15.964 2.68087 -19.0134

15.822 0.156874 -21.9264
13.062 -2.01413 -23.4054
14.524 -4.87613 -25.5354
11.668 -5.78613 -27.9084
11.094 -8.31413 -30.6964

9.78205 -6.41813 -33.7974
7.35305 -9.32813 -34.5064
6.29005 -10.1771 -30.9094
5.80305 -6.58313 -29.5424
4.08105 -5.05413 -32.6754
0.620048 -5.52813 -30.9874
-1.37795 -4.57213 -27.8364
1.38905 -2.80613 -25.8414
1.83805 0.965874 -25.1564
5.29105 2.50887 -24.4474
4.45405 6.24387 -24.0014
7.16405 6.57587 -21.2484
9.94805 6.51087 -23.9214
10.832 9.31587 -26.4184

13.279 7.23887 -28.5604
12.97 4.07487 -30.7024
16.137 2.30787 -31.9874
15.76 -0.325126 -34.7314

18.92 -2.44813 -34.2874
17.711 -4.46813 -37.3184
15.7 -3.66513 -40.4664
12.507 -5.63013 -41.2624
11.421 -6.18413 -44.9294
7.77505 -5.21213 -44.1844

7.23505 -1.43513 -43.5364
3.76205 -1.98313 -41.9734
5.46305 -3.85013 -39.0534
8.08205 -1.05413 -38.6384
5.24505 1.57387 -38.4844
3.36505 -0.666126 -35.9494
6.54305 -0.673126 -33.7694
7.01705 3.17787 -34.0014

3.31905 3.65287 -32.9834
3.99305 1.80587 -29.6994
5.61405 5.08587 -28.4344
3.68205 7.60787 -30.5794
0.298048 7.11487 -28.7554
-2.24195 9.28887 -26.8724
-0.317952 10.2309 -23.6754
2.99005 11.0029 -25.4974
4.21905 14.6029 -24.7834
7.74105 14.5339 -26.3964
8.84405 14.4969 -30.0824

9.46605 10.8159 -30.9054
12.956 9.99487 -32.2374
13.218 6.94387 -34.5724
16.779 5.69187 -35.3134
17.283 3.00787 -38.0254
20.703 1.31287 -37.5174
22.236 0.296874 -40.9204

25.625 -1.20313 -41.9424
27.326 -0.684126 -45.3714
28.432 -4.04913 -46.8954
25.409 -6.02413 -45.4774
21.737 -7.02413 -46.1034

20.725 -3.44013 -45.0244
22.044 -2.09613 -48.4084
19.264 -4.10413 -50.2184
16.565 -4.02713 -47.4844
16.529 -0.213126 -47.0644
15.718 0.628874 -50.7784
13.133 -2.25813 -50.7284
11.424 -0.821126 -47.5844
11.437 2.69187 -49.2014
9.74405 1.60887 -52.4834
7.14305 -0.316126 -50.3684
6.30105 2.81887 -48.2494
5.94105 4.81087 -51.5214
3.46805 2.16587 -52.8864
1.54605 2.43187 -49.5544
1.56105 6.29587 -49.7184
0.334048 6.37987 -53.3884

-2.53895 4.05787 -52.2714
-3.33895 6.59987 -49.4264
-2.26295 3.99887 -46.7824
0.757048 5.90587 -45.3064
1.93205 9.52087 -44.7344
5.39005 8.08187 -43.9994
7.86405 9.21787 -46.6444
11.304 7.54587 -46.1714
13.189 9.35187 -49.0604

14.195 12.4409 -46.9784
16.243 10.2519 -44.5354
18.59 8.93487 -47.3144
19.441 12.3319 -48.8734

20.706 13.2909 -45.3434
23.191 10.3179 -44.9204

End chain 1
