-13.201 -6.296 -53.957
-10.703 -3.406 -53.291
-9.54 -3.087 -49.639
-11.02 0.322 -48.639
-8.614 1.85 -46.053
-10.787 3.126 -43.162

-9.634 6.195 -41.181
-10.061 4.9 -37.589
-10.286 6.838 -34.306
-12.195 7.103 -30.979
-14.163 9.439 -28.711
-12.619 10.223 -25.263
-14.157 12.207 -22.344

-11.943 15.248 -21.466
-14.301 16.978 -18.949
-17.827 16.65 -17.399
-19.139 18.761 -20.353

-16.752 17.96 -23.312
-15.482 14.956 -25.281
-12.62 14.751 -27.824
-12.437 12.939 -31.204
-8.982 11.264 -31.393
-8.672 10.357 -35.1

-6.282 10.744 -38.079
-6.98 13.557 -40.6
-9.895 13.022 -43.051

-11.208 15.853 -45.293
-14.92 14.856 -45.011
-14.611 14.37 -41.226
-13.015 17.857 -40.827
-15.875 19.254 -42.999
-18.403 17.482 -40.669
-16.559 18.759 -37.515
-16.844 22.341 -38.957

-20.697 21.797 -39.029
-20.861 21.033 -35.24
-22.116 23.933 -33.104
-20.016 23.255 -29.939
-16.791 22.621 -31.971

-13.393 23.436 -30.391
-10.011 22.816 -32.063
-6.805 22.812 -29.99

-3.883 23.919 -32.209
-1.328 22.314 -29.773
-2.753 18.736 -29.691
-4.334 19.137 -33.217

-7.578 17.622 -31.79
-11.313 18.386 -31.995
-13.683 18.544 -28.991
-17.466 19.001 -28.65
-20.131 19.402 -25.91

-21.257 16.038 -24.476
-24.923 16.743 -25.497
-23.731 16.722 -29.178
-22.178 13.179 -28.839
-25.228 11.354 -30.322
-25.57 14.044 -33.093
-21.852 13.682 -34.021
-21.815 9.829 -34.037
-25.045 9.774 -36.128
-23.507 12.176 -38.75
-20.093 10.348 -38.803

-21.793 6.948 -39.527
-22.962 8.546 -42.834
-19.328 9.196 -43.991
-17.677 6.563 -46.261
-14.251 5.2 -45.121

-14.46 6.789 -41.562
-14.765 4.819 -38.279
-15.142 6.964 -35.114
-15.663 4.659 -32.101

-18.218 6.249 -29.657
-17.862 6.903 -25.912
-18.35 3.469 -24.195

-21.794 2.549 -22.772
-20.235 2.829 -19.255
-19.534 6.58 -19.812
-22.964 7.196 -21.431
-24.623 5.531 -18.378
-22.42 7.523 -15.909

-23.028 10.919 -17.654
-26.668 10.153 -18.714
-27.851 13.482 -17.123

-25.214 15.594 -18.963
-26 13.8 -22.296
-29.631 15.147 -21.909

-28.4332 18.6818 -21.0892
-28.7098 22.541 -20.8238
-29.7776 26.1828 -21.6955
-32.5507 23.9212 -22.8489
-34.3299 20.6658 -22.6423
-35.218 20.9089 -18.9873
-34.5782 22.0163 -15.3225
-35.9016 20 -12.272
-35.2782 17.7608 -15.2218
-33.4333 16.6474 -18.2785
-34.7021 14.179 -20.9919
-30.9948 12.9767 -21.0802
-28.7467 10.7003 -18.8648
-25.5187 8.62836 -18.3667
-23.8141 11.7653 -17.0849
-23.7868 13.8471 -20.3298
-22.7759 17.5088 -20.2924
-19.7582 16.6561 -22.3982
-21.0947 19.5562 -24.2698

-22.4964 22.5304 -26.1756
-21.1765 24.9515 -23.5604
-17.7153 23.3905 -23.7219
-17.6637 23.6623 -27.5122
-18.6578 27.3272 -27.3597

-14.9938 26.1392 -27.7187
-14.9428 26.1412 -31.5847
-12.7008 28.9062 -32.9937

-14.3618 31.0112 -35.8167
-12.4868 29.1022 -38.5837
-13.3198 25.7212 -36.9137
-17.0518 26.7262 -36.9027
-16.8178 27.6372 -40.6327
-15.1988 24.1742 -41.2337
-18.0438 22.3942 -39.3357
-20.6188 24.4032 -41.3887
-18.8108 23.4842 -44.6837
-18.6858 19.7782 -43.6947
-22.4518 19.8102 -42.8517
-23.2798 21.6622 -46.1447

-21.2288 18.9642 -48.0517
-23.4698 16.3672 -46.2497
-20.7678 15.0192 -43.8497

-18.6078 13.6722 -46.7537
-15.2118 15.4372 -46.8167
-11.4648 15.3312 -46.3007
-10.5508 17.8602 -43.5587

-6.94982 18.5142 -44.7077
-6.39082 21.5082 -42.3547
-2.75982 21.9242 -41.2027
-1.30382 20.0342 -38.1817
-2.61682 21.2752 -34.7957
-5.48882 23.4882 -36.2057
-7.96182 21.3002 -34.1717

-9.09982 18.6732 -36.7487
-10.2678 16.4002 -33.8457
-12.6188 19.0332 -32.2637
-14.1318 19.8252 -35.7257
-14.5378 16.0572 -36.4897
-16.2758 15.3612 -33.1187
-18.6708 18.3152 -33.7817
-19.5028 17.1742 -37.3847
-20.1018 13.5962 -36.1167
-22.2108 14.8392 -33.1187
-24.4828 16.8502 -35.5017
-25.1558 13.3772 -37.0727
-25.6398 11.6122 -33.5987
-29.1418 10.4622 -34.8097

-27.3058 8.36316 -37.5177
-24.8818 6.45116 -35.1697
-23.2368 3.90616 -34.4097

-20.0298 5.87116 -35.0917
-16.8068 4.18216 -36.3107
-13.4908 5.99116 -35.5827
-10.3878 4.58016 -37.3567
-7.08482 5.96216 -35.9767

-3.30582 5.30316 -35.5937
-2.67182 2.49916 -33.0127
-1.11182 5.01416 -30.4867
-3.94482 7.67916 -30.3807

-7.01382 5.45116 -29.5767
-7.15082 6.56616 -25.9047
-6.40982 10.2172 -26.9497
-9.62082 10.0152 -29.0737
-11.6698 8.42216 -26.2047
-10.5238 11.2392 -23.8507
-11.3648 13.7952 -26.6107
-14.9778 12.4302 -26.8197
-15.3378 12.4592 -22.9687
-13.8518 16.0192 -22.8567
-16.0788 17.5142 -25.6017

-19.3768 15.5102 -25.3397
-20.1068 15.2692 -21.5237
-23.6438 14.1102 -22.6317
-22.0198 10.6182 -23.1737
-21.2858 8.03416 -20.4627

-17.8878 6.21516 -20.7227
-19.8938 2.99916 -21.4997
-21.0358 4.65216 -24.7887

-17.3468 4.50316 -26.0037
-15.7608 1.19516 -27.0917
-11.9368 1.27816 -27.4987

-10.9578 -1.79684 -29.5447
-7.57182 -2.98384 -28.2077
-7.45682 -6.51784 -29.7667
-8.66082 -8.47984 -32.8447
-11.0248 -10.5008 -30.5097
-13.0438 -7.48884 -29.2627
-16.6078 -6.59784 -30.4207
-16.3308 -3.65384 -32.8787
-20.0718 -2.78284 -32.3067
-20.1748 -2.84684 -28.4527
-20.3638 0.987157 -28.0437
-22.3358 3.85316 -29.5847

-18.8438 5.17916 -30.5417
-16.3208 2.48616 -31.6147
-12.5918 3.42116 -31.7767
-10.2648 1.01716 -33.6927
-6.78482 1.02416 -35.2887

-5.91382 0.579157 -39.0027
-4.01282 -2.68984 -38.2047
-7.08882 -4.22684 -36.4667
-9.55582 -3.44984 -39.3577

-8.18182 -6.39584 -41.4397
-8.54282 -8.75384 -38.3967
-12.0988 -7.42084 -37.7347
-13.2698 -7.49584 -41.4407
-15.9868 -10.0958 -40.5357
-17.4988 -7.51684 -38.0677
-17.2108 -4.57484 -40.5907
-20.3268 -6.11384 -42.3017
-22.4438 -4.13184 -39.7547
-23.3498 -0.817843 -41.5277
-21.6228 2.08416 -39.7377
-23.4918 5.10416 -41.2197

-20.9598 7.64216 -39.7877
-17.1918 7.02116 -40.1507
-14.2628 9.17416 -38.9777

-10.7728 8.20916 -40.2197
-7.91782 10.0822 -38.5207
-4.59682 10.4542 -40.4287

-6.32182 8.96716 -43.5487
-3.02082 9.11216 -45.5477
-2.50782 5.57716 -44.0357
-5.02982 4.45316 -46.7557

-2.81382 5.88316 -49.6337
-2.11682 2.41016 -51.1907
-5.16882 0.336157 -52.3157
-3.24982 -3.02884 -52.2177
-2.64182 -2.79684 -48.4187

-4.80682 -4.94984 -46.0877
-5.82382 -1.80284 -44.0667
-7.08782 -0.0898429 -47.2727
-8.84182 -3.27384 -48.5857
-10.7168 -3.58584 -45.2277
-11.5688 0.182157 -44.9117
-12.7208 0.966157 -48.5047
-15.9558 -1.20384 -48.5827
-17.2168 0.533157 -45.3787
-16.2598 4.04716 -46.6437
-18.1488 3.49316 -49.9657

-21.4038 2.39216 -48.1557
-21.3278 4.67516 -45.0447
-23.6278 7.77716 -45.2837

-21.0818 10.2032 -43.6837
-17.2748 9.97216 -44.2087
-15.0248 12.3962 -42.2897
-11.4008 11.8622 -43.4027
-8.68282 13.7982 -41.4917

-4.99482 14.3842 -42.3987
-2.25382 17.0312 -42.0067
-0.545818 15.6202 -45.1167
-3.25782 14.0972 -47.4117
-0.518818 13.2982 -49.9247
2.90018 12.3632 -48.4567
4.92318 12.5922 -51.7357
2.78418 12.1342 -54.9437

-0.741818 12.7312 -56.4637
-1.40082 8.92316 -56.6807
-1.65782 8.80116 -52.8027
-4.87482 10.9492 -52.9587
-6.88382 8.47316 -55.1077
-8.15982 6.29316 -52.1937
-9.23682 9.42716 -50.2227
-10.9938 10.9132 -53.3377
-13.0148 7.68116 -53.9557
-13.8008 7.39316 -50.1937
-15.3598 10.9362 -50.1757

-16.8628 10.6652 -53.7517
-17.2478 6.94916 -54.8367
-18.4278 8.06816 -58.3597
-15.1908 10.0292 -59.0877
-12.5928 8.08316 -61.1717
-14.1558 4.53416 -60.8087
-10.8318 3.10216 -62.1507

-7.35682 4.30016 -61.0087
-5.97482 4.29716 -64.6117
-8.12182 7.35216 -65.6097
-6.82082 9.28816 -62.5387
-3.22082 8.12016 -63.2477
-3.28382 9.15716 -66.9637
-4.49382 12.6852 -66.0097
-2.65882 13.4992 -62.7217

0.234182 10.9682 -62.3437
1.89318 11.4512 -65.8217
1.24518 7.74216 -66.4377

3.82218 6.09516 -68.7687
3.57318 2.74716 -70.6107

6.85318 0.904157 -69.8537
7.84918 -2.57784 -71.2817
6.79918 -4.14484 -67.8947

3.44318 -2.25184 -67.4877
2.27918 1.23116 -66.3937
4.36918 3.65616 -64.3117

2.35818 6.12716 -62.1177
5.28918 7.74316 -60.1587
4.95818 11.0702 -62.0517
2.73918 14.1572 -61.7057
0.611182 16.2172 -64.1447
-2.14382 18.9122 -64.2227

-1.68382 19.6292 -60.4477
-3.51482 23.0272 -60.5467
-6.61482 21.2512 -62.0037
-6.28982 18.5372 -59.2997
-6.10882 21.3052 -56.6067
-9.31682 22.9432 -57.9757
-11.1498 19.5482 -58.0847
-10.0378 18.7252 -54.4977
-11.0968 22.1232 -53.0107
-14.4988 22.1732 -54.8237
-15.6758 18.5642 -54.2887
-13.4448 16.5622 -51.8227

-11.3118 18.6202 -49.4387
-11.3698 21.5142 -46.9677
-7.76682 22.7562 -46.4347
-6.45982 25.7572 -44.4457
-2.88482 26.5922 -43.4717

-1.35882 28.0762 -40.2437
-0.747818 31.2802 -42.2657
-4.50282 31.5292 -43.1657
-5.94282 31.1592 -39.6057

-3.13182 31.6542 -36.9837
-1.17082 34.8892 -37.8147
0.243182 34.6522 -34.2147
2.24818 31.3842 -34.6307
6.04718 32.0782 -34.6457
7.80018 31.3442 -37.9697

9.45618 27.9742 -38.7127
13.0722 28.8222 -39.6907
14.6092 25.9322 -41.6927
18.2882 25.4342 -42.6397
20.6502 22.8252 -44.0417
23.6912 22.1302 -41.8007

26.5102 20.5762 -43.8557
28.2902 18.3752 -41.2647
32.0052 18.1942 -42.0747

32.9892 14.9632 -43.9977
36.6042 15.4342 -42.6697

35.5662 13.2422 -39.6477
34.5252 10.4532 -42.1327
37.6632 8.27216 -42.0667

39.1692 6.99916 -45.3647
37.8572 3.38116 -44.8237
34.2352 4.57916 -44.2727
34.5122 6.90916 -47.3337
35.9412 4.06416 -49.4857
33.0032 1.84716 -48.3007
30.4572 4.58216 -49.2987
32.2542 4.98016 -52.6887
32.1672 1.15416 -53.1197
28.3942 0.845157 -52.3717
27.7062 3.89716 -54.6397
29.6612 2.22116 -57.5267
27.8872 -1.09184 -56.7357
24.3902 0.460157 -57.3197
25.4812 1.79116 -60.7907

26.9612 -1.53884 -62.0427
25.1312 -2.63684 -65.2477
25.2722 -6.41684 -64.7127
23.4012 -6.57784 -61.3277
19.8282 -7.80584 -60.8207

17.0322 -5.41884 -59.6667
17.3512 -7.08084 -56.2037
21.1732 -6.62184 -55.9147
20.6222 -2.91984 -56.8857
18.0332 -2.56684 -54.0107
20.4012 -4.38684 -51.5737
23.3502 -2.09484 -52.5307
20.9992 0.943157 -52.0747
19.9842 -0.258843 -48.5507
23.6992 -0.839843 -47.7437
24.6692 2.68116 -49.0157
21.8422 4.22016 -46.9007
22.7972 2.27116 -43.7027
26.5302 3.18816 -44.2697
25.4802 6.87816 -44.6297
23.8292 6.68916 -41.1697
26.9892 5.10816 -39.6007
29.2892 7.66916 -41.3287
27.2902 10.6432 -39.8827
27.2372 9.44716 -36.1847
30.5242 11.2002 -35.0477
29.5872 14.6332 -36.5197
25.9022 14.2782 -35.4797
27.2432 13.7302 -31.9087
29.7152 16.6732 -32.2957
26.7882 18.9242 -33.3787
24.4762 17.7722 -30.4887
27.2812 18.5402 -27.9777
27.9352 21.9902 -29.6027
24.1862 22.7872 -29.1267
24.3132 21.7762 -25.4017
27.6382 23.6412 -24.8117

25.9802 26.7202 -26.4947
23.5002 26.7052 -23.5207
20.3312 25.4082 -25.3117
17.6372 24.4552 -22.7837
15.3842 22.1062 -24.9077

15.6032 20.5112 -28.3887
14.4352 17.4352 -30.3597
16.8052 15.0732 -32.2347
15.2192 13.0062 -35.0387

16.8402 9.85116 -36.5097
15.4582 6.55016 -37.9867
18.3362 4.00616 -37.9317

18.4672 2.32216 -34.4787
22.3302 2.52416 -34.4207
22.1002 6.38116 -34.6627
19.4972 6.56616 -31.8187
21.6582 4.13116 -29.7327
24.9232 6.11316 -30.2867
23.2462 9.49216 -29.4407
21.6932 8.06316 -26.2017
25.0292 6.43016 -25.1717
26.9712 9.73316 -25.5917
24.2852 11.7462 -23.6837
24.5032 9.15516 -20.8187
28.3652 9.37916 -20.9337

28.0772 13.2342 -20.6777
25.4092 12.8022 -17.8767
22.8312 14.7622 -19.9787
19.2272 14.0752 -18.9097

17.2242 13.0842 -22.0207
14.1392 11.1162 -23.1867
14.0612 8.39916 -25.9027
11.0592 7.29816 -28.0467

11.3252 4.57616 -30.7447
9.49218 1.48016 -32.1587
10.0702 -0.436843 -28.8497
8.63618 2.31216 -26.5337
5.12318 1.30716 -25.3447
1.96018 3.40316 -26.0007
1.58718 4.51116 -22.3127

5.34518 5.15316 -21.7257
5.33618 7.37816 -24.8927
2.77518 9.71016 -23.2287
4.62418 9.65516 -19.8447
8.06018 10.4432 -21.4527
6.31918 13.2122 -23.4757
4.98518 14.7002 -20.1757
8.46218 14.3172 -18.5227
10.1102 16.3332 -21.3907
7.26218 18.9332 -21.3407
7.18818 19.4972 -17.5297

10.8212 18.8342 -16.3957
13.4052 21.6162 -17.0817
16.2082 18.9882 -16.6317
15.3972 16.9842 -19.8097
17.3662 18.9652 -22.4307

17.2242 16.4412 -25.3437
14.4642 14.2702 -26.8227
15.9262 11.4082 -28.9527
13.0702 10.4982 -31.3257
12.4962 7.97016 -34.1137

11.1842 9.86616 -37.2147
8.75518 6.95616 -37.9237
7.69218 6.10716 -34.3267
7.20518 9.70116 -32.9597
5.48318 11.2302 -36.0927
2.02218 10.7562 -34.4047
0.024182 11.7122 -31.2537
2.79118 13.4782 -29.2587
3.24018 17.2502 -28.5737
6.69318 18.7932 -27.8647
5.85618 22.5282 -27.4187
8.56618 22.8602 -24.6657
11.3502 22.7952 -27.3387
12.2342 25.6002 -29.8357

14.6812 23.5232 -31.9777
14.3722 20.3592 -34.1197
17.5392 18.5922 -35.4047
17.1622 15.9592 -38.1487

20.3222 13.8362 -37.7047
19.1132 11.8162 -40.7357
17.1022 12.6192 -43.8837
13.9092 10.6542 -44.6797
12.8232 10.1002 -48.3467
9.17718 11.0722 -47.6017

8.63718 14.8492 -46.9537
5.16418 14.3012 -45.3907
6.86518 12.4342 -42.4707
9.48418 15.2302 -42.0557
6.64718 17.8582 -41.9017
4.76718 15.6182 -39.3667
7.94518 15.6112 -37.1867
8.41918 19.4622 -37.4187

4.72118 19.9372 -36.4007
5.39518 18.0902 -33.1167
7.01618 21.3702 -31.8517
5.08418 23.8922 -33.9967
1.70018 23.3992 -32.1727
-0.839818 25.5732 -30.2897
1.08418 26.5152 -27.0927
4.39218 27.2872 -28.9147
5.62118 30.8872 -28.2007
9.14318 30.8182 -29.8137
10.2462 30.7812 -33.4997

10.8682 27.1002 -34.3227
14.3582 26.2792 -35.6547
14.6202 23.2282 -37.9897
18.1812 21.9762 -38.7307
18.6852 19.2922 -41.4427
22.1052 17.5972 -40.9347
23.6382 16.5812 -44.3377

27.0272 15.0812 -45.3597
28.7282 15.6002 -48.7887
29.8342 12.2352 -50.3127
26.8112 10.2602 -48.8947
23.1392 9.26016 -49.5207

22.1272 12.8442 -48.4417
23.4462 14.1882 -51.8257
20.6662 12.1802 -53.6357
17.9672 12.2572 -50.9017
17.9312 16.0712 -50.4817
17.1202 16.9132 -54.1957
14.5352 14.0262 -54.1457
12.8262 15.4632 -51.0017
12.8392 18.9762 -52.6187
11.1462 17.8932 -55.9007
8.54518 15.9682 -53.7857
7.70318 19.1032 -51.6667
7.34318 21.0952 -54.9387
4.87018 18.4502 -56.3037
2.94818 18.7162 -52.9717
2.96318 22.5802 -53.1357
1.73618 22.6642 -56.8057

-1.13682 20.3422 -55.6887
-1.93682 22.8842 -52.8437
-0.860818 20.2832 -50.1997
2.15918 22.1902 -48.7237
3.33418 25.8052 -48.1517
6.79218 24.3662 -47.4167
9.26618 25.5022 -50.0617
12.7062 23.8302 -49.5887
14.5912 25.6362 -52.4777

15.5972 28.7252 -50.3957
17.6452 26.5362 -47.9527
19.9922 25.2192 -50.7317
20.8432 28.6162 -52.2907

22.1082 29.5752 -48.7607
24.5932 26.6022 -48.3377

End chain 1
