-13.201 -6.296 -53.957
-10.703 -3.406 -53.291
-9.54 -3.087 -49.639
-11.02 0.322 -48.639
-8.614 1.85 -46.053
-10.787 3.126 -43.162

-9.634 6.195 -41.181
-10.061 4.9 -37.589
-10.286 6.838 -34.306
-12.195 7.103 -30.979
-14.163 9.439 -28.711
-12.619 10.223 -25.263
-14.157 12.207 -22.344

-11.943 15.248 -21.466
-14.301 16.978 -18.949
-17.827 16.65 -17.399
-19.139 18.761 -20.353

-16.752 17.96 -23.312
-15.482 14.956 -25.281
-12.62 14.751 -27.824
-12.437 12.939 -31.204
-8.982 11.264 -31.393
-8.672 10.357 -35.1

-6.282 10.744 -38.079
-6.98 13.557 -40.6
-9.895 13.022 -43.051

-11.208 15.853 -45.293
-14.92 14.856 -45.011
-14.611 14.37 -41.226
-13.015 17.857 -40.827
-15.875 19.254 -42.999
-18.403 17.482 -40.669
-16.559 18.759 -37.515
-16.844 22.341 -38.957

-20.697 21.797 -39.029
-20.861 21.033 -35.24
-22.116 23.933 -33.104
-20.016 23.255 -29.939
-16.791 22.621 -31.971

-13.393 23.436 -30.391
-10.011 22.816 -32.063
-6.805 22.812 -29.99

-3.883 23.919 -32.209
-1.328 22.314 -29.773
-2.753 18.736 -29.691
-4.334 19.137 -33.217

-7.578 17.622 -31.79
-11.313 18.386 -31.995
-13.683 18.544 -28.991
-17.466 19.001 -28.65
-20.131 19.402 -25.91

-21.257 16.038 -24.476
-24.923 16.743 -25.497
-23.731 16.722 -29.178
-22.178 13.179 -28.839
-25.228 11.354 -30.322
-25.57 14.044 -33.093
-21.852 13.682 -34.021
-21.815 9.829 -34.037
-25.045 9.774 -36.128
-23.507 12.176 -38.75
-20.093 10.348 -38.803

-21.793 6.948 -39.527
-22.962 8.546 -42.834
-19.328 9.196 -43.991
-17.677 6.563 -46.261
-14.251 5.2 -45.121

-14.46 6.789 -41.562
-14.765 4.819 -38.279
-15.142 6.964 -35.114
-15.663 4.659 -32.101

-18.218 6.249 -29.657
-17.862 6.903 -25.912
-18.35 3.469 -24.195

-21.794 2.549 -22.772
-20.235 2.829 -19.255
-19.534 6.58 -19.812
-22.964 7.196 -21.431
-24.623 5.531 -18.378
-22.42 7.523 -15.909

-23.028 10.919 -17.654
-26.668 10.153 -18.714
-27.851 13.482 -17.123

-25.214 15.594 -18.963
-26 13.8 -22.296
-29.631 15.147 -21.909

-28.8213 18.7182 -21.3456
-27.9333 22.2923 -20.7966
-24.5066 21.3439 -19.4739
-22.0939 20.1845 -22.2003
-23.4689 23.4751 -23.5491
-22.5219 26.0899 -20.8884
-19.2732 24.1808 -21.6381
-18.8015 24.4928 -25.4896
-20.0686 28.0642 -25.0019
-18.0881 28.8829 -21.879
-15.0925 27.5298 -23.8765
-15.7781 29.2584 -27.2014
-16.0715 32.6958 -25.6683
-13.2838 32.5221 -23.1912
-10.9233 32.3773 -26.2673
-12.5291 35.2418 -28.1579
-14.1769 37.2814 -25.4631
-10.8985 36.8286 -23.739
-8.26604 37.4788 -26.2622

-7.97099 39.5091 -29.4613
-5.87038 42.1467 -27.7082
-3.53785 39.4951 -26.3044
-3.08541 37.9356 -29.7404
-2.26074 41.3145 -31.272

1.40326 40.1265 -31.631
1.45426 40.1285 -35.497
3.69626 42.8935 -36.906

2.03526 44.9985 -39.729
3.91026 43.0895 -42.496
3.07726 39.7085 -40.826
-0.654743 40.7135 -40.815
-0.420743 41.6245 -44.545
1.19826 38.1615 -45.146
-1.64674 36.3815 -43.248
-4.22174 38.3905 -45.301
-2.41374 37.4715 -48.596
-2.28874 33.7655 -47.607
-6.05474 33.7975 -46.764
-6.88274 35.6495 -50.057

-4.83174 32.9515 -51.964
-7.07274 30.3545 -50.162
-4.37074 29.0065 -47.762

-2.21074 27.6595 -50.666
1.18526 29.4245 -50.729
4.93226 29.3185 -50.213
5.84626 31.8475 -47.471

9.44726 32.5015 -48.62
10.0063 35.4955 -46.267
13.6373 35.9115 -45.115
15.0933 34.0215 -42.094
13.7803 35.2625 -38.708
10.9083 37.4755 -40.118
8.43526 35.2875 -38.084

7.29726 32.6605 -40.661
6.12926 30.3875 -37.758
3.77826 33.0205 -36.176
2.26526 33.8125 -39.638
1.85926 30.0445 -40.402
0.121257 29.3485 -37.031
-2.27374 32.3025 -37.694
-3.10574 31.1615 -41.297
-3.70474 27.5835 -40.029
-5.81374 28.8265 -37.031
-8.08574 30.8375 -39.414
-8.75874 27.3645 -40.985
-9.24274 25.5995 -37.511
-12.7447 24.4495 -38.722

-10.9087 22.3505 -41.43
-8.48474 20.4385 -39.082
-6.83974 17.8935 -38.322

-3.63274 19.8585 -39.004
-0.409743 18.1695 -40.223
2.90626 19.9785 -39.495
6.00926 18.5675 -41.269
9.31226 19.9495 -39.889

13.0913 19.2905 -39.506
13.7253 16.4865 -36.925
15.2853 19.0015 -34.399
12.4523 21.6665 -34.293

9.38326 19.4385 -33.489
9.24626 20.5535 -29.817
9.98726 24.2045 -30.862
6.77626 24.0025 -32.986
4.72726 22.4095 -30.117
5.87326 25.2265 -27.763
5.03226 27.7825 -30.523
1.41926 26.4175 -30.732
1.05926 26.4465 -26.881
2.54526 30.0065 -26.769
0.318257 31.5015 -29.514

-2.97974 29.4975 -29.252
-3.70974 29.2565 -25.436
-7.24674 28.0975 -26.544
-5.62274 24.6055 -27.086
-4.88874 22.0215 -24.375

-1.49074 20.2025 -24.635
-3.49674 16.9865 -25.412
-4.63874 18.6395 -28.701

-0.949743 18.4905 -29.916
0.636257 15.1825 -31.004
4.46026 15.2655 -31.411

5.43926 12.1905 -33.457
8.82526 11.0035 -32.12
8.94026 7.4695 -33.679
7.73626 5.5075 -36.757
5.37226 3.4865 -34.422
3.35326 6.4985 -33.175
-0.210743 7.3895 -34.333
0.0662569 10.3335 -36.791
-3.67474 11.2045 -36.219
-3.77774 11.1405 -32.365
-3.96674 14.9745 -31.956
-5.93874 17.8405 -33.497

-2.44674 19.1665 -34.454
0.0762569 16.4735 -35.527
3.80526 17.4085 -35.689
6.13226 15.0045 -37.605
9.61226 15.0115 -39.201

10.4833 14.5665 -42.915
12.3843 11.2975 -42.117
9.30826 9.7605 -40.379
6.84126 10.5375 -43.27

8.21526 7.5915 -45.352
7.85426 5.2335 -42.309
4.29826 6.5665 -41.647
3.12726 6.4915 -45.353
0.410257 3.8915 -44.448
-1.10174 6.4705 -41.98
-0.813743 9.4125 -44.503
-3.92974 7.8735 -46.214
-6.04674 9.8555 -43.667
-6.95274 13.1695 -45.44
-5.22574 16.0715 -43.65
-7.09474 19.0915 -45.132

-4.56274 21.6295 -43.7
-0.794743 21.0085 -44.063
2.13426 23.1615 -42.89

5.62426 22.1965 -44.132
8.47926 24.0695 -42.433
11.8003 24.4415 -44.341

10.0753 22.9545 -47.461
13.3763 23.0995 -49.46
13.8893 19.5645 -47.948
11.3673 18.4405 -50.668

13.5833 19.8705 -53.546
14.2803 16.3975 -55.103
11.2283 14.3235 -56.228
13.1473 10.9585 -56.13
13.7553 11.1905 -52.331

11.5903 9.0375 -50
10.5733 12.1845 -47.979
9.30926 13.8975 -51.185
7.55526 10.7135 -52.498
5.68026 10.4015 -49.14
4.82826 14.1695 -48.824
3.67626 14.9535 -52.417
0.441257 12.7835 -52.495
-0.819743 14.5205 -49.291
0.137257 18.0345 -50.556
-1.75174 17.4805 -53.878

-5.00674 16.3795 -52.068
-4.93074 18.6625 -48.957
-7.23074 21.7645 -49.196

-4.68474 24.1905 -47.596
-0.877743 23.9595 -48.121
1.37226 26.3835 -46.202
4.99626 25.8495 -47.315
7.71426 27.7855 -45.404

11.4023 28.3715 -46.311
14.1433 31.0185 -45.919
15.8513 29.6075 -49.029
13.1393 28.0845 -51.324
15.8783 27.2855 -53.837
19.2973 26.3505 -52.369
21.3203 26.5795 -55.648
19.1813 26.1215 -58.856

15.6553 26.7185 -60.376
14.9963 22.9105 -60.593
14.7393 22.7885 -56.715
11.5223 24.9365 -56.871
9.51326 22.4605 -59.02
8.23726 20.2805 -56.106
7.16026 23.4145 -54.135
5.40326 24.9005 -57.25
3.38226 21.6685 -57.868
2.59626 21.3805 -54.106
1.03726 24.9235 -54.088

-0.465743 24.6525 -57.664
-0.850743 20.9365 -58.749
-2.03074 22.0555 -62.272
1.20626 24.0165 -63
3.80426 22.0705 -65.084
2.24126 18.5215 -64.721
5.56526 17.0895 -66.063

9.04026 18.2875 -64.921
10.4223 18.2845 -68.524
8.27526 21.3395 -69.522
9.57626 23.2755 -66.451
13.1763 22.1075 -67.16
13.1133 23.1445 -70.876
11.9033 26.6725 -69.922
13.7383 27.4865 -66.634

16.6313 24.9555 -66.256
18.2903 25.4385 -69.734
17.6423 21.7295 -70.35

20.2193 20.0825 -72.681
19.9703 16.7345 -74.523

23.2503 14.8915 -73.766
24.2463 11.4095 -75.194
23.1963 9.8425 -71.807

19.8403 11.7355 -71.4
18.6763 15.2185 -70.306
20.7663 17.6435 -68.224

18.7553 20.1145 -66.03
21.6863 21.7305 -64.071
21.3553 25.0575 -65.964
19.1363 28.1445 -65.618
17.0083 30.2045 -68.057
14.2533 32.8995 -68.135

14.7133 33.6165 -64.36
12.8823 37.0145 -64.459
9.78226 35.2385 -65.916
10.1073 32.5245 -63.212
10.2883 35.2925 -60.519
7.08026 36.9305 -61.888
5.24726 33.5355 -61.997
6.35926 32.7125 -58.41
5.30026 36.1105 -56.923
1.89826 36.1605 -58.736
0.721257 32.5515 -58.201
2.95226 30.5495 -55.735

5.08526 32.6075 -53.351
5.02726 35.5015 -50.88
8.63026 36.7435 -50.347
9.93726 39.7445 -48.358
13.5123 40.5795 -47.384

15.0383 42.0635 -44.156
15.6493 45.2675 -46.178
11.8943 45.5165 -47.078
10.4543 45.1465 -43.518

13.2653 45.6415 -40.896
15.2263 48.8765 -41.727
16.6403 48.6395 -38.127
18.6453 45.3715 -38.543
22.4443 46.0655 -38.558
24.1973 45.3315 -41.882

25.8533 41.9615 -42.625
29.4693 42.8095 -43.603
31.0063 39.9195 -45.605
34.6853 39.4215 -46.552
37.0473 36.8125 -47.954
40.0883 36.1175 -45.713

42.9073 34.5635 -47.768
44.6873 32.3625 -45.177
48.4023 32.1815 -45.987

49.3863 28.9505 -47.91
53.0013 29.4215 -46.582

51.9633 27.2295 -43.56
50.9223 24.4405 -46.045
54.0603 22.2595 -45.979

55.5663 20.9865 -49.277
54.2543 17.3685 -48.736
50.6323 18.5665 -48.185
50.9093 20.8965 -51.246
52.3383 18.0515 -53.398
49.4003 15.8345 -52.213
46.8543 18.5695 -53.211
48.6513 18.9675 -56.601
48.5643 15.1415 -57.032
44.7913 14.8325 -56.284
44.1033 17.8845 -58.552
46.0583 16.2085 -61.439
44.2843 12.8955 -60.648
40.7873 14.4475 -61.232
41.8783 15.7785 -64.703

43.3583 12.4485 -65.955
41.5283 11.3505 -69.16
41.6693 7.5705 -68.625
39.7983 7.4095 -65.24
36.2253 6.1815 -64.733

33.4293 8.5685 -63.579
33.7483 6.9065 -60.116
37.5703 7.3655 -59.827
37.0193 11.0675 -60.798
34.4303 11.4205 -57.923
36.7983 9.6005 -55.486
39.7473 11.8925 -56.443
37.3963 14.9305 -55.987
36.3813 13.7285 -52.463
40.0963 13.1475 -51.656
41.0663 16.6685 -52.928
38.2393 18.2075 -50.813
39.1943 16.2585 -47.615
42.9273 17.1755 -48.182
41.8773 20.8655 -48.542
40.2263 20.6765 -45.082
43.3863 19.0955 -43.513
45.6863 21.6565 -45.241
43.6873 24.6305 -43.795
43.6343 23.4345 -40.097
46.9213 25.1875 -38.96
45.9843 28.6205 -40.432
42.2993 28.2655 -39.392
43.6403 27.7175 -35.821
46.1123 30.6605 -36.208
43.1853 32.9115 -37.291
40.8733 31.7595 -34.401
43.6783 32.5275 -31.89
44.3323 35.9775 -33.515
40.5833 36.7745 -33.039
40.7103 35.7635 -29.314
44.0353 37.6285 -28.724

42.3773 40.7075 -30.407
39.8973 40.6925 -27.433
36.7283 39.3955 -29.224
34.0343 38.4425 -26.696
31.7813 36.0935 -28.82

32.0003 34.4985 -32.301
30.8323 31.4225 -34.272
33.2023 29.0605 -36.147
31.6163 26.9935 -38.951

33.2373 23.8385 -40.422
31.8553 20.5375 -41.899
34.7333 17.9935 -41.844

34.8643 16.3095 -38.391
38.7273 16.5115 -38.333
38.4973 20.3685 -38.575
35.8943 20.5535 -35.731
38.0553 18.1185 -33.645
41.3203 20.1005 -34.199
39.6433 23.4795 -33.353
38.0903 22.0505 -30.114
41.4263 20.4175 -29.084
43.3683 23.7205 -29.504
40.6823 25.7335 -27.596
40.9003 23.1425 -24.731
44.7623 23.3665 -24.846

44.4743 27.2215 -24.59
41.8063 26.7895 -21.789
39.2283 28.7495 -23.891
35.6243 28.0625 -22.822

33.6213 27.0715 -25.933
30.5363 25.1035 -27.099
30.4583 22.3865 -29.815
27.4563 21.2855 -31.959

27.7223 18.5635 -34.657
25.8893 15.4675 -36.071
26.4673 13.5505 -32.762
25.0333 16.2995 -30.446
21.5203 15.2945 -29.257
18.3573 17.3905 -29.913
17.9843 18.4985 -26.225

21.7423 19.1405 -25.638
21.7333 21.3655 -28.805
19.1723 23.6975 -27.141
21.0213 23.6425 -23.757
24.4573 24.4305 -25.365
22.7163 27.1995 -27.388
21.3823 28.6875 -24.088
24.8593 28.3045 -22.435
26.5073 30.3205 -25.303
23.6593 32.9205 -25.253
23.5853 33.4845 -21.442

27.2183 32.8215 -20.308
29.8023 35.6035 -20.994
32.6053 32.9755 -20.544
31.7943 30.9715 -23.722
33.7633 32.9525 -26.343

33.6213 30.4285 -29.256
30.8613 28.2575 -30.735
32.3233 25.3955 -32.865
29.4673 24.4855 -35.238
28.8933 21.9575 -38.026

27.5813 23.8535 -41.127
25.1523 20.9435 -41.836
24.0893 20.0945 -38.239
23.6023 23.6885 -36.872
21.8803 25.2175 -40.005
18.4193 24.7435 -38.317
16.4213 25.6995 -35.166
19.1883 27.4655 -33.171
19.6373 31.2375 -32.486
23.0903 32.7805 -31.777
22.2533 36.5155 -31.331
24.9633 36.8475 -28.578
27.7473 36.7825 -31.251
28.6313 39.5875 -33.748

31.0783 37.5105 -35.89
30.7693 34.3465 -38.032
33.9363 32.5795 -39.317
33.5593 29.9465 -42.061

36.7193 27.8235 -41.617
35.5103 25.8035 -44.648
33.4993 26.6065 -47.796
30.3063 24.6415 -48.592
29.2203 24.0875 -52.259
25.5743 25.0595 -51.514

25.0343 28.8365 -50.866
21.5613 28.2885 -49.303
23.2623 26.4215 -46.383
25.8813 29.2175 -45.968
23.0443 31.8455 -45.814
21.1643 29.6055 -43.279
24.3423 29.5985 -41.099
24.8163 33.4495 -41.331

21.1183 33.9245 -40.313
21.7923 32.0775 -37.029
23.4133 35.3575 -35.764
21.4813 37.8795 -37.909
18.0973 37.3865 -36.085
15.5573 39.5605 -34.202
17.4813 40.5025 -31.005
20.7893 41.2745 -32.827
22.0183 44.8745 -32.113
25.5403 44.8055 -33.726
26.6433 44.7685 -37.412

27.2653 41.0875 -38.235
30.7553 40.2665 -39.567
31.0173 37.2155 -41.902
34.5783 35.9635 -42.643
35.0823 33.2795 -45.355
38.5023 31.5845 -44.847
40.0353 30.5685 -48.25

43.4243 29.0685 -49.272
45.1253 29.5875 -52.701
46.2313 26.2225 -54.225
43.2083 24.2475 -52.807
39.5363 23.2475 -53.433

38.5243 26.8315 -52.354
39.8433 28.1755 -55.738
37.0633 26.1675 -57.548
34.3643 26.2445 -54.814
34.3283 30.0585 -54.394
33.5173 30.9005 -58.108
30.9323 28.0135 -58.058
29.2233 29.4505 -54.914
29.2363 32.9635 -56.531
27.5433 31.8805 -59.813
24.9423 29.9555 -57.698
24.1003 33.0905 -55.579
23.7403 35.0825 -58.851
21.2673 32.4375 -60.216
19.3453 32.7035 -56.884
19.3603 36.5675 -57.048
18.1333 36.6515 -60.718

15.2603 34.3295 -59.601
14.4603 36.8715 -56.756
15.5363 34.2705 -54.112
18.5563 36.1775 -52.636
19.7313 39.7925 -52.064
23.1893 38.3535 -51.329
25.6633 39.4895 -53.974
29.1033 37.8175 -53.501
30.9883 39.6235 -56.39

31.9943 42.7125 -54.308
34.0423 40.5235 -51.865
36.3893 39.2065 -54.644
37.2403 42.6035 -56.203

38.5053 43.5625 -52.673
40.9903 40.5895 -52.25

End chain 1
