-13.201 -6.296 -53.957
-10.703 -3.406 -53.291
-9.54 -3.087 -49.639
-11.02 0.322 -48.639
-8.614 1.85 -46.053
-10.787 3.126 -43.162

-9.634 6.195 -41.181
-10.061 4.9 -37.589
-10.286 6.838 -34.306
-12.195 7.103 -30.979
-14.163 9.439 -28.711
-12.619 10.223 -25.263
-14.157 12.207 -22.344

-11.943 15.248 -21.466
-14.301 16.978 -18.949
-17.827 16.65 -17.399
-19.139 18.761 -20.353

-16.752 17.96 -23.312
-15.482 14.956 -25.281
-12.62 14.751 -27.824
-12.437 12.939 -31.204
-8.982 11.264 -31.393
-8.672 10.357 -35.1

-6.282 10.744 -38.079
-6.98 13.557 -40.6
-9.895 13.022 -43.051

-11.208 15.853 -45.293
-14.92 14.856 -45.011
-14.611 14.37 -41.226
-13.015 17.857 -40.827
-15.875 19.254 -42.999
-18.403 17.482 -40.669
-16.559 18.759 -37.515
-16.844 22.341 -38.957

-20.697 21.797 -39.029
-20.861 21.033 -35.24
-22.116 23.933 -33.104
-20.016 23.255 -29.939
-16.791 22.621 -31.971

-13.393 23.436 -30.391
-10.011 22.816 -32.063
-6.805 22.812 -29.99

-3.883 23.919 -32.209
-1.328 22.314 -29.773
-2.753 18.736 -29.691
-4.334 19.137 -33.217

-7.578 17.622 -31.79
-11.313 18.386 -31.995
-13.683 18.544 -28.991
-17.466 19.001 -28.65
-20.131 19.402 -25.91

-21.257 16.038 -24.476
-24.923 16.743 -25.497
-23.731 16.722 -29.178
-22.178 13.179 -28.839
-25.228 11.354 -30.322
-25.57 14.044 -33.093
-21.852 13.682 -34.021
-21.815 9.829 -34.037
-25.045 9.774 -36.128
-23.507 12.176 -38.75
-20.093 10.348 -38.803

-21.793 6.948 -39.527
-22.962 8.546 -42.834
-19.328 9.196 -43.991
-17.677 6.563 -46.261
-14.251 5.2 -45.121

-14.46 6.789 -41.562
-14.765 4.819 -38.279
-15.142 6.964 -35.114
-15.663 4.659 -32.101

-18.218 6.249 -29.657
-17.862 6.903 -25.912
-18.35 3.469 -24.195

-21.794 2.549 -22.772
-20.235 2.829 -19.255
-19.534 6.58 -19.812
-22.964 7.196 -21.431
-24.623 5.531 -18.378
-22.42 7.523 -15.909

-23.028 10.919 -17.654
-26.668 10.153 -18.714
-27.851 13.482 -17.123

-25.214 15.594 -18.963
-26 13.8 -22.296
-29.631 15.147 -21.909

-29.0002 18.9291 -21.5193
-27.7838 22.3683 -20.246
-27.2139 25.1885 -17.6406
-26.7259 27.9701 -20.1692
-29.7417 27.244 -22.2432
-31.5827 24.2027 -20.807
-34.0193 26.9734 -19.758
-36.5101 29.747 -19.6885
-35.9035 32.8024 -17.5903
-35.6735 35.655 -15.1614
-32.9103 37.9546 -14.0121
-34.0817 38.7248 -17.5631
-36.4824 41.3509 -19.028
-36.3065 41.8777 -15.3644
-36.1308 41.9724 -11.6015
-39.4423 43.117 -10.3506
-41.9696 40.4145 -10.3682
-39.6297 37.3686 -10.9071
-38.0586 38.8139 -7.85386

-39.1975 40.5684 -4.68091
-35.6214 40.8161 -3.41874
-34.4575 42.3014 -6.71751
-37.2334 44.8959 -6.6399
-36.3311 45.8963 -3.08631

-32.6671 44.7083 -3.44531
-32.6161 44.7103 -7.31131
-30.3741 47.4753 -8.72031

-32.0351 49.5803 -11.5433
-30.1601 47.6713 -14.3103
-30.9931 44.2903 -12.6403
-34.7251 45.2953 -12.6293
-34.4911 46.2063 -16.3593
-32.8721 42.7433 -16.9603
-35.7171 40.9633 -15.0623
-38.2921 42.9723 -17.1153
-36.4841 42.0533 -20.4103
-36.3591 38.3473 -19.4213
-40.1251 38.3793 -18.5783
-40.9531 40.2313 -21.8713

-38.9021 37.5333 -23.7783
-41.1431 34.9363 -21.9763
-38.4411 33.5883 -19.5763

-36.2811 32.2413 -22.4803
-32.8851 34.0063 -22.5433
-29.1381 33.9003 -22.0273
-28.2241 36.4293 -19.2853

-24.6231 37.0833 -20.4343
-24.0641 40.0773 -18.0813
-20.4331 40.4933 -16.9293
-18.9771 38.6033 -13.9083
-20.2901 39.8443 -10.5223
-23.1621 42.0573 -11.9323
-25.6351 39.8693 -9.89831

-26.7731 37.2423 -12.4753
-27.9411 34.9693 -9.57231
-30.2921 37.6023 -7.99031
-31.8051 38.3943 -11.4523
-32.2111 34.6263 -12.2163
-33.9491 33.9303 -8.84531
-36.3441 36.8843 -9.50831
-37.1761 35.7433 -13.1113
-37.7751 32.1653 -11.8433
-39.8841 33.4083 -8.84531
-42.1561 35.4193 -11.2283
-42.8291 31.9463 -12.7993
-43.3131 30.1813 -9.32531
-46.8151 29.0313 -10.5363

-44.9791 26.9323 -13.2443
-42.5551 25.0203 -10.8963
-40.9101 22.4753 -10.1363

-37.7031 24.4403 -10.8183
-34.4801 22.7513 -12.0373
-31.1641 24.5603 -11.3093
-28.0611 23.1493 -13.0833
-24.7581 24.5313 -11.7033

-20.9791 23.8723 -11.3203
-20.3451 21.0683 -8.73931
-18.7851 23.5833 -6.21331
-21.6181 26.2483 -6.10731

-24.6871 24.0203 -5.30331
-24.8241 25.1353 -1.63131
-24.0831 28.7863 -2.67631
-27.2941 28.5843 -4.80031
-29.3431 26.9913 -1.93131
-28.1971 29.8083 0.422692
-29.0381 32.3643 -2.33731
-32.6511 30.9993 -2.54631
-33.0111 31.0283 1.30469
-31.5251 34.5883 1.41669
-33.7521 36.0833 -1.32831

-37.0501 34.0793 -1.06631
-37.7801 33.8383 2.74969
-41.3171 32.6793 1.64169
-39.6931 29.1873 1.09969
-38.9591 26.6033 3.81069

-35.5611 24.7843 3.55069
-37.5671 21.5683 2.77369
-38.7091 23.2213 -0.515308

-35.0201 23.0723 -1.73031
-33.4341 19.7643 -2.81831
-29.6101 19.8473 -3.22531

-28.6311 16.7723 -5.27131
-25.2451 15.5853 -3.93431
-25.1301 12.0513 -5.49331
-26.3341 10.0893 -8.57131
-28.6981 8.06829 -6.23631
-30.7171 11.0803 -4.98931
-34.2811 11.9713 -6.14731
-34.0041 14.9153 -8.60531
-37.7451 15.7863 -8.03331
-37.8481 15.7223 -4.17931
-38.0371 19.5563 -3.77031
-40.0091 22.4223 -5.31131

-36.5171 23.7483 -6.26831
-33.9941 21.0553 -7.34131
-30.2651 21.9903 -7.50331
-27.9381 19.5863 -9.41931
-24.4581 19.5933 -11.0153

-23.5871 19.1483 -14.7293
-21.6861 15.8793 -13.9313
-24.7621 14.3423 -12.1933
-27.2291 15.1193 -15.0843

-25.8551 12.1733 -17.1663
-26.2161 9.81529 -14.1233
-29.7721 11.1483 -13.4613
-30.9431 11.0733 -17.1673
-33.6601 8.47329 -16.2623
-35.1721 11.0523 -13.7943
-34.8841 13.9943 -16.3173
-38.0001 12.4553 -18.0283
-40.1171 14.4373 -15.4813
-41.0231 17.7513 -17.2543
-39.2961 20.6533 -15.4643
-41.1651 23.6733 -16.9463

-38.6331 26.2113 -15.5143
-34.8651 25.5903 -15.8773
-31.9361 27.7433 -14.7043

-28.4461 26.7783 -15.9463
-25.5911 28.6513 -14.2473
-22.2701 29.0233 -16.1553

-23.9951 27.5363 -19.2753
-20.6941 27.6813 -21.2743
-20.1811 24.1463 -19.7623
-22.7031 23.0223 -22.4823

-20.4871 24.4523 -25.3603
-19.7901 20.9793 -26.9173
-22.8421 18.9053 -28.0423
-20.9231 15.5403 -27.9443
-20.3151 15.7723 -24.1453

-22.4801 13.6193 -21.8143
-23.4971 16.7663 -19.7933
-24.7611 18.4793 -22.9993
-26.5151 15.2953 -24.3123
-28.3901 14.9833 -20.9543
-29.2421 18.7513 -20.6383
-30.3941 19.5353 -24.2313
-33.6291 17.3653 -24.3093
-34.8901 19.1023 -21.1053
-33.9331 22.6163 -22.3703
-35.8221 22.0623 -25.6923

-39.0771 20.9613 -23.8823
-39.0011 23.2443 -20.7713
-41.3011 26.3463 -21.0103

-38.7551 28.7723 -19.4103
-34.9481 28.5413 -19.9353
-32.6981 30.9653 -18.0163
-29.0741 30.4313 -19.1293
-26.3561 32.3673 -17.2183

-22.6681 32.9533 -18.1253
-19.9271 35.6003 -17.7333
-18.2191 34.1893 -20.8433
-20.9311 32.6663 -23.1383
-18.1921 31.8673 -25.6513
-14.7731 30.9323 -24.1833
-12.7501 31.1613 -27.4623
-14.8891 30.7033 -30.6703

-18.4151 31.3003 -32.1903
-19.0741 27.4923 -32.4073
-19.3311 27.3703 -28.5293
-22.5481 29.5183 -28.6853
-24.5571 27.0423 -30.8343
-25.8331 24.8623 -27.9203
-26.9101 27.9963 -25.9493
-28.6671 29.4823 -29.0643
-30.6881 26.2503 -29.6823
-31.4741 25.9623 -25.9203
-33.0331 29.5053 -25.9023

-34.5361 29.2343 -29.4783
-34.9211 25.5183 -30.5633
-36.1011 26.6373 -34.0863
-32.8641 28.5983 -34.8143
-30.2661 26.6523 -36.8983
-31.8291 23.1033 -36.5353
-28.5051 21.6713 -37.8773

-25.0301 22.8693 -36.7353
-23.6481 22.8663 -40.3383
-25.7951 25.9213 -41.3363
-24.4941 27.8573 -38.2653
-20.8941 26.6893 -38.9743
-20.9571 27.7263 -42.6903
-22.1671 31.2543 -41.7363
-20.3321 32.0683 -38.4483

-17.4391 29.5373 -38.0703
-15.7801 30.0203 -41.5483
-16.4281 26.3113 -42.1643

-13.8511 24.6643 -44.4953
-14.1001 21.3163 -46.3373

-10.8201 19.4733 -45.5803
-9.82414 15.9913 -47.0083
-10.8741 14.4243 -43.6213

-14.2301 16.3173 -43.2143
-15.3941 19.8003 -42.1203
-13.3041 22.2253 -40.0383

-15.3151 24.6963 -37.8443
-12.3841 26.3123 -35.8853
-12.7151 29.6393 -37.7783
-14.9341 32.7263 -37.4323
-17.0621 34.7863 -39.8713
-19.8171 37.4813 -39.9493

-19.3571 38.1983 -36.1743
-21.1881 41.5963 -36.2733
-24.2881 39.8203 -37.7303
-23.9631 37.1063 -35.0263
-23.7821 39.8743 -32.3333
-26.9901 41.5123 -33.7023
-28.8231 38.1173 -33.8113
-27.7111 37.2943 -30.2243
-28.7701 40.6923 -28.7373
-32.1721 40.7423 -30.5503
-33.3491 37.1333 -30.0153
-31.1181 35.1313 -27.5493

-28.9851 37.1893 -25.1653
-29.0431 40.0833 -22.6943
-25.4401 41.3253 -22.1613
-24.1331 44.3263 -20.1723
-20.5581 45.1613 -19.1983

-19.0321 46.6453 -15.9703
-18.4211 49.8493 -17.9923
-22.1761 50.0983 -18.8923
-23.6161 49.7283 -15.3323

-20.8051 50.2233 -12.7103
-18.8441 53.4583 -13.5413
-17.4301 53.2213 -9.94131
-15.4251 49.9533 -10.3573
-11.6261 50.6473 -10.3723
-9.87314 49.9133 -13.6963

-8.21714 46.5433 -14.4393
-4.60114 47.3913 -15.4173
-3.06414 44.5013 -17.4193
0.614862 44.0033 -18.3663
2.97686 41.3943 -19.7683
6.01786 40.6993 -17.5273

8.83686 39.1453 -19.5823
10.6169 36.9443 -16.9913
14.3319 36.7633 -17.8013

15.3159 33.5323 -19.7243
18.9309 34.0033 -18.3963

17.8929 31.8113 -15.3743
16.8519 29.0223 -17.8593
19.9899 26.8413 -17.7933

21.4959 25.5683 -21.0913
20.1839 21.9503 -20.5503
16.5619 23.1483 -19.9993
16.8389 25.4783 -23.0603
18.2679 22.6333 -25.2123
15.3299 20.4163 -24.0273
12.7839 23.1513 -25.0253
14.5809 23.5493 -28.4153
14.4939 19.7233 -28.8463
10.7209 19.4143 -28.0983
10.0329 22.4663 -30.3663
11.9879 20.7903 -33.2533
10.2139 17.4773 -32.4623
6.71686 19.0293 -33.0463
7.80786 20.3603 -36.5173

9.28786 17.0303 -37.7693
7.45786 15.9323 -40.9743
7.59886 12.1523 -40.4393
5.72786 11.9913 -37.0543
2.15486 10.7633 -36.5473

-0.641138 13.1503 -35.3933
-0.322138 11.4883 -31.9303
3.49986 11.9473 -31.6413
2.94886 15.6493 -32.6123
0.359862 16.0023 -29.7373
2.72786 14.1823 -27.3003
5.67686 16.4743 -28.2573
3.32586 19.5123 -27.8013
2.31086 18.3103 -24.2773
6.02586 17.7293 -23.4703
6.99586 21.2503 -24.7423
4.16886 22.7893 -22.6273
5.12386 20.8403 -19.4293
8.85686 21.7573 -19.9963
7.80686 25.4473 -20.3563
6.15586 25.2583 -16.8963
9.31586 23.6773 -15.3273
11.6159 26.2383 -17.0553
9.61686 29.2123 -15.6093
9.56386 28.0163 -11.9113
12.8509 29.7693 -10.7743
11.9139 33.2023 -12.2463
8.22886 32.8473 -11.2063
9.56986 32.2993 -7.63531
12.0419 35.2423 -8.02231
9.11486 37.4933 -9.10531
6.80286 36.3413 -6.21531
9.60786 37.1093 -3.70431
10.2619 40.5593 -5.32931
6.51286 41.3563 -4.85331
6.63986 40.3453 -1.12831
9.96486 42.2103 -0.538308

8.30686 45.2893 -2.22131
5.82686 45.2743 0.752692
2.65786 43.9773 -1.03831
-0.0361385 43.0243 1.48969
-2.28914 40.6753 -0.634308

-2.07014 39.0803 -4.11531
-3.23814 36.0043 -6.08631
-0.868138 33.6423 -7.96131
-2.45414 31.5753 -10.7653

-0.833138 28.4203 -12.2363
-2.21514 25.1193 -13.7133
0.662862 22.5753 -13.6583

0.793862 20.8913 -10.2053
4.65686 21.0933 -10.1473
4.42686 24.9503 -10.3893
1.82386 25.1353 -7.54531
3.98486 22.7003 -5.45931
7.24986 24.6823 -6.01331
5.57286 28.0613 -5.16731
4.01986 26.6323 -1.92831
7.35586 24.9993 -0.898308
9.29786 28.3023 -1.31831
6.61186 30.3153 0.589692
6.82986 27.7243 3.45469
10.6919 27.9483 3.33969

10.4039 31.8033 3.59569
7.73586 31.3713 6.39669
5.15786 33.3313 4.29469
1.55386 32.6443 5.36369

-0.449138 31.6533 2.25269
-3.53414 29.6853 1.08669
-3.61214 26.9683 -1.62931
-6.61414 25.8673 -3.77331

-6.34814 23.1453 -6.47131
-8.18114 20.0493 -7.88531
-7.60314 18.1323 -4.57631
-9.03714 20.8813 -2.26031
-12.5501 19.8763 -1.07131
-15.7131 21.9723 -1.72731
-16.0861 23.0803 1.96069

-12.3281 23.7223 2.54769
-12.3371 25.9473 -0.619308
-14.8981 28.2793 1.04469
-13.0491 28.2243 4.42869
-9.61314 29.0123 2.82069
-11.3541 31.7813 0.797692
-12.6881 33.2693 4.09769
-9.21114 32.8863 5.75069
-7.56314 34.9023 2.88269
-10.4111 37.5023 2.93269
-10.4851 38.0663 6.74369

-6.85214 37.4033 7.87769
-4.26814 40.1853 7.19169
-1.46514 37.5573 7.64169
-2.27614 35.5533 4.46369
-0.307138 37.5343 1.84269

-0.449138 35.0103 -1.07031
-3.20914 32.8393 -2.54931
-1.74714 29.9773 -4.67931
-4.60314 29.0673 -7.05231
-5.17714 26.5393 -9.84031

-6.48914 28.4353 -12.9413
-8.91814 25.5253 -13.6503
-9.98114 24.6763 -10.0533
-10.4681 28.2703 -8.68631
-12.1901 29.7993 -11.8193
-15.6511 29.3253 -10.1313
-17.6491 30.2813 -6.98031
-14.8821 32.0473 -4.98531
-14.4331 35.8193 -4.30031
-10.9801 37.3623 -3.59131
-11.8171 41.0973 -3.14531
-9.10714 41.4293 -0.392308
-6.32314 41.3643 -3.06531
-5.43914 44.1693 -5.56231

-2.99214 42.0923 -7.70431
-3.30114 38.9283 -9.84631
-0.134138 37.1613 -11.1313
-0.511138 34.5283 -13.8753

2.64886 32.4053 -13.4313
1.43986 30.3853 -16.4623
-0.571138 31.1883 -19.6103
-3.76414 29.2233 -20.4063
-4.85014 28.6693 -24.0733
-8.49614 29.6413 -23.3283

-9.03614 33.4183 -22.6803
-12.5091 32.8703 -21.1173
-10.8081 31.0033 -18.1973
-8.18914 33.7993 -17.7823
-11.0261 36.4273 -17.6283
-12.9061 34.1873 -15.0933
-9.72814 34.1803 -12.9133
-9.25414 38.0313 -13.1453

-12.9521 38.5063 -12.1273
-12.2781 36.6593 -8.84331
-10.6571 39.9393 -7.57831
-12.5891 42.4613 -9.72331
-15.9731 41.9683 -7.89931
-18.5131 44.1423 -6.01631
-16.5891 45.0843 -2.81931
-13.2811 45.8563 -4.64131
-12.0521 49.4563 -3.92731
-8.53014 49.3873 -5.54031
-7.42714 49.3503 -9.22631

-6.80514 45.6693 -10.0493
-3.31514 44.8483 -11.3813
-3.05314 41.7973 -13.7163
0.507862 40.5453 -14.4573
1.01186 37.8613 -17.1693
4.43186 36.1663 -16.6613
5.96486 35.1503 -20.0643

9.35386 33.6503 -21.0863
11.0549 34.1693 -24.5153
12.1609 30.8043 -26.0393
9.13786 28.8293 -24.6213
5.46586 27.8293 -25.2473

4.45386 31.4133 -24.1683
5.77286 32.7573 -27.5523
2.99286 30.7493 -29.3623
0.293862 30.8263 -26.6283
0.257862 34.6403 -26.2083
-0.553138 35.4823 -29.9223
-3.13814 32.5953 -29.8723
-4.84714 34.0323 -26.7283
-4.83414 37.5453 -28.3453
-6.52714 36.4623 -31.6273
-9.12814 34.5373 -29.5123
-9.97014 37.6723 -27.3933
-10.3301 39.6643 -30.6653
-12.8031 37.0193 -32.0303
-14.7251 37.2853 -28.6983
-14.7101 41.1493 -28.8623
-15.9371 41.2333 -32.5323

-18.8101 38.9113 -31.4153
-19.6101 41.4533 -28.5703
-18.5341 38.8523 -25.9263
-15.5141 40.7593 -24.4503
-14.3391 44.3743 -23.8783
-10.8811 42.9353 -23.1433
-8.40714 44.0713 -25.7883
-4.96714 42.3993 -25.3153
-3.08214 44.2053 -28.2043

-2.07614 47.2943 -26.1223
-0.0281385 45.1053 -23.6793
2.31886 43.7883 -26.4583
3.16986 47.1853 -28.0173

4.43486 48.1443 -24.4873
6.91986 45.1713 -24.0643

End chain 1
