-13.201 -6.296 -53.957
-10.703 -3.406 -53.291
-9.54 -3.087 -49.639
-11.02 0.322 -48.639
-8.614 1.85 -46.053
-10.787 3.126 -43.162

-9.634 6.195 -41.181
-10.061 4.9 -37.589
-10.286 6.838 -34.306
-12.195 7.103 -30.979
-14.163 9.439 -28.711
-12.619 10.223 -25.263
-14.157 12.207 -22.344

-11.943 15.248 -21.466
-14.301 16.978 -18.949
-17.827 16.65 -17.399
-19.139 18.761 -20.353

-16.752 17.96 -23.312
-15.482 14.956 -25.281
-12.62 14.751 -27.824
-12.437 12.939 -31.204
-8.982 11.264 -31.393
-8.672 10.357 -35.1

-6.282 10.744 -38.079
-6.98 13.557 -40.6
-9.895 13.022 -43.051

-11.208 15.853 -45.293
-14.92 14.856 -45.011
-14.611 14.37 -41.226
-13.015 17.857 -40.827
-15.875 19.254 -42.999
-18.403 17.482 -40.669
-16.559 18.759 -37.515
-16.844 22.341 -38.957

-20.697 21.797 -39.029
-20.861 21.033 -35.24
-22.116 23.933 -33.104
-20.016 23.255 -29.939
-16.791 22.621 -31.971

-13.393 23.436 -30.391
-10.011 22.816 -32.063
-6.805 22.812 -29.99

-3.883 23.919 -32.209
-1.328 22.314 -29.773
-2.753 18.736 -29.691
-4.334 19.137 -33.217

-7.578 17.622 -31.79
-11.313 18.386 -31.995
-13.683 18.544 -28.991
-17.466 19.001 -28.65
-20.131 19.402 -25.91

-21.257 16.038 -24.476
-24.923 16.743 -25.497
-23.731 16.722 -29.178
-22.178 13.179 -28.839
-25.228 11.354 -30.322
-25.57 14.044 -33.093
-21.852 13.682 -34.021
-21.815 9.829 -34.037
-25.045 9.774 -36.128
-23.507 12.176 -38.75
-20.093 10.348 -38.803

-21.793 6.948 -39.527
-22.962 8.546 -42.834
-19.328 9.196 -43.991
-17.677 6.563 -46.261
-14.251 5.2 -45.121

-14.46 6.789 -41.562
-14.765 4.819 -38.279
-15.142 6.964 -35.114
-15.663 4.659 -32.101

-18.218 6.249 -29.657
-17.862 6.903 -25.912
-18.35 3.469 -24.195

-21.794 2.549 -22.772
-20.235 2.829 -19.255
-19.534 6.58 -19.812
-22.964 7.196 -21.431
-24.623 5.531 -18.378
-22.42 7.523 -15.909

-23.028 10.919 -17.654
-26.668 10.153 -18.714
-27.851 13.482 -17.123

-25.214 15.594 -18.963
-26 13.8 -22.296
-29.631 15.147 -21.909

-30.0675 18.5365 -20.1243
-30.4381 22.0457 -18.7041
-30.763 25.0582 -16.4222
-28.8527 28.0009 -17.7722
-27.2688 31.3128 -18.8661
-25.1667 31.5851 -21.9047
-22.4347 32.5877 -24.4776
-20.6589 29.1999 -24.016
-18.7158 26.6822 -21.7852
-22.1988 25.426 -22.2286
-24.6393 26.0304 -25.1466
-24.6458 22.912 -27.4346
-22.133 21.1405 -29.5757
-20.9264 19.8157 -26.1182
-22.9972 19.8331 -23.0173
-25.6616 18.5038 -25.3665
-28.828 17.9991 -27.4451
-29.823 14.7185 -29.2922
-31.7367 12.0546 -31.0535

-30.6586 14.6999 -33.5601
-27.9191 15.9294 -31.2307
-26.6172 12.3931 -30.7379
-26.5149 11.804 -34.4909
-24.5894 15.0337 -35.043

-20.9254 13.8457 -35.402
-20.8744 13.8477 -39.268
-18.6324 16.6127 -40.677

-20.2934 18.7177 -43.5
-18.4184 16.8087 -46.267
-19.2514 13.4277 -44.597
-22.9834 14.4327 -44.586
-22.7494 15.3437 -48.316
-21.1304 11.8807 -48.917
-23.9754 10.1007 -47.019
-26.5504 12.1097 -49.072
-24.7424 11.1907 -52.367
-24.6174 7.48467 -51.378
-28.3834 7.51667 -50.535
-29.2114 9.36867 -53.828

-27.1604 6.67067 -55.735
-29.4014 4.07367 -53.933
-26.6994 2.72567 -51.533

-24.5394 1.37867 -54.437
-21.1434 3.14367 -54.5
-17.3964 3.03767 -53.984
-16.4824 5.56667 -51.242

-12.8814 6.22067 -52.391
-12.3224 9.21467 -50.038
-8.69144 9.63067 -48.886
-7.23544 7.74067 -45.865
-8.54844 8.98167 -42.479
-11.4204 11.1947 -43.889
-13.8934 9.00667 -41.855

-15.0314 6.37967 -44.432
-16.1994 4.10667 -41.529
-18.5504 6.73967 -39.947
-20.0634 7.53167 -43.409
-20.4694 3.76367 -44.173
-22.2074 3.06767 -40.802
-24.6024 6.02167 -41.465
-25.4344 4.88067 -45.068
-26.0334 1.30267 -43.8
-28.1424 2.54567 -40.802
-30.4144 4.55667 -43.185
-31.0874 1.08367 -44.756
-31.5714 -0.681335 -41.282
-35.0734 -1.83133 -42.493

-33.2374 -3.93033 -45.201
-30.8134 -5.84233 -42.853
-29.1684 -8.38733 -42.093

-25.9614 -6.42233 -42.775
-22.7384 -8.11133 -43.994
-19.4224 -6.30233 -43.266
-16.3194 -7.71333 -45.04
-13.0164 -6.33133 -43.66

-9.23744 -6.99033 -43.277
-8.60344 -9.79433 -40.696
-7.04344 -7.27933 -38.17
-9.87644 -4.61433 -38.064

-12.9454 -6.84233 -37.26
-13.0824 -5.72733 -33.588
-12.3414 -2.07633 -34.633
-15.5524 -2.27833 -36.757
-17.6014 -3.87133 -33.888
-16.4554 -1.05433 -31.534
-17.2964 1.50167 -34.294
-20.9094 0.136665 -34.503
-21.2694 0.165665 -30.652
-19.7834 3.72567 -30.54
-22.0104 5.22067 -33.285

-25.3084 3.21667 -33.023
-26.0384 2.97567 -29.207
-29.5754 1.81667 -30.315
-27.9514 -1.67533 -30.857
-27.2174 -4.25933 -28.146

-23.8194 -6.07833 -28.406
-25.8254 -9.29433 -29.183
-26.9674 -7.64133 -32.472

-23.2784 -7.79033 -33.687
-21.6924 -11.0983 -34.775
-17.8684 -11.0153 -35.182

-16.8894 -14.0903 -37.228
-13.5034 -15.2773 -35.891
-13.3884 -18.8113 -37.45
-14.5924 -20.7733 -40.528
-16.9564 -22.7943 -38.193
-18.9754 -19.7823 -36.946
-22.5394 -18.8913 -38.104
-22.2624 -15.9473 -40.562
-26.0034 -15.0763 -39.99
-26.1064 -15.1403 -36.136
-26.2954 -11.3063 -35.727
-28.2674 -8.44033 -37.268

-24.7754 -7.11433 -38.225
-22.2524 -9.80733 -39.298
-18.5234 -8.87233 -39.46
-16.1964 -11.2763 -41.376
-12.7164 -11.2693 -42.972

-11.8454 -11.7143 -46.686
-9.94444 -14.9833 -45.888
-13.0204 -16.5203 -44.15
-15.4874 -15.7433 -47.041

-14.1134 -18.6893 -49.123
-14.4744 -21.0473 -46.08
-18.0304 -19.7143 -45.418
-19.2014 -19.7893 -49.124
-21.9184 -22.3893 -48.219
-23.4304 -19.8103 -45.751
-23.1424 -16.8683 -48.274
-26.2584 -18.4073 -49.985
-28.3754 -16.4253 -47.438
-29.2814 -13.1113 -49.211
-27.5544 -10.2093 -47.421
-29.4234 -7.18933 -48.903

-26.8914 -4.65133 -47.471
-23.1234 -5.27233 -47.834
-20.1944 -3.11933 -46.661

-16.7044 -4.08433 -47.903
-13.8494 -2.21133 -46.204
-10.5284 -1.83933 -48.112

-12.2534 -3.32633 -51.232
-8.95244 -3.18133 -53.231
-8.43944 -6.71633 -51.719
-10.9614 -7.84033 -54.439

-8.74544 -6.41033 -57.317
-8.04844 -9.88333 -58.874
-11.1004 -11.9573 -59.999
-9.18144 -15.3223 -59.901
-8.57344 -15.0903 -56.102

-10.7384 -17.2433 -53.771
-11.7554 -14.0963 -51.75
-13.0194 -12.3833 -54.956
-14.7734 -15.5673 -56.269
-16.6484 -15.8793 -52.911
-17.5004 -12.1113 -52.595
-18.6524 -11.3273 -56.188
-21.8874 -13.4973 -56.266
-23.1484 -11.7603 -53.062
-22.1914 -8.24633 -54.327
-24.0804 -8.80033 -57.649

-27.3354 -9.90133 -55.839
-27.2594 -7.61833 -52.728
-29.5594 -4.51633 -52.967

-27.0134 -2.09033 -51.367
-23.2064 -2.32133 -51.892
-20.9564 0.102665 -49.973
-17.3324 -0.431335 -51.086
-14.6144 1.50467 -49.175

-10.9264 2.09067 -50.082
-8.18544 4.73767 -49.69
-6.47744 3.32667 -52.8
-9.18944 1.80367 -55.095
-6.45044 1.00467 -57.608
-3.03144 0.0696653 -56.14
-1.00844 0.298665 -59.419
-3.14744 -0.159335 -62.627

-6.67344 0.437665 -64.147
-7.33244 -3.37033 -64.364
-7.58944 -3.49233 -60.486
-10.8064 -1.34433 -60.642
-12.8154 -3.82033 -62.791
-14.0914 -6.00033 -59.877
-15.1684 -2.86633 -57.906
-16.9254 -1.38033 -61.021
-18.9464 -4.61233 -61.639
-19.7324 -4.90033 -57.877
-21.2914 -1.35733 -57.859

-22.7944 -1.62833 -61.435
-23.1794 -5.34433 -62.52
-24.3594 -4.22533 -66.043
-21.1224 -2.26433 -66.771
-18.5244 -4.21033 -68.855
-20.0874 -7.75933 -68.492
-16.7634 -9.19133 -69.834

-13.2884 -7.99333 -68.692
-11.9064 -7.99633 -72.295
-14.0534 -4.94133 -73.293
-12.7524 -3.00533 -70.222
-9.15244 -4.17333 -70.931
-9.21544 -3.13633 -74.647
-10.4254 0.391665 -73.693
-8.59044 1.20567 -70.405

-5.69744 -1.32533 -70.027
-4.03844 -0.842335 -73.505
-4.68644 -4.55133 -74.121

-2.10944 -6.19833 -76.452
-2.35844 -9.54633 -78.294

0.921564 -11.3893 -77.537
1.91756 -14.8713 -78.965
0.867564 -16.4383 -75.578

-2.48844 -14.5453 -75.171
-3.65244 -11.0623 -74.077
-1.56244 -8.63733 -71.995

-3.57344 -6.16633 -69.801
-0.642436 -4.55033 -67.842
-0.973436 -1.22333 -69.735
-3.19244 1.86367 -69.389
-5.32044 3.92367 -71.828
-8.07544 6.61867 -71.906

-7.61544 7.33567 -68.131
-9.44644 10.7337 -68.23
-12.5464 8.95767 -69.687
-12.2214 6.24367 -66.983
-12.0404 9.01167 -64.29
-15.2484 10.6497 -65.659
-17.0814 7.25467 -65.768
-15.9694 6.43167 -62.181
-17.0284 9.82967 -60.694
-20.4304 9.87967 -62.507
-21.6074 6.27067 -61.972
-19.3764 4.26867 -59.506

-17.2434 6.32667 -57.122
-17.3014 9.22067 -54.651
-13.6984 10.4627 -54.118
-12.3914 13.4637 -52.129
-8.81644 14.2987 -51.155

-7.29044 15.7827 -47.927
-6.67944 18.9867 -49.949
-10.4344 19.2357 -50.849
-11.8744 18.8657 -47.289

-9.06344 19.3607 -44.667
-7.10244 22.5957 -45.498
-5.68844 22.3587 -41.898
-3.68344 19.0907 -42.314
0.115564 19.7847 -42.329
1.86856 19.0507 -45.653

3.52456 15.6807 -46.396
7.14056 16.5287 -47.374
8.67756 13.6387 -49.376
12.3566 13.1407 -50.323
14.7186 10.5317 -51.725
17.7596 9.83667 -49.484

20.5786 8.28267 -51.539
22.3586 6.08167 -48.948
26.0736 5.90067 -49.758

27.0576 2.66967 -51.681
30.6726 3.14067 -50.353

29.6346 0.948665 -47.331
28.5936 -1.84033 -49.816
31.7316 -4.02133 -49.75

33.2376 -5.29433 -53.048
31.9256 -8.91233 -52.507
28.3036 -7.71433 -51.956
28.5806 -5.38433 -55.017
30.0096 -8.22933 -57.169
27.0716 -10.4463 -55.984
24.5256 -7.71133 -56.982
26.3226 -7.31333 -60.372
26.2356 -11.1393 -60.803
22.4626 -11.4483 -60.055
21.7746 -8.39633 -62.323
23.7296 -10.0723 -65.21
21.9556 -13.3853 -64.419
18.4586 -11.8333 -65.003
19.5496 -10.5023 -68.474

21.0296 -13.8323 -69.726
19.1996 -14.9303 -72.931
19.3406 -18.7103 -72.396
17.4696 -18.8713 -69.011
13.8966 -20.0993 -68.504

11.1006 -17.7123 -67.35
11.4196 -19.3743 -63.887
15.2416 -18.9153 -63.598
14.6906 -15.2133 -64.569
12.1016 -14.8603 -61.694
14.4696 -16.6803 -59.257
17.4186 -14.3883 -60.214
15.0676 -11.3503 -59.758
14.0526 -12.5523 -56.234
17.7676 -13.1333 -55.427
18.7376 -9.61233 -56.699
15.9106 -8.07333 -54.584
16.8656 -10.0223 -51.386
20.5986 -9.10533 -51.953
19.5486 -5.41533 -52.313
17.8976 -5.60433 -48.853
21.0576 -7.18533 -47.284
23.3576 -4.62433 -49.012
21.3586 -1.65033 -47.566
21.3056 -2.84633 -43.868
24.5926 -1.09333 -42.731
23.6556 2.33967 -44.203
19.9706 1.98467 -43.163
21.3116 1.43667 -39.592
23.7836 4.37967 -39.979
20.8566 6.63067 -41.062
18.5446 5.47867 -38.172
21.3496 6.24667 -35.661
22.0036 9.69667 -37.286
18.2546 10.4937 -36.81
18.3816 9.48267 -33.085
21.7066 11.3477 -32.495

20.0486 14.4267 -34.178
17.5686 14.4117 -31.204
14.3996 13.1147 -32.995
11.7056 12.1617 -30.467
9.45256 9.81267 -32.591

9.67156 8.21767 -36.072
8.50356 5.14167 -38.043
10.8736 2.77967 -39.918
9.28756 0.712665 -42.722

10.9086 -2.44233 -44.193
9.52656 -5.74333 -45.67
12.4046 -8.28733 -45.615

12.5356 -9.97133 -42.162
16.3986 -9.76933 -42.104
16.1686 -5.91233 -42.346
13.5656 -5.72733 -39.502
15.7266 -8.16233 -37.416
18.9916 -6.18033 -37.97
17.3146 -2.80133 -37.124
15.7616 -4.23033 -33.885
19.0976 -5.86333 -32.855
21.0396 -2.56033 -33.275
18.3536 -0.547335 -31.367
18.5716 -3.13833 -28.502
22.4336 -2.91433 -28.617

22.1456 0.940665 -28.361
19.4776 0.508665 -25.56
16.8996 2.46867 -27.662
13.2956 1.78167 -26.593

11.2926 0.790665 -29.704
8.20756 -1.17733 -30.87
8.12956 -3.89433 -33.586
5.12756 -4.99533 -35.73

5.39356 -7.71733 -38.428
3.56056 -10.8133 -39.842
4.13856 -12.7303 -36.533
2.70456 -9.98133 -34.217
-0.808436 -10.9863 -33.028
-3.97144 -8.89033 -33.684
-4.34444 -7.78233 -29.996

-0.586436 -7.14033 -29.409
-0.595436 -4.91533 -32.576
-3.15644 -2.58333 -30.912
-1.30744 -2.63833 -27.528
2.12856 -1.85033 -29.136
0.387564 0.918665 -31.159
-0.946436 2.40667 -27.859
2.53056 2.02367 -26.206
4.17856 4.03967 -29.074
1.33056 6.63967 -29.024
1.25656 7.20367 -25.213

4.88956 6.54067 -24.079
7.47356 9.32267 -24.765
10.2766 6.69467 -24.315
9.46556 4.69067 -27.493
11.4346 6.67167 -30.114

11.2926 4.14767 -33.027
8.53256 1.97667 -34.506
9.99456 -0.885335 -36.636
7.13856 -1.79533 -39.009
6.56456 -4.32333 -41.797

5.25256 -2.42733 -44.898
2.82356 -5.33733 -45.607
1.76056 -6.18633 -42.01
1.27356 -2.59233 -40.643
-0.448436 -1.06333 -43.776
-3.90944 -1.53733 -42.088
-5.90744 -0.581335 -38.937
-3.14044 1.18467 -36.942
-2.69144 4.95667 -36.257
0.761564 6.49967 -35.548
-0.0754365 10.2347 -35.102
2.63456 10.5667 -32.349
5.41856 10.5017 -35.022
6.30256 13.3067 -37.519

8.74956 11.2297 -39.661
8.44056 8.06567 -41.803
11.6076 6.29867 -43.088
11.2306 3.66567 -45.832

14.3906 1.54267 -45.388
13.1816 -0.477335 -48.419
11.1706 0.325665 -51.567
7.97756 -1.63933 -52.363
6.89156 -2.19333 -56.03
3.24556 -1.22133 -55.285

2.70556 2.55567 -54.637
-0.767436 2.00767 -53.074
0.933564 0.140665 -50.154
3.55256 2.93667 -49.739
0.715564 5.56467 -49.585
-1.16444 3.32467 -47.05
2.01356 3.31767 -44.87
2.48756 7.16867 -45.102

-1.21044 7.64367 -44.084
-0.536436 5.79667 -40.8
1.08456 9.07667 -39.535
-0.847436 11.5987 -41.68
-4.23144 11.1057 -39.856
-6.77144 13.2797 -37.973
-4.84744 14.2217 -34.776
-1.53944 14.9937 -36.598
-0.310436 18.5937 -35.884
3.21156 18.5247 -37.497
4.31456 18.4877 -41.183

4.93656 14.8067 -42.006
8.42656 13.9857 -43.338
8.68856 10.9347 -45.673
12.2496 9.68267 -46.414
12.7536 6.99867 -49.126
16.1736 5.30367 -48.618
17.7066 4.28767 -52.021

21.0956 2.78767 -53.043
22.7966 3.30667 -56.472
23.9026 -0.0583347 -57.996
20.8796 -2.03333 -56.578
17.2076 -3.03333 -57.204

16.1956 0.550665 -56.125
17.5146 1.89467 -59.509
14.7346 -0.113335 -61.319
12.0356 -0.0363347 -58.585
11.9996 3.77767 -58.165
11.1886 4.61967 -61.879
8.60356 1.73267 -61.829
6.89456 3.16967 -58.685
6.90756 6.68267 -60.302
5.21456 5.59967 -63.584
2.61356 3.67467 -61.469
1.77156 6.80967 -59.35
1.41156 8.80167 -62.622
-1.06144 6.15667 -63.987
-2.98344 6.42267 -60.655
-2.96844 10.2867 -60.819
-4.19544 10.3707 -64.489

-7.06844 8.04867 -63.372
-7.86844 10.5907 -60.527
-6.79244 7.98967 -57.883
-3.77244 9.89667 -56.407
-2.59744 13.5117 -55.835
0.860564 12.0727 -55.1
3.33456 13.2087 -57.745
6.77456 11.5367 -57.272
8.65956 13.3427 -60.161

9.66556 16.4317 -58.079
11.7136 14.2427 -55.636
14.0606 12.9257 -58.415
14.9116 16.3227 -59.974

16.1766 17.2817 -56.444
18.6616 14.3087 -56.021

End chain 1
