-13.201 -6.296 -53.957
-10.703 -3.406 -53.291
-9.54 -3.087 -49.639
-11.02 0.322 -48.639
-8.614 1.85 -46.053
-10.787 3.126 -43.162

-9.634 6.195 -41.181
-10.061 4.9 -37.589
-10.286 6.838 -34.306
-12.195 7.103 -30.979
-14.163 9.439 -28.711
-12.619 10.223 -25.263
-14.157 12.207 -22.344

-11.943 15.248 -21.466
-14.301 16.978 -18.949
-17.827 16.65 -17.399
-19.139 18.761 -20.353

-16.752 17.96 -23.312
-15.482 14.956 -25.281
-12.62 14.751 -27.824
-12.437 12.939 -31.204
-8.982 11.264 -31.393
-8.672 10.357 -35.1

-6.282 10.744 -38.079
-6.98 13.557 -40.6
-9.895 13.022 -43.051

-11.208 15.853 -45.293
-14.92 14.856 -45.011
-14.611 14.37 -41.226
-13.015 17.857 -40.827
-15.875 19.254 -42.999
-18.403 17.482 -40.669
-16.559 18.759 -37.515
-16.844 22.341 -38.957

-20.697 21.797 -39.029
-20.861 21.033 -35.24
-22.116 23.933 -33.104
-20.016 23.255 -29.939
-16.791 22.621 -31.971

-13.393 23.436 -30.391
-10.011 22.816 -32.063
-6.805 22.812 -29.99

-3.883 23.919 -32.209
-1.328 22.314 -29.773
-2.753 18.736 -29.691
-4.334 19.137 -33.217

-7.578 17.622 -31.79
-11.313 18.386 -31.995
-13.683 18.544 -28.991
-17.466 19.001 -28.65
-20.131 19.402 -25.91

-21.257 16.038 -24.476
-24.923 16.743 -25.497
-23.731 16.722 -29.178
-22.178 13.179 -28.839
-25.228 11.354 -30.322
-25.57 14.044 -33.093
-21.852 13.682 -34.021
-21.815 9.829 -34.037
-25.045 9.774 -36.128
-23.507 12.176 -38.75
-20.093 10.348 -38.803

-21.793 6.948 -39.527
-22.962 8.546 -42.834
-19.328 9.196 -43.991
-17.677 6.563 -46.261
-14.251 5.2 -45.121

-14.46 6.789 -41.562
-14.765 4.819 -38.279
-15.142 6.964 -35.114
-15.663 4.659 -32.101

-18.218 6.249 -29.657
-17.862 6.903 -25.912
-18.35 3.469 -24.195

-21.794 2.549 -22.772
-20.235 2.829 -19.255
-19.534 6.58 -19.812
-22.964 7.196 -21.431
-24.623 5.531 -18.378
-22.42 7.523 -15.909

-23.028 10.919 -17.654
-26.668 10.153 -18.714
-27.851 13.482 -17.123

-25.214 15.594 -18.963
-26 13.8 -22.296
-29.631 15.147 -21.909

-28.4824 18.7395 -21.3521
-28.2305 22.3418 -20.4649
-28.3929 25.7712 -18.7451
-31.6558 25.0634 -20.7577
-34.8316 23.3843 -21.9639
-33.5184 23.5756 -25.6125
-32.6394 24.0366 -29.329
-29.0383 25.0554 -28.7823
-28.5441 21.5097 -27.3588
-25.3699 19.4319 -26.6697
-22.6299 21.328 -24.6834
-20.472 21.6397 -27.8657
-17.5196 19.7028 -29.2336
-14.8012 22.4623 -29.443
-15.7087 25.2543 -26.9176
-17.2412 24.5633 -23.4184
-13.8691 24.8518 -21.8193
-10.8287 25.4942 -23.9898
-7.02588 24.8993 -23.811

-5.97257 28.5475 -23.9655
-3.52329 28.0622 -21.1004
-1.98788 25.0289 -22.7989
-1.55478 26.948 -26.0504
0.146407 29.8236 -24.2395

3.81041 28.6356 -24.5985
3.86141 28.6376 -28.4645
6.10341 31.4026 -29.8735

4.44241 33.5076 -32.6965
6.31741 31.5986 -35.4635
5.48441 28.2176 -33.7935
1.75241 29.2226 -33.7825
1.98641 30.1336 -37.5125
3.60541 26.6706 -38.1135
0.760407 24.8906 -36.2155
-1.81459 26.8996 -38.2685
-0.00659341 25.9806 -41.5635
0.118407 22.2746 -40.5745
-3.64759 22.3066 -39.7315
-4.47559 24.1586 -43.0245

-2.42459 21.4606 -44.9315
-4.66559 18.8636 -43.1295
-1.96359 17.5156 -40.7295

0.196407 16.1686 -43.6335
3.59241 17.9336 -43.6965
7.33941 17.8276 -43.1805
8.25341 20.3566 -40.4385

11.8544 21.0106 -41.5875
12.4134 24.0046 -39.2345
16.0444 24.4206 -38.0825
17.5004 22.5306 -35.0615
16.1874 23.7716 -31.6755
13.3154 25.9846 -33.0855
10.8424 23.7966 -31.0515

9.70441 21.1696 -33.6285
8.53641 18.8966 -30.7255
6.18541 21.5296 -29.1435
4.67241 22.3216 -32.6055
4.26641 18.5536 -33.3695
2.52841 17.8576 -29.9985
0.133407 20.8116 -30.6615
-0.698593 19.6706 -34.2645
-1.29759 16.0926 -32.9965
-3.40659 17.3356 -29.9985
-5.67859 19.3466 -32.3815
-6.35159 15.8736 -33.9525
-6.83559 14.1086 -30.4785
-10.3376 12.9586 -31.6895

-8.50159 10.8596 -34.3975
-6.07759 8.9476 -32.0495
-4.43259 6.4026 -31.2895

-1.22559 8.3676 -31.9715
1.99741 6.6786 -33.1905
5.31341 8.4876 -32.4625
8.41641 7.0766 -34.2365
11.7194 8.4586 -32.8565

15.4984 7.7996 -32.4735
16.1324 4.9956 -29.8925
17.6924 7.5106 -27.3665
14.8594 10.1756 -27.2605

11.7904 7.9476 -26.4565
11.6534 9.0626 -22.7845
12.3944 12.7136 -23.8295
9.18341 12.5116 -25.9535
7.13441 10.9186 -23.0845
8.28041 13.7356 -20.7305
7.43941 16.2916 -23.4905
3.82641 14.9266 -23.6995
3.46641 14.9556 -19.8485
4.95241 18.5156 -19.7365
2.72541 20.0106 -22.4815

-0.572593 18.0066 -22.2195
-1.30259 17.7656 -18.4035
-4.83959 16.6066 -19.5115
-3.21559 13.1146 -20.0535
-2.48159 10.5306 -17.3425

0.916407 8.7116 -17.6025
-1.08959 5.4956 -18.3795
-2.23159 7.1486 -21.6685

1.45741 6.9996 -22.8835
3.04341 3.6916 -23.9715
6.86741 3.7746 -24.3785

7.84641 0.699596 -26.4245
11.2324 -0.487404 -25.0875
11.3474 -4.0214 -26.6465
10.1434 -5.9834 -29.7245
7.77941 -8.0044 -27.3895
5.76041 -4.9924 -26.1425
2.19641 -4.1014 -27.3005
2.47341 -1.1574 -29.7585
-1.26759 -0.286404 -29.1865
-1.37059 -0.350404 -25.3325
-1.55959 3.4836 -24.9235
-3.53159 6.3496 -26.4645

-0.0395934 7.6756 -27.4215
2.48341 4.9826 -28.4945
6.21241 5.9176 -28.6565
8.53941 3.5136 -30.5725
12.0194 3.5206 -32.1685

12.8904 3.0756 -35.8825
14.7914 -0.193404 -35.0845
11.7154 -1.7304 -33.3465
9.24841 -0.953404 -36.2375

10.6224 -3.8994 -38.3195
10.2614 -6.2574 -35.2765
6.70541 -4.9244 -34.6145
5.53441 -4.9994 -38.3205
2.81741 -7.5994 -37.4155
1.30541 -5.0204 -34.9475
1.59341 -2.0784 -37.4705
-1.52259 -3.6174 -39.1815
-3.63959 -1.6354 -36.6345
-4.54559 1.6786 -38.4075
-2.81859 4.5806 -36.6175
-4.68759 7.6006 -38.0995

-2.15559 10.1386 -36.6675
1.61241 9.5176 -37.0305
4.54141 11.6706 -35.8575

8.03141 10.7056 -37.0995
10.8864 12.5786 -35.4005
14.2074 12.9506 -37.3085

12.4824 11.4636 -40.4285
15.7834 11.6086 -42.4275
16.2964 8.0736 -40.9155
13.7744 6.9496 -43.6355

15.9904 8.3796 -46.5135
16.6874 4.9066 -48.0705
13.6354 2.8326 -49.1955
15.5544 -0.532404 -49.0975
16.1624 -0.300404 -45.2985

13.9974 -2.4534 -42.9675
12.9804 0.693596 -40.9465
11.7164 2.4066 -44.1525
9.96241 -0.777404 -45.4655
8.08741 -1.0894 -42.1075
7.23541 2.6786 -41.7915
6.08341 3.4626 -45.3845
2.84841 1.2926 -45.4625
1.58741 3.0296 -42.2585
2.54441 6.5436 -43.5235
0.655407 5.9896 -46.8455

-2.59959 4.8886 -45.0355
-2.52359 7.1716 -41.9245
-4.82359 10.2736 -42.1635

-2.27759 12.6996 -40.5635
1.52941 12.4686 -41.0885
3.77941 14.8926 -39.1695
7.40341 14.3586 -40.2825
10.1214 16.2946 -38.3715

13.8094 16.8806 -39.2785
16.5504 19.5276 -38.8865
18.2584 18.1166 -41.9965
15.5464 16.5936 -44.2915
18.2854 15.7946 -46.8045
21.7044 14.8596 -45.3365
23.7274 15.0886 -48.6155
21.5884 14.6306 -51.8235

18.0624 15.2276 -53.3435
17.4034 11.4196 -53.5605
17.1464 11.2976 -49.6825
13.9294 13.4456 -49.8385
11.9204 10.9696 -51.9875
10.6444 8.7896 -49.0735
9.56741 11.9236 -47.1025
7.81041 13.4096 -50.2175
5.78941 10.1776 -50.8355
5.00341 9.8896 -47.0735
3.44441 13.4326 -47.0555

1.94141 13.1616 -50.6315
1.55641 9.4456 -51.7165
0.376407 10.5646 -55.2395
3.61341 12.5256 -55.9675
6.21141 10.5796 -58.0515
4.64841 7.0306 -57.6885
7.97241 5.5986 -59.0305

11.4474 6.7966 -57.8885
12.8294 6.7936 -61.4915
10.6824 9.8486 -62.4895
11.9834 11.7846 -59.4185
15.5834 10.6166 -60.1275
15.5204 11.6536 -63.8435
14.3104 15.1816 -62.8895
16.1454 15.9956 -59.6015

19.0384 13.4646 -59.2235
20.6974 13.9476 -62.7015
20.0494 10.2386 -63.3175

22.6264 8.5916 -65.6485
22.3774 5.2436 -67.4905

25.6574 3.4006 -66.7335
26.6534 -0.0814039 -68.1615
25.6034 -1.6484 -64.7745

22.2474 0.244596 -64.3675
21.0834 3.7276 -63.2735
23.1734 6.1526 -61.1915

21.1624 8.6236 -58.9975
24.0934 10.2396 -57.0385
23.7624 13.5666 -58.9315
21.5434 16.6536 -58.5855
19.4154 18.7136 -61.0245
16.6604 21.4086 -61.1025

17.1204 22.1256 -57.3275
15.2894 25.5236 -57.4265
12.1894 23.7476 -58.8835
12.5144 21.0336 -56.1795
12.6954 23.8016 -53.4865
9.48741 25.4396 -54.8555
7.65441 22.0446 -54.9645
8.76641 21.2216 -51.3775
7.70741 24.6196 -49.8905
4.30541 24.6696 -51.7035
3.12841 21.0606 -51.1685
5.35941 19.0586 -48.7025

7.49241 21.1166 -46.3185
7.43441 24.0106 -43.8475
11.0374 25.2526 -43.3145
12.3444 28.2536 -41.3255
15.9194 29.0886 -40.3515

17.4454 30.5726 -37.1235
18.0564 33.7766 -39.1455
14.3014 34.0256 -40.0455
12.8614 33.6556 -36.4855

15.6724 34.1506 -33.8635
17.6334 37.3856 -34.6945
19.0474 37.1486 -31.0945
21.0524 33.8806 -31.5105
24.8514 34.5746 -31.5255
26.6044 33.8406 -34.8495

28.2604 30.4706 -35.5925
31.8764 31.3186 -36.5705
33.4134 28.4286 -38.5725
37.0924 27.9306 -39.5195
39.4544 25.3216 -40.9215
42.4954 24.6266 -38.6805

45.3144 23.0726 -40.7355
47.0944 20.8716 -38.1445
50.8094 20.6906 -38.9545

51.7934 17.4596 -40.8775
55.4084 17.9306 -39.5495

54.3704 15.7386 -36.5275
53.3294 12.9496 -39.0125
56.4674 10.7686 -38.9465

57.9734 9.4956 -42.2445
56.6614 5.8776 -41.7035
53.0394 7.0756 -41.1525
53.3164 9.4056 -44.2135
54.7454 6.5606 -46.3655
51.8074 4.3436 -45.1805
49.2614 7.0786 -46.1785
51.0584 7.4766 -49.5685
50.9714 3.6506 -49.9995
47.1984 3.3416 -49.2515
46.5104 6.3936 -51.5195
48.4654 4.7176 -54.4065
46.6914 1.4046 -53.6155
43.1944 2.9566 -54.1995
44.2854 4.2876 -57.6705

45.7654 0.957596 -58.9225
43.9354 -0.140404 -62.1275
44.0764 -3.9204 -61.5925
42.2054 -4.0814 -58.2075
38.6324 -5.3094 -57.7005

35.8364 -2.9224 -56.5465
36.1554 -4.5844 -53.0835
39.9774 -4.1254 -52.7945
39.4264 -0.423404 -53.7655
36.8374 -0.0704039 -50.8905
39.2054 -1.8904 -48.4535
42.1544 0.401596 -49.4105
39.8034 3.4396 -48.9545
38.7884 2.2376 -45.4305
42.5034 1.6566 -44.6235
43.4734 5.1776 -45.8955
40.6464 6.7166 -43.7805
41.6014 4.7676 -40.5825
45.3344 5.6846 -41.1495
44.2844 9.3746 -41.5095
42.6334 9.1856 -38.0495
45.7934 7.6046 -36.4805
48.0934 10.1656 -38.2085
46.0944 13.1396 -36.7625
46.0414 11.9436 -33.0645
49.3284 13.6966 -31.9275
48.3914 17.1296 -33.3995
44.7064 16.7746 -32.3595
46.0474 16.2266 -28.7885
48.5194 19.1696 -29.1755
45.5924 21.4206 -30.2585
43.2804 20.2686 -27.3685
46.0854 21.0366 -24.8575
46.7394 24.4866 -26.4825
42.9904 25.2836 -26.0065
43.1174 24.2726 -22.2815
46.4424 26.1376 -21.6915

44.7844 29.2166 -23.3745
42.3044 29.2016 -20.4005
39.1354 27.9046 -22.1915
36.4414 26.9516 -19.6635
34.1884 24.6026 -21.7875

34.4074 23.0076 -25.2685
33.2394 19.9316 -27.2395
35.6094 17.5696 -29.1145
34.0234 15.5026 -31.9185

35.6444 12.3476 -33.3895
34.2624 9.0466 -34.8665
37.1404 6.5026 -34.8115

37.2714 4.8186 -31.3585
41.1344 5.0206 -31.3005
40.9044 8.8776 -31.5425
38.3014 9.0626 -28.6985
40.4624 6.6276 -26.6125
43.7274 8.6096 -27.1665
42.0504 11.9886 -26.3205
40.4974 10.5596 -23.0815
43.8334 8.9266 -22.0515
45.7754 12.2296 -22.4715
43.0894 14.2426 -20.5635
43.3074 11.6516 -17.6985
47.1694 11.8756 -17.8135

46.8814 15.7306 -17.5575
44.2134 15.2986 -14.7565
41.6354 17.2586 -16.8585
38.0314 16.5716 -15.7895

36.0284 15.5806 -18.9005
32.9434 13.6126 -20.0665
32.8654 10.8956 -22.7825
29.8634 9.7946 -24.9265

30.1294 7.0726 -27.6245
28.2964 3.9766 -29.0385
28.8744 2.0596 -25.7295
27.4404 4.8086 -23.4135
23.9274 3.8036 -22.2245
20.7644 5.8996 -22.8805
20.3914 7.0076 -19.1925

24.1494 7.6496 -18.6055
24.1404 9.8746 -21.7725
21.5794 12.2066 -20.1085
23.4284 12.1516 -16.7245
26.8644 12.9396 -18.3325
25.1234 15.7086 -20.3555
23.7894 17.1966 -17.0555
27.2664 16.8136 -15.4025
28.9144 18.8296 -18.2705
26.0664 21.4296 -18.2205
25.9924 21.9936 -14.4095

29.6254 21.3306 -13.2755
32.2094 24.1126 -13.9615
35.0124 21.4846 -13.5115
34.2014 19.4806 -16.6895
36.1704 21.4616 -19.3105

36.0284 18.9376 -22.2235
33.2684 16.7666 -23.7025
34.7304 13.9046 -25.8325
31.8744 12.9946 -28.2055
31.3004 10.4666 -30.9935

29.9884 12.3626 -34.0945
27.5594 9.4526 -34.8035
26.4964 8.6036 -31.2065
26.0094 12.1976 -29.8395
24.2874 13.7266 -32.9725
20.8264 13.2526 -31.2845
18.8284 14.2086 -28.1335
21.5954 15.9746 -26.1385
22.0444 19.7466 -25.4535
25.4974 21.2896 -24.7445
24.6604 25.0246 -24.2985
27.3704 25.3566 -21.5455
30.1544 25.2916 -24.2185
31.0384 28.0966 -26.7155

33.4854 26.0196 -28.8575
33.1764 22.8556 -30.9995
36.3434 21.0886 -32.2845
35.9664 18.4556 -35.0285

39.1264 16.3326 -34.5845
37.9174 14.3126 -37.6155
35.9064 15.1156 -40.7635
32.7134 13.1506 -41.5595
31.6274 12.5966 -45.2265
27.9814 13.5686 -44.4815

27.4414 17.3456 -43.8335
23.9684 16.7976 -42.2705
25.6694 14.9306 -39.3505
28.2884 17.7266 -38.9355
25.4514 20.3546 -38.7815
23.5714 18.1146 -36.2465
26.7494 18.1076 -34.0665
27.2234 21.9586 -34.2985

23.5254 22.4336 -33.2805
24.1994 20.5866 -29.9965
25.8204 23.8666 -28.7315
23.8884 26.3886 -30.8765
20.5044 25.8956 -29.0525
17.9644 28.0696 -27.1695
19.8884 29.0116 -23.9725
23.1964 29.7836 -25.7945
24.4254 33.3836 -25.0805
27.9474 33.3146 -26.6935
29.0504 33.2776 -30.3795

29.6724 29.5966 -31.2025
33.1624 28.7756 -32.5345
33.4244 25.7246 -34.8695
36.9854 24.4726 -35.6105
37.4894 21.7886 -38.3225
40.9094 20.0936 -37.8145
42.4424 19.0776 -41.2175

45.8314 17.5776 -42.2395
47.5324 18.0966 -45.6685
48.6384 14.7316 -47.1925
45.6154 12.7566 -45.7745
41.9434 11.7566 -46.4005

40.9314 15.3406 -45.3215
42.2504 16.6846 -48.7055
39.4704 14.6766 -50.5155
36.7714 14.7536 -47.7815
36.7354 18.5676 -47.3615
35.9244 19.4096 -51.0755
33.3394 16.5226 -51.0255
31.6304 17.9596 -47.8815
31.6434 21.4726 -49.4985
29.9504 20.3896 -52.7805
27.3494 18.4646 -50.6655
26.5074 21.5996 -48.5465
26.1474 23.5916 -51.8185
23.6744 20.9466 -53.1835
21.7524 21.2126 -49.8515
21.7674 25.0766 -50.0155
20.5404 25.1606 -53.6855

17.6674 22.8386 -52.5685
16.8674 25.3806 -49.7235
17.9434 22.7796 -47.0795
20.9634 24.6866 -45.6035
22.1384 28.3016 -45.0315
25.5964 26.8626 -44.2965
28.0704 27.9986 -46.9415
31.5104 26.3266 -46.4685
33.3954 28.1326 -49.3575

34.4014 31.2216 -47.2755
36.4494 29.0326 -44.8325
38.7964 27.7156 -47.6115
39.6474 31.1126 -49.1705

40.9124 32.0716 -45.6405
43.3974 29.0986 -45.2175

End chain 1
