-13.201 -6.296 -53.957
-10.703 -3.406 -53.291
-9.54 -3.087 -49.639
-11.02 0.322 -48.639
-8.614 1.85 -46.053
-10.787 3.126 -43.162

-9.634 6.195 -41.181
-10.061 4.9 -37.589
-10.286 6.838 -34.306
-12.195 7.103 -30.979
-14.163 9.439 -28.711
-12.619 10.223 -25.263
-14.157 12.207 -22.344

-11.943 15.248 -21.466
-14.301 16.978 -18.949
-17.827 16.65 -17.399
-19.139 18.761 -20.353

-16.752 17.96 -23.312
-15.482 14.956 -25.281
-12.62 14.751 -27.824
-12.437 12.939 -31.204
-8.982 11.264 -31.393
-8.672 10.357 -35.1

-6.282 10.744 -38.079
-6.98 13.557 -40.6
-9.895 13.022 -43.051

-11.208 15.853 -45.293
-14.92 14.856 -45.011
-14.611 14.37 -41.226
-13.015 17.857 -40.827
-15.875 19.254 -42.999
-18.403 17.482 -40.669
-16.559 18.759 -37.515
-16.844 22.341 -38.957

-20.697 21.797 -39.029
-20.861 21.033 -35.24
-22.116 23.933 -33.104
-20.016 23.255 -29.939
-16.791 22.621 -31.971

-13.393 23.436 -30.391
-10.011 22.816 -32.063
-6.805 22.812 -29.99

-3.883 23.919 -32.209
-1.328 22.314 -29.773
-2.753 18.736 -29.691
-4.334 19.137 -33.217

-7.578 17.622 -31.79
-11.313 18.386 -31.995
-13.683 18.544 -28.991
-17.466 19.001 -28.65
-20.131 19.402 -25.91

-21.257 16.038 -24.476
-24.923 16.743 -25.497
-23.731 16.722 -29.178
-22.178 13.179 -28.839
-25.228 11.354 -30.322
-25.57 14.044 -33.093
-21.852 13.682 -34.021
-21.815 9.829 -34.037
-25.045 9.774 -36.128
-23.507 12.176 -38.75
-20.093 10.348 -38.803

-21.793 6.948 -39.527
-22.962 8.546 -42.834
-19.328 9.196 -43.991
-17.677 6.563 -46.261
-14.251 5.2 -45.121

-14.46 6.789 -41.562
-14.765 4.819 -38.279
-15.142 6.964 -35.114
-15.663 4.659 -32.101

-18.218 6.249 -29.657
-17.862 6.903 -25.912
-18.35 3.469 -24.195

-21.794 2.549 -22.772
-20.235 2.829 -19.255
-19.534 6.58 -19.812
-22.964 7.196 -21.431
-24.623 5.531 -18.378
-22.42 7.523 -15.909

-23.028 10.919 -17.654
-26.668 10.153 -18.714
-27.851 13.482 -17.123

-25.214 15.594 -18.963
-26 13.8 -22.296
-29.631 15.147 -21.909

-28.5899 18.64 -20.8353
-25.5852 20.8399 -20.2153
-22.2552 22.2637 -20.9964
-19.844 23.6808 -18.454
-16.9989 24.7981 -16.2165
-18.6389 22.3535 -13.7643
-20.5486 19.622 -15.4488
-23.3253 17.2482 -14.5158
-25.7113 14.3097 -14.7321
-28.9962 13.2011 -12.9484
-32.1003 11.6305 -11.4045
-30.3332 11.7239 -8.04769
-27.5155 13.488 -6.05344
-25.2748 10.9289 -4.28895
-25.8977 13.0315 -1.11474
-29.416 14.6457 -0.691947
-29.7424 11.8775 1.95304
-27.299 11.8932 4.89288
-26.6595 12.7915 8.57802

-22.9903 12.3649 9.47121
-23.8423 9.82904 12.1706
-25.9896 7.83233 9.75289
-23.1994 7.77154 7.17332
-20.7006 6.54957 9.76281

-17.0366 5.36157 9.40381
-16.9856 5.36357 5.53781
-14.7436 8.12857 4.12881

-16.4046 10.2336 1.30581
-14.5296 8.32457 -1.46119
-15.3626 4.94357 0.208809
-19.0946 5.94857 0.219809
-18.8606 6.85957 -3.51019
-17.2416 3.39657 -4.11119
-20.0866 1.61657 -2.21319
-22.6616 3.62557 -4.26619
-20.8536 2.70657 -7.56119
-20.7286 -0.999435 -6.57219
-24.4946 -0.967435 -5.72919
-25.3226 0.884565 -9.02219

-23.2716 -1.81343 -10.9292
-25.5126 -4.41043 -9.12719
-22.8106 -5.75843 -6.72719

-20.6506 -7.10543 -9.63119
-17.2546 -5.34043 -9.69419
-13.5076 -5.44643 -9.17819
-12.5936 -2.91743 -6.43619

-8.99261 -2.26343 -7.58519
-8.43361 0.730565 -5.23219
-4.80261 1.14657 -4.08019
-3.34661 -0.743435 -1.05919
-4.65961 0.497565 2.32681
-7.53161 2.71057 0.916809
-10.0046 0.522565 2.95081

-11.1426 -2.10443 0.373809
-12.3106 -4.37743 3.27681
-14.6616 -1.74443 4.85881
-16.1746 -0.952435 1.39681
-16.5806 -4.72043 0.632809
-18.3186 -5.41643 4.00381
-20.7136 -2.46243 3.34081
-21.5456 -3.60343 -0.262191
-22.1446 -7.18143 1.00581
-24.2536 -5.93843 4.00381
-26.5256 -3.92743 1.62081
-27.1986 -7.40043 0.0498092
-27.6826 -9.16543 3.52381
-31.1846 -10.3154 2.31281

-29.3486 -12.4144 -0.395191
-26.9246 -14.3264 1.95281
-25.2796 -16.8714 2.71281

-22.0726 -14.9064 2.03081
-18.8496 -16.5954 0.811809
-15.5336 -14.7864 1.53981
-12.4306 -16.1974 -0.234191
-9.12761 -14.8154 1.14581

-5.34861 -15.4744 1.52881
-4.71461 -18.2784 4.10981
-3.15461 -15.7634 6.63581
-5.98761 -13.0984 6.74181

-9.05661 -15.3264 7.54581
-9.19361 -14.2114 11.2178
-8.45261 -10.5604 10.1728
-11.6636 -10.7624 8.04881
-13.7126 -12.3554 10.9178
-12.5666 -9.53843 13.2718
-13.4076 -6.98243 10.5118
-17.0206 -8.34743 10.3028
-17.3806 -8.31843 14.1538
-15.8946 -4.75843 14.2658
-18.1216 -3.26343 11.5208

-21.4196 -5.26743 11.7828
-22.1496 -5.50843 15.5988
-25.6866 -6.66743 14.4908
-24.0626 -10.1594 13.9488
-23.3286 -12.7434 16.6598

-19.9306 -14.5624 16.3998
-21.9366 -17.7784 15.6228
-23.0786 -16.1254 12.3338

-19.3896 -16.2744 11.1188
-17.8036 -19.5824 10.0308
-13.9796 -19.4994 9.62381

-13.0006 -22.5744 7.57781
-9.61461 -23.7614 8.91481
-9.49961 -27.2954 7.35581
-10.7036 -29.2574 4.27781
-13.0676 -31.2784 6.61281
-15.0866 -28.2664 7.85981
-18.6506 -27.3754 6.70181
-18.3736 -24.4314 4.24381
-22.1146 -23.5604 4.81581
-22.2176 -23.6244 8.66981
-22.4066 -19.7904 9.07881
-24.3786 -16.9244 7.53781

-20.8866 -15.5984 6.58081
-18.3636 -18.2914 5.50781
-14.6346 -17.3564 5.34581
-12.3076 -19.7604 3.42981
-8.82761 -19.7534 1.83381

-7.95661 -20.1984 -1.88019
-6.05561 -23.4674 -1.08219
-9.13161 -25.0044 0.655809
-11.5986 -24.2274 -2.23519

-10.2246 -27.1734 -4.31719
-10.5856 -29.5314 -1.27419
-14.1416 -28.1984 -0.612191
-15.3126 -28.2734 -4.31819
-18.0296 -30.8734 -3.41319
-19.5416 -28.2944 -0.945191
-19.2536 -25.3524 -3.46819
-22.3696 -26.8914 -5.17919
-24.4866 -24.9094 -2.63219
-25.3926 -21.5954 -4.40519
-23.6656 -18.6934 -2.61519
-25.5346 -15.6734 -4.09719

-23.0026 -13.1354 -2.66519
-19.2346 -13.7564 -3.02819
-16.3056 -11.6034 -1.85519

-12.8156 -12.5684 -3.09719
-9.96061 -10.6954 -1.39819
-6.63961 -10.3234 -3.30619

-8.36461 -11.8104 -6.42619
-5.06361 -11.6654 -8.42519
-4.55061 -15.2004 -6.91319
-7.07261 -16.3244 -9.63319

-4.85661 -14.8944 -12.5112
-4.15961 -18.3674 -14.0682
-7.21161 -20.4414 -15.1932
-5.29261 -23.8064 -15.0952
-4.68461 -23.5744 -11.2962

-6.84961 -25.7274 -8.96519
-7.86661 -22.5804 -6.94419
-9.13061 -20.8674 -10.1502
-10.8846 -24.0514 -11.4632
-12.7596 -24.3634 -8.10519
-13.6116 -20.5954 -7.78919
-14.7636 -19.8114 -11.3822
-17.9986 -21.9814 -11.4602
-19.2596 -20.2444 -8.25619
-18.3026 -16.7304 -9.52119
-20.1916 -17.2844 -12.8432

-23.4466 -18.3854 -11.0332
-23.3706 -16.1024 -7.92219
-25.6706 -13.0004 -8.16119

-23.1246 -10.5744 -6.56119
-19.3176 -10.8054 -7.08619
-17.0676 -8.38143 -5.16719
-13.4436 -8.91543 -6.28019
-10.7256 -6.97943 -4.36919

-7.03761 -6.39343 -5.27619
-4.29661 -3.74643 -4.88419
-2.58861 -5.15743 -7.99419
-5.30061 -6.68043 -10.2892
-2.56161 -7.47943 -12.8022
0.85739 -8.41443 -11.3342
2.88039 -8.18543 -14.6132
0.74139 -8.64343 -17.8212

-2.78461 -8.04643 -19.3412
-3.44361 -11.8544 -19.5582
-3.70061 -11.9764 -15.6802
-6.91761 -9.82843 -15.8362
-8.92661 -12.3044 -17.9852
-10.2026 -14.4844 -15.0712
-11.2796 -11.3504 -13.1002
-13.0366 -9.86443 -16.2152
-15.0576 -13.0964 -16.8332
-15.8436 -13.3844 -13.0712
-17.4026 -9.84143 -13.0532

-18.9056 -10.1124 -16.6292
-19.2906 -13.8284 -17.7142
-20.4706 -12.7094 -21.2372
-17.2336 -10.7484 -21.9652
-14.6356 -12.6944 -24.0492
-16.1986 -16.2434 -23.6862
-12.8746 -17.6754 -25.0282

-9.39961 -16.4774 -23.8862
-8.01761 -16.4804 -27.4892
-10.1646 -13.4254 -28.4872
-8.86361 -11.4894 -25.4162
-5.26361 -12.6574 -26.1252
-5.32661 -11.6204 -29.8412
-6.53661 -8.09243 -28.8872
-4.70161 -7.27843 -25.5992

-1.80861 -9.80943 -25.2212
-0.14961 -9.32643 -28.6992
-0.79761 -13.0354 -29.3152

1.77939 -14.6824 -31.6462
1.53039 -18.0304 -33.4882

4.81039 -19.8734 -32.7312
5.80639 -23.3554 -34.1592
4.75639 -24.9224 -30.7722

1.40039 -23.0294 -30.3652
0.23639 -19.5464 -29.2712
2.32639 -17.1214 -27.1892

0.31539 -14.6504 -24.9952
3.24639 -13.0344 -23.0362
2.91539 -9.70743 -24.9292
0.69639 -6.62043 -24.5832
-1.43161 -4.56043 -27.0222
-4.18661 -1.86543 -27.1002

-3.72661 -1.14843 -23.3252
-5.55761 2.24957 -23.4242
-8.65761 0.473565 -24.8812
-8.33261 -2.24043 -22.1772
-8.15161 0.527565 -19.4842
-11.3596 2.16557 -20.8532
-13.1926 -1.22943 -20.9622
-12.0806 -2.05243 -17.3752
-13.1396 1.34557 -15.8882
-16.5416 1.39557 -17.7012
-17.7186 -2.21343 -17.1662
-15.4876 -4.21543 -14.7002

-13.3546 -2.15743 -12.3162
-13.4126 0.736565 -9.84519
-9.80961 1.97857 -9.31219
-8.50261 4.97957 -7.32319
-4.92761 5.81457 -6.34919

-3.40161 7.29857 -3.12119
-2.79061 10.5026 -5.14319
-6.54561 10.7516 -6.04319
-7.98561 10.3816 -2.48319

-5.17461 10.8766 0.138809
-3.21361 14.1116 -0.692191
-1.79961 13.8746 2.90781
0.20539 10.6066 2.49181
4.00439 11.3006 2.47681
5.75739 10.5666 -0.847191

7.41339 7.19657 -1.59019
11.0294 8.04457 -2.56819
12.5664 5.15457 -4.57019
16.2454 4.65657 -5.51719
18.6074 2.04757 -6.91919
21.6484 1.35257 -4.67819

24.4674 -0.201435 -6.73319
26.2474 -2.40243 -4.14219
29.9624 -2.58343 -4.95219

30.9464 -5.81443 -6.87519
34.5614 -5.34343 -5.54719

33.5234 -7.53543 -2.52519
32.4824 -10.3244 -5.01019
35.6204 -12.5054 -4.94419

37.1264 -13.7784 -8.24219
35.8144 -17.3964 -7.70119
32.1924 -16.1984 -7.15019
32.4694 -13.8684 -10.2112
33.8984 -16.7134 -12.3632
30.9604 -18.9304 -11.1782
28.4144 -16.1954 -12.1762
30.2114 -15.7974 -15.5662
30.1244 -19.6234 -15.9972
26.3514 -19.9324 -15.2492
25.6634 -16.8804 -17.5172
27.6184 -18.5564 -20.4042
25.8444 -21.8694 -19.6132
22.3474 -20.3174 -20.1972
23.4384 -18.9864 -23.6682

24.9184 -22.3164 -24.9202
23.0884 -23.4144 -28.1252
23.2294 -27.1944 -27.5902
21.3584 -27.3554 -24.2052
17.7854 -28.5834 -23.6982

14.9894 -26.1964 -22.5442
15.3084 -27.8584 -19.0812
19.1304 -27.3994 -18.7922
18.5794 -23.6974 -19.7632
15.9904 -23.3444 -16.8882
18.3584 -25.1644 -14.4512
21.3074 -22.8724 -15.4082
18.9564 -19.8344 -14.9522
17.9414 -21.0364 -11.4282
21.6564 -21.6174 -10.6212
22.6264 -18.0964 -11.8932
19.7994 -16.5574 -9.77819
20.7544 -18.5064 -6.58019
24.4874 -17.5894 -7.14719
23.4374 -13.8994 -7.50719
21.7864 -14.0884 -4.04719
24.9464 -15.6694 -2.47819
27.2464 -13.1084 -4.20619
25.2474 -10.1344 -2.76019
25.1944 -11.3304 0.937809
28.4814 -9.57743 2.07481
27.5444 -6.14443 0.602809
23.8594 -6.49943 1.64281
25.2004 -7.04743 5.21381
27.6724 -4.10443 4.82681
24.7454 -1.85343 3.74381
22.4334 -3.00543 6.63381
25.2384 -2.23743 9.14481
25.8924 1.21257 7.51981
22.1434 2.00957 7.99581
22.2704 0.998565 11.7208
25.5954 2.86357 12.3108

23.9374 5.94257 10.6278
21.4574 5.92757 13.6018
18.2884 4.63057 11.8108
15.5944 3.67757 14.3388
13.3414 1.32857 12.2148

13.5604 -0.266435 8.73381
12.3924 -3.34243 6.76281
14.7624 -5.70443 4.88781
13.1764 -7.77143 2.08381

14.7974 -10.9264 0.612809
13.4154 -14.2274 -0.864191
16.2934 -16.7714 -0.809191

16.4244 -18.4554 2.64381
20.2874 -18.2534 2.70181
20.0574 -14.3964 2.45981
17.4544 -14.2114 5.30381
19.6154 -16.6464 7.38981
22.8804 -14.6644 6.83581
21.2034 -11.2854 7.68181
19.6504 -12.7144 10.9208
22.9864 -14.3474 11.9508
24.9284 -11.0444 11.5308
22.2424 -9.03143 13.4388
22.4604 -11.6224 16.3038
26.3224 -11.3984 16.1888

26.0344 -7.54343 16.4448
23.3664 -7.97543 19.2458
20.7884 -6.01543 17.1438
17.1844 -6.70243 18.2128

15.1814 -7.69343 15.1018
12.0964 -9.66143 13.9358
12.0184 -12.3784 11.2198
9.01639 -13.4794 9.07581

9.28239 -16.2014 6.37781
7.44939 -19.2974 4.96381
8.02739 -21.2144 8.27281
6.59339 -18.4654 10.5888
3.08039 -19.4704 11.7778
-0.0826096 -17.3744 11.1218
-0.45561 -16.2664 14.8098

3.30239 -15.6244 15.3968
3.29339 -13.3994 12.2298
0.73239 -11.0674 13.8938
2.58139 -11.1224 17.2778
6.01739 -10.3344 15.6698
4.27639 -7.56543 13.6468
2.94239 -6.07743 16.9468
6.41939 -6.46043 18.5998
8.06739 -4.44443 15.7318
5.21939 -1.84443 15.7818
5.14539 -1.28043 19.5928

8.77839 -1.94343 20.7268
11.3624 0.838565 20.0408
14.1654 -1.78943 20.4908
13.3544 -3.79343 17.3128
15.3234 -1.81243 14.6918

15.1814 -4.33643 11.7788
12.4214 -6.50743 10.2998
13.8834 -9.36943 8.16981
11.0274 -10.2794 5.79681
10.4534 -12.8074 3.00881

9.14139 -10.9114 -0.0921908
6.71239 -13.8214 -0.801191
5.64939 -14.6704 2.79581
5.16239 -11.0764 4.16281
3.44039 -9.54743 1.02981
-0.0206096 -10.0214 2.71781
-2.01861 -9.06543 5.86881
0.74839 -7.29943 7.86381
1.19739 -3.52743 8.54881
4.65039 -1.98443 9.25781
3.81339 1.75057 9.70381
6.52339 2.08257 12.4568
9.30739 2.01757 9.78381
10.1914 4.82257 7.28681

12.6384 2.74557 5.14481
12.3294 -0.418435 3.00281
15.4964 -2.18543 1.71781
15.1194 -4.81843 -1.02619

18.2794 -6.94143 -0.582191
17.0704 -8.96143 -3.61319
15.0594 -8.15843 -6.76119
11.8664 -10.1234 -7.55719
10.7804 -10.6774 -11.2242
7.13439 -9.70543 -10.4792

6.59439 -5.92843 -9.83119
3.12139 -6.47643 -8.26819
4.82239 -8.34343 -5.34819
7.44139 -5.54743 -4.93319
4.60439 -2.91943 -4.77919
2.72439 -5.15943 -2.24419
5.90239 -5.16643 -0.0641908
6.37639 -1.31543 -0.296191

2.67839 -0.840435 0.721809
3.35239 -2.68743 4.00581
4.97339 0.592565 5.27081
3.04139 3.11457 3.12581
-0.34261 2.62157 4.94981
-2.88261 4.79557 6.83281
-0.95861 5.73757 10.0298
2.34939 6.50957 8.20781
3.57839 10.1096 8.92181
7.10039 10.0406 7.30881
8.20339 10.0036 3.62281

8.82539 6.32257 2.79981
12.3154 5.50157 1.46781
12.5774 2.45057 -0.867191
16.1384 1.19857 -1.60819
16.6424 -1.48543 -4.32019
20.0624 -3.18043 -3.81219
21.5954 -4.19643 -7.21519

24.9844 -5.69643 -8.23719
26.6854 -5.17743 -11.6662
27.7914 -8.54243 -13.1902
24.7684 -10.5174 -11.7722
21.0964 -11.5174 -12.3982

20.0844 -7.93343 -11.3192
21.4034 -6.58943 -14.7032
18.6234 -8.59743 -16.5132
15.9244 -8.52043 -13.7792
15.8884 -4.70643 -13.3592
15.0774 -3.86443 -17.0732
12.4924 -6.75143 -17.0232
10.7834 -5.31443 -13.8792
10.7964 -1.80143 -15.4962
9.10339 -2.88443 -18.7782
6.50239 -4.80943 -16.6632
5.66039 -1.67443 -14.5442
5.30039 0.317565 -17.8162
2.82739 -2.32743 -19.1812
0.90539 -2.06143 -15.8492
0.92039 1.80257 -16.0132
-0.30661 1.88657 -19.6832

-3.17961 -0.435435 -18.5662
-3.97961 2.10657 -15.7212
-2.90361 -0.494435 -13.0772
0.11639 1.41257 -11.6012
1.29139 5.02757 -11.0292
4.74939 3.58857 -10.2942
7.22339 4.72457 -12.9392
10.6634 3.05257 -12.4662
12.5484 4.85857 -15.3552

13.5544 7.94757 -13.2732
15.6024 5.75857 -10.8302
17.9494 4.44157 -13.6092
18.8004 7.83857 -15.1682

20.0654 8.79757 -11.6382
22.5504 5.82457 -11.2152

End chain 1
