-13.201 -6.296 -53.957
-10.703 -3.406 -53.291
-9.54 -3.087 -49.639
-11.02 0.322 -48.639
-8.614 1.85 -46.053
-10.787 3.126 -43.162

-9.634 6.195 -41.181
-10.061 4.9 -37.589
-10.286 6.838 -34.306
-12.195 7.103 -30.979
-14.163 9.439 -28.711
-12.619 10.223 -25.263
-14.157 12.207 -22.344

-11.943 15.248 -21.466
-14.301 16.978 -18.949
-17.827 16.65 -17.399
-19.139 18.761 -20.353

-16.752 17.96 -23.312
-15.482 14.956 -25.281
-12.62 14.751 -27.824
-12.437 12.939 -31.204
-8.982 11.264 -31.393
-8.672 10.357 -35.1

-6.282 10.744 -38.079
-6.98 13.557 -40.6
-9.895 13.022 -43.051

-11.208 15.853 -45.293
-14.92 14.856 -45.011
-14.611 14.37 -41.226
-13.015 17.857 -40.827
-15.875 19.254 -42.999
-18.403 17.482 -40.669
-16.559 18.759 -37.515
-16.844 22.341 -38.957

-20.697 21.797 -39.029
-20.861 21.033 -35.24
-22.116 23.933 -33.104
-20.016 23.255 -29.939
-16.791 22.621 -31.971

-13.393 23.436 -30.391
-10.011 22.816 -32.063
-6.805 22.812 -29.99

-3.883 23.919 -32.209
-1.328 22.314 -29.773
-2.753 18.736 -29.691
-4.334 19.137 -33.217

-7.578 17.622 -31.79
-11.313 18.386 -31.995
-13.683 18.544 -28.991
-17.466 19.001 -28.65
-20.131 19.402 -25.91

-21.257 16.038 -24.476
-24.923 16.743 -25.497
-23.731 16.722 -29.178
-22.178 13.179 -28.839
-25.228 11.354 -30.322
-25.57 14.044 -33.093
-21.852 13.682 -34.021
-21.815 9.829 -34.037
-25.045 9.774 -36.128
-23.507 12.176 -38.75
-20.093 10.348 -38.803

-21.793 6.948 -39.527
-22.962 8.546 -42.834
-19.328 9.196 -43.991
-17.677 6.563 -46.261
-14.251 5.2 -45.121

-14.46 6.789 -41.562
-14.765 4.819 -38.279
-15.142 6.964 -35.114
-15.663 4.659 -32.101

-18.218 6.249 -29.657
-17.862 6.903 -25.912
-18.35 3.469 -24.195

-21.794 2.549 -22.772
-20.235 2.829 -19.255
-19.534 6.58 -19.812
-22.964 7.196 -21.431
-24.623 5.531 -18.378
-22.42 7.523 -15.909

-23.028 10.919 -17.654
-26.668 10.153 -18.714
-27.851 13.482 -17.123

-25.214 15.594 -18.963
-26 13.8 -22.296
-29.631 15.147 -21.909

-28.3302 18.6943 -21.276
-26.7801 22.0803 -20.5601
-25.1932 25.4413 -19.4555
-28.7207 26.5536 -18.4878
-32.2166 27.6683 -17.3796
-32.0839 31.1057 -18.8362
-31.9944 34.7285 -19.5858
-35.7236 34.928 -19.5183
-38.1998 33.5081 -22.0933
-40.6906 32.5362 -19.4891
-40.226 35.2315 -16.8114
-41.7779 38.3173 -18.5759
-42.2912 41.857 -19.7101
-45.9066 42.084 -18.9101
-48.0634 42.6831 -22.0092
-49.3469 46.0469 -22.8899
-45.5901 46.47 -23.1935
-43.0665 44.1108 -24.6714
-42.7637 45.8619 -28.0405

-39.5328 45.8239 -30.0412
-37.8485 43.5979 -27.4623
-40.76 41.1562 -27.5261
-40.6482 40.9719 -31.3204
-36.912 40.2779 -31.2731

-33.248 39.0899 -31.6321
-33.197 39.0919 -35.4981
-30.955 41.8569 -36.9071

-32.616 43.9619 -39.7301
-30.741 42.0529 -42.4971
-31.574 38.6719 -40.8271
-35.306 39.6769 -40.8161
-35.072 40.5879 -44.5461
-33.453 37.1249 -45.1471
-36.298 35.3449 -43.2491
-38.873 37.3539 -45.3021
-37.065 36.4349 -48.5971
-36.94 32.7289 -47.6081
-40.706 32.7609 -46.7651
-41.534 34.6129 -50.0581

-39.483 31.9149 -51.9651
-41.724 29.3179 -50.1631
-39.022 27.9699 -47.7631

-36.862 26.6229 -50.6671
-33.466 28.3879 -50.7301
-29.719 28.2819 -50.2141
-28.805 30.8109 -47.4721

-25.204 31.4649 -48.6211
-24.645 34.4589 -46.2681
-21.014 34.8749 -45.1161
-19.558 32.9849 -42.0951
-20.871 34.2259 -38.7091
-23.743 36.4389 -40.1191
-26.216 34.2509 -38.0851

-27.354 31.6239 -40.6621
-28.522 29.3509 -37.7591
-30.873 31.9839 -36.1771
-32.386 32.7759 -39.6391
-32.792 29.0079 -40.4031
-34.53 28.3119 -37.0321
-36.925 31.2659 -37.6951
-37.757 30.1249 -41.2981
-38.356 26.5469 -40.0301
-40.465 27.7899 -37.0321
-42.737 29.8009 -39.4151
-43.41 26.3279 -40.9861
-43.894 24.5629 -37.5121
-47.396 23.4129 -38.7231

-45.56 21.3139 -41.4311
-43.136 19.4019 -39.0831
-41.491 16.8569 -38.3231

-38.284 18.8219 -39.0051
-35.061 17.1329 -40.2241
-31.745 18.9419 -39.4961
-28.642 17.5309 -41.2701
-25.339 18.9129 -39.8901

-21.56 18.2539 -39.5071
-20.926 15.4499 -36.9261
-19.366 17.9649 -34.4001
-22.199 20.6299 -34.2941

-25.268 18.4019 -33.4901
-25.405 19.5169 -29.8181
-24.664 23.1679 -30.8631
-27.875 22.9659 -32.9871
-29.924 21.3729 -30.1181
-28.778 24.1899 -27.7641
-29.619 26.7459 -30.5241
-33.232 25.3809 -30.7331
-33.592 25.4099 -26.8821
-32.106 28.9699 -26.7701
-34.333 30.4649 -29.5151

-37.631 28.4609 -29.2531
-38.361 28.2199 -25.4371
-41.898 27.0609 -26.5451
-40.274 23.5689 -27.0871
-39.54 20.9849 -24.3761

-36.142 19.1659 -24.6361
-38.148 15.9499 -25.4131
-39.29 17.6029 -28.7021

-35.601 17.4539 -29.9171
-34.015 14.1459 -31.0051
-30.191 14.2289 -31.4121

-29.212 11.1539 -33.4581
-25.826 9.96686 -32.1211
-25.711 6.43286 -33.6801
-26.915 4.47086 -36.7581
-29.279 2.44986 -34.4231
-31.298 5.46186 -33.1761
-34.862 6.35286 -34.3341
-34.585 9.29686 -36.7921
-38.326 10.1679 -36.2201
-38.429 10.1039 -32.3661
-38.618 13.9379 -31.9571
-40.59 16.8039 -33.4981

-37.098 18.1299 -34.4551
-34.575 15.4369 -35.5281
-30.846 16.3719 -35.6901
-28.519 13.9679 -37.6061
-25.039 13.9749 -39.2021

-24.168 13.5299 -42.9161
-22.267 10.2609 -42.1181
-25.343 8.72386 -40.3801
-27.81 9.50086 -43.2711

-26.436 6.55486 -45.3531
-26.797 4.19686 -42.3101
-30.353 5.52986 -41.6481
-31.524 5.45486 -45.3541
-34.241 2.85486 -44.4491
-35.753 5.43386 -41.9811
-35.465 8.37586 -44.5041
-38.581 6.83686 -46.2151
-40.698 8.81886 -43.6681
-41.604 12.1329 -45.4411
-39.877 15.0349 -43.6511
-41.746 18.0549 -45.1331

-39.214 20.5929 -43.7011
-35.446 19.9719 -44.0641
-32.517 22.1249 -42.8911

-29.027 21.1599 -44.1331
-26.172 23.0329 -42.4341
-22.851 23.4049 -44.3421

-24.576 21.9179 -47.4621
-21.275 22.0629 -49.4611
-20.762 18.5279 -47.9491
-23.284 17.4039 -50.6691

-21.068 18.8339 -53.5471
-20.371 15.3609 -55.1041
-23.423 13.2869 -56.2291
-21.504 9.92186 -56.1311
-20.896 10.1539 -52.3321

-23.061 8.00086 -50.0011
-24.078 11.1479 -47.9801
-25.342 12.8609 -51.1861
-27.096 9.67686 -52.4991
-28.971 9.36486 -49.1411
-29.823 13.1329 -48.8251
-30.975 13.9169 -52.4181
-34.21 11.7469 -52.4961
-35.471 13.4839 -49.2921
-34.514 16.9979 -50.5571
-36.403 16.4439 -53.8791

-39.658 15.3429 -52.0691
-39.582 17.6259 -48.9581
-41.882 20.7279 -49.1971

-39.336 23.1539 -47.5971
-35.529 22.9229 -48.1221
-33.279 25.3469 -46.2031
-29.655 24.8129 -47.3161
-26.937 26.7489 -45.4051

-23.249 27.3349 -46.3121
-20.508 29.9819 -45.9201
-18.8 28.5709 -49.0301
-21.512 27.0479 -51.3251
-18.773 26.2489 -53.8381
-15.354 25.3139 -52.3701
-13.331 25.5429 -55.6491
-15.47 25.0849 -58.8571

-18.996 25.6819 -60.3771
-19.655 21.8739 -60.5941
-19.912 21.7519 -56.7161
-23.129 23.8999 -56.8721
-25.138 21.4239 -59.0211
-26.414 19.2439 -56.1071
-27.491 22.3779 -54.1361
-29.248 23.8639 -57.2511
-31.269 20.6319 -57.8691
-32.055 20.3439 -54.1071
-33.614 23.8869 -54.0891

-35.117 23.6159 -57.6651
-35.502 19.8999 -58.7501
-36.682 21.0189 -62.2731
-33.445 22.9799 -63.0011
-30.847 21.0339 -65.0851
-32.41 17.4849 -64.7221
-29.086 16.0529 -66.0641

-25.611 17.2509 -64.9221
-24.229 17.2479 -68.5251
-26.376 20.3029 -69.5231
-25.075 22.2389 -66.4521
-21.475 21.0709 -67.1611
-21.538 22.1079 -70.8771
-22.748 25.6359 -69.9231
-20.913 26.4499 -66.6351

-18.02 23.9189 -66.2571
-16.361 24.4019 -69.7351
-17.009 20.6929 -70.3511

-14.432 19.0459 -72.6821
-14.681 15.6979 -74.5241

-11.401 13.8549 -73.7671
-10.405 10.3729 -75.1951
-11.455 8.80586 -71.8081

-14.811 10.6989 -71.4011
-15.975 14.1819 -70.3071
-13.885 16.6069 -68.2251

-15.896 19.0779 -66.0311
-12.965 20.6939 -64.0721
-13.296 24.0209 -65.9651
-15.515 27.1079 -65.6191
-17.643 29.1679 -68.0581
-20.398 31.8629 -68.1361

-19.938 32.5799 -64.3611
-21.769 35.9779 -64.4601
-24.869 34.2019 -65.9171
-24.544 31.4879 -63.2131
-24.363 34.2559 -60.5201
-27.571 35.8939 -61.8891
-29.404 32.4989 -61.9981
-28.292 31.6759 -58.4111
-29.351 35.0739 -56.9241
-32.753 35.1239 -58.7371
-33.93 31.5149 -58.2021
-31.699 29.5129 -55.7361

-29.566 31.5709 -53.3521
-29.624 34.4649 -50.8811
-26.021 35.7069 -50.3481
-24.714 38.7079 -48.3591
-21.139 39.5429 -47.3851

-19.613 41.0269 -44.1571
-19.002 44.2309 -46.1791
-22.757 44.4799 -47.0791
-24.197 44.1099 -43.5191

-21.386 44.6049 -40.8971
-19.425 47.8399 -41.7281
-18.011 47.6029 -38.1281
-16.006 44.3349 -38.5441
-12.207 45.0289 -38.5591
-10.454 44.2949 -41.8831

-8.79797 40.9249 -42.6261
-5.18197 41.7729 -43.6041
-3.64497 38.8829 -45.6061
0.0340255 38.3849 -46.5531
2.39603 35.7759 -47.9551
5.43703 35.0809 -45.7141

8.25603 33.5269 -47.7691
10.036 31.3259 -45.1781
13.751 31.1449 -45.9881

14.735 27.9139 -47.9111
18.35 28.3849 -46.5831

17.312 26.1929 -43.5611
16.271 23.4039 -46.0461
19.409 21.2229 -45.9801

20.915 19.9499 -49.2781
19.603 16.3319 -48.7371
15.981 17.5299 -48.1861
16.258 19.8599 -51.2471
17.687 17.0149 -53.3991
14.749 14.7979 -52.2141
12.203 17.5329 -53.2121
14 17.9309 -56.6021
13.913 14.1049 -57.0331
10.14 13.7959 -56.2851
9.45203 16.8479 -58.5531
11.407 15.1719 -61.4401
9.63303 11.8589 -60.6491
6.13603 13.4109 -61.2331
7.22703 14.7419 -64.7041

8.70703 11.4119 -65.9561
6.87703 10.3139 -69.1611
7.01803 6.53386 -68.6261
5.14703 6.37286 -65.2411
1.57403 5.14486 -64.7341

-1.22197 7.53186 -63.5801
-0.902975 5.86986 -60.1171
2.91903 6.32886 -59.8281
2.36803 10.0309 -60.7991
-0.220975 10.3839 -57.9241
2.14703 8.56386 -55.4871
5.09603 10.8559 -56.4441
2.74503 13.8939 -55.9881
1.73003 12.6919 -52.4641
5.44503 12.1109 -51.6571
6.41503 15.6319 -52.9291
3.58803 17.1709 -50.8141
4.54303 15.2219 -47.6161
8.27603 16.1389 -48.1831
7.22603 19.8289 -48.5431
5.57503 19.6399 -45.0831
8.73503 18.0589 -43.5141
11.035 20.6199 -45.2421
9.03603 23.5939 -43.7961
8.98303 22.3979 -40.0981
12.27 24.1509 -38.9611
11.333 27.5839 -40.4331
7.64803 27.2289 -39.3931
8.98903 26.6809 -35.8221
11.461 29.6239 -36.2091
8.53403 31.8749 -37.2921
6.22203 30.7229 -34.4021
9.02703 31.4909 -31.8911
9.68103 34.9409 -33.5161
5.93203 35.7379 -33.0401
6.05903 34.7269 -29.3151
9.38403 36.5919 -28.7251

7.72603 39.6709 -30.4081
5.24603 39.6559 -27.4341
2.07703 38.3589 -29.2251
-0.616975 37.4059 -26.6971
-2.86997 35.0569 -28.8211

-2.65097 33.4619 -32.3021
-3.81897 30.3859 -34.2731
-1.44897 28.0239 -36.1481
-3.03497 25.9569 -38.9521

-1.41397 22.8019 -40.4231
-2.79597 19.5009 -41.9001
0.0820255 16.9569 -41.8451

0.213025 15.2729 -38.3921
4.07603 15.4749 -38.3341
3.84603 19.3319 -38.5761
1.24303 19.5169 -35.7321
3.40403 17.0819 -33.6461
6.66903 19.0639 -34.2001
4.99203 22.4429 -33.3541
3.43903 21.0139 -30.1151
6.77503 19.3809 -29.0851
8.71703 22.6839 -29.5051
6.03103 24.6969 -27.5971
6.24903 22.1059 -24.7321
10.111 22.3299 -24.8471

9.82303 26.1849 -24.5911
7.15503 25.7529 -21.7901
4.57703 27.7129 -23.8921
0.973025 27.0259 -22.8231

-1.02997 26.0349 -25.9341
-4.11497 24.0669 -27.1001
-4.19297 21.3499 -29.8161
-7.19497 20.2489 -31.9601

-6.92897 17.5269 -34.6581
-8.76197 14.4309 -36.0721
-8.18397 12.5139 -32.7631
-9.61797 15.2629 -30.4471
-13.131 14.2579 -29.2581
-16.294 16.3539 -29.9141
-16.667 17.4619 -26.2261

-12.909 18.1039 -25.6391
-12.918 20.3289 -28.8061
-15.479 22.6609 -27.1421
-13.63 22.6059 -23.7581
-10.194 23.3939 -25.3661
-11.935 26.1629 -27.3891
-13.269 27.6509 -24.0891
-9.79197 27.2679 -22.4361
-8.14397 29.2839 -25.3041
-10.992 31.8839 -25.2541
-11.066 32.4479 -21.4431

-7.43297 31.7849 -20.3091
-4.84897 34.5669 -20.9951
-2.04597 31.9389 -20.5451
-2.85697 29.9349 -23.7231
-0.887975 31.9159 -26.3441

-1.02997 29.3919 -29.2571
-3.78997 27.2209 -30.7361
-2.32797 24.3589 -32.8661
-5.18397 23.4489 -35.2391
-5.75797 20.9209 -38.0271

-7.06997 22.8169 -41.1281
-9.49897 19.9069 -41.8371
-10.562 19.0579 -38.2401
-11.049 22.6519 -36.8731
-12.771 24.1809 -40.0061
-16.232 23.7069 -38.3181
-18.23 24.6629 -35.1671
-15.463 26.4289 -33.1721
-15.014 30.2009 -32.4871
-11.561 31.7439 -31.7781
-12.398 35.4789 -31.3321
-9.68797 35.8109 -28.5791
-6.90397 35.7459 -31.2521
-6.01997 38.5509 -33.7491

-3.57297 36.4739 -35.8911
-3.88197 33.3099 -38.0331
-0.714975 31.5429 -39.3181
-1.09197 28.9099 -42.0621

2.06803 26.7869 -41.6181
0.859025 24.7669 -44.6491
-1.15197 25.5699 -47.7971
-4.34497 23.6049 -48.5931
-5.43097 23.0509 -52.2601
-9.07697 24.0229 -51.5151

-9.61697 27.7999 -50.8671
-13.09 27.2519 -49.3041
-11.389 25.3849 -46.3841
-8.76997 28.1809 -45.9691
-11.607 30.8089 -45.8151
-13.487 28.5689 -43.2801
-10.309 28.5619 -41.1001
-9.83497 32.4129 -41.3321

-13.533 32.8879 -40.3141
-12.859 31.0409 -37.0301
-11.238 34.3209 -35.7651
-13.17 36.8429 -37.9101
-16.554 36.3499 -36.0861
-19.094 38.5239 -34.2031
-17.17 39.4659 -31.0061
-13.862 40.2379 -32.8281
-12.633 43.8379 -32.1141
-9.11097 43.7689 -33.7271
-8.00797 43.7319 -37.4131

-7.38597 40.0509 -38.2361
-3.89597 39.2299 -39.5681
-3.63397 36.1789 -41.9031
-0.0729745 34.9269 -42.6441
0.431025 32.2429 -45.3561
3.85103 30.5479 -44.8481
5.38403 29.5319 -48.2511

8.77303 28.0319 -49.2731
10.474 28.5509 -52.7021
11.58 25.1859 -54.2261
8.55703 23.2109 -52.8081
4.88503 22.2109 -53.4341

3.87303 25.7949 -52.3551
5.19203 27.1389 -55.7391
2.41203 25.1309 -57.5491
-0.286975 25.2079 -54.8151
-0.322975 29.0219 -54.3951
-1.13397 29.8639 -58.1091
-3.71897 26.9769 -58.0591
-5.42797 28.4139 -54.9151
-5.41497 31.9269 -56.5321
-7.10797 30.8439 -59.8141
-9.70897 28.9189 -57.6991
-10.551 32.0539 -55.5801
-10.911 34.0459 -58.8521
-13.384 31.4009 -60.2171
-15.306 31.6669 -56.8851
-15.291 35.5309 -57.0491
-16.518 35.6149 -60.7191

-19.391 33.2929 -59.6021
-20.191 35.8349 -56.7571
-19.115 33.2339 -54.1131
-16.095 35.1409 -52.6371
-14.92 38.7559 -52.0651
-11.462 37.3169 -51.3301
-8.98797 38.4529 -53.9751
-5.54797 36.7809 -53.5021
-3.66297 38.5869 -56.3911

-2.65697 41.6759 -54.3091
-0.608975 39.4869 -51.8661
1.73803 38.1699 -54.6451
2.58903 41.5669 -56.2041

3.85403 42.5259 -52.6741
6.33903 39.5529 -52.2511

End chain 1
