-13.201 -6.296 -53.957
-10.703 -3.406 -53.291
-9.54 -3.087 -49.639
-11.02 0.322 -48.639
-8.614 1.85 -46.053
-10.787 3.126 -43.162

-9.634 6.195 -41.181
-10.061 4.9 -37.589
-10.286 6.838 -34.306
-12.195 7.103 -30.979
-14.163 9.439 -28.711
-12.619 10.223 -25.263
-14.157 12.207 -22.344

-11.943 15.248 -21.466
-14.301 16.978 -18.949
-17.827 16.65 -17.399
-19.139 18.761 -20.353

-16.752 17.96 -23.312
-15.482 14.956 -25.281
-12.62 14.751 -27.824
-12.437 12.939 -31.204
-8.982 11.264 -31.393
-8.672 10.357 -35.1

-6.282 10.744 -38.079
-6.98 13.557 -40.6
-9.895 13.022 -43.051

-11.208 15.853 -45.293
-14.92 14.856 -45.011
-14.611 14.37 -41.226
-13.015 17.857 -40.827
-15.875 19.254 -42.999
-18.403 17.482 -40.669
-16.559 18.759 -37.515
-16.844 22.341 -38.957

-20.697 21.797 -39.029
-20.861 21.033 -35.24
-22.116 23.933 -33.104
-20.016 23.255 -29.939
-16.791 22.621 -31.971

-13.393 23.436 -30.391
-10.011 22.816 -32.063
-6.805 22.812 -29.99

-3.883 23.919 -32.209
-1.328 22.314 -29.773
-2.753 18.736 -29.691
-4.334 19.137 -33.217

-7.578 17.622 -31.79
-11.313 18.386 -31.995
-13.683 18.544 -28.991
-17.466 19.001 -28.65
-20.131 19.402 -25.91

-21.257 16.038 -24.476
-24.923 16.743 -25.497
-23.731 16.722 -29.178
-22.178 13.179 -28.839
-25.228 11.354 -30.322
-25.57 14.044 -33.093
-21.852 13.682 -34.021
-21.815 9.829 -34.037
-25.045 9.774 -36.128
-23.507 12.176 -38.75
-20.093 10.348 -38.803

-21.793 6.948 -39.527
-22.962 8.546 -42.834
-19.328 9.196 -43.991
-17.677 6.563 -46.261
-14.251 5.2 -45.121

-14.46 6.789 -41.562
-14.765 4.819 -38.279
-15.142 6.964 -35.114
-15.663 4.659 -32.101

-18.218 6.249 -29.657
-17.862 6.903 -25.912
-18.35 3.469 -24.195

-21.794 2.549 -22.772
-20.235 2.829 -19.255
-19.534 6.58 -19.812
-22.964 7.196 -21.431
-24.623 5.531 -18.378
-22.42 7.523 -15.909

-23.028 10.919 -17.654
-26.668 10.153 -18.714
-27.851 13.482 -17.123

-25.214 15.594 -18.963
-26 13.8 -22.296
-29.631 15.147 -21.909

-28.0809 18.5739 -22.2998
-28.9402 22.3527 -22.6253
-30.8874 25.5988 -23.3654
-33.4588 22.8912 -23.94
-35.8197 21.1293 -21.6207
-38.9175 23.2431 -21.3716
-42.0998 25.3937 -21.1206
-41.6422 25.9042 -24.7727
-40.8557 24.7673 -28.2058
-38.4512 27.7268 -28.8056
-35.2493 25.6904 -29.3391
-31.5652 25.2417 -28.4343
-32.1782 27.274 -31.4944
-32.8276 29.3958 -34.6553
-32.6715 31.1383 -38.0113
-36.1703 32.0305 -39.34
-36.4996 33.6503 -35.86
-39.4106 36.216 -35.7398
-42.073 34.6393 -38.0412

-43.072 32.183 -40.7636
-45.8172 30.726 -38.5764
-47.189 34.1893 -37.8235
-47.2558 35.0722 -41.5193
-49.1155 31.864 -42.3512

-45.4515 30.676 -42.7102
-45.4005 30.678 -46.5762
-43.1585 33.443 -47.9852

-44.8195 35.548 -50.8082
-42.9445 33.639 -53.5752
-43.7775 30.258 -51.9052
-47.5095 31.263 -51.8942
-47.2755 32.174 -55.6242
-45.6565 28.711 -56.2252
-48.5015 26.931 -54.3272
-51.0765 28.94 -56.3802
-49.2685 28.021 -59.6752
-49.1435 24.315 -58.6862
-52.9095 24.347 -57.8432
-53.7375 26.199 -61.1362

-51.6865 23.501 -63.0432
-53.9275 20.904 -61.2412
-51.2255 19.556 -58.8412

-49.0655 18.209 -61.7452
-45.6695 19.974 -61.8082
-41.9225 19.868 -61.2922
-41.0085 22.397 -58.5502

-37.4075 23.051 -59.6992
-36.8485 26.045 -57.3462
-33.2175 26.461 -56.1942
-31.7615 24.571 -53.1732
-33.0745 25.812 -49.7872
-35.9465 28.025 -51.1972
-38.4195 25.837 -49.1632

-39.5575 23.21 -51.7402
-40.7255 20.937 -48.8372
-43.0765 23.57 -47.2552
-44.5895 24.362 -50.7172
-44.9955 20.594 -51.4812
-46.7335 19.898 -48.1102
-49.1285 22.852 -48.7732
-49.9605 21.711 -52.3762
-50.5595 18.133 -51.1082
-52.6685 19.376 -48.1102
-54.9405 21.387 -50.4932
-55.6135 17.914 -52.0642
-56.0975 16.149 -48.5902
-59.5995 14.999 -49.8012

-57.7635 12.9 -52.5092
-55.3395 10.988 -50.1612
-53.6945 8.44297 -49.4012

-50.4875 10.408 -50.0832
-47.2645 8.71897 -51.3022
-43.9485 10.528 -50.5742
-40.8455 9.11697 -52.3482
-37.5425 10.499 -50.9682

-33.7635 9.83997 -50.5852
-33.1295 7.03597 -48.0042
-31.5695 9.55097 -45.4782
-34.4025 12.216 -45.3722

-37.4715 9.98797 -44.5682
-37.6085 11.103 -40.8962
-36.8675 14.754 -41.9412
-40.0785 14.552 -44.0652
-42.1275 12.959 -41.1962
-40.9815 15.776 -38.8422
-41.8225 18.332 -41.6022
-45.4355 16.967 -41.8112
-45.7955 16.996 -37.9602
-44.3095 20.556 -37.8482
-46.5365 22.051 -40.5932

-49.8345 20.047 -40.3312
-50.5645 19.806 -36.5152
-54.1015 18.647 -37.6232
-52.4775 15.155 -38.1652
-51.7435 12.571 -35.4542

-48.3455 10.752 -35.7142
-50.3515 7.53597 -36.4912
-51.4935 9.18897 -39.7802

-47.8045 9.03997 -40.9952
-46.2185 5.73197 -42.0832
-42.3945 5.81497 -42.4902

-41.4155 2.73997 -44.5362
-38.0295 1.55297 -43.1992
-37.9145 -1.98103 -44.7582
-39.1185 -3.94303 -47.8362
-41.4825 -5.96403 -45.5012
-43.5015 -2.95203 -44.2542
-47.0655 -2.06103 -45.4122
-46.7885 0.882974 -47.8702
-50.5295 1.75397 -47.2982
-50.6325 1.68997 -43.4442
-50.8215 5.52397 -43.0352
-52.7935 8.38997 -44.5762

-49.3015 9.71597 -45.5332
-46.7785 7.02297 -46.6062
-43.0495 7.95797 -46.7682
-40.7225 5.55397 -48.6842
-37.2425 5.56097 -50.2802

-36.3715 5.11597 -53.9942
-34.4705 1.84697 -53.1962
-37.5465 0.309974 -51.4582
-40.0135 1.08697 -54.3492

-38.6395 -1.85903 -56.4312
-39.0005 -4.21703 -53.3882
-42.5565 -2.88403 -52.7262
-43.7275 -2.95903 -56.4322
-46.4445 -5.55903 -55.5272
-47.9565 -2.98003 -53.0592
-47.6685 -0.0380261 -55.5822
-50.7845 -1.57703 -57.2932
-52.9015 0.404974 -54.7462
-53.8075 3.71897 -56.5192
-52.0805 6.62097 -54.7292
-53.9495 9.64097 -56.2112

-51.4175 12.179 -54.7792
-47.6495 11.558 -55.1422
-44.7205 13.711 -53.9692

-41.2305 12.746 -55.2112
-38.3755 14.619 -53.5122
-35.0545 14.991 -55.4202

-36.7795 13.504 -58.5402
-33.4785 13.649 -60.5392
-32.9655 10.114 -59.0272
-35.4875 8.98997 -61.7472

-33.2715 10.42 -64.6252
-32.5745 6.94697 -66.1822
-35.6265 4.87297 -67.3072
-33.7075 1.50797 -67.2092
-33.0995 1.73997 -63.4102

-35.2645 -0.413026 -61.0792
-36.2815 2.73397 -59.0582
-37.5455 4.44697 -62.2642
-39.2995 1.26297 -63.5772
-41.1745 0.950974 -60.2192
-42.0265 4.71897 -59.9032
-43.1785 5.50297 -63.4962
-46.4135 3.33297 -63.5742
-47.6745 5.06997 -60.3702
-46.7175 8.58397 -61.6352
-48.6065 8.02997 -64.9572

-51.8615 6.92897 -63.1472
-51.7855 9.21197 -60.0362
-54.0855 12.314 -60.2752

-51.5395 14.74 -58.6752
-47.7325 14.509 -59.2002
-45.4825 16.933 -57.2812
-41.8585 16.399 -58.3942
-39.1405 18.335 -56.4832

-35.4525 18.921 -57.3902
-32.7115 21.568 -56.9982
-31.0035 20.157 -60.1082
-33.7155 18.634 -62.4032
-30.9765 17.835 -64.9162
-27.5575 16.9 -63.4482
-25.5345 17.129 -66.7272
-27.6735 16.671 -69.9352

-31.1995 17.268 -71.4552
-31.8585 13.46 -71.6722
-32.1155 13.338 -67.7942
-35.3325 15.486 -67.9502
-37.3415 13.01 -70.0992
-38.6175 10.83 -67.1852
-39.6945 13.964 -65.2142
-41.4515 15.45 -68.3292
-43.4725 12.218 -68.9472
-44.2585 11.93 -65.1852
-45.8175 15.473 -65.1672

-47.3205 15.202 -68.7432
-47.7055 11.486 -69.8282
-48.8855 12.605 -73.3512
-45.6485 14.566 -74.0792
-43.0505 12.62 -76.1632
-44.6135 9.07097 -75.8002
-41.2895 7.63897 -77.1422

-37.8145 8.83697 -76.0002
-36.4325 8.83397 -79.6032
-38.5795 11.889 -80.6012
-37.2785 13.825 -77.5302
-33.6785 12.657 -78.2392
-33.7415 13.694 -81.9552
-34.9515 17.222 -81.0012
-33.1165 18.036 -77.7132

-30.2235 15.505 -77.3352
-28.5645 15.988 -80.8132
-29.2125 12.279 -81.4292

-26.6355 10.632 -83.7602
-26.8845 7.28397 -85.6022

-23.6045 5.44097 -84.8452
-22.6085 1.95897 -86.2732
-23.6585 0.391974 -82.8862

-27.0145 2.28497 -82.4792
-28.1785 5.76797 -81.3852
-26.0885 8.19297 -79.3032

-28.0995 10.664 -77.1092
-25.1685 12.28 -75.1502
-25.4995 15.607 -77.0432
-27.7185 18.694 -76.6972
-29.8465 20.754 -79.1362
-32.6015 23.449 -79.2142

-32.1415 24.166 -75.4392
-33.9725 27.564 -75.5382
-37.0725 25.788 -76.9952
-36.7475 23.074 -74.2912
-36.5665 25.842 -71.5982
-39.7745 27.48 -72.9672
-41.6075 24.085 -73.0762
-40.4955 23.262 -69.4892
-41.5545 26.66 -68.0022
-44.9565 26.71 -69.8152
-46.1335 23.101 -69.2802
-43.9025 21.099 -66.8142

-41.7695 23.157 -64.4302
-41.8275 26.051 -61.9592
-38.2245 27.293 -61.4262
-36.9175 30.294 -59.4372
-33.3425 31.129 -58.4632

-31.8165 32.613 -55.2352
-31.2055 35.817 -57.2572
-34.9605 36.066 -58.1572
-36.4005 35.696 -54.5972

-33.5895 36.191 -51.9752
-31.6285 39.426 -52.8062
-30.2145 39.189 -49.2062
-28.2095 35.921 -49.6222
-24.4105 36.615 -49.6372
-22.6575 35.881 -52.9612

-21.0015 32.511 -53.7042
-17.3855 33.359 -54.6822
-15.8485 30.469 -56.6842
-12.1695 29.971 -57.6312
-9.80745 27.362 -59.0332
-6.76645 26.667 -56.7922

-3.94745 25.113 -58.8472
-2.16745 22.912 -56.2562
1.54755 22.731 -57.0662

2.53155 19.5 -58.9892
6.14655 19.971 -57.6612

5.10855 17.779 -54.6392
4.06755 14.99 -57.1242
7.20555 12.809 -57.0582

8.71155 11.536 -60.3562
7.39955 7.91797 -59.8152
3.77755 9.11597 -59.2642
4.05455 11.446 -62.3252
5.48355 8.60097 -64.4772
2.54555 6.38397 -63.2922
-0.00045336 9.11897 -64.2902
1.79655 9.51697 -67.6802
1.70955 5.69097 -68.1112
-2.06345 5.38197 -67.3632
-2.75145 8.43397 -69.6312
-0.796453 6.75797 -72.5182
-2.57045 3.44497 -71.7272
-6.06745 4.99697 -72.3112
-4.97645 6.32797 -75.7822

-3.49645 2.99797 -77.0342
-5.32645 1.89997 -80.2392
-5.18545 -1.88003 -79.7042
-7.05645 -2.04103 -76.3192
-10.6295 -3.26903 -75.8122

-13.4255 -0.882026 -74.6582
-13.1065 -2.54403 -71.1952
-9.28445 -2.08503 -70.9062
-9.83545 1.61697 -71.8772
-12.4245 1.96997 -69.0022
-10.0565 0.149974 -66.5652
-7.10745 2.44197 -67.5222
-9.45845 5.47997 -67.0662
-10.4735 4.27797 -63.5422
-6.75845 3.69697 -62.7352
-5.78845 7.21797 -64.0072
-8.61545 8.75697 -61.8922
-7.66045 6.80797 -58.6942
-3.92745 7.72497 -59.2612
-4.97745 11.415 -59.6212
-6.62845 11.226 -56.1612
-3.46845 9.64497 -54.5922
-1.16845 12.206 -56.3202
-3.16745 15.18 -54.8742
-3.22045 13.984 -51.1762
0.0665466 15.737 -50.0392
-0.870453 19.17 -51.5112
-4.55545 18.815 -50.4712
-3.21445 18.267 -46.9002
-0.742453 21.21 -47.2872
-3.66945 23.461 -48.3702
-5.98145 22.309 -45.4802
-3.17645 23.077 -42.9692
-2.52245 26.527 -44.5942
-6.27145 27.324 -44.1182
-6.14445 26.313 -40.3932
-2.81945 28.178 -39.8032

-4.47745 31.257 -41.4862
-6.95745 31.242 -38.5122
-10.1265 29.945 -40.3032
-12.8205 28.992 -37.7752
-15.0735 26.643 -39.8992

-14.8545 25.048 -43.3802
-16.0225 21.972 -45.3512
-13.6525 19.61 -47.2262
-15.2385 17.543 -50.0302

-13.6175 14.388 -51.5012
-14.9995 11.087 -52.9782
-12.1215 8.54297 -52.9232

-11.9905 6.85897 -49.4702
-8.12745 7.06097 -49.4122
-8.35745 10.918 -49.6542
-10.9605 11.103 -46.8102
-8.79945 8.66797 -44.7242
-5.53445 10.65 -45.2782
-7.21145 14.029 -44.4322
-8.76445 12.6 -41.1932
-5.42845 10.967 -40.1632
-3.48645 14.27 -40.5832
-6.17245 16.283 -38.6752
-5.95445 13.692 -35.8102
-2.09245 13.916 -35.9252

-2.38045 17.771 -35.6692
-5.04845 17.339 -32.8682
-7.62645 19.299 -34.9702
-11.2305 18.612 -33.9012

-13.2335 17.621 -37.0122
-16.3185 15.653 -38.1782
-16.3965 12.936 -40.8942
-19.3985 11.835 -43.0382

-19.1325 9.11297 -45.7362
-20.9655 6.01697 -47.1502
-20.3875 4.09997 -43.8412
-21.8215 6.84897 -41.5252
-25.3345 5.84397 -40.3362
-28.4975 7.93997 -40.9922
-28.8705 9.04797 -37.3042

-25.1125 9.68997 -36.7172
-25.1215 11.915 -39.8842
-27.6825 14.247 -38.2202
-25.8335 14.192 -34.8362
-22.3975 14.98 -36.4442
-24.1385 17.749 -38.4672
-25.4725 19.237 -35.1672
-21.9955 18.854 -33.5142
-20.3475 20.87 -36.3822
-23.1955 23.47 -36.3322
-23.2695 24.034 -32.5212

-19.6365 23.371 -31.3872
-17.0525 26.153 -32.0732
-14.2495 23.525 -31.6232
-15.0605 21.521 -34.8012
-13.0915 23.502 -37.4222

-13.2335 20.978 -40.3352
-15.9935 18.807 -41.8142
-14.5315 15.945 -43.9442
-17.3875 15.035 -46.3172
-17.9615 12.507 -49.1052

-19.2735 14.403 -52.2062
-21.7025 11.493 -52.9152
-22.7655 10.644 -49.3182
-23.2525 14.238 -47.9512
-24.9745 15.767 -51.0842
-28.4355 15.293 -49.3962
-30.4335 16.249 -46.2452
-27.6665 18.015 -44.2502
-27.2175 21.787 -43.5652
-23.7645 23.33 -42.8562
-24.6015 27.065 -42.4102
-21.8915 27.397 -39.6572
-19.1075 27.332 -42.3302
-18.2235 30.137 -44.8272

-15.7765 28.06 -46.9692
-16.0855 24.896 -49.1112
-12.9185 23.129 -50.3962
-13.2955 20.496 -53.1402

-10.1355 18.373 -52.6962
-11.3445 16.353 -55.7272
-13.3555 17.156 -58.8752
-16.5485 15.191 -59.6712
-17.6345 14.637 -63.3382
-21.2805 15.609 -62.5932

-21.8205 19.386 -61.9452
-25.2935 18.838 -60.3822
-23.5925 16.971 -57.4622
-20.9735 19.767 -57.0472
-23.8105 22.395 -56.8932
-25.6905 20.155 -54.3582
-22.5125 20.148 -52.1782
-22.0385 23.999 -52.4102

-25.7365 24.474 -51.3922
-25.0625 22.627 -48.1082
-23.4415 25.907 -46.8432
-25.3735 28.429 -48.9882
-28.7575 27.936 -47.1642
-31.2975 30.11 -45.2812
-29.3735 31.052 -42.0842
-26.0655 31.824 -43.9062
-24.8365 35.424 -43.1922
-21.3145 35.355 -44.8052
-20.2115 35.318 -48.4912

-19.5895 31.637 -49.3142
-16.0995 30.816 -50.6462
-15.8375 27.765 -52.9812
-12.2765 26.513 -53.7222
-11.7725 23.829 -56.4342
-8.35245 22.134 -55.9262
-6.81945 21.118 -59.3292

-3.43045 19.618 -60.3512
-1.72945 20.137 -63.7802
-0.623453 16.772 -65.3042
-3.64645 14.797 -63.8862
-7.31845 13.797 -64.5122

-8.33045 17.381 -63.4332
-7.01145 18.725 -66.8172
-9.79145 16.717 -68.6272
-12.4905 16.794 -65.8932
-12.5265 20.608 -65.4732
-13.3375 21.45 -69.1872
-15.9225 18.563 -69.1372
-17.6315 20 -65.9932
-17.6185 23.513 -67.6102
-19.3115 22.43 -70.8922
-21.9125 20.505 -68.7772
-22.7545 23.64 -66.6582
-23.1145 25.632 -69.9302
-25.5875 22.987 -71.2952
-27.5095 23.253 -67.9632
-27.4945 27.117 -68.1272
-28.7215 27.201 -71.7972

-31.5945 24.879 -70.6802
-32.3945 27.421 -67.8352
-31.3185 24.82 -65.1912
-28.2985 26.727 -63.7152
-27.1235 30.342 -63.1432
-23.6655 28.903 -62.4082
-21.1915 30.039 -65.0532
-17.7515 28.367 -64.5802
-15.8665 30.173 -67.4692

-14.8605 33.262 -65.3872
-12.8125 31.073 -62.9442
-10.4655 29.756 -65.7232
-9.61445 33.153 -67.2822

-8.34945 34.112 -63.7522
-5.86445 31.139 -63.3292

End chain 1
