-13.201 -6.296 -53.957
-10.703 -3.406 -53.291
-9.54 -3.087 -49.639
-11.02 0.322 -48.639
-8.614 1.85 -46.053
-10.787 3.126 -43.162

-9.634 6.195 -41.181
-10.061 4.9 -37.589
-10.286 6.838 -34.306
-12.195 7.103 -30.979
-14.163 9.439 -28.711
-12.619 10.223 -25.263
-14.157 12.207 -22.344

-11.943 15.248 -21.466
-14.301 16.978 -18.949
-17.827 16.65 -17.399
-19.139 18.761 -20.353

-16.752 17.96 -23.312
-15.482 14.956 -25.281
-12.62 14.751 -27.824
-12.437 12.939 -31.204
-8.982 11.264 -31.393
-8.672 10.357 -35.1

-6.282 10.744 -38.079
-6.98 13.557 -40.6
-9.895 13.022 -43.051

-11.208 15.853 -45.293
-14.92 14.856 -45.011
-14.611 14.37 -41.226
-13.015 17.857 -40.827
-15.875 19.254 -42.999
-18.403 17.482 -40.669
-16.559 18.759 -37.515
-16.844 22.341 -38.957

-20.697 21.797 -39.029
-20.861 21.033 -35.24
-22.116 23.933 -33.104
-20.016 23.255 -29.939
-16.791 22.621 -31.971

-13.393 23.436 -30.391
-10.011 22.816 -32.063
-6.805 22.812 -29.99

-3.883 23.919 -32.209
-1.328 22.314 -29.773
-2.753 18.736 -29.691
-4.334 19.137 -33.217

-7.578 17.622 -31.79
-11.313 18.386 -31.995
-13.683 18.544 -28.991
-17.466 19.001 -28.65
-20.131 19.402 -25.91

-21.257 16.038 -24.476
-24.923 16.743 -25.497
-23.731 16.722 -29.178
-22.178 13.179 -28.839
-25.228 11.354 -30.322
-25.57 14.044 -33.093
-21.852 13.682 -34.021
-21.815 9.829 -34.037
-25.045 9.774 -36.128
-23.507 12.176 -38.75
-20.093 10.348 -38.803

-21.793 6.948 -39.527
-22.962 8.546 -42.834
-19.328 9.196 -43.991
-17.677 6.563 -46.261
-14.251 5.2 -45.121

-14.46 6.789 -41.562
-14.765 4.819 -38.279
-15.142 6.964 -35.114
-15.663 4.659 -32.101

-18.218 6.249 -29.657
-17.862 6.903 -25.912
-18.35 3.469 -24.195

-21.794 2.549 -22.772
-20.235 2.829 -19.255
-19.534 6.58 -19.812
-22.964 7.196 -21.431
-24.623 5.531 -18.378
-22.42 7.523 -15.909

-23.028 10.919 -17.654
-26.668 10.153 -18.714
-27.851 13.482 -17.123

-25.214 15.594 -18.963
-26 13.8 -22.296
-29.631 15.147 -21.909

-29.2639 18.8896 -22.0873
-30.956 21.5558 -24.3061
-32.7348 24.1519 -26.4703
-32.0813 25.1136 -30.0449
-30.2034 21.7717 -30.3928
-28.2775 21.9167 -33.76
-25.5225 19.9694 -35.6987
-28.0097 17.1528 -35.8278
-31.6683 17.8014 -35.6172
-33.0659 17.2754 -32.206
-34.4635 20.6228 -31.4356
-36.6161 22.4655 -33.9138
-35.5282 24.5588 -36.9997
-36.1419 28.2572 -36.0744
-32.9365 30.2536 -35.6796
-30.9091 33.462 -35.941
-27.7413 32.3467 -37.535
-27.8692 29.595 -40.1241
-25.9338 26.5084 -39.4457

-23.9121 23.3583 -38.7877
-26.2985 22.2861 -36.0312
-29.3037 22.7997 -38.3001
-27.7019 20.7259 -41.0527
-26.9617 17.8977 -38.6245

-23.2977 16.7097 -38.9835
-23.2467 16.7117 -42.8495
-21.0047 19.4767 -44.2585

-22.6657 21.5817 -47.0815
-20.7907 19.6727 -49.8485
-21.6237 16.2917 -48.1785
-25.3557 17.2967 -48.1675
-25.1217 18.2077 -51.8975
-23.5027 14.7447 -52.4985
-26.3477 12.9647 -50.6005
-28.9227 14.9737 -52.6535
-27.1147 14.0547 -55.9485
-26.9897 10.3487 -54.9595
-30.7557 10.3807 -54.1165
-31.5837 12.2327 -57.4095

-29.5327 9.53473 -59.3165
-31.7737 6.93773 -57.5145
-29.0717 5.58973 -55.1145

-26.9117 4.24273 -58.0185
-23.5157 6.00773 -58.0815
-19.7687 5.90173 -57.5655
-18.8547 8.43073 -54.8235

-15.2537 9.08473 -55.9725
-14.6947 12.0787 -53.6195
-11.0637 12.4947 -52.4675
-9.60773 10.6047 -49.4465
-10.9207 11.8457 -46.0605
-13.7927 14.0587 -47.4705
-16.2657 11.8707 -45.4365

-17.4037 9.24373 -48.0135
-18.5717 6.97073 -45.1105
-20.9227 9.60373 -43.5285
-22.4357 10.3957 -46.9905
-22.8417 6.62773 -47.7545
-24.5797 5.93173 -44.3835
-26.9747 8.88573 -45.0465
-27.8067 7.74473 -48.6495
-28.4057 4.16673 -47.3815
-30.5147 5.40973 -44.3835
-32.7867 7.42073 -46.7665
-33.4597 3.94773 -48.3375
-33.9437 2.18273 -44.8635
-37.4457 1.03273 -46.0745

-35.6097 -1.06627 -48.7825
-33.1857 -2.97827 -46.4345
-31.5407 -5.52327 -45.6745

-28.3337 -3.55827 -46.3565
-25.1107 -5.24727 -47.5755
-21.7947 -3.43827 -46.8475
-18.6917 -4.84927 -48.6215
-15.3887 -3.46727 -47.2415

-11.6097 -4.12627 -46.8585
-10.9757 -6.93027 -44.2775
-9.41573 -4.41527 -41.7515
-12.2487 -1.75027 -41.6455

-15.3177 -3.97827 -40.8415
-15.4547 -2.86327 -37.1695
-14.7137 0.78773 -38.2145
-17.9247 0.58573 -40.3385
-19.9737 -1.00727 -37.4695
-18.8277 1.80973 -35.1155
-19.6687 4.36573 -37.8755
-23.2817 3.00073 -38.0845
-23.6417 3.02973 -34.2335
-22.1557 6.58973 -34.1215
-24.3827 8.08473 -36.8665

-27.6807 6.08073 -36.6045
-28.4107 5.83973 -32.7885
-31.9477 4.68073 -33.8965
-30.3237 1.18873 -34.4385
-29.5897 -1.39527 -31.7275

-26.1917 -3.21427 -31.9875
-28.1977 -6.43027 -32.7645
-29.3397 -4.77727 -36.0535

-25.6507 -4.92627 -37.2685
-24.0647 -8.23427 -38.3565
-20.2407 -8.15127 -38.7635

-19.2617 -11.2263 -40.8095
-15.8757 -12.4133 -39.4725
-15.7607 -15.9473 -41.0315
-16.9647 -17.9093 -44.1095
-19.3287 -19.9303 -41.7745
-21.3477 -16.9183 -40.5275
-24.9117 -16.0273 -41.6855
-24.6347 -13.0833 -44.1435
-28.3757 -12.2123 -43.5715
-28.4787 -12.2763 -39.7175
-28.6677 -8.44227 -39.3085
-30.6397 -5.57627 -40.8495

-27.1477 -4.25027 -41.8065
-24.6247 -6.94327 -42.8795
-20.8957 -6.00827 -43.0415
-18.5687 -8.41227 -44.9575
-15.0887 -8.40527 -46.5535

-14.2177 -8.85027 -50.2675
-12.3167 -12.1193 -49.4695
-15.3927 -13.6563 -47.7315
-17.8597 -12.8793 -50.6225

-16.4857 -15.8253 -52.7045
-16.8467 -18.1833 -49.6615
-20.4027 -16.8503 -48.9995
-21.5737 -16.9253 -52.7055
-24.2907 -19.5253 -51.8005
-25.8027 -16.9463 -49.3325
-25.5147 -14.0043 -51.8555
-28.6307 -15.5433 -53.5665
-30.7477 -13.5613 -51.0195
-31.6537 -10.2473 -52.7925
-29.9267 -7.34527 -51.0025
-31.7957 -4.32527 -52.4845

-29.2637 -1.78727 -51.0525
-25.4957 -2.40827 -51.4155
-22.5667 -0.25527 -50.2425

-19.0767 -1.22027 -51.4845
-16.2217 0.65273 -49.7855
-12.9007 1.02473 -51.6935

-14.6257 -0.46227 -54.8135
-11.3247 -0.31727 -56.8125
-10.8117 -3.85227 -55.3005
-13.3337 -4.97627 -58.0205

-11.1177 -3.54627 -60.8985
-10.4207 -7.01927 -62.4555
-13.4727 -9.09327 -63.5805
-11.5537 -12.4583 -63.4825
-10.9457 -12.2263 -59.6835

-13.1107 -14.3793 -57.3525
-14.1277 -11.2323 -55.3315
-15.3917 -9.51927 -58.5375
-17.1457 -12.7033 -59.8505
-19.0207 -13.0153 -56.4925
-19.8727 -9.24727 -56.1765
-21.0247 -8.46327 -59.7695
-24.2597 -10.6333 -59.8475
-25.5207 -8.89627 -56.6435
-24.5637 -5.38227 -57.9085
-26.4527 -5.93627 -61.2305

-29.7077 -7.03727 -59.4205
-29.6317 -4.75427 -56.3095
-31.9317 -1.65227 -56.5485

-29.3857 0.77373 -54.9485
-25.5787 0.54273 -55.4735
-23.3287 2.96673 -53.5545
-19.7047 2.43273 -54.6675
-16.9867 4.36873 -52.7565

-13.2987 4.95473 -53.6635
-10.5577 7.60173 -53.2715
-8.84973 6.19073 -56.3815
-11.5617 4.66773 -58.6765
-8.82273 3.86873 -61.1895
-5.40373 2.93373 -59.7215
-3.38073 3.16273 -63.0005
-5.51973 2.70473 -66.2085

-9.04573 3.30173 -67.7285
-9.70473 -0.50627 -67.9455
-9.96173 -0.62827 -64.0675
-13.1787 1.51973 -64.2235
-15.1877 -0.95627 -66.3725
-16.4637 -3.13627 -63.4585
-17.5407 -0.00226953 -61.4875
-19.2977 1.48373 -64.6025
-21.3187 -1.74827 -65.2205
-22.1047 -2.03627 -61.4585
-23.6637 1.50673 -61.4405

-25.1667 1.23573 -65.0165
-25.5517 -2.48027 -66.1015
-26.7317 -1.36127 -69.6245
-23.4947 0.59973 -70.3525
-20.8967 -1.34627 -72.4365
-22.4597 -4.89527 -72.0735
-19.1357 -6.32727 -73.4155

-15.6607 -5.12927 -72.2735
-14.2787 -5.13227 -75.8765
-16.4257 -2.07727 -76.8745
-15.1247 -0.14127 -73.8035
-11.5247 -1.30927 -74.5125
-11.5877 -0.27227 -78.2285
-12.7977 3.25573 -77.2745
-10.9627 4.06973 -73.9865

-8.06973 1.53873 -73.6085
-6.41073 2.02173 -77.0865
-7.05873 -1.68727 -77.7025

-4.48173 -3.33427 -80.0335
-4.73073 -6.68227 -81.8755

-1.45073 -8.52527 -81.1185
-0.454734 -12.0073 -82.5465
-1.50473 -13.5743 -79.1595

-4.86073 -11.6813 -78.7525
-6.02473 -8.19827 -77.6585
-3.93473 -5.77327 -75.5765

-5.94573 -3.30227 -73.3825
-3.01473 -1.68627 -71.4235
-3.34573 1.64073 -73.3165
-5.56473 4.72773 -72.9705
-7.69273 6.78773 -75.4095
-10.4477 9.48273 -75.4875

-9.98773 10.1997 -71.7125
-11.8187 13.5977 -71.8115
-14.9187 11.8217 -73.2685
-14.5937 9.10773 -70.5645
-14.4127 11.8757 -67.8715
-17.6207 13.5137 -69.2405
-19.4537 10.1187 -69.3495
-18.3417 9.29573 -65.7625
-19.4007 12.6937 -64.2755
-22.8027 12.7437 -66.0885
-23.9797 9.13473 -65.5535
-21.7487 7.13273 -63.0875

-19.6157 9.19073 -60.7035
-19.6737 12.0847 -58.2325
-16.0707 13.3267 -57.6995
-14.7637 16.3277 -55.7105
-11.1887 17.1627 -54.7365

-9.66273 18.6467 -51.5085
-9.05173 21.8507 -53.5305
-12.8067 22.0997 -54.4305
-14.2467 21.7297 -50.8705

-11.4357 22.2247 -48.2485
-9.47473 25.4597 -49.0795
-8.06073 25.2227 -45.4795
-6.05573 21.9547 -45.8955
-2.25673 22.6487 -45.9105
-0.503734 21.9147 -49.2345

1.15227 18.5447 -49.9775
4.76827 19.3927 -50.9555
6.30527 16.5027 -52.9575
9.98427 16.0047 -53.9045
12.3463 13.3957 -55.3065
15.3873 12.7007 -53.0655

18.2063 11.1467 -55.1205
19.9863 8.94573 -52.5295
23.7013 8.76473 -53.3395

24.6853 5.53373 -55.2625
28.3003 6.00473 -53.9345

27.2623 3.81273 -50.9125
26.2213 1.02373 -53.3975
29.3593 -1.15727 -53.3315

30.8653 -2.43027 -56.6295
29.5533 -6.04827 -56.0885
25.9313 -4.85027 -55.5375
26.2083 -2.52027 -58.5985
27.6373 -5.36527 -60.7505
24.6993 -7.58227 -59.5655
22.1533 -4.84727 -60.5635
23.9503 -4.44927 -63.9535
23.8633 -8.27527 -64.3845
20.0903 -8.58427 -63.6365
19.4023 -5.53227 -65.9045
21.3573 -7.20827 -68.7915
19.5833 -10.5213 -68.0005
16.0863 -8.96927 -68.5845
17.1773 -7.63827 -72.0555

18.6573 -10.9683 -73.3075
16.8273 -12.0663 -76.5125
16.9683 -15.8463 -75.9775
15.0973 -16.0073 -72.5925
11.5243 -17.2353 -72.0855

8.72827 -14.8483 -70.9315
9.04727 -16.5103 -67.4685
12.8693 -16.0513 -67.1795
12.3183 -12.3493 -68.1505
9.72927 -11.9963 -65.2755
12.0973 -13.8163 -62.8385
15.0463 -11.5243 -63.7955
12.6953 -8.48627 -63.3395
11.6803 -9.68827 -59.8155
15.3953 -10.2693 -59.0085
16.3653 -6.74827 -60.2805
13.5383 -5.20927 -58.1655
14.4933 -7.15827 -54.9675
18.2263 -6.24127 -55.5345
17.1763 -2.55127 -55.8945
15.5253 -2.74027 -52.4345
18.6853 -4.32127 -50.8655
20.9853 -1.76027 -52.5935
18.9863 1.21373 -51.1475
18.9333 0.0177305 -47.4495
22.2203 1.77073 -46.3125
21.2833 5.20373 -47.7845
17.5983 4.84873 -46.7445
18.9393 4.30073 -43.1735
21.4113 7.24373 -43.5605
18.4843 9.49473 -44.6435
16.1723 8.34273 -41.7535
18.9773 9.11073 -39.2425
19.6313 12.5607 -40.8675
15.8823 13.3577 -40.3915
16.0093 12.3467 -36.6665
19.3343 14.2117 -36.0765

17.6763 17.2907 -37.7595
15.1963 17.2757 -34.7855
12.0273 15.9787 -36.5765
9.33327 15.0257 -34.0485
7.08027 12.6767 -36.1725

7.29927 11.0817 -39.6535
6.13127 8.00573 -41.6245
8.50127 5.64373 -43.4995
6.91527 3.57673 -46.3035

8.53627 0.42173 -47.7745
7.15427 -2.87927 -49.2515
10.0323 -5.42327 -49.1965

10.1633 -7.10727 -45.7435
14.0263 -6.90527 -45.6855
13.7963 -3.04827 -45.9275
11.1933 -2.86327 -43.0835
13.3543 -5.29827 -40.9975
16.6193 -3.31627 -41.5515
14.9423 0.0627305 -40.7055
13.3893 -1.36627 -37.4665
16.7253 -2.99927 -36.4365
18.6673 0.30373 -36.8565
15.9813 2.31673 -34.9485
16.1993 -0.27427 -32.0835
20.0613 -0.0502695 -32.1985

19.7733 3.80473 -31.9425
17.1053 3.37273 -29.1415
14.5273 5.33273 -31.2435
10.9233 4.64573 -30.1745

8.92027 3.65473 -33.2855
5.83527 1.68673 -34.4515
5.75727 -1.03027 -37.1675
2.75527 -2.13127 -39.3115

3.02127 -4.85327 -42.0095
1.18827 -7.94927 -43.4235
1.76627 -9.86627 -40.1145
0.332266 -7.11727 -37.7985
-3.18073 -8.12227 -36.6095
-6.34373 -6.02627 -37.2655
-6.71673 -4.91827 -33.5775

-2.95873 -4.27627 -32.9905
-2.96773 -2.05127 -36.1575
-5.52873 0.28073 -34.4935
-3.67973 0.22573 -31.1095
-0.243734 1.01373 -32.7175
-1.98473 3.78273 -34.7405
-3.31873 5.27073 -31.4405
0.158266 4.88773 -29.7875
1.80627 6.90373 -32.6555
-1.04173 9.50373 -32.6055
-1.11573 10.0677 -28.7945

2.51727 9.40473 -27.6605
5.10127 12.1867 -28.3465
7.90427 9.55873 -27.8965
7.09327 7.55473 -31.0745
9.06227 9.53573 -33.6955

8.92027 7.01173 -36.6085
6.16027 4.84073 -38.0875
7.62227 1.97873 -40.2175
4.76627 1.06873 -42.5905
4.19227 -1.45927 -45.3785

2.88027 0.43673 -48.4795
0.451266 -2.47327 -49.1885
-0.611734 -3.32227 -45.5915
-1.09873 0.27173 -44.2245
-2.82073 1.80073 -47.3575
-6.28173 1.32673 -45.6695
-8.27973 2.28273 -42.5185
-5.51273 4.04873 -40.5235
-5.06373 7.82073 -39.8385
-1.61073 9.36373 -39.1295
-2.44773 13.0987 -38.6835
0.262266 13.4307 -35.9305
3.04627 13.3657 -38.6035
3.93027 16.1707 -41.1005

6.37727 14.0937 -43.2425
6.06827 10.9297 -45.3845
9.23527 9.16273 -46.6695
8.85827 6.52973 -49.4135

12.0183 4.40673 -48.9695
10.8093 2.38673 -52.0005
8.79827 3.18973 -55.1485
5.60527 1.22473 -55.9445
4.51927 0.67073 -59.6115
0.873266 1.64273 -58.8665

0.333266 5.41973 -58.2185
-3.13973 4.87173 -56.6555
-1.43873 3.00473 -53.7355
1.18027 5.80073 -53.3205
-1.65673 8.42873 -53.1665
-3.53673 6.18873 -50.6315
-0.358734 6.18173 -48.4515
0.115266 10.0327 -48.6835

-3.58273 10.5077 -47.6655
-2.90873 8.66073 -44.3815
-1.28773 11.9407 -43.1165
-3.21973 14.4627 -45.2615
-6.60373 13.9697 -43.4375
-9.14373 16.1437 -41.5545
-7.21973 17.0857 -38.3575
-3.91173 17.8577 -40.1795
-2.68273 21.4577 -39.4655
0.839266 21.3887 -41.0785
1.94227 21.3517 -44.7645

2.56427 17.6707 -45.5875
6.05427 16.8497 -46.9195
6.31627 13.7987 -49.2545
9.87727 12.5467 -49.9955
10.3813 9.86273 -52.7075
13.8013 8.16773 -52.1995
15.3343 7.15173 -55.6025

18.7233 5.65173 -56.6245
20.4243 6.17073 -60.0535
21.5303 2.80573 -61.5775
18.5073 0.83073 -60.1595
14.8353 -0.16927 -60.7855

13.8233 3.41473 -59.7065
15.1423 4.75873 -63.0905
12.3623 2.75073 -64.9005
9.66327 2.82773 -62.1665
9.62727 6.64173 -61.7465
8.81627 7.48373 -65.4605
6.23127 4.59673 -65.4105
4.52227 6.03373 -62.2665
4.53527 9.54673 -63.8835
2.84227 8.46373 -67.1655
0.241266 6.53873 -65.0505
-0.600734 9.67373 -62.9315
-0.960734 11.6657 -66.2035
-3.43373 9.02073 -67.5685
-5.35573 9.28673 -64.2365
-5.34073 13.1507 -64.4005
-6.56773 13.2347 -68.0705

-9.44073 10.9127 -66.9535
-10.2407 13.4547 -64.1085
-9.16473 10.8537 -61.4645
-6.14473 12.7607 -59.9885
-4.96973 16.3757 -59.4165
-1.51173 14.9367 -58.6815
0.962266 16.0727 -61.3265
4.40227 14.4007 -60.8535
6.28727 16.2067 -63.7425

7.29327 19.2957 -61.6605
9.34127 17.1067 -59.2175
11.6883 15.7897 -61.9965
12.5393 19.1867 -63.5555

13.8043 20.1457 -60.0255
16.2893 17.1727 -59.6025

End chain 1
