-13.201 -6.296 -53.957
-10.703 -3.406 -53.291
-9.54 -3.087 -49.639
-11.02 0.322 -48.639
-8.614 1.85 -46.053
-10.787 3.126 -43.162

-9.634 6.195 -41.181
-10.061 4.9 -37.589
-10.286 6.838 -34.306
-12.195 7.103 -30.979
-14.163 9.439 -28.711
-12.619 10.223 -25.263
-14.157 12.207 -22.344

-11.943 15.248 -21.466
-14.301 16.978 -18.949
-17.827 16.65 -17.399
-19.139 18.761 -20.353

-16.752 17.96 -23.312
-15.482 14.956 -25.281
-12.62 14.751 -27.824
-12.437 12.939 -31.204
-8.982 11.264 -31.393
-8.672 10.357 -35.1

-6.282 10.744 -38.079
-6.98 13.557 -40.6
-9.895 13.022 -43.051

-11.208 15.853 -45.293
-14.92 14.856 -45.011
-14.611 14.37 -41.226
-13.015 17.857 -40.827
-15.875 19.254 -42.999
-18.403 17.482 -40.669
-16.559 18.759 -37.515
-16.844 22.341 -38.957

-20.697 21.797 -39.029
-20.861 21.033 -35.24
-22.116 23.933 -33.104
-20.016 23.255 -29.939
-16.791 22.621 -31.971

-13.393 23.436 -30.391
-10.011 22.816 -32.063
-6.805 22.812 -29.99

-3.883 23.919 -32.209
-1.328 22.314 -29.773
-2.753 18.736 -29.691
-4.334 19.137 -33.217

-7.578 17.622 -31.79
-11.313 18.386 -31.995
-13.683 18.544 -28.991
-17.466 19.001 -28.65
-20.131 19.402 -25.91

-21.257 16.038 -24.476
-24.923 16.743 -25.497
-23.731 16.722 -29.178
-22.178 13.179 -28.839
-25.228 11.354 -30.322
-25.57 14.044 -33.093
-21.852 13.682 -34.021
-21.815 9.829 -34.037
-25.045 9.774 -36.128
-23.507 12.176 -38.75
-20.093 10.348 -38.803

-21.793 6.948 -39.527
-22.962 8.546 -42.834
-19.328 9.196 -43.991
-17.677 6.563 -46.261
-14.251 5.2 -45.121

-14.46 6.789 -41.562
-14.765 4.819 -38.279
-15.142 6.964 -35.114
-15.663 4.659 -32.101

-18.218 6.249 -29.657
-17.862 6.903 -25.912
-18.35 3.469 -24.195

-21.794 2.549 -22.772
-20.235 2.829 -19.255
-19.534 6.58 -19.812
-22.964 7.196 -21.431
-24.623 5.531 -18.378
-22.42 7.523 -15.909

-23.028 10.919 -17.654
-26.668 10.153 -18.714
-27.851 13.482 -17.123

-25.214 15.594 -18.963
-26 13.8 -22.296
-29.631 15.147 -21.909

-28.2621 18.6662 -21.6505
-29.2232 22.1466 -20.5222
-28.5978 25.8273 -19.7675
-28.3441 24.9239 -16.1109
-26.0487 21.9847 -16.0932
-24.0846 23.1926 -19.1591
-20.397 23.0564 -19.6935
-17.8422 25.3768 -18.3437
-19.4445 28.5295 -19.4895
-22.5287 27.5472 -17.6603
-21.0499 26.8823 -14.2704
-17.9832 25.4328 -12.5401
-19.209 21.9133 -11.8202
-17.93 19.0651 -13.8801
-17.2081 16.0914 -16.108
-16.3086 19.306 -17.8078
-13.6279 22.098 -18.0564
-14.0909 23.5596 -21.433
-14.2689 25.021 -24.9445

-15.7329 28.4881 -25.472
-13.6785 29.8979 -22.6023
-10.4917 28.3798 -24.0102
-11.1871 29.8601 -27.4407
-11.7675 33.3046 -25.9436

-8.10349 32.1166 -26.3026
-8.05249 32.1186 -30.1686
-5.81049 34.8836 -31.5776

-7.47149 36.9886 -34.4006
-5.59649 35.0796 -37.1676
-6.42949 31.6986 -35.4976
-10.1615 32.7036 -35.4866
-9.92749 33.6146 -39.2166
-8.30849 30.1516 -39.8176
-11.1535 28.3716 -37.9196
-13.7285 30.3806 -39.9726
-11.9205 29.4616 -43.2676
-11.7955 25.7556 -42.2786
-15.5615 25.7876 -41.4356
-16.3895 27.6396 -44.7286

-14.3385 24.9416 -46.6356
-16.5795 22.3446 -44.8336
-13.8775 20.9966 -42.4336

-11.7175 19.6496 -45.3376
-8.32149 21.4146 -45.4006
-4.57449 21.3086 -44.8846
-3.66049 23.8376 -42.1426

-0.0594902 24.4916 -43.2916
0.49951 27.4856 -40.9386
4.13051 27.9016 -39.7866
5.58651 26.0116 -36.7656
4.27351 27.2526 -33.3796
1.40151 29.4656 -34.7896
-1.07149 27.2776 -32.7556

-2.20949 24.6506 -35.3326
-3.37749 22.3776 -32.4296
-5.72849 25.0106 -30.8476
-7.24149 25.8026 -34.3096
-7.64749 22.0346 -35.0736
-9.38549 21.3386 -31.7026
-11.7805 24.2926 -32.3656
-12.6125 23.1516 -35.9686
-13.2115 19.5736 -34.7006
-15.3205 20.8166 -31.7026
-17.5925 22.8276 -34.0856
-18.2655 19.3546 -35.6566
-18.7495 17.5896 -32.1826
-22.2515 16.4396 -33.3936

-20.4155 14.3406 -36.1016
-17.9915 12.4286 -33.7536
-16.3465 9.88359 -32.9936

-13.1395 11.8486 -33.6756
-9.91649 10.1596 -34.8946
-6.60049 11.9686 -34.1666
-3.49749 10.5576 -35.9406
-0.19449 11.9396 -34.5606

3.58451 11.2806 -34.1776
4.21851 8.47659 -31.5966
5.77851 10.9916 -29.0706
2.94551 13.6566 -28.9646

-0.12349 11.4286 -28.1606
-0.26049 12.5436 -24.4886
0.48051 16.1946 -25.5336
-2.73049 15.9926 -27.6576
-4.77949 14.3996 -24.7886
-3.63349 17.2166 -22.4346
-4.47449 19.7726 -25.1946
-8.08749 18.4076 -25.4036
-8.44749 18.4366 -21.5526
-6.96149 21.9966 -21.4406
-9.18849 23.4916 -24.1856

-12.4865 21.4876 -23.9236
-13.2165 21.2466 -20.1076
-16.7535 20.0876 -21.2156
-15.1295 16.5956 -21.7576
-14.3955 14.0116 -19.0466

-10.9975 12.1926 -19.3066
-13.0035 8.97659 -20.0836
-14.1455 10.6296 -23.3726

-10.4565 10.4806 -24.5876
-8.87049 7.17259 -25.6756
-5.04649 7.25559 -26.0826

-4.06749 4.18059 -28.1286
-0.68149 2.99359 -26.7916
-0.56649 -0.540407 -28.3506
-1.77049 -2.50241 -31.4286
-4.13449 -4.52341 -29.0936
-6.15349 -1.51141 -27.8466
-9.71749 -0.620407 -29.0046
-9.44049 2.32359 -31.4626
-13.1815 3.19459 -30.8906
-13.2845 3.13059 -27.0366
-13.4735 6.96459 -26.6276
-15.4455 9.83059 -28.1686

-11.9535 11.1566 -29.1256
-9.43049 8.46359 -30.1986
-5.70149 9.39859 -30.3606
-3.37449 6.99459 -32.2766
0.10551 7.00159 -33.8726

0.97651 6.55659 -37.5866
2.87751 3.28759 -36.7886
-0.19849 1.75059 -35.0506
-2.66549 2.52759 -37.9416

-1.29149 -0.418407 -40.0236
-1.65249 -2.77641 -36.9806
-5.20849 -1.44341 -36.3186
-6.37949 -1.51841 -40.0246
-9.09649 -4.11841 -39.1196
-10.6085 -1.53941 -36.6516
-10.3205 1.40259 -39.1746
-13.4365 -0.136407 -40.8856
-15.5535 1.84559 -38.3386
-16.4595 5.15959 -40.1116
-14.7325 8.06159 -38.3216
-16.6015 11.0816 -39.8036

-14.0695 13.6196 -38.3716
-10.3015 12.9986 -38.7346
-7.37249 15.1516 -37.5616

-3.88249 14.1866 -38.8036
-1.02749 16.0596 -37.1046
2.29351 16.4316 -39.0126

0.56851 14.9446 -42.1326
3.86951 15.0896 -44.1316
4.38251 11.5546 -42.6196
1.86051 10.4306 -45.3396

4.07651 11.8606 -48.2176
4.77351 8.38759 -49.7746
1.72151 6.31359 -50.8996
3.64051 2.94859 -50.8016
4.24851 3.18059 -47.0026

2.08351 1.02759 -44.6716
1.06651 4.17459 -42.6506
-0.19749 5.88759 -45.8566
-1.95149 2.70359 -47.1696
-3.82649 2.39159 -43.8116
-4.67849 6.15959 -43.4956
-5.83049 6.94359 -47.0886
-9.06549 4.77359 -47.1666
-10.3265 6.51059 -43.9626
-9.36949 10.0246 -45.2276
-11.2585 9.47059 -48.5496

-14.5135 8.36959 -46.7396
-14.4375 10.6526 -43.6286
-16.7375 13.7546 -43.8676

-14.1915 16.1806 -42.2676
-10.3845 15.9496 -42.7926
-8.13449 18.3736 -40.8736
-4.51049 17.8396 -41.9866
-1.79249 19.7756 -40.0756

1.89551 20.3616 -40.9826
4.63651 23.0086 -40.5906
6.34451 21.5976 -43.7006
3.63251 20.0746 -45.9956
6.37151 19.2756 -48.5086
9.79051 18.3406 -47.0406
11.8135 18.5696 -50.3196
9.67451 18.1116 -53.5276

6.14851 18.7086 -55.0476
5.48951 14.9006 -55.2646
5.23251 14.7786 -51.3866
2.01551 16.9266 -51.5426
0.00650976 14.4506 -53.6916
-1.26949 12.2706 -50.7776
-2.34649 15.4046 -48.8066
-4.10349 16.8906 -51.9216
-6.12449 13.6586 -52.5396
-6.91049 13.3706 -48.7776
-8.46949 16.9136 -48.7596

-9.97249 16.6426 -52.3356
-10.3575 12.9266 -53.4206
-11.5375 14.0456 -56.9436
-8.30049 16.0066 -57.6716
-5.70249 14.0606 -59.7556
-7.26549 10.5116 -59.3926
-3.94149 9.07959 -60.7346

-0.46649 10.2776 -59.5926
0.91551 10.2746 -63.1956
-1.23149 13.3296 -64.1936
0.0695098 15.2656 -61.1226
3.66951 14.0976 -61.8316
3.60651 15.1346 -65.5476
2.39651 18.6626 -64.5936
4.23151 19.4766 -61.3056

7.12451 16.9456 -60.9276
8.78351 17.4286 -64.4056
8.13551 13.7196 -65.0216

10.7125 12.0726 -67.3526
10.4635 8.72459 -69.1946

13.7435 6.88159 -68.4376
14.7395 3.39959 -69.8656
13.6895 1.83259 -66.4786

10.3335 3.72559 -66.0716
9.16951 7.20859 -64.9776
11.2595 9.63359 -62.8956

9.24851 12.1046 -60.7016
12.1795 13.7206 -58.7426
11.8485 17.0476 -60.6356
9.62951 20.1346 -60.2896
7.50151 22.1946 -62.7286
4.74651 24.8896 -62.8066

5.20651 25.6066 -59.0316
3.37551 29.0046 -59.1306
0.27551 27.2286 -60.5876
0.60051 24.5146 -57.8836
0.78151 27.2826 -55.1906
-2.42649 28.9206 -56.5596
-4.25949 25.5256 -56.6686
-3.14749 24.7026 -53.0816
-4.20649 28.1006 -51.5946
-7.60849 28.1506 -53.4076
-8.78549 24.5416 -52.8726
-6.55449 22.5396 -50.4066

-4.42149 24.5976 -48.0226
-4.47949 27.4916 -45.5516
-0.87649 28.7336 -45.0186
0.43051 31.7346 -43.0296
4.00551 32.5696 -42.0556

5.53151 34.0536 -38.8276
6.14251 37.2576 -40.8496
2.38751 37.5066 -41.7496
0.94751 37.1366 -38.1896

3.75851 37.6316 -35.5676
5.71951 40.8666 -36.3986
7.13351 40.6296 -32.7986
9.13851 37.3616 -33.2146
12.9375 38.0556 -33.2296
14.6905 37.3216 -36.5536

16.3465 33.9516 -37.2966
19.9625 34.7996 -38.2746
21.4995 31.9096 -40.2766
25.1785 31.4116 -41.2236
27.5405 28.8026 -42.6256
30.5815 28.1076 -40.3846

33.4005 26.5536 -42.4396
35.1805 24.3526 -39.8486
38.8955 24.1716 -40.6586

39.8795 20.9406 -42.5816
43.4945 21.4116 -41.2536

42.4565 19.2196 -38.2316
41.4155 16.4306 -40.7166
44.5535 14.2496 -40.6506

46.0595 12.9766 -43.9486
44.7475 9.35859 -43.4076
41.1255 10.5566 -42.8566
41.4025 12.8866 -45.9176
42.8315 10.0416 -48.0696
39.8935 7.82459 -46.8846
37.3475 10.5596 -47.8826
39.1445 10.9576 -51.2726
39.0575 7.13159 -51.7036
35.2845 6.82259 -50.9556
34.5965 9.87459 -53.2236
36.5515 8.19859 -56.1106
34.7775 4.88559 -55.3196
31.2805 6.43759 -55.9036
32.3715 7.76859 -59.3746

33.8515 4.43859 -60.6266
32.0215 3.34059 -63.8316
32.1625 -0.439407 -63.2966
30.2915 -0.600407 -59.9116
26.7185 -1.82841 -59.4046

23.9225 0.558593 -58.2506
24.2415 -1.10341 -54.7876
28.0635 -0.644407 -54.4986
27.5125 3.05759 -55.4696
24.9235 3.41059 -52.5946
27.2915 1.59059 -50.1576
30.2405 3.88259 -51.1146
27.8895 6.92059 -50.6586
26.8745 5.71859 -47.1346
30.5895 5.13759 -46.3276
31.5595 8.65859 -47.5996
28.7325 10.1976 -45.4846
29.6875 8.24859 -42.2866
33.4205 9.16559 -42.8536
32.3705 12.8556 -43.2136
30.7195 12.6666 -39.7536
33.8795 11.0856 -38.1846
36.1795 13.6466 -39.9126
34.1805 16.6206 -38.4666
34.1275 15.4246 -34.7686
37.4145 17.1776 -33.6316
36.4775 20.6106 -35.1036
32.7925 20.2556 -34.0636
34.1335 19.7076 -30.4926
36.6055 22.6506 -30.8796
33.6785 24.9016 -31.9626
31.3665 23.7496 -29.0726
34.1715 24.5176 -26.5616
34.8255 27.9676 -28.1866
31.0765 28.7646 -27.7106
31.2035 27.7536 -23.9856
34.5285 29.6186 -23.3956

32.8705 32.6976 -25.0786
30.3905 32.6826 -22.1046
27.2215 31.3856 -23.8956
24.5275 30.4326 -21.3676
22.2745 28.0836 -23.4916

22.4935 26.4886 -26.9726
21.3255 23.4126 -28.9436
23.6955 21.0506 -30.8186
22.1095 18.9836 -33.6226

23.7305 15.8286 -35.0936
22.3485 12.5276 -36.5706
25.2265 9.98359 -36.5156

25.3575 8.29959 -33.0626
29.2205 8.50159 -33.0046
28.9905 12.3586 -33.2466
26.3875 12.5436 -30.4026
28.5485 10.1086 -28.3166
31.8135 12.0906 -28.8706
30.1365 15.4696 -28.0246
28.5835 14.0406 -24.7856
31.9195 12.4076 -23.7556
33.8615 15.7106 -24.1756
31.1755 17.7236 -22.2676
31.3935 15.1326 -19.4026
35.2555 15.3566 -19.5176

34.9675 19.2116 -19.2616
32.2995 18.7796 -16.4606
29.7215 20.7396 -18.5626
26.1175 20.0526 -17.4936

24.1145 19.0616 -20.6046
21.0295 17.0936 -21.7706
20.9515 14.3766 -24.4866
17.9495 13.2756 -26.6306

18.2155 10.5536 -29.3286
16.3825 7.45759 -30.7426
16.9605 5.54059 -27.4336
15.5265 8.28959 -25.1176
12.0135 7.28459 -23.9286
8.85051 9.38059 -24.5846
8.47751 10.4886 -20.8966

12.2355 11.1306 -20.3096
12.2265 13.3556 -23.4766
9.66551 15.6876 -21.8126
11.5145 15.6326 -18.4286
14.9505 16.4206 -20.0366
13.2095 19.1896 -22.0596
11.8755 20.6776 -18.7596
15.3525 20.2946 -17.1066
17.0005 22.3106 -19.9746
14.1525 24.9106 -19.9246
14.0785 25.4746 -16.1136

17.7115 24.8116 -14.9796
20.2955 27.5936 -15.6656
23.0985 24.9656 -15.2156
22.2875 22.9616 -18.3936
24.2565 24.9426 -21.0146

24.1145 22.4186 -23.9276
21.3545 20.2476 -25.4066
22.8165 17.3856 -27.5366
19.9605 16.4756 -29.9096
19.3865 13.9476 -32.6976

18.0745 15.8436 -35.7986
15.6455 12.9336 -36.5076
14.5825 12.0846 -32.9106
14.0955 15.6786 -31.5436
12.3735 17.2076 -34.6766
8.91251 16.7336 -32.9886
6.91451 17.6896 -29.8376
9.68151 19.4556 -27.8426
10.1305 23.2276 -27.1576
13.5835 24.7706 -26.4486
12.7465 28.5056 -26.0026
15.4565 28.8376 -23.2496
18.2405 28.7726 -25.9226
19.1245 31.5776 -28.4196

21.5715 29.5006 -30.5616
21.2625 26.3366 -32.7036
24.4295 24.5696 -33.9886
24.0525 21.9366 -36.7326

27.2125 19.8136 -36.2886
26.0035 17.7936 -39.3196
23.9925 18.5966 -42.4676
20.7995 16.6316 -43.2636
19.7135 16.0776 -46.9306
16.0675 17.0496 -46.1856

15.5275 20.8266 -45.5376
12.0545 20.2786 -43.9746
13.7555 18.4116 -41.0546
16.3745 21.2076 -40.6396
13.5375 23.8356 -40.4856
11.6575 21.5956 -37.9506
14.8355 21.5886 -35.7706
15.3095 25.4396 -36.0026

11.6115 25.9146 -34.9846
12.2855 24.0676 -31.7006
13.9065 27.3476 -30.4356
11.9745 29.8696 -32.5806
8.59051 29.3766 -30.7566
6.05051 31.5506 -28.8736
7.97451 32.4926 -25.6766
11.2825 33.2646 -27.4986
12.5115 36.8646 -26.7846
16.0335 36.7956 -28.3976
17.1365 36.7586 -32.0836

17.7585 33.0776 -32.9066
21.2485 32.2566 -34.2386
21.5105 29.2056 -36.5736
25.0715 27.9536 -37.3146
25.5755 25.2696 -40.0266
28.9955 23.5746 -39.5186
30.5285 22.5586 -42.9216

33.9175 21.0586 -43.9436
35.6185 21.5776 -47.3726
36.7245 18.2126 -48.8966
33.7015 16.2376 -47.4786
30.0295 15.2376 -48.1046

29.0175 18.8216 -47.0256
30.3365 20.1656 -50.4096
27.5565 18.1576 -52.2196
24.8575 18.2346 -49.4856
24.8215 22.0486 -49.0656
24.0105 22.8906 -52.7796
21.4255 20.0036 -52.7296
19.7165 21.4406 -49.5856
19.7295 24.9536 -51.2026
18.0365 23.8706 -54.4846
15.4355 21.9456 -52.3696
14.5935 25.0806 -50.2506
14.2335 27.0726 -53.5226
11.7605 24.4276 -54.8876
9.83851 24.6936 -51.5556
9.85351 28.5576 -51.7196
8.62651 28.6416 -55.3896

5.75351 26.3196 -54.2726
4.95351 28.8616 -51.4276
6.02951 26.2606 -48.7836
9.04951 28.1676 -47.3076
10.2245 31.7826 -46.7356
13.6825 30.3436 -46.0006
16.1565 31.4796 -48.6456
19.5965 29.8076 -48.1726
21.4815 31.6136 -51.0616

22.4875 34.7026 -48.9796
24.5355 32.5136 -46.5366
26.8825 31.1966 -49.3156
27.7335 34.5936 -50.8746

28.9985 35.5526 -47.3446
31.4835 32.5796 -46.9216

End chain 1
