-13.201 -6.296 -53.957
-10.703 -3.406 -53.291
-9.54 -3.087 -49.639
-11.02 0.322 -48.639
-8.614 1.85 -46.053
-10.787 3.126 -43.162

-9.634 6.195 -41.181
-10.061 4.9 -37.589
-10.286 6.838 -34.306
-12.195 7.103 -30.979
-14.163 9.439 -28.711
-12.619 10.223 -25.263
-14.157 12.207 -22.344

-11.943 15.248 -21.466
-14.301 16.978 -18.949
-17.827 16.65 -17.399
-19.139 18.761 -20.353

-16.752 17.96 -23.312
-15.482 14.956 -25.281
-12.62 14.751 -27.824
-12.437 12.939 -31.204
-8.982 11.264 -31.393
-8.672 10.357 -35.1

-6.282 10.744 -38.079
-6.98 13.557 -40.6
-9.895 13.022 -43.051

-11.208 15.853 -45.293
-14.92 14.856 -45.011
-14.611 14.37 -41.226
-13.015 17.857 -40.827
-15.875 19.254 -42.999
-18.403 17.482 -40.669
-16.559 18.759 -37.515
-16.844 22.341 -38.957

-20.697 21.797 -39.029
-20.861 21.033 -35.24
-22.116 23.933 -33.104
-20.016 23.255 -29.939
-16.791 22.621 -31.971

-13.393 23.436 -30.391
-10.011 22.816 -32.063
-6.805 22.812 -29.99

-3.883 23.919 -32.209
-1.328 22.314 -29.773
-2.753 18.736 -29.691
-4.334 19.137 -33.217

-7.578 17.622 -31.79
-11.313 18.386 -31.995
-13.683 18.544 -28.991
-17.466 19.001 -28.65
-20.131 19.402 -25.91

-21.257 16.038 -24.476
-24.923 16.743 -25.497
-23.731 16.722 -29.178
-22.178 13.179 -28.839
-25.228 11.354 -30.322
-25.57 14.044 -33.093
-21.852 13.682 -34.021
-21.815 9.829 -34.037
-25.045 9.774 -36.128
-23.507 12.176 -38.75
-20.093 10.348 -38.803

-21.793 6.948 -39.527
-22.962 8.546 -42.834
-19.328 9.196 -43.991
-17.677 6.563 -46.261
-14.251 5.2 -45.121

-14.46 6.789 -41.562
-14.765 4.819 -38.279
-15.142 6.964 -35.114
-15.663 4.659 -32.101

-18.218 6.249 -29.657
-17.862 6.903 -25.912
-18.35 3.469 -24.195

-21.794 2.549 -22.772
-20.235 2.829 -19.255
-19.534 6.58 -19.812
-22.964 7.196 -21.431
-24.623 5.531 -18.378
-22.42 7.523 -15.909

-23.028 10.919 -17.654
-26.668 10.153 -18.714
-27.851 13.482 -17.123

-25.214 15.594 -18.963
-26 13.8 -22.296
-29.631 15.147 -21.909

-30.4472 18.2413 -19.9421
-30.0195 20.9434 -22.5238
-32.7648 19.9256 -24.9763
-35.455 19.5254 -22.2108
-34.6669 23.2641 -21.5324
-34.2533 25.4752 -18.41
-37.6322 27.1084 -17.8693
-37.8174 25.2665 -14.5677
-37.9752 23.857 -10.9545
-39.8463 20.8196 -9.51303
-41.4703 17.9072 -7.89468
-44.1836 15.3939 -6.99216
-45 15.0911 -3.33692
-47.1913 18.0954 -2.77571
-44.5052 20.4221 -4.36584
-43.0116 22.9284 -6.78255
-42.3442 24.8205 -3.51192
-41.6017 26.3351 -0.152261
-42.5611 29.4187 1.87368

-45.3111 31.4292 3.5583
-42.8246 32.9913 5.97072
-40.5192 33.9704 3.1125
-43.3922 35.5853 1.22012
-44.42 37.5789 4.28803

-40.756 36.3909 3.92903
-40.705 36.3929 0.0630322
-38.463 39.1579 -1.34597

-40.124 41.2629 -4.16897
-38.249 39.3539 -6.93597
-39.082 35.9729 -5.26597
-42.814 36.9779 -5.25497
-42.58 37.8889 -8.98497
-40.961 34.4259 -9.58597
-43.806 32.6459 -7.68797
-46.381 34.6549 -9.74097
-44.573 33.7359 -13.036
-44.448 30.0299 -12.047
-48.214 30.0619 -11.204
-49.042 31.9139 -14.497

-46.991 29.2159 -16.404
-49.232 26.6189 -14.602
-46.53 25.2709 -12.202

-44.37 23.9239 -15.106
-40.974 25.6889 -15.169
-37.227 25.5829 -14.653
-36.313 28.1119 -11.911

-32.712 28.7659 -13.06
-32.153 31.7599 -10.707
-28.522 32.1759 -9.55497
-27.066 30.2859 -6.53397
-28.379 31.5269 -3.14797
-31.251 33.7399 -4.55797
-33.724 31.5519 -2.52397

-34.862 28.9249 -5.10097
-36.03 26.6519 -2.19797
-38.381 29.2849 -0.615968
-39.894 30.0769 -4.07797
-40.3 26.3089 -4.84197
-42.038 25.6129 -1.47097
-44.433 28.5669 -2.13397
-45.265 27.4259 -5.73697
-45.864 23.8479 -4.46897
-47.973 25.0909 -1.47097
-50.245 27.1019 -3.85397
-50.918 23.6289 -5.42497
-51.402 21.8639 -1.95097
-54.904 20.7139 -3.16197

-53.068 18.6149 -5.86997
-50.644 16.7029 -3.52197
-48.999 14.1579 -2.76197

-45.792 16.1229 -3.44397
-42.569 14.4339 -4.66297
-39.253 16.2429 -3.93497
-36.15 14.8319 -5.70897
-32.847 16.2139 -4.32897

-29.068 15.5549 -3.94597
-28.434 12.7509 -1.36497
-26.874 15.2659 1.16103
-29.707 17.9309 1.26703

-32.776 15.7029 2.07103
-32.913 16.8179 5.74303
-32.172 20.4689 4.69803
-35.383 20.2669 2.57403
-37.432 18.6739 5.44303
-36.286 21.4909 7.79703
-37.127 24.0469 5.03703
-40.74 22.6819 4.82803
-41.1 22.7109 8.67903
-39.614 26.2709 8.79103
-41.841 27.7659 6.04603

-45.139 25.7619 6.30803
-45.869 25.5209 10.124
-49.406 24.3619 9.01603
-47.782 20.8699 8.47403
-47.048 18.2859 11.185

-43.65 16.4669 10.925
-45.656 13.2509 10.148
-46.798 14.9039 6.85903

-43.109 14.7549 5.64403
-41.523 11.4469 4.55603
-37.699 11.5299 4.14903

-36.72 8.45487 2.10303
-33.334 7.26787 3.44003
-33.219 3.73387 1.88103
-34.423 1.77187 -1.19697
-36.787 -0.249127 1.13803
-38.806 2.76287 2.38503
-42.37 3.65387 1.22703
-42.093 6.59787 -1.23097
-45.834 7.46887 -0.658968
-45.937 7.40487 3.19503
-46.126 11.2389 3.60403
-48.098 14.1049 2.06303

-44.606 15.4309 1.10603
-42.083 12.7379 0.0330322
-38.354 13.6729 -0.128968
-36.027 11.2689 -2.04497
-32.547 11.2759 -3.64097

-31.676 10.8309 -7.35497
-29.775 7.56187 -6.55697
-32.851 6.02487 -4.81897
-35.318 6.80187 -7.70997

-33.944 3.85587 -9.79197
-34.305 1.49787 -6.74897
-37.861 2.83087 -6.08697
-39.032 2.75587 -9.79297
-41.749 0.155873 -8.88797
-43.261 2.73487 -6.41997
-42.973 5.67687 -8.94297
-46.089 4.13787 -10.654
-48.206 6.11987 -8.10697
-49.112 9.43387 -9.87997
-47.385 12.3359 -8.08997
-49.254 15.3559 -9.57197

-46.722 17.8939 -8.13997
-42.954 17.2729 -8.50297
-40.025 19.4259 -7.32997

-36.535 18.4609 -8.57197
-33.68 20.3339 -6.87297
-30.359 20.7059 -8.78097

-32.084 19.2189 -11.901
-28.783 19.3639 -13.9
-28.27 15.8289 -12.388
-30.792 14.7049 -15.108

-28.576 16.1349 -17.986
-27.879 12.6619 -19.543
-30.931 10.5879 -20.668
-29.012 7.22287 -20.57
-28.404 7.45487 -16.771

-30.569 5.30187 -14.44
-31.586 8.44887 -12.419
-32.85 10.1619 -15.625
-34.604 6.97787 -16.938
-36.479 6.66587 -13.58
-37.331 10.4339 -13.264
-38.483 11.2179 -16.857
-41.718 9.04787 -16.935
-42.979 10.7849 -13.731
-42.022 14.2989 -14.996
-43.911 13.7449 -18.318

-47.166 12.6439 -16.508
-47.09 14.9269 -13.397
-49.39 18.0289 -13.636

-46.844 20.4549 -12.036
-43.037 20.2239 -12.561
-40.787 22.6479 -10.642
-37.163 22.1139 -11.755
-34.445 24.0499 -9.84397

-30.757 24.6359 -10.751
-28.016 27.2829 -10.359
-26.308 25.8719 -13.469
-29.02 24.3489 -15.764
-26.281 23.5499 -18.277
-22.862 22.6149 -16.809
-20.839 22.8439 -20.088
-22.978 22.3859 -23.296

-26.504 22.9829 -24.816
-27.163 19.1749 -25.033
-27.42 19.0529 -21.155
-30.637 21.2009 -21.311
-32.646 18.7249 -23.46
-33.922 16.5449 -20.546
-34.999 19.6789 -18.575
-36.756 21.1649 -21.69
-38.777 17.9329 -22.308
-39.563 17.6449 -18.546
-41.122 21.1879 -18.528

-42.625 20.9169 -22.104
-43.01 17.2009 -23.189
-44.19 18.3199 -26.712
-40.953 20.2809 -27.44
-38.355 18.3349 -29.524
-39.918 14.7859 -29.161
-36.594 13.3539 -30.503

-33.119 14.5519 -29.361
-31.737 14.5489 -32.964
-33.884 17.6039 -33.962
-32.583 19.5399 -30.891
-28.983 18.3719 -31.6
-29.046 19.4089 -35.316
-30.256 22.9369 -34.362
-28.421 23.7509 -31.074

-25.528 21.2199 -30.696
-23.869 21.7029 -34.174
-24.517 17.9939 -34.79

-21.94 16.3469 -37.121
-22.189 12.9989 -38.963

-18.909 11.1559 -38.206
-17.913 7.67387 -39.634
-18.963 6.10687 -36.247

-22.319 7.99987 -35.84
-23.483 11.4829 -34.746
-21.393 13.9079 -32.664

-23.404 16.3789 -30.47
-20.473 17.9949 -28.511
-20.804 21.3219 -30.404
-23.023 24.4089 -30.058
-25.151 26.4689 -32.497
-27.906 29.1639 -32.575

-27.446 29.8809 -28.8
-29.277 33.2789 -28.899
-32.377 31.5029 -30.356
-32.052 28.7889 -27.652
-31.871 31.5569 -24.959
-35.079 33.1949 -26.328
-36.912 29.7999 -26.437
-35.8 28.9769 -22.85
-36.859 32.3749 -21.363
-40.261 32.4249 -23.176
-41.438 28.8159 -22.641
-39.207 26.8139 -20.175

-37.074 28.8719 -17.791
-37.132 31.7659 -15.32
-33.529 33.0079 -14.787
-32.222 36.0089 -12.798
-28.647 36.8439 -11.824

-27.121 38.3279 -8.59597
-26.51 41.5319 -10.618
-30.265 41.7809 -11.518
-31.705 41.4109 -7.95797

-28.894 41.9059 -5.33597
-26.933 45.1409 -6.16697
-25.519 44.9039 -2.56697
-23.514 41.6359 -2.98297
-19.715 42.3299 -2.99797
-17.962 41.5959 -6.32197

-16.306 38.2259 -7.06497
-12.69 39.0739 -8.04297
-11.153 36.1839 -10.045
-7.47405 35.6859 -10.992
-5.11205 33.0769 -12.394
-2.07105 32.3819 -10.153

0.747954 30.8279 -12.208
2.52795 28.6269 -9.61697
6.24295 28.4459 -10.427

7.22695 25.2149 -12.35
10.842 25.6859 -11.022

9.80395 23.4939 -7.99997
8.76295 20.7049 -10.485
11.901 18.5239 -10.419

13.407 17.2509 -13.717
12.095 13.6329 -13.176
8.47295 14.8309 -12.625
8.74995 17.1609 -15.686
10.179 14.3159 -17.838
7.24095 12.0989 -16.653
4.69495 14.8339 -17.651
6.49195 15.2319 -21.041
6.40495 11.4059 -21.472
2.63195 11.0969 -20.724
1.94395 14.1489 -22.992
3.89895 12.4729 -25.879
2.12495 9.15987 -25.088
-1.37205 10.7119 -25.672
-0.281046 12.0429 -29.143

1.19895 8.71287 -30.395
-0.631046 7.61487 -33.6
-0.490046 3.83487 -33.065
-2.36105 3.67387 -29.68
-5.93405 2.44587 -29.173

-8.73005 4.83287 -28.019
-8.41105 3.17087 -24.556
-4.58905 3.62987 -24.267
-5.14005 7.33187 -25.238
-7.72905 7.68487 -22.363
-5.36105 5.86487 -19.926
-2.41205 8.15687 -20.883
-4.76305 11.1949 -20.427
-5.77805 9.99287 -16.903
-2.06305 9.41187 -16.096
-1.09305 12.9329 -17.368
-3.92005 14.4719 -15.253
-2.96505 12.5229 -12.055
0.767954 13.4399 -12.622
-0.282046 17.1299 -12.982
-1.93305 16.9409 -9.52197
1.22695 15.3599 -7.95297
3.52695 17.9209 -9.68097
1.52795 20.8949 -8.23497
1.47495 19.6989 -4.53697
4.76195 21.4519 -3.39997
3.82495 24.8849 -4.87197
0.139954 24.5299 -3.83197
1.48095 23.9819 -0.260968
3.95295 26.9249 -0.647968
1.02595 29.1759 -1.73097
-1.28605 28.0239 1.15903
1.51895 28.7919 3.67003
2.17295 32.2419 2.04503
-1.57605 33.0389 2.52103
-1.44905 32.0279 6.24603
1.87595 33.8929 6.83603

0.217954 36.9719 5.15303
-2.26205 36.9569 8.12703
-5.43105 35.6599 6.33603
-8.12505 34.7069 8.86403
-10.378 32.3579 6.74003

-10.159 30.7629 3.25903
-11.327 27.6869 1.28803
-8.95705 25.3249 -0.586968
-10.543 23.2579 -3.39097

-8.92205 20.1029 -4.86197
-10.304 16.8019 -6.33897
-7.42605 14.2579 -6.28397

-7.29505 12.5739 -2.83097
-3.43205 12.7759 -2.77297
-3.66205 16.6329 -3.01497
-6.26505 16.8179 -0.170968
-4.10405 14.3829 1.91503
-0.839046 16.3649 1.36103
-2.51605 19.7439 2.20703
-4.06905 18.3149 5.44603
-0.733046 16.6819 6.47603
1.20895 19.9849 6.05603
-1.47705 21.9979 7.96403
-1.25905 19.4069 10.829
2.60295 19.6309 10.714

2.31495 23.4859 10.97
-0.353046 23.0539 13.771
-2.93105 25.0139 11.669
-6.53505 24.3269 12.738

-8.53805 23.3359 9.62703
-11.623 21.3679 8.46103
-11.701 18.6509 5.74503
-14.703 17.5499 3.60103

-14.437 14.8279 0.903032
-16.27 11.7319 -0.510968
-15.692 9.81487 2.79803
-17.126 12.5639 5.11403
-20.639 11.5589 6.30303
-23.802 13.6549 5.64703
-24.175 14.7629 9.33503

-20.417 15.4049 9.92203
-20.426 17.6299 6.75503
-22.987 19.9619 8.41903
-21.138 19.9069 11.803
-17.702 20.6949 10.195
-19.443 23.4639 8.17203
-20.777 24.9519 11.472
-17.3 24.5689 13.125
-15.652 26.5849 10.257
-18.5 29.1849 10.307
-18.574 29.7489 14.118

-14.941 29.0859 15.252
-12.357 31.8679 14.566
-9.55405 29.2399 15.016
-10.365 27.2359 11.838
-8.39605 29.2169 9.21703

-8.53805 26.6929 6.30403
-11.298 24.5219 4.82503
-9.83605 21.6599 2.69503
-12.692 20.7499 0.322032
-13.266 18.2219 -2.46597

-14.578 20.1179 -5.56697
-17.007 17.2079 -6.27597
-18.07 16.3589 -2.67897
-18.557 19.9529 -1.31197
-20.279 21.4819 -4.44497
-23.74 21.0079 -2.75697
-25.738 21.9639 0.394032
-22.971 23.7299 2.38903
-22.522 27.5019 3.07403
-19.069 29.0449 3.78303
-19.906 32.7799 4.22903
-17.196 33.1119 6.98203
-14.412 33.0469 4.30903
-13.528 35.8519 1.81203

-11.081 33.7749 -0.329968
-11.39 30.6109 -2.47197
-8.22305 28.8439 -3.75697
-8.60005 26.2109 -6.50097

-5.44005 24.0879 -6.05697
-6.64905 22.0679 -9.08797
-8.66005 22.8709 -12.236
-11.853 20.9059 -13.032
-12.939 20.3519 -16.699
-16.585 21.3239 -15.954

-17.125 25.1009 -15.306
-20.598 24.5529 -13.743
-18.897 22.6859 -10.823
-16.278 25.4819 -10.408
-19.115 28.1099 -10.254
-20.995 25.8699 -7.71897
-17.817 25.8629 -5.53897
-17.343 29.7139 -5.77097

-21.041 30.1889 -4.75297
-20.367 28.3419 -1.46897
-18.746 31.6219 -0.203968
-20.678 34.1439 -2.34897
-24.062 33.6509 -0.524968
-26.602 35.8249 1.35803
-24.678 36.7669 4.55503
-21.37 37.5389 2.73303
-20.141 41.1389 3.44703
-16.619 41.0699 1.83403
-15.516 41.0329 -1.85197

-14.894 37.3519 -2.67497
-11.404 36.5309 -4.00697
-11.142 33.4799 -6.34197
-7.58105 32.2279 -7.08297
-7.07705 29.5439 -9.79497
-3.65705 27.8489 -9.28697
-2.12405 26.8329 -12.69

1.26495 25.3329 -13.712
2.96595 25.8519 -17.141
4.07195 22.4869 -18.665
1.04895 20.5119 -17.247
-2.62305 19.5119 -17.873

-3.63505 23.0959 -16.794
-2.31605 24.4399 -20.178
-5.09605 22.4319 -21.988
-7.79505 22.5089 -19.254
-7.83105 26.3229 -18.834
-8.64205 27.1649 -22.548
-11.227 24.2779 -22.498
-12.936 25.7149 -19.354
-12.923 29.2279 -20.971
-14.616 28.1449 -24.253
-17.217 26.2199 -22.138
-18.059 29.3549 -20.019
-18.419 31.3469 -23.291
-20.892 28.7019 -24.656
-22.814 28.9679 -21.324
-22.799 32.8319 -21.488
-24.026 32.9159 -25.158

-26.899 30.5939 -24.041
-27.699 33.1359 -21.196
-26.623 30.5349 -18.552
-23.603 32.4419 -17.076
-22.428 36.0569 -16.504
-18.97 34.6179 -15.769
-16.496 35.7539 -18.414
-13.056 34.0819 -17.941
-11.171 35.8879 -20.83

-10.165 38.9769 -18.748
-8.11705 36.7879 -16.305
-5.77005 35.4709 -19.084
-4.91905 38.8679 -20.643

-3.65405 39.8269 -17.113
-1.16905 36.8539 -16.69

End chain 1
