-13.201 -6.296 -53.957
-10.703 -3.406 -53.291
-9.54 -3.087 -49.639
-11.02 0.322 -48.639
-8.614 1.85 -46.053
-10.787 3.126 -43.162

-9.634 6.195 -41.181
-10.061 4.9 -37.589
-10.286 6.838 -34.306
-12.195 7.103 -30.979
-14.163 9.439 -28.711
-12.619 10.223 -25.263
-14.157 12.207 -22.344

-11.943 15.248 -21.466
-14.301 16.978 -18.949
-17.827 16.65 -17.399
-19.139 18.761 -20.353

-16.752 17.96 -23.312
-15.482 14.956 -25.281
-12.62 14.751 -27.824
-12.437 12.939 -31.204
-8.982 11.264 -31.393
-8.672 10.357 -35.1

-6.282 10.744 -38.079
-6.98 13.557 -40.6
-9.895 13.022 -43.051

-11.208 15.853 -45.293
-14.92 14.856 -45.011
-14.611 14.37 -41.226
-13.015 17.857 -40.827
-15.875 19.254 -42.999
-18.403 17.482 -40.669
-16.559 18.759 -37.515
-16.844 22.341 -38.957

-20.697 21.797 -39.029
-20.861 21.033 -35.24
-22.116 23.933 -33.104
-20.016 23.255 -29.939
-16.791 22.621 -31.971

-13.393 23.436 -30.391
-10.011 22.816 -32.063
-6.805 22.812 -29.99

-3.883 23.919 -32.209
-1.328 22.314 -29.773
-2.753 18.736 -29.691
-4.334 19.137 -33.217

-7.578 17.622 -31.79
-11.313 18.386 -31.995
-13.683 18.544 -28.991
-17.466 19.001 -28.65
-20.131 19.402 -25.91

-21.257 16.038 -24.476
-24.923 16.743 -25.497
-23.731 16.722 -29.178
-22.178 13.179 -28.839
-25.228 11.354 -30.322
-25.57 14.044 -33.093
-21.852 13.682 -34.021
-21.815 9.829 -34.037
-25.045 9.774 -36.128
-23.507 12.176 -38.75
-20.093 10.348 -38.803

-21.793 6.948 -39.527
-22.962 8.546 -42.834
-19.328 9.196 -43.991
-17.677 6.563 -46.261
-14.251 5.2 -45.121

-14.46 6.789 -41.562
-14.765 4.819 -38.279
-15.142 6.964 -35.114
-15.663 4.659 -32.101

-18.218 6.249 -29.657
-17.862 6.903 -25.912
-18.35 3.469 -24.195

-21.794 2.549 -22.772
-20.235 2.829 -19.255
-19.534 6.58 -19.812
-22.964 7.196 -21.431
-24.623 5.531 -18.378
-22.42 7.523 -15.909

-23.028 10.919 -17.654
-26.668 10.153 -18.714
-27.851 13.482 -17.123

-25.214 15.594 -18.963
-26 13.8 -22.296
-29.631 15.147 -21.909

-29.0489 18.9071 -22.4254
-25.9431 20.2328 -20.6768
-24.2678 23.5033 -19.4079
-21.025 23.3671 -21.4967
-20.7684 20.8131 -24.3778
-23.7317 23.2267 -24.5496
-23.5959 27.0192 -24.5168
-25.2193 30.2846 -23.7979
-26.6335 33.7218 -23.039
-29.4745 33.8354 -20.5652
-32.3314 34.6813 -23.0679
-31.0474 33.5771 -26.3836
-30.442 29.8743 -25.3324
-32.993 27.7415 -27.1071
-31.8073 29.1005 -30.5213
-28.042 29.7029 -29.8728
-27.8534 26.8389 -27.3129
-29.3074 23.3564 -28.1903
-26.4226 24.5222 -30.4384

-23.1345 25.8117 -29.0356
-22.9935 22.9816 -26.5031
-23.615 20.3936 -29.2158
-20.8443 21.8475 -31.3727
-18.4011 21.7604 -28.463

-14.7371 20.5724 -28.822
-14.6861 20.5744 -32.688
-12.4441 23.3394 -34.097

-14.1051 25.4444 -36.92
-12.2301 23.5354 -39.687
-13.0631 20.1544 -38.017
-16.7951 21.1594 -38.006
-16.5611 22.0704 -41.736
-14.9421 18.6074 -42.337
-17.7871 16.8274 -40.439
-20.3621 18.8364 -42.492
-18.5541 17.9174 -45.787
-18.4291 14.2114 -44.798
-22.1951 14.2434 -43.955
-23.0231 16.0954 -47.248

-20.9721 13.3974 -49.155
-23.2131 10.8004 -47.353
-20.5111 9.45243 -44.953

-18.3511 8.10543 -47.857
-14.9551 9.87043 -47.92
-11.2081 9.76443 -47.404
-10.2941 12.2934 -44.662

-6.69312 12.9474 -45.811
-6.13412 15.9414 -43.458
-2.50312 16.3574 -42.306
-1.04712 14.4674 -39.285
-2.36012 15.7084 -35.899
-5.23212 17.9214 -37.309
-7.70512 15.7334 -35.275

-8.84312 13.1064 -37.852
-10.0111 10.8334 -34.949
-12.3621 13.4664 -33.367
-13.8751 14.2584 -36.829
-14.2811 10.4904 -37.593
-16.0191 9.79443 -34.222
-18.4141 12.7484 -34.885
-19.2461 11.6074 -38.488
-19.8451 8.02943 -37.22
-21.9541 9.27243 -34.222
-24.2261 11.2834 -36.605
-24.8991 7.81043 -38.176
-25.3831 6.04543 -34.702
-28.8851 4.89543 -35.913

-27.0491 2.79643 -38.621
-24.6251 0.884426 -36.273
-22.9801 -1.66057 -35.513

-19.7731 0.304426 -36.195
-16.5501 -1.38457 -37.414
-13.2341 0.424426 -36.686
-10.1311 -0.986574 -38.46
-6.82812 0.395426 -37.08

-3.04912 -0.263574 -36.697
-2.41512 -3.06757 -34.116
-0.855119 -0.552574 -31.59
-3.68812 2.11243 -31.484

-6.75712 -0.115574 -30.68
-6.89412 0.999426 -27.008
-6.15312 4.65043 -28.053
-9.36412 4.44843 -30.177
-11.4131 2.85543 -27.308
-10.2671 5.67243 -24.954
-11.1081 8.22843 -27.714
-14.7211 6.86343 -27.923
-15.0811 6.89243 -24.072
-13.5951 10.4524 -23.96
-15.8221 11.9474 -26.705

-19.1201 9.94343 -26.443
-19.8501 9.70243 -22.627
-23.3871 8.54343 -23.735
-21.7631 5.05143 -24.277
-21.0291 2.46743 -21.566

-17.6311 0.648426 -21.826
-19.6371 -2.56757 -22.603
-20.7791 -0.914574 -25.892

-17.0901 -1.06357 -27.107
-15.5041 -4.37157 -28.195
-11.6801 -4.28857 -28.602

-10.7011 -7.36357 -30.648
-7.31512 -8.55057 -29.311
-7.20012 -12.0846 -30.87
-8.40412 -14.0466 -33.948
-10.7681 -16.0676 -31.613
-12.7871 -13.0556 -30.366
-16.3511 -12.1646 -31.524
-16.0741 -9.22057 -33.982
-19.8151 -8.34957 -33.41
-19.9181 -8.41357 -29.556
-20.1071 -4.57957 -29.147
-22.0791 -1.71357 -30.688

-18.5871 -0.387574 -31.645
-16.0641 -3.08057 -32.718
-12.3351 -2.14557 -32.88
-10.0081 -4.54957 -34.796
-6.52812 -4.54257 -36.392

-5.65712 -4.98757 -40.106
-3.75612 -8.25657 -39.308
-6.83212 -9.79357 -37.57
-9.29912 -9.01657 -40.461

-7.92512 -11.9626 -42.543
-8.28612 -14.3206 -39.5
-11.8421 -12.9876 -38.838
-13.0131 -13.0626 -42.544
-15.7301 -15.6626 -41.639
-17.2421 -13.0836 -39.171
-16.9541 -10.1416 -41.694
-20.0701 -11.6806 -43.405
-22.1871 -9.69857 -40.858
-23.0931 -6.38457 -42.631
-21.3661 -3.48257 -40.841
-23.2351 -0.462574 -42.323

-20.7031 2.07543 -40.891
-16.9351 1.45443 -41.254
-14.0061 3.60743 -40.081

-10.5161 2.64243 -41.323
-7.66112 4.51543 -39.624
-4.34012 4.88743 -41.532

-6.06512 3.40043 -44.652
-2.76412 3.54543 -46.651
-2.25112 0.0104263 -45.139
-4.77312 -1.11357 -47.859

-2.55712 0.316426 -50.737
-1.86012 -3.15657 -52.294
-4.91212 -5.23057 -53.419
-2.99312 -8.59557 -53.321
-2.38512 -8.36357 -49.522

-4.55012 -10.5166 -47.191
-5.56712 -7.36957 -45.17
-6.83112 -5.65657 -48.376
-8.58512 -8.84057 -49.689
-10.4601 -9.15257 -46.331
-11.3121 -5.38457 -46.015
-12.4641 -4.60057 -49.608
-15.6991 -6.77057 -49.686
-16.9601 -5.03357 -46.482
-16.0031 -1.51957 -47.747
-17.8921 -2.07357 -51.069

-21.1471 -3.17457 -49.259
-21.0711 -0.891574 -46.148
-23.3711 2.21043 -46.387

-20.8251 4.63643 -44.787
-17.0181 4.40543 -45.312
-14.7681 6.82943 -43.393
-11.1441 6.29543 -44.506
-8.42612 8.23143 -42.595

-4.73812 8.81743 -43.502
-1.99712 11.4644 -43.11
-0.289119 10.0534 -46.22
-3.00112 8.53043 -48.515
-0.262119 7.73143 -51.028
3.15688 6.79643 -49.56
5.17988 7.02543 -52.839
3.04088 6.56743 -56.047

-0.485119 7.16443 -57.567
-1.14412 3.35643 -57.784
-1.40112 3.23443 -53.906
-4.61812 5.38243 -54.062
-6.62712 2.90643 -56.211
-7.90312 0.726426 -53.297
-8.98012 3.86043 -51.326
-10.7371 5.34643 -54.441
-12.7581 2.11443 -55.059
-13.5441 1.82643 -51.297
-15.1031 5.36943 -51.279

-16.6061 5.09843 -54.855
-16.9911 1.38243 -55.94
-18.1711 2.50143 -59.463
-14.9341 4.46243 -60.191
-12.3361 2.51643 -62.275
-13.8991 -1.03257 -61.912
-10.5751 -2.46457 -63.254

-7.10012 -1.26657 -62.112
-5.71812 -1.26957 -65.715
-7.86512 1.78543 -66.713
-6.56412 3.72143 -63.642
-2.96412 2.55343 -64.351
-3.02712 3.59043 -68.067
-4.23712 7.11843 -67.113
-2.40212 7.93243 -63.825

0.490881 5.40143 -63.447
2.14988 5.88443 -66.925
1.50188 2.17543 -67.541

4.07888 0.528426 -69.872
3.82988 -2.81957 -71.714

7.10988 -4.66257 -70.957
8.10588 -8.14457 -72.385
7.05588 -9.71157 -68.998

3.69988 -7.81857 -68.591
2.53588 -4.33557 -67.497
4.62588 -1.91057 -65.415

2.61488 0.560426 -63.221
5.54588 2.17643 -61.262
5.21488 5.50343 -63.155
2.99588 8.59043 -62.809
0.867881 10.6504 -65.248
-1.88712 13.3454 -65.326

-1.42712 14.0624 -61.551
-3.25812 17.4604 -61.65
-6.35812 15.6844 -63.107
-6.03312 12.9704 -60.403
-5.85212 15.7384 -57.71
-9.06012 17.3764 -59.079
-10.8931 13.9814 -59.188
-9.78112 13.1584 -55.601
-10.8401 16.5564 -54.114
-14.2421 16.6064 -55.927
-15.4191 12.9974 -55.392
-13.1881 10.9954 -52.926

-11.0551 13.0534 -50.542
-11.1131 15.9474 -48.071
-7.51012 17.1894 -47.538
-6.20312 20.1904 -45.549
-2.62812 21.0254 -44.575

-1.10212 22.5094 -41.347
-0.491119 25.7134 -43.369
-4.24612 25.9624 -44.269
-5.68612 25.5924 -40.709

-2.87512 26.0874 -38.087
-0.914119 29.3224 -38.918
0.499881 29.0854 -35.318
2.50488 25.8174 -35.734
6.30388 26.5114 -35.749
8.05688 25.7774 -39.073

9.71288 22.4074 -39.816
13.3289 23.2554 -40.794
14.8659 20.3654 -42.796
18.5449 19.8674 -43.743
20.9069 17.2584 -45.145
23.9479 16.5634 -42.904

26.7669 15.0094 -44.959
28.5469 12.8084 -42.368
32.2619 12.6274 -43.178

33.2459 9.39643 -45.101
36.8609 9.86743 -43.773

35.8229 7.67543 -40.751
34.7819 4.88643 -43.236
37.9199 2.70543 -43.17

39.4259 1.43243 -46.468
38.1139 -2.18557 -45.927
34.4919 -0.987574 -45.376
34.7689 1.34243 -48.437
36.1979 -1.50257 -50.589
33.2599 -3.71957 -49.404
30.7139 -0.984574 -50.402
32.5109 -0.586574 -53.792
32.4239 -4.41257 -54.223
28.6509 -4.72157 -53.475
27.9629 -1.66957 -55.743
29.9179 -3.34557 -58.63
28.1439 -6.65857 -57.839
24.6469 -5.10657 -58.423
25.7379 -3.77557 -61.894

27.2179 -7.10557 -63.146
25.3879 -8.20357 -66.351
25.5289 -11.9836 -65.816
23.6579 -12.1446 -62.431
20.0849 -13.3726 -61.924

17.2889 -10.9856 -60.77
17.6079 -12.6476 -57.307
21.4299 -12.1886 -57.018
20.8789 -8.48657 -57.989
18.2899 -8.13357 -55.114
20.6579 -9.95357 -52.677
23.6069 -7.66157 -53.634
21.2559 -4.62357 -53.178
20.2409 -5.82557 -49.654
23.9559 -6.40657 -48.847
24.9259 -2.88557 -50.119
22.0989 -1.34657 -48.004
23.0539 -3.29557 -44.806
26.7869 -2.37857 -45.373
25.7369 1.31143 -45.733
24.0859 1.12243 -42.273
27.2459 -0.458574 -40.704
29.5459 2.10243 -42.432
27.5469 5.07643 -40.986
27.4939 3.88043 -37.288
30.7809 5.63343 -36.151
29.8439 9.06643 -37.623
26.1589 8.71143 -36.583
27.4999 8.16343 -33.012
29.9719 11.1064 -33.399
27.0449 13.3574 -34.482
24.7329 12.2054 -31.592
27.5379 12.9734 -29.081
28.1919 16.4234 -30.706
24.4429 17.2204 -30.23
24.5699 16.2094 -26.505
27.8949 18.0744 -25.915

26.2369 21.1534 -27.598
23.7569 21.1384 -24.624
20.5879 19.8414 -26.415
17.8939 18.8884 -23.887
15.6409 16.5394 -26.011

15.8599 14.9444 -29.492
14.6919 11.8684 -31.463
17.0619 9.50643 -33.338
15.4759 7.43943 -36.142

17.0969 4.28443 -37.613
15.7149 0.983426 -39.09
18.5929 -1.56057 -39.035

18.7239 -3.24457 -35.582
22.5869 -3.04257 -35.524
22.3569 0.814426 -35.766
19.7539 0.999426 -32.922
21.9149 -1.43557 -30.836
25.1799 0.546426 -31.39
23.5029 3.92543 -30.544
21.9499 2.49643 -27.305
25.2859 0.863426 -26.275
27.2279 4.16643 -26.695
24.5419 6.17943 -24.787
24.7599 3.58843 -21.922
28.6219 3.81243 -22.037

28.3339 7.66743 -21.781
25.6659 7.23543 -18.98
23.0879 9.19543 -21.082
19.4839 8.50843 -20.013

17.4809 7.51743 -23.124
14.3959 5.54943 -24.29
14.3179 2.83243 -27.006
11.3159 1.73143 -29.15

11.5819 -0.990574 -31.848
9.74888 -4.08657 -33.262
10.3269 -6.00357 -29.953
8.89288 -3.25457 -27.637
5.37988 -4.25957 -26.448
2.21688 -2.16357 -27.104
1.84388 -1.05557 -23.416

5.60188 -0.413574 -22.829
5.59288 1.81143 -25.996
3.03188 4.14343 -24.332
4.88088 4.08843 -20.948
8.31688 4.87643 -22.556
6.57588 7.64543 -24.579
5.24188 9.13343 -21.279
8.71888 8.75043 -19.626
10.3669 10.7664 -22.494
7.51888 13.3664 -22.444
7.44488 13.9304 -18.633

11.0779 13.2674 -17.499
13.6619 16.0494 -18.185
16.4649 13.4214 -17.735
15.6539 11.4174 -20.913
17.6229 13.3984 -23.534

17.4809 10.8744 -26.447
14.7209 8.70343 -27.926
16.1829 5.84143 -30.056
13.3269 4.93143 -32.429
12.7529 2.40343 -35.217

11.4409 4.29943 -38.318
9.01188 1.38943 -39.027
7.94888 0.540426 -35.43
7.46188 4.13443 -34.063
5.73988 5.66343 -37.196
2.27888 5.18943 -35.508
0.280881 6.14543 -32.357
3.04788 7.91143 -30.362
3.49688 11.6834 -29.677
6.94988 13.2264 -28.968
6.11288 16.9614 -28.522
8.82288 17.2934 -25.769
11.6069 17.2284 -28.442
12.4909 20.0334 -30.939

14.9379 17.9564 -33.081
14.6289 14.7924 -35.223
17.7959 13.0254 -36.508
17.4189 10.3924 -39.252

20.5789 8.26943 -38.808
19.3699 6.24943 -41.839
17.3589 7.05243 -44.987
14.1659 5.08743 -45.783
13.0799 4.53343 -49.45
9.43388 5.50543 -48.705

8.89388 9.28243 -48.057
5.42088 8.73443 -46.494
7.12188 6.86743 -43.574
9.74088 9.66343 -43.159
6.90388 12.2914 -43.005
5.02388 10.0514 -40.47
8.20188 10.0444 -38.29
8.67588 13.8954 -38.522

4.97788 14.3704 -37.504
5.65188 12.5234 -34.22
7.27288 15.8034 -32.955
5.34088 18.3254 -35.1
1.95688 17.8324 -33.276
-0.583119 20.0064 -31.393
1.34088 20.9484 -28.196
4.64888 21.7204 -30.018
5.87788 25.3204 -29.304
9.39988 25.2514 -30.917
10.5029 25.2144 -34.603

11.1249 21.5334 -35.426
14.6149 20.7124 -36.758
14.8769 17.6614 -39.093
18.4379 16.4094 -39.834
18.9419 13.7254 -42.546
22.3619 12.0304 -42.038
23.8949 11.0144 -45.441

27.2839 9.51443 -46.463
28.9849 10.0334 -49.892
30.0909 6.66843 -51.416
27.0679 4.69343 -49.998
23.3959 3.69343 -50.624

22.3839 7.27743 -49.545
23.7029 8.62143 -52.929
20.9229 6.61343 -54.739
18.2239 6.69043 -52.005
18.1879 10.5044 -51.585
17.3769 11.3464 -55.299
14.7919 8.45943 -55.249
13.0829 9.89643 -52.105
13.0959 13.4094 -53.722
11.4029 12.3264 -57.004
8.80188 10.4014 -54.889
7.95988 13.5364 -52.77
7.59988 15.5284 -56.042
5.12688 12.8834 -57.407
3.20488 13.1494 -54.075
3.21988 17.0134 -54.239
1.99288 17.0974 -57.909

-0.880119 14.7754 -56.792
-1.68012 17.3174 -53.947
-0.604119 14.7164 -51.303
2.41588 16.6234 -49.827
3.59088 20.2384 -49.255
7.04888 18.7994 -48.52
9.52288 19.9354 -51.165
12.9629 18.2634 -50.692
14.8479 20.0694 -53.581

15.8539 23.1584 -51.499
17.9019 20.9694 -49.056
20.2489 19.6524 -51.835
21.0999 23.0494 -53.394

22.3649 24.0084 -49.864
24.8499 21.0354 -49.441

End chain 1
