-13.201 -6.296 -53.957
-10.703 -3.406 -53.291
-9.54 -3.087 -49.639
-11.02 0.322 -48.639
-8.614 1.85 -46.053
-10.787 3.126 -43.162

-9.634 6.195 -41.181
-10.061 4.9 -37.589
-10.286 6.838 -34.306
-12.195 7.103 -30.979
-14.163 9.439 -28.711
-12.619 10.223 -25.263
-14.157 12.207 -22.344

-11.943 15.248 -21.466
-14.301 16.978 -18.949
-17.827 16.65 -17.399
-19.139 18.761 -20.353

-16.752 17.96 -23.312
-15.482 14.956 -25.281
-12.62 14.751 -27.824
-12.437 12.939 -31.204
-8.982 11.264 -31.393
-8.672 10.357 -35.1

-6.282 10.744 -38.079
-6.98 13.557 -40.6
-9.895 13.022 -43.051

-11.208 15.853 -45.293
-14.92 14.856 -45.011
-14.611 14.37 -41.226
-13.015 17.857 -40.827
-15.875 19.254 -42.999
-18.403 17.482 -40.669
-16.559 18.759 -37.515
-16.844 22.341 -38.957

-20.697 21.797 -39.029
-20.861 21.033 -35.24
-22.116 23.933 -33.104
-20.016 23.255 -29.939
-16.791 22.621 -31.971

-13.393 23.436 -30.391
-10.011 22.816 -32.063
-6.805 22.812 -29.99

-3.883 23.919 -32.209
-1.328 22.314 -29.773
-2.753 18.736 -29.691
-4.334 19.137 -33.217

-7.578 17.622 -31.79
-11.313 18.386 -31.995
-13.683 18.544 -28.991
-17.466 19.001 -28.65
-20.131 19.402 -25.91

-21.257 16.038 -24.476
-24.923 16.743 -25.497
-23.731 16.722 -29.178
-22.178 13.179 -28.839
-25.228 11.354 -30.322
-25.57 14.044 -33.093
-21.852 13.682 -34.021
-21.815 9.829 -34.037
-25.045 9.774 -36.128
-23.507 12.176 -38.75
-20.093 10.348 -38.803

-21.793 6.948 -39.527
-22.962 8.546 -42.834
-19.328 9.196 -43.991
-17.677 6.563 -46.261
-14.251 5.2 -45.121

-14.46 6.789 -41.562
-14.765 4.819 -38.279
-15.142 6.964 -35.114
-15.663 4.659 -32.101

-18.218 6.249 -29.657
-17.862 6.903 -25.912
-18.35 3.469 -24.195

-21.794 2.549 -22.772
-20.235 2.829 -19.255
-19.534 6.58 -19.812
-22.964 7.196 -21.431
-24.623 5.531 -18.378
-22.42 7.523 -15.909

-23.028 10.919 -17.654
-26.668 10.153 -18.714
-27.851 13.482 -17.123

-25.214 15.594 -18.963
-26 13.8 -22.296
-29.631 15.147 -21.909

-28.581 18.7134 -22.0496
-27.7667 22.3572 -22.71
-24.531 21.6828 -24.4142
-20.7607 21.7386 -24.9919
-21.402 18.5533 -22.8859
-22.4993 17.259 -19.4884
-24.4917 14.2976 -20.6564
-23.9996 13.899 -24.5041
-21.7146 11.0085 -23.2714
-20.7802 8.3322 -25.9314
-17.2262 9.66782 -26.3798
-13.8201 11.0417 -26.841
-11.4865 10.4632 -23.8362
-13.1678 7.28532 -22.8339
-13.6969 5.75551 -26.2143
-10.211 5.20816 -27.7907
-8.24204 1.95227 -27.7404
-5.59422 -0.792707 -27.5243
-5.61826 -2.8318 -30.8411

-5.68839 -4.93877 -34.0032
-7.51609 -7.74593 -32.2081
-10.1147 -5.32257 -30.8601
-10.7081 -3.87978 -34.3255
-11.1749 -7.35241 -35.7972

-7.51086 -8.54041 -36.1562
-7.45986 -8.53841 -40.0222
-5.21786 -5.77341 -41.4312

-6.87886 -3.66841 -44.2542
-5.00386 -5.57741 -47.0212
-5.83686 -8.95841 -45.3512
-9.56886 -7.95341 -45.3402
-9.33486 -7.04241 -49.0702
-7.71586 -10.5054 -49.6712
-10.5609 -12.2854 -47.7732
-13.1359 -10.2764 -49.8262
-11.3279 -11.1954 -53.1212
-11.2029 -14.9014 -52.1322
-14.9689 -14.8694 -51.2892
-15.7969 -13.0174 -54.5822

-13.7459 -15.7154 -56.4892
-15.9869 -18.3124 -54.6872
-13.2849 -19.6604 -52.2872

-11.1249 -21.0074 -55.1912
-7.72886 -19.2424 -55.2542
-3.98186 -19.3484 -54.7382
-3.06786 -16.8194 -51.9962

0.533144 -16.1654 -53.1452
1.09214 -13.1714 -50.7922
4.72314 -12.7554 -49.6402
6.17914 -14.6454 -46.6192
4.86614 -13.4044 -43.2332
1.99414 -11.1914 -44.6432
-0.478856 -13.3794 -42.6092

-1.61686 -16.0064 -45.1862
-2.78486 -18.2794 -42.2832
-5.13586 -15.6464 -40.7012
-6.64886 -14.8544 -44.1632
-7.05486 -18.6224 -44.9272
-8.79286 -19.3184 -41.5562
-11.1879 -16.3644 -42.2192
-12.0199 -17.5054 -45.8222
-12.6189 -21.0834 -44.5542
-14.7279 -19.8404 -41.5562
-16.9999 -17.8294 -43.9392
-17.6729 -21.3024 -45.5102
-18.1569 -23.0674 -42.0362
-21.6589 -24.2174 -43.2472

-19.8229 -26.3164 -45.9552
-17.3989 -28.2284 -43.6072
-15.7539 -30.7734 -42.8472

-12.5469 -28.8084 -43.5292
-9.32386 -30.4974 -44.7482
-6.00786 -28.6884 -44.0202
-2.90486 -30.0994 -45.7942
0.398144 -28.7174 -44.4142

4.17714 -29.3764 -44.0312
4.81114 -32.1804 -41.4502
6.37114 -29.6654 -38.9242
3.53814 -27.0004 -38.8182

0.469144 -29.2284 -38.0142
0.332144 -28.1134 -34.3422
1.07314 -24.4624 -35.3872
-2.13786 -24.6644 -37.5112
-4.18686 -26.2574 -34.6422
-3.04086 -23.4404 -32.2882
-3.88186 -20.8844 -35.0482
-7.49486 -22.2494 -35.2572
-7.85486 -22.2204 -31.4062
-6.36886 -18.6604 -31.2942
-8.59586 -17.1654 -34.0392

-11.8939 -19.1694 -33.7772
-12.6239 -19.4104 -29.9612
-16.1609 -20.5694 -31.0692
-14.5369 -24.0614 -31.6112
-13.8029 -26.6454 -28.9002

-10.4049 -28.4644 -29.1602
-12.4109 -31.6804 -29.9372
-13.5529 -30.0274 -33.2262

-9.86386 -30.1764 -34.4412
-8.27786 -33.4844 -35.5292
-4.45386 -33.4014 -35.9362

-3.47486 -36.4764 -37.9822
-0.0888557 -37.6634 -36.6452
0.0261443 -41.1974 -38.2042
-1.17786 -43.1594 -41.2822
-3.54186 -45.1804 -38.9472
-5.56086 -42.1684 -37.7002
-9.12486 -41.2774 -38.8582
-8.84786 -38.3334 -41.3162
-12.5889 -37.4624 -40.7442
-12.6919 -37.5264 -36.8902
-12.8809 -33.6924 -36.4812
-14.8529 -30.8264 -38.0222

-11.3609 -29.5004 -38.9792
-8.83786 -32.1934 -40.0522
-5.10886 -31.2584 -40.2142
-2.78186 -33.6624 -42.1302
0.698144 -33.6554 -43.7262

1.56914 -34.1004 -47.4402
3.47014 -37.3694 -46.6422
0.394144 -38.9064 -44.9042
-2.07286 -38.1294 -47.7952

-0.698856 -41.0754 -49.8772
-1.05986 -43.4334 -46.8342
-4.61586 -42.1004 -46.1722
-5.78686 -42.1754 -49.8782
-8.50386 -44.7754 -48.9732
-10.0159 -42.1964 -46.5052
-9.72786 -39.2544 -49.0282
-12.8439 -40.7934 -50.7392
-14.9609 -38.8114 -48.1922
-15.8669 -35.4974 -49.9652
-14.1399 -32.5954 -48.1752
-16.0089 -29.5754 -49.6572

-13.4769 -27.0374 -48.2252
-9.70886 -27.6584 -48.5882
-6.77986 -25.5054 -47.4152

-3.28986 -26.4704 -48.6572
-0.434856 -24.5974 -46.9582
2.88614 -24.2254 -48.8662

1.16114 -25.7124 -51.9862
4.46214 -25.5674 -53.9852
4.97514 -29.1024 -52.4732
2.45314 -30.2264 -55.1932

4.66914 -28.7964 -58.0712
5.36614 -32.2694 -59.6282
2.31414 -34.3434 -60.7532
4.23314 -37.7084 -60.6552
4.84114 -37.4764 -56.8562

2.67614 -39.6294 -54.5252
1.65914 -36.4824 -52.5042
0.395144 -34.7694 -55.7102
-1.35886 -37.9534 -57.0232
-3.23386 -38.2654 -53.6652
-4.08586 -34.4974 -53.3492
-5.23786 -33.7134 -56.9422
-8.47286 -35.8834 -57.0202
-9.73386 -34.1464 -53.8162
-8.77686 -30.6324 -55.0812
-10.6659 -31.1864 -58.4032

-13.9209 -32.2874 -56.5932
-13.8449 -30.0044 -53.4822
-16.1449 -26.9024 -53.7212

-13.5989 -24.4764 -52.1212
-9.79186 -24.7074 -52.6462
-7.54186 -22.2834 -50.7272
-3.91786 -22.8174 -51.8402
-1.19986 -20.8814 -49.9292

2.48814 -20.2954 -50.8362
5.22914 -17.6484 -50.4442
6.93714 -19.0594 -53.5542
4.22514 -20.5824 -55.8492
6.96414 -21.3814 -58.3622
10.3831 -22.3164 -56.8942
12.4061 -22.0874 -60.1732
10.2671 -22.5454 -63.3812

6.74114 -21.9484 -64.9012
6.08214 -25.7564 -65.1182
5.82514 -25.8784 -61.2402
2.60814 -23.7304 -61.3962
0.599144 -26.2064 -63.5452
-0.676856 -28.3864 -60.6312
-1.75386 -25.2524 -58.6602
-3.51086 -23.7664 -61.7752
-5.53186 -26.9984 -62.3932
-6.31786 -27.2864 -58.6312
-7.87686 -23.7434 -58.6132

-9.37986 -24.0144 -62.1892
-9.76486 -27.7304 -63.2742
-10.9449 -26.6114 -66.7972
-7.70786 -24.6504 -67.5252
-5.10986 -26.5964 -69.6092
-6.67286 -30.1454 -69.2462
-3.34886 -31.5774 -70.5882

0.126144 -30.3794 -69.4462
1.50814 -30.3824 -73.0492
-0.638856 -27.3274 -74.0472
0.662144 -25.3914 -70.9762
4.26214 -26.5594 -71.6852
4.19914 -25.5224 -75.4012
2.98914 -21.9944 -74.4472
4.82414 -21.1804 -71.1592

7.71714 -23.7114 -70.7812
9.37614 -23.2284 -74.2592
8.72814 -26.9374 -74.8752

11.3051 -28.5844 -77.2062
11.0561 -31.9324 -79.0482

14.3361 -33.7754 -78.2912
15.3321 -37.2574 -79.7192
14.2821 -38.8244 -76.3322

10.9261 -36.9314 -75.9252
9.76214 -33.4484 -74.8312
11.8521 -31.0234 -72.7492

9.84114 -28.5524 -70.5552
12.7721 -26.9364 -68.5962
12.4411 -23.6094 -70.4892
10.2221 -20.5224 -70.1432
8.09414 -18.4624 -72.5822
5.33914 -15.7674 -72.6602

5.79914 -15.0504 -68.8852
3.96814 -11.6524 -68.9842
0.868144 -13.4284 -70.4412
1.19314 -16.1424 -67.7372
1.37414 -13.3744 -65.0442
-1.83386 -11.7364 -66.4132
-3.66686 -15.1314 -66.5222
-2.55486 -15.9544 -62.9352
-3.61386 -12.5564 -61.4482
-7.01586 -12.5064 -63.2612
-8.19286 -16.1154 -62.7262
-5.96186 -18.1174 -60.2602

-3.82886 -16.0594 -57.8762
-3.88686 -13.1654 -55.4052
-0.283856 -11.9234 -54.8722
1.02314 -8.92241 -52.8832
4.59814 -8.08741 -51.9092

6.12414 -6.60341 -48.6812
6.73514 -3.39941 -50.7032
2.98014 -3.15041 -51.6032
1.54014 -3.52041 -48.0432

4.35114 -3.02541 -45.4212
6.31214 0.209588 -46.2522
7.72614 -0.0274116 -42.6522
9.73114 -3.29541 -43.0682
13.5301 -2.60141 -43.0832
15.2831 -3.33541 -46.4072

16.9391 -6.70541 -47.1502
20.5551 -5.85741 -48.1282
22.0921 -8.74741 -50.1302
25.7711 -9.24541 -51.0772
28.1331 -11.8544 -52.4792
31.1741 -12.5494 -50.2382

33.9931 -14.1034 -52.2932
35.7731 -16.3044 -49.7022
39.4881 -16.4854 -50.5122

40.4721 -19.7164 -52.4352
44.0871 -19.2454 -51.1072

43.0491 -21.4374 -48.0852
42.0081 -24.2264 -50.5702
45.1461 -26.4074 -50.5042

46.6521 -27.6804 -53.8022
45.3401 -31.2984 -53.2612
41.7181 -30.1004 -52.7102
41.9951 -27.7704 -55.7712
43.4241 -30.6154 -57.9232
40.4861 -32.8324 -56.7382
37.9401 -30.0974 -57.7362
39.7371 -29.6994 -61.1262
39.6501 -33.5254 -61.5572
35.8771 -33.8344 -60.8092
35.1891 -30.7824 -63.0772
37.1441 -32.4584 -65.9642
35.3701 -35.7714 -65.1732
31.8731 -34.2194 -65.7572
32.9641 -32.8884 -69.2282

34.4441 -36.2184 -70.4802
32.6141 -37.3164 -73.6852
32.7551 -41.0964 -73.1502
30.8841 -41.2574 -69.7652
27.3111 -42.4854 -69.2582

24.5151 -40.0984 -68.1042
24.8341 -41.7604 -64.6412
28.6561 -41.3014 -64.3522
28.1051 -37.5994 -65.3232
25.5161 -37.2464 -62.4482
27.8841 -39.0664 -60.0112
30.8331 -36.7744 -60.9682
28.4821 -33.7364 -60.5122
27.4671 -34.9384 -56.9882
31.1821 -35.5194 -56.1812
32.1521 -31.9984 -57.4532
29.3251 -30.4594 -55.3382
30.2801 -32.4084 -52.1402
34.0131 -31.4914 -52.7072
32.9631 -27.8014 -53.0672
31.3121 -27.9904 -49.6072
34.4721 -29.5714 -48.0382
36.7721 -27.0104 -49.7662
34.7731 -24.0364 -48.3202
34.7201 -25.2324 -44.6222
38.0071 -23.4794 -43.4852
37.0701 -20.0464 -44.9572
33.3851 -20.4014 -43.9172
34.7261 -20.9494 -40.3462
37.1981 -18.0064 -40.7332
34.2711 -15.7554 -41.8162
31.9591 -16.9074 -38.9262
34.7641 -16.1394 -36.4152
35.4181 -12.6894 -38.0402
31.6691 -11.8924 -37.5642
31.7961 -12.9034 -33.8392
35.1211 -11.0384 -33.2492

33.4631 -7.95941 -34.9322
30.9831 -7.97441 -31.9582
27.8141 -9.27141 -33.7492
25.1201 -10.2244 -31.2212
22.8671 -12.5734 -33.3452

23.0861 -14.1684 -36.8262
21.9181 -17.2444 -38.7972
24.2881 -19.6064 -40.6722
22.7021 -21.6734 -43.4762

24.3231 -24.8284 -44.9472
22.9411 -28.1294 -46.4242
25.8191 -30.6734 -46.3692

25.9501 -32.3574 -42.9162
29.8131 -32.1554 -42.8582
29.5831 -28.2984 -43.1002
26.9801 -28.1134 -40.2562
29.1411 -30.5484 -38.1702
32.4061 -28.5664 -38.7242
30.7291 -25.1874 -37.8782
29.1761 -26.6164 -34.6392
32.5121 -28.2494 -33.6092
34.4541 -24.9464 -34.0292
31.7681 -22.9334 -32.1212
31.9861 -25.5244 -29.2562
35.8481 -25.3004 -29.3712

35.5601 -21.4454 -29.1152
32.8921 -21.8774 -26.3142
30.3141 -19.9174 -28.4162
26.7101 -20.6044 -27.3472

24.7071 -21.5954 -30.4582
21.6221 -23.5634 -31.6242
21.5441 -26.2804 -34.3402
18.5421 -27.3814 -36.4842

18.8081 -30.1034 -39.1822
16.9751 -33.1994 -40.5962
17.5531 -35.1164 -37.2872
16.1191 -32.3674 -34.9712
12.6061 -33.3724 -33.7822
9.44314 -31.2764 -34.4382
9.07014 -30.1684 -30.7502

12.8281 -29.5264 -30.1632
12.8191 -27.3014 -33.3302
10.2581 -24.9694 -31.6662
12.1071 -25.0244 -28.2822
15.5431 -24.2364 -29.8902
13.8021 -21.4674 -31.9132
12.4681 -19.9794 -28.6132
15.9451 -20.3624 -26.9602
17.5931 -18.3464 -29.8282
14.7451 -15.7464 -29.7782
14.6711 -15.1824 -25.9672

18.3041 -15.8454 -24.8332
20.8881 -13.0634 -25.5192
23.6911 -15.6914 -25.0692
22.8801 -17.6954 -28.2472
24.8491 -15.7144 -30.8682

24.7071 -18.2384 -33.7812
21.9471 -20.4094 -35.2602
23.4091 -23.2714 -37.3902
20.5531 -24.1814 -39.7632
19.9791 -26.7094 -42.5512

18.6671 -24.8134 -45.6522
16.2381 -27.7234 -46.3612
15.1751 -28.5724 -42.7642
14.6881 -24.9784 -41.3972
12.9661 -23.4494 -44.5302
9.50514 -23.9234 -42.8422
7.50714 -22.9674 -39.6912
10.2741 -21.2014 -37.6962
10.7231 -17.4294 -37.0112
14.1761 -15.8864 -36.3022
13.3391 -12.1514 -35.8562
16.0491 -11.8194 -33.1032
18.8331 -11.8844 -35.7762
19.7171 -9.07941 -38.2732

22.1641 -11.1564 -40.4152
21.8551 -14.3204 -42.5572
25.0221 -16.0874 -43.8422
24.6451 -18.7204 -46.5862

27.8051 -20.8434 -46.1422
26.5961 -22.8634 -49.1732
24.5851 -22.0604 -52.3212
21.3921 -24.0254 -53.1172
20.3061 -24.5794 -56.7842
16.6601 -23.6074 -56.0392

16.1201 -19.8304 -55.3912
12.6471 -20.3784 -53.8282
14.3481 -22.2454 -50.9082
16.9671 -19.4494 -50.4932
14.1301 -16.8214 -50.3392
12.2501 -19.0614 -47.8042
15.4281 -19.0684 -45.6242
15.9021 -15.2174 -45.8562

12.2041 -14.7424 -44.8382
12.8781 -16.5894 -41.5542
14.4991 -13.3094 -40.2892
12.5671 -10.7874 -42.4342
9.18314 -11.2804 -40.6102
6.64314 -9.10641 -38.7272
8.56714 -8.16441 -35.5302
11.8751 -7.39241 -37.3522
13.1041 -3.79241 -36.6382
16.6261 -3.86141 -38.2512
17.7291 -3.89841 -41.9372

18.3511 -7.57941 -42.7602
21.8411 -8.40041 -44.0922
22.1031 -11.4514 -46.4272
25.6641 -12.7034 -47.1682
26.1681 -15.3874 -49.8802
29.5881 -17.0824 -49.3722
31.1211 -18.0984 -52.7752

34.5101 -19.5984 -53.7972
36.2111 -19.0794 -57.2262
37.3171 -22.4444 -58.7502
34.2941 -24.4194 -57.3322
30.6221 -25.4194 -57.9582

29.6101 -21.8354 -56.8792
30.9291 -20.4914 -60.2632
28.1491 -22.4994 -62.0732
25.4501 -22.4224 -59.3392
25.4141 -18.6084 -58.9192
24.6031 -17.7664 -62.6332
22.0181 -20.6534 -62.5832
20.3091 -19.2164 -59.4392
20.3221 -15.7034 -61.0562
18.6291 -16.7864 -64.3382
16.0281 -18.7114 -62.2232
15.1861 -15.5764 -60.1042
14.8261 -13.5844 -63.3762
12.3531 -16.2294 -64.7412
10.4311 -15.9634 -61.4092
10.4461 -12.0994 -61.5732
9.21914 -12.0154 -65.2432

6.34614 -14.3374 -64.1262
5.54614 -11.7954 -61.2812
6.62214 -14.3964 -58.6372
9.64214 -12.4894 -57.1612
10.8171 -8.87441 -56.5892
14.2751 -10.3134 -55.8542
16.7491 -9.17741 -58.4992
20.1891 -10.8494 -58.0262
22.0741 -9.04341 -60.9152

23.0801 -5.95441 -58.8332
25.1281 -8.14341 -56.3902
27.4751 -9.46041 -59.1692
28.3261 -6.06341 -60.7282

29.5911 -5.10441 -57.1982
32.0761 -8.07741 -56.7752

End chain 1
