-13.201 -6.296 -53.957
-10.703 -3.406 -53.291
-9.54 -3.087 -49.639
-11.02 0.322 -48.639
-8.614 1.85 -46.053
-10.787 3.126 -43.162

-9.634 6.195 -41.181
-10.061 4.9 -37.589
-10.286 6.838 -34.306
-12.195 7.103 -30.979
-14.163 9.439 -28.711
-12.619 10.223 -25.263
-14.157 12.207 -22.344

-11.943 15.248 -21.466
-14.301 16.978 -18.949
-17.827 16.65 -17.399
-19.139 18.761 -20.353

-16.752 17.96 -23.312
-15.482 14.956 -25.281
-12.62 14.751 -27.824
-12.437 12.939 -31.204
-8.982 11.264 -31.393
-8.672 10.357 -35.1

-6.282 10.744 -38.079
-6.98 13.557 -40.6
-9.895 13.022 -43.051

-11.208 15.853 -45.293
-14.92 14.856 -45.011
-14.611 14.37 -41.226
-13.015 17.857 -40.827
-15.875 19.254 -42.999
-18.403 17.482 -40.669
-16.559 18.759 -37.515
-16.844 22.341 -38.957

-20.697 21.797 -39.029
-20.861 21.033 -35.24
-22.116 23.933 -33.104
-20.016 23.255 -29.939
-16.791 22.621 -31.971

-13.393 23.436 -30.391
-10.011 22.816 -32.063
-6.805 22.812 -29.99

-3.883 23.919 -32.209
-1.328 22.314 -29.773
-2.753 18.736 -29.691
-4.334 19.137 -33.217

-7.578 17.622 -31.79
-11.313 18.386 -31.995
-13.683 18.544 -28.991
-17.466 19.001 -28.65
-20.131 19.402 -25.91

-21.257 16.038 -24.476
-24.923 16.743 -25.497
-23.731 16.722 -29.178
-22.178 13.179 -28.839
-25.228 11.354 -30.322
-25.57 14.044 -33.093
-21.852 13.682 -34.021
-21.815 9.829 -34.037
-25.045 9.774 -36.128
-23.507 12.176 -38.75
-20.093 10.348 -38.803

-21.793 6.948 -39.527
-22.962 8.546 -42.834
-19.328 9.196 -43.991
-17.677 6.563 -46.261
-14.251 5.2 -45.121

-14.46 6.789 -41.562
-14.765 4.819 -38.279
-15.142 6.964 -35.114
-15.663 4.659 -32.101

-18.218 6.249 -29.657
-17.862 6.903 -25.912
-18.35 3.469 -24.195

-21.794 2.549 -22.772
-20.235 2.829 -19.255
-19.534 6.58 -19.812
-22.964 7.196 -21.431
-24.623 5.531 -18.378
-22.42 7.523 -15.909

-23.028 10.919 -17.654
-26.668 10.153 -18.714
-27.851 13.482 -17.123

-25.214 15.594 -18.963
-26 13.8 -22.296
-29.631 15.147 -21.909

-28.2352 18.6314 -21.6875
-25.3675 20.7685 -23.1199
-22.5251 23.021 -24.5111
-18.7486 22.7913 -25.2264
-19.5384 21.3391 -28.7358
-23.0397 22.575 -29.7403
-24.5637 19.1839 -30.3299
-24.7547 16.8527 -33.3477
-26.3828 14.0747 -35.2473
-24.0465 11.1008 -35.4855
-26.7428 9.73305 -33.0925
-29.3622 8.45669 -30.7484
-25.9201 8.77258 -29.1804
-24.7774 12.3359 -28.2749
-22.0755 15.0046 -27.9428
-23.2929 15.4017 -24.3871
-25.205 16.0556 -21.1251
-22.7466 17.6617 -18.6251
-21.6984 18.3145 -15.1252

-22.0151 21.9496 -14.0629
-19.3275 21.51 -11.4122
-16.965 19.9252 -13.932
-17.5024 22.783 -16.3788
-16.7829 25.3585 -13.6785

-13.1189 24.1705 -14.0375
-13.0679 24.1725 -17.9035
-10.8259 26.9375 -19.3125

-12.4869 29.0425 -22.1355
-10.6119 27.1335 -24.9025
-11.4449 23.7525 -23.2325
-15.1769 24.7575 -23.2215
-14.9429 25.6685 -26.9515
-13.3239 22.2055 -27.5525
-16.1689 20.4255 -25.6545
-18.7439 22.4345 -27.7075
-16.9359 21.5155 -31.0025
-16.8109 17.8095 -30.0135
-20.5769 17.8415 -29.1705
-21.4049 19.6935 -32.4635

-19.3539 16.9955 -34.3705
-21.5949 14.3985 -32.5685
-18.8929 13.0505 -30.1685

-16.7329 11.7035 -33.0725
-13.3369 13.4685 -33.1355
-9.58986 13.3625 -32.6195
-8.67586 15.8915 -29.8775

-5.07486 16.5455 -31.0265
-4.51586 19.5395 -28.6735
-0.884863 19.9555 -27.5215
0.571137 18.0655 -24.5005
-0.741863 19.3065 -21.1145
-3.61386 21.5195 -22.5245
-6.08686 19.3315 -20.4905

-7.22486 16.7045 -23.0675
-8.39286 14.4315 -20.1645
-10.7439 17.0645 -18.5825
-12.2569 17.8565 -22.0445
-12.6629 14.0885 -22.8085
-14.4009 13.3925 -19.4375
-16.7959 16.3465 -20.1005
-17.6279 15.2055 -23.7035
-18.2269 11.6275 -22.4355
-20.3359 12.8705 -19.4375
-22.6079 14.8815 -21.8205
-23.2809 11.4085 -23.3915
-23.7649 9.64355 -19.9175
-27.2669 8.49355 -21.1285

-25.4309 6.39455 -23.8365
-23.0069 4.48255 -21.4885
-21.3619 1.93755 -20.7285

-18.1549 3.90255 -21.4105
-14.9319 2.21355 -22.6295
-11.6159 4.02255 -21.9015
-8.51286 2.61155 -23.6755
-5.20986 3.99355 -22.2955

-1.43086 3.33455 -21.9125
-0.796863 0.530546 -19.3315
0.763137 3.04555 -16.8055
-2.06986 5.71055 -16.6995

-5.13886 3.48255 -15.8955
-5.27586 4.59755 -12.2235
-4.53486 8.24855 -13.2685
-7.74586 8.04655 -15.3925
-9.79486 6.45355 -12.5235
-8.64886 9.27055 -10.1695
-9.48986 11.8265 -12.9295
-13.1029 10.4615 -13.1385
-13.4629 10.4905 -9.28752
-11.9769 14.0505 -9.17552
-14.2039 15.5455 -11.9205

-17.5019 13.5415 -11.6585
-18.2319 13.3005 -7.84252
-21.7689 12.1415 -8.95052
-20.1449 8.64955 -9.49252
-19.4109 6.06555 -6.78152

-16.0129 4.24655 -7.04152
-18.0189 1.03055 -7.81852
-19.1609 2.68355 -11.1075

-15.4719 2.53455 -12.3225
-13.8859 -0.773454 -13.4105
-10.0619 -0.690454 -13.8175

-9.08286 -3.76545 -15.8635
-5.69686 -4.95245 -14.5265
-5.58186 -8.48645 -16.0855
-6.78586 -10.4485 -19.1635
-9.14986 -12.4695 -16.8285
-11.1689 -9.45745 -15.5815
-14.7329 -8.56645 -16.7395
-14.4559 -5.62245 -19.1975
-18.1969 -4.75145 -18.6255
-18.2999 -4.81545 -14.7715
-18.4889 -0.981454 -14.3625
-20.4609 1.88455 -15.9035

-16.9689 3.21055 -16.8605
-14.4459 0.517546 -17.9335
-10.7169 1.45255 -18.0955
-8.38986 -0.951454 -20.0115
-4.90986 -0.944454 -21.6075

-4.03886 -1.38945 -25.3215
-2.13786 -4.65845 -24.5235
-5.21386 -6.19545 -22.7855
-7.68086 -5.41845 -25.6765

-6.30686 -8.36445 -27.7585
-6.66786 -10.7225 -24.7155
-10.2239 -9.38945 -24.0535
-11.3949 -9.46445 -27.7595
-14.1119 -12.0645 -26.8545
-15.6239 -9.48545 -24.3865
-15.3359 -6.54345 -26.9095
-18.4519 -8.08245 -28.6205
-20.5689 -6.10045 -26.0735
-21.4749 -2.78645 -27.8465
-19.7479 0.115546 -26.0565
-21.6169 3.13555 -27.5385

-19.0849 5.67355 -26.1065
-15.3169 5.05255 -26.4695
-12.3879 7.20555 -25.2965

-8.89786 6.24055 -26.5385
-6.04286 8.11355 -24.8395
-2.72186 8.48555 -26.7475

-4.44686 6.99855 -29.8675
-1.14586 7.14355 -31.8665
-0.632863 3.60855 -30.3545
-3.15486 2.48455 -33.0745

-0.938863 3.91455 -35.9525
-0.241863 0.441546 -37.5095
-3.29386 -1.63245 -38.6345
-1.37486 -4.99745 -38.5365
-0.766863 -4.76545 -34.7375

-2.93186 -6.91845 -32.4065
-3.94886 -3.77145 -30.3855
-5.21286 -2.05845 -33.5915
-6.96686 -5.24245 -34.9045
-8.84186 -5.55445 -31.5465
-9.69386 -1.78645 -31.2305
-10.8459 -1.00245 -34.8235
-14.0809 -3.17245 -34.9015
-15.3419 -1.43545 -31.6975
-14.3849 2.07855 -32.9625
-16.2739 1.52455 -36.2845

-19.5289 0.423546 -34.4745
-19.4529 2.70655 -31.3635
-21.7529 5.80855 -31.6025

-19.2069 8.23455 -30.0025
-15.3999 8.00355 -30.5275
-13.1499 10.4275 -28.6085
-9.52586 9.89355 -29.7215
-6.80786 11.8295 -27.8105

-3.11986 12.4155 -28.7175
-0.378863 15.0625 -28.3255
1.32914 13.6515 -31.4355
-1.38286 12.1285 -33.7305
1.35614 11.3295 -36.2435
4.77514 10.3945 -34.7755
6.79814 10.6235 -38.0545
4.65914 10.1655 -41.2625

1.13314 10.7625 -42.7825
0.474137 6.95455 -42.9995
0.217137 6.83255 -39.1215
-2.99986 8.98055 -39.2775
-5.00886 6.50455 -41.4265
-6.28486 4.32455 -38.5125
-7.36186 7.45855 -36.5415
-9.11886 8.94455 -39.6565
-11.1399 5.71255 -40.2745
-11.9259 5.42455 -36.5125
-13.4849 8.96755 -36.4945

-14.9879 8.69655 -40.0705
-15.3729 4.98055 -41.1555
-16.5529 6.09955 -44.6785
-13.3159 8.06055 -45.4065
-10.7179 6.11455 -47.4905
-12.2809 2.56555 -47.1275
-8.95686 1.13355 -48.4695

-5.48186 2.33155 -47.3275
-4.09986 2.32855 -50.9305
-6.24686 5.38355 -51.9285
-4.94586 7.31955 -48.8575
-1.34586 6.15155 -49.5665
-1.40886 7.18855 -53.2825
-2.61886 10.7165 -52.3285
-0.783863 11.5305 -49.0405

2.10914 8.99955 -48.6625
3.76814 9.48255 -52.1405
3.12014 5.77355 -52.7565

5.69714 4.12655 -55.0875
5.44814 0.778546 -56.9295

8.72814 -1.06445 -56.1725
9.72414 -4.54645 -57.6005
8.67414 -6.11345 -54.2135

5.31814 -4.22045 -53.8065
4.15414 -0.737454 -52.7125
6.24414 1.68755 -50.6305

4.23314 4.15855 -48.4365
7.16414 5.77455 -46.4775
6.83314 9.10155 -48.3705
4.61414 12.1885 -48.0245
2.48614 14.2485 -50.4635
-0.268863 16.9435 -50.5415

0.191137 17.6605 -46.7665
-1.63986 21.0585 -46.8655
-4.73986 19.2825 -48.3225
-4.41486 16.5685 -45.6185
-4.23386 19.3365 -42.9255
-7.44186 20.9745 -44.2945
-9.27486 17.5795 -44.4035
-8.16286 16.7565 -40.8165
-9.22186 20.1545 -39.3295
-12.6239 20.2045 -41.1425
-13.8009 16.5955 -40.6075
-11.5699 14.5935 -38.1415

-9.43686 16.6515 -35.7575
-9.49486 19.5455 -33.2865
-5.89186 20.7875 -32.7535
-4.58486 23.7885 -30.7645
-1.00986 24.6235 -29.7905

0.516137 26.1075 -26.5625
1.12714 29.3115 -28.5845
-2.62786 29.5605 -29.4845
-4.06786 29.1905 -25.9245

-1.25686 29.6855 -23.3025
0.704137 32.9205 -24.1335
2.11814 32.6835 -20.5335
4.12314 29.4155 -20.9495
7.92214 30.1095 -20.9645
9.67514 29.3755 -24.2885

11.3311 26.0055 -25.0315
14.9471 26.8535 -26.0095
16.4841 23.9635 -28.0115
20.1631 23.4655 -28.9585
22.5251 20.8565 -30.3605
25.5661 20.1615 -28.1195

28.3851 18.6075 -30.1745
30.1651 16.4065 -27.5835
33.8801 16.2255 -28.3935

34.8641 12.9945 -30.3165
38.4791 13.4655 -28.9885

37.4411 11.2735 -25.9665
36.4001 8.48455 -28.4515
39.5381 6.30355 -28.3855

41.0441 5.03055 -31.6835
39.7321 1.41255 -31.1425
36.1101 2.61055 -30.5915
36.3871 4.94055 -33.6525
37.8161 2.09555 -35.8045
34.8781 -0.121454 -34.6195
32.3321 2.61355 -35.6175
34.1291 3.01155 -39.0075
34.0421 -0.814454 -39.4385
30.2691 -1.12345 -38.6905
29.5811 1.92855 -40.9585
31.5361 0.252546 -43.8455
29.7621 -3.06045 -43.0545
26.2651 -1.50845 -43.6385
27.3561 -0.177454 -47.1095

28.8361 -3.50745 -48.3615
27.0061 -4.60545 -51.5665
27.1471 -8.38545 -51.0315
25.2761 -8.54645 -47.6465
21.7031 -9.77445 -47.1395

18.9071 -7.38745 -45.9855
19.2261 -9.04945 -42.5225
23.0481 -8.59045 -42.2335
22.4971 -4.88845 -43.2045
19.9081 -4.53545 -40.3295
22.2761 -6.35545 -37.8925
25.2251 -4.06345 -38.8495
22.8741 -1.02545 -38.3935
21.8591 -2.22745 -34.8695
25.5741 -2.80845 -34.0625
26.5441 0.712546 -35.3345
23.7171 2.25155 -33.2195
24.6721 0.302546 -30.0215
28.4051 1.21955 -30.5885
27.3551 4.90955 -30.9485
25.7041 4.72055 -27.4885
28.8641 3.13955 -25.9195
31.1641 5.70055 -27.6475
29.1651 8.67455 -26.2015
29.1121 7.47855 -22.5035
32.3991 9.23155 -21.3665
31.4621 12.6645 -22.8385
27.7771 12.3095 -21.7985
29.1181 11.7615 -18.2275
31.5901 14.7045 -18.6145
28.6631 16.9555 -19.6975
26.3511 15.8035 -16.8075
29.1561 16.5715 -14.2965
29.8101 20.0215 -15.9215
26.0611 20.8185 -15.4455
26.1881 19.8075 -11.7205
29.5131 21.6725 -11.1305

27.8551 24.7515 -12.8135
25.3751 24.7365 -9.83952
22.2061 23.4395 -11.6305
19.5121 22.4865 -9.10252
17.2591 20.1375 -11.2265

17.4781 18.5425 -14.7075
16.3101 15.4665 -16.6785
18.6801 13.1045 -18.5535
17.0941 11.0375 -21.3575

18.7151 7.88255 -22.8285
17.3331 4.58155 -24.3055
20.2111 2.03755 -24.2505

20.3421 0.353546 -20.7975
24.2051 0.555546 -20.7395
23.9751 4.41255 -20.9815
21.3721 4.59755 -18.1375
23.5331 2.16255 -16.0515
26.7981 4.14455 -16.6055
25.1211 7.52355 -15.7595
23.5681 6.09455 -12.5205
26.9041 4.46155 -11.4905
28.8461 7.76455 -11.9105
26.1601 9.77755 -10.0025
26.3781 7.18655 -7.13752
30.2401 7.41055 -7.25252

29.9521 11.2655 -6.99652
27.2841 10.8335 -4.19552
24.7061 12.7935 -6.29752
21.1021 12.1065 -5.22852

19.0991 11.1155 -8.33952
16.0141 9.14755 -9.50552
15.9361 6.43055 -12.2215
12.9341 5.32955 -14.3655

13.2001 2.60755 -17.0635
11.3671 -0.488454 -18.4775
11.9451 -2.40545 -15.1685
10.5111 0.343546 -12.8525
6.99814 -0.661454 -11.6635
3.83514 1.43455 -12.3195
3.46214 2.54255 -8.63152

7.22014 3.18455 -8.04452
7.21114 5.40955 -11.2115
4.65014 7.74155 -9.54752
6.49914 7.68655 -6.16352
9.93514 8.47455 -7.77152
8.19414 11.2435 -9.79452
6.86014 12.7315 -6.49452
10.3371 12.3485 -4.84152
11.9851 14.3645 -7.70952
9.13714 16.9645 -7.65952
9.06314 17.5285 -3.84852

12.6961 16.8655 -2.71452
15.2801 19.6475 -3.40052
18.0831 17.0195 -2.95052
17.2721 15.0155 -6.12852
19.2411 16.9965 -8.74952

19.0991 14.4725 -11.6625
16.3391 12.3015 -13.1415
17.8011 9.43955 -15.2715
14.9451 8.52955 -17.6445
14.3711 6.00155 -20.4325

13.0591 7.89755 -23.5335
10.6301 4.98755 -24.2425
9.56714 4.13855 -20.6455
9.08014 7.73255 -19.2785
7.35814 9.26155 -22.4115
3.89714 8.78755 -20.7235
1.89914 9.74355 -17.5725
4.66614 11.5095 -15.5775
5.11514 15.2815 -14.8925
8.56814 16.8245 -14.1835
7.73114 20.5595 -13.7375
10.4411 20.8915 -10.9845
13.2251 20.8265 -13.6575
14.1091 23.6315 -16.1545

16.5561 21.5545 -18.2965
16.2471 18.3905 -20.4385
19.4141 16.6235 -21.7235
19.0371 13.9905 -24.4675

22.1971 11.8675 -24.0235
20.9881 9.84755 -27.0545
18.9771 10.6505 -30.2025
15.7841 8.68555 -30.9985
14.6981 8.13155 -34.6655
11.0521 9.10355 -33.9205

10.5121 12.8805 -33.2725
7.03914 12.3325 -31.7095
8.74014 10.4655 -28.7895
11.3591 13.2615 -28.3745
8.52214 15.8895 -28.2205
6.64214 13.6495 -25.6855
9.82014 13.6425 -23.5055
10.2941 17.4935 -23.7375

6.59614 17.9685 -22.7195
7.27014 16.1215 -19.4355
8.89114 19.4015 -18.1705
6.95914 21.9235 -20.3155
3.57514 21.4305 -18.4915
1.03514 23.6045 -16.6085
2.95914 24.5465 -13.4115
6.26714 25.3185 -15.2335
7.49614 28.9185 -14.5195
11.0181 28.8495 -16.1325
12.1211 28.8125 -19.8185

12.7431 25.1315 -20.6415
16.2331 24.3105 -21.9735
16.4951 21.2595 -24.3085
20.0561 20.0075 -25.0495
20.5601 17.3235 -27.7615
23.9801 15.6285 -27.2535
25.5131 14.6125 -30.6565

28.9021 13.1125 -31.6785
30.6031 13.6315 -35.1075
31.7091 10.2665 -36.6315
28.6861 8.29155 -35.2135
25.0141 7.29155 -35.8395

24.0021 10.8755 -34.7605
25.3211 12.2195 -38.1445
22.5411 10.2115 -39.9545
19.8421 10.2885 -37.2205
19.8061 14.1025 -36.8005
18.9951 14.9445 -40.5145
16.4101 12.0575 -40.4645
14.7011 13.4945 -37.3205
14.7141 17.0075 -38.9375
13.0211 15.9245 -42.2195
10.4201 13.9995 -40.1045
9.57814 17.1345 -37.9855
9.21814 19.1265 -41.2575
6.74514 16.4815 -42.6225
4.82314 16.7475 -39.2905
4.83814 20.6115 -39.4545
3.61114 20.6955 -43.1245

0.738137 18.3735 -42.0075
-0.0618627 20.9155 -39.1625
1.01414 18.3145 -36.5185
4.03414 20.2215 -35.0425
5.20914 23.8365 -34.4705
8.66714 22.3975 -33.7355
11.1411 23.5335 -36.3805
14.5811 21.8615 -35.9075
16.4661 23.6675 -38.7965

17.4721 26.7565 -36.7145
19.5201 24.5675 -34.2715
21.8671 23.2505 -37.0505
22.7181 26.6475 -38.6095

23.9831 27.6065 -35.0795
26.4681 24.6335 -34.6565

End chain 1
