-13.201 -6.296 -53.957
-10.703 -3.406 -53.291
-9.54 -3.087 -49.639
-11.02 0.322 -48.639
-8.614 1.85 -46.053
-10.787 3.126 -43.162

-9.634 6.195 -41.181
-10.061 4.9 -37.589
-10.286 6.838 -34.306
-12.195 7.103 -30.979
-14.163 9.439 -28.711
-12.619 10.223 -25.263
-14.157 12.207 -22.344

-11.943 15.248 -21.466
-14.301 16.978 -18.949
-17.827 16.65 -17.399
-19.139 18.761 -20.353

-16.752 17.96 -23.312
-15.482 14.956 -25.281
-12.62 14.751 -27.824
-12.437 12.939 -31.204
-8.982 11.264 -31.393
-8.672 10.357 -35.1

-6.282 10.744 -38.079
-6.98 13.557 -40.6
-9.895 13.022 -43.051

-11.208 15.853 -45.293
-14.92 14.856 -45.011
-14.611 14.37 -41.226
-13.015 17.857 -40.827
-15.875 19.254 -42.999
-18.403 17.482 -40.669
-16.559 18.759 -37.515
-16.844 22.341 -38.957

-20.697 21.797 -39.029
-20.861 21.033 -35.24
-22.116 23.933 -33.104
-20.016 23.255 -29.939
-16.791 22.621 -31.971

-13.393 23.436 -30.391
-10.011 22.816 -32.063
-6.805 22.812 -29.99

-3.883 23.919 -32.209
-1.328 22.314 -29.773
-2.753 18.736 -29.691
-4.334 19.137 -33.217

-7.578 17.622 -31.79
-11.313 18.386 -31.995
-13.683 18.544 -28.991
-17.466 19.001 -28.65
-20.131 19.402 -25.91

-21.257 16.038 -24.476
-24.923 16.743 -25.497
-23.731 16.722 -29.178
-22.178 13.179 -28.839
-25.228 11.354 -30.322
-25.57 14.044 -33.093
-21.852 13.682 -34.021
-21.815 9.829 -34.037
-25.045 9.774 -36.128
-23.507 12.176 -38.75
-20.093 10.348 -38.803

-21.793 6.948 -39.527
-22.962 8.546 -42.834
-19.328 9.196 -43.991
-17.677 6.563 -46.261
-14.251 5.2 -45.121

-14.46 6.789 -41.562
-14.765 4.819 -38.279
-15.142 6.964 -35.114
-15.663 4.659 -32.101

-18.218 6.249 -29.657
-17.862 6.903 -25.912
-18.35 3.469 -24.195

-21.794 2.549 -22.772
-20.235 2.829 -19.255
-19.534 6.58 -19.812
-22.964 7.196 -21.431
-24.623 5.531 -18.378
-22.42 7.523 -15.909

-23.028 10.919 -17.654
-26.668 10.153 -18.714
-27.851 13.482 -17.123

-25.214 15.594 -18.963
-26 13.8 -22.296
-29.631 15.147 -21.909

-28.7235 18.828 -21.2365
-32.1938 19.8924 -20.4949
-35.4828 20.9541 -19.1012
-38.8596 22.6972 -19.0958
-36.692 25.7415 -18.2336
-32.8768 25.0766 -18.4403
-32.1824 27.9646 -20.7884
-34.2484 30.5676 -18.8722
-34.8935 28.6027 -15.7936
-37.3839 27.2372 -13.2029
-37.4891 27.0127 -9.37609
-39.0784 23.5667 -8.63683
-40.2578 25.9732 -5.86185
-41.8912 28.7476 -3.99422
-43.4547 29.2038 -0.453761
-43.0907 32.9656 -1.14559
-42.9825 36.8044 -1.75998
-43.5226 37.3332 -5.50352
-44.2366 35.7755 -8.80037

-40.8261 36.6529 -10.229
-39.0659 34.7179 -7.47221
-41.2357 31.6614 -8.09921
-40.4923 31.7779 -11.8244
-36.755 31.9961 -11.1701

-33.091 30.8081 -11.5291
-33.04 30.8101 -15.3951
-30.798 33.5751 -16.8041

-32.459 35.6801 -19.6271
-30.584 33.7711 -22.3941
-31.417 30.3901 -20.7241
-35.149 31.3951 -20.7131
-34.915 32.3061 -24.4431
-33.296 28.8431 -25.0441
-36.141 27.0631 -23.1461
-38.716 29.0721 -25.1991
-36.908 28.1531 -28.4941
-36.783 24.4471 -27.5051
-40.549 24.4791 -26.6621
-41.377 26.3311 -29.9551

-39.326 23.6331 -31.8621
-41.567 21.0361 -30.0601
-38.865 19.6881 -27.6601

-36.705 18.3411 -30.5641
-33.309 20.1061 -30.6271
-29.562 20.0001 -30.1111
-28.648 22.5291 -27.3691

-25.047 23.1831 -28.5181
-24.488 26.1771 -26.1651
-20.857 26.5931 -25.0131
-19.401 24.7031 -21.9921
-20.714 25.9441 -18.6061
-23.586 28.1571 -20.0161
-26.059 25.9691 -17.9821

-27.197 23.3421 -20.5591
-28.365 21.0691 -17.6561
-30.716 23.7021 -16.0741
-32.229 24.4941 -19.5361
-32.635 20.7261 -20.3001
-34.373 20.0301 -16.9291
-36.768 22.9841 -17.5921
-37.6 21.8431 -21.1951
-38.199 18.2651 -19.9271
-40.308 19.5081 -16.9291
-42.58 21.5191 -19.3121
-43.253 18.0461 -20.8831
-43.737 16.2811 -17.4091
-47.239 15.1311 -18.6201

-45.403 13.0321 -21.3281
-42.979 11.1201 -18.9801
-41.334 8.57513 -18.2201

-38.127 10.5401 -18.9021
-34.904 8.85113 -20.1211
-31.588 10.6601 -19.3931
-28.485 9.24913 -21.1671
-25.182 10.6311 -19.7871

-21.403 9.97213 -19.4041
-20.769 7.16813 -16.8231
-19.209 9.68313 -14.2971
-22.042 12.3481 -14.1911

-25.111 10.1201 -13.3871
-25.248 11.2351 -9.71513
-24.507 14.8861 -10.7601
-27.718 14.6841 -12.8841
-29.767 13.0911 -10.0151
-28.621 15.9081 -7.66113
-29.462 18.4641 -10.4211
-33.075 17.0991 -10.6301
-33.435 17.1281 -6.77913
-31.949 20.6881 -6.66713
-34.176 22.1831 -9.41213

-37.474 20.1791 -9.15013
-38.204 19.9381 -5.33413
-41.741 18.7791 -6.44213
-40.117 15.2871 -6.98413
-39.383 12.7031 -4.27313

-35.985 10.8841 -4.53313
-37.991 7.66813 -5.31013
-39.133 9.32113 -8.59913

-35.444 9.17213 -9.81413
-33.858 5.86413 -10.9021
-30.034 5.94713 -11.3091

-29.055 2.87213 -13.3551
-25.669 1.68513 -12.0181
-25.554 -1.84887 -13.5771
-26.758 -3.81087 -16.6551
-29.122 -5.83187 -14.3201
-31.141 -2.81987 -13.0731
-34.705 -1.92887 -14.2311
-34.428 1.01513 -16.6891
-38.169 1.88613 -16.1171
-38.272 1.82213 -12.2631
-38.461 5.65613 -11.8541
-40.433 8.52213 -13.3951

-36.941 9.84813 -14.3521
-34.418 7.15513 -15.4251
-30.689 8.09013 -15.5871
-28.362 5.68613 -17.5031
-24.882 5.69313 -19.0991

-24.011 5.24813 -22.8131
-22.11 1.97913 -22.0151
-25.186 0.442127 -20.2771
-27.653 1.21913 -23.1681

-26.279 -1.72687 -25.2501
-26.64 -4.08487 -22.2071
-30.196 -2.75187 -21.5451
-31.367 -2.82687 -25.2511
-34.084 -5.42687 -24.3461
-35.596 -2.84787 -21.8781
-35.308 0.0941274 -24.4011
-38.424 -1.44487 -26.1121
-40.541 0.537127 -23.5651
-41.447 3.85113 -25.3381
-39.72 6.75313 -23.5481
-41.589 9.77313 -25.0301

-39.057 12.3111 -23.5981
-35.289 11.6901 -23.9611
-32.36 13.8431 -22.7881

-28.87 12.8781 -24.0301
-26.015 14.7511 -22.3311
-22.694 15.1231 -24.2391

-24.419 13.6361 -27.3591
-21.118 13.7811 -29.3581
-20.605 10.2461 -27.8461
-23.127 9.12213 -30.5661

-20.911 10.5521 -33.4441
-20.214 7.07913 -35.0011
-23.266 5.00513 -36.1261
-21.347 1.64013 -36.0281
-20.739 1.87213 -32.2291

-22.904 -0.280873 -29.8981
-23.921 2.86613 -27.8771
-25.185 4.57913 -31.0831
-26.939 1.39513 -32.3961
-28.814 1.08313 -29.0381
-29.666 4.85113 -28.7221
-30.818 5.63513 -32.3151
-34.053 3.46513 -32.3931
-35.314 5.20213 -29.1891
-34.357 8.71613 -30.4541
-36.246 8.16213 -33.7761

-39.501 7.06113 -31.9661
-39.425 9.34413 -28.8551
-41.725 12.4461 -29.0941

-39.179 14.8721 -27.4941
-35.372 14.6411 -28.0191
-33.122 17.0651 -26.1001
-29.498 16.5311 -27.2131
-26.78 18.4671 -25.3021

-23.092 19.0531 -26.2091
-20.351 21.7001 -25.8171
-18.643 20.2891 -28.9271
-21.355 18.7661 -31.2221
-18.616 17.9671 -33.7351
-15.197 17.0321 -32.2671
-13.174 17.2611 -35.5461
-15.313 16.8031 -38.7541

-18.839 17.4001 -40.2741
-19.498 13.5921 -40.4911
-19.755 13.4701 -36.6131
-22.972 15.6181 -36.7691
-24.981 13.1421 -38.9181
-26.257 10.9621 -36.0041
-27.334 14.0961 -34.0331
-29.091 15.5821 -37.1481
-31.112 12.3501 -37.7661
-31.898 12.0621 -34.0041
-33.457 15.6051 -33.9861

-34.96 15.3341 -37.5621
-35.345 11.6181 -38.6471
-36.525 12.7371 -42.1701
-33.288 14.6981 -42.8981
-30.69 12.7521 -44.9821
-32.253 9.20313 -44.6191
-28.929 7.77113 -45.9611

-25.454 8.96913 -44.8191
-24.072 8.96613 -48.4221
-26.219 12.0211 -49.4201
-24.918 13.9571 -46.3491
-21.318 12.7891 -47.0581
-21.381 13.8261 -50.7741
-22.591 17.3541 -49.8201
-20.756 18.1681 -46.5321

-17.863 15.6371 -46.1541
-16.204 16.1201 -49.6321
-16.852 12.4111 -50.2481

-14.275 10.7641 -52.5791
-14.524 7.41613 -54.4211

-11.244 5.57313 -53.6641
-10.248 2.09113 -55.0921
-11.298 0.524127 -51.7051

-14.654 2.41713 -51.2981
-15.818 5.90013 -50.2041
-13.728 8.32513 -48.1221

-15.739 10.7961 -45.9281
-12.808 12.4121 -43.9691
-13.139 15.7391 -45.8621
-15.358 18.8261 -45.5161
-17.486 20.8861 -47.9551
-20.241 23.5811 -48.0331

-19.781 24.2981 -44.2581
-21.612 27.6961 -44.3571
-24.712 25.9201 -45.8141
-24.387 23.2061 -43.1101
-24.206 25.9741 -40.4171
-27.414 27.6121 -41.7861
-29.247 24.2171 -41.8951
-28.135 23.3941 -38.3081
-29.194 26.7921 -36.8211
-32.596 26.8421 -38.6341
-33.773 23.2331 -38.0991
-31.542 21.2311 -35.6331

-29.409 23.2891 -33.2491
-29.467 26.1831 -30.7781
-25.864 27.4251 -30.2451
-24.557 30.4261 -28.2561
-20.982 31.2611 -27.2821

-19.456 32.7451 -24.0541
-18.845 35.9491 -26.0761
-22.6 36.1981 -26.9761
-24.04 35.8281 -23.4161

-21.229 36.3231 -20.7941
-19.268 39.5581 -21.6251
-17.854 39.3211 -18.0251
-15.849 36.0531 -18.4411
-12.05 36.7471 -18.4561
-10.297 36.0131 -21.7801

-8.64098 32.6431 -22.5231
-5.02498 33.4911 -23.5011
-3.48798 30.6011 -25.5031
0.191022 30.1031 -26.4501
2.55302 27.4941 -27.8521
5.59402 26.7991 -25.6111

8.41302 25.2451 -27.6661
10.193 23.0441 -25.0751
13.908 22.8631 -25.8851

14.892 19.6321 -27.8081
18.507 20.1031 -26.4801

17.469 17.9111 -23.4581
16.428 15.1221 -25.9431
19.566 12.9411 -25.8771

21.072 11.6681 -29.1751
19.76 8.05013 -28.6341
16.138 9.24813 -28.0831
16.415 11.5781 -31.1441
17.844 8.73313 -33.2961
14.906 6.51613 -32.1111
12.36 9.25113 -33.1091
14.157 9.64913 -36.4991
14.07 5.82313 -36.9301
10.297 5.51413 -36.1821
9.60902 8.56613 -38.4501
11.564 6.89013 -41.3371
9.79002 3.57713 -40.5461
6.29302 5.12913 -41.1301
7.38402 6.46013 -44.6011

8.86402 3.13013 -45.8531
7.03402 2.03213 -49.0581
7.17502 -1.74787 -48.5231
5.30402 -1.90887 -45.1381
1.73102 -3.13687 -44.6311

-1.06498 -0.749873 -43.4771
-0.745978 -2.41187 -40.0141
3.07602 -1.95287 -39.7251
2.52502 1.74913 -40.6961
-0.063978 2.10213 -37.8211
2.30402 0.282127 -35.3841
5.25302 2.57413 -36.3411
2.90202 5.61213 -35.8851
1.88702 4.41013 -32.3611
5.60202 3.82913 -31.5541
6.57202 7.35013 -32.8261
3.74502 8.88913 -30.7111
4.70002 6.94013 -27.5131
8.43302 7.85713 -28.0801
7.38302 11.5471 -28.4401
5.73202 11.3581 -24.9801
8.89202 9.77713 -23.4111
11.192 12.3381 -25.1391
9.19302 15.3121 -23.6931
9.14002 14.1161 -19.9951
12.427 15.8691 -18.8581
11.49 19.3021 -20.3301
7.80502 18.9471 -19.2901
9.14602 18.3991 -15.7191
11.618 21.3421 -16.1061
8.69102 23.5931 -17.1891
6.37902 22.4411 -14.2991
9.18402 23.2091 -11.7881
9.83802 26.6591 -13.4131
6.08902 27.4561 -12.9371
6.21602 26.4451 -9.21213
9.54102 28.3101 -8.62213

7.88302 31.3891 -10.3051
5.40302 31.3741 -7.33113
2.23402 30.0771 -9.12213
-0.459978 29.1241 -6.59413
-2.71298 26.7751 -8.71813

-2.49398 25.1801 -12.1991
-3.66198 22.1041 -14.1701
-1.29198 19.7421 -16.0451
-2.87798 17.6751 -18.8491

-1.25698 14.5201 -20.3201
-2.63898 11.2191 -21.7971
0.239022 8.67513 -21.7421

0.370022 6.99113 -18.2891
4.23302 7.19313 -18.2311
4.00302 11.0501 -18.4731
1.40002 11.2351 -15.6291
3.56102 8.80013 -13.5431
6.82602 10.7821 -14.0971
5.14902 14.1611 -13.2511
3.59602 12.7321 -10.0121
6.93202 11.0991 -8.98213
8.87402 14.4021 -9.40213
6.18802 16.4151 -7.49413
6.40602 13.8241 -4.62913
10.268 14.0481 -4.74413

9.98002 17.9031 -4.48813
7.31202 17.4711 -1.68713
4.73402 19.4311 -3.78913
1.13002 18.7441 -2.72013

-0.872978 17.7531 -5.83113
-3.95798 15.7851 -6.99713
-4.03598 13.0681 -9.71313
-7.03798 11.9671 -11.8571

-6.77198 9.24513 -14.5551
-8.60498 6.14913 -15.9691
-8.02698 4.23213 -12.6601
-9.46098 6.98113 -10.3441
-12.974 5.97613 -9.15513
-16.137 8.07213 -9.81113
-16.51 9.18013 -6.12313

-12.752 9.82213 -5.53613
-12.761 12.0471 -8.70313
-15.322 14.3791 -7.03913
-13.473 14.3241 -3.65513
-10.037 15.1121 -5.26313
-11.778 17.8811 -7.28613
-13.112 19.3691 -3.98613
-9.63498 18.9861 -2.33313
-7.98698 21.0021 -5.20113
-10.835 23.6021 -5.15113
-10.909 24.1661 -1.34013

-7.27598 23.5031 -0.206129
-4.69198 26.2851 -0.892129
-1.88898 23.6571 -0.442129
-2.69998 21.6531 -3.62013
-0.730978 23.6341 -6.24113

-0.872978 21.1101 -9.15413
-3.63298 18.9391 -10.6331
-2.17098 16.0771 -12.7631
-5.02698 15.1671 -15.1361
-5.60098 12.6391 -17.9241

-6.91298 14.5351 -21.0251
-9.34198 11.6251 -21.7341
-10.405 10.7761 -18.1371
-10.892 14.3701 -16.7701
-12.614 15.8991 -19.9031
-16.075 15.4251 -18.2151
-18.073 16.3811 -15.0641
-15.306 18.1471 -13.0691
-14.857 21.9191 -12.3841
-11.404 23.4621 -11.6751
-12.241 27.1971 -11.2291
-9.53098 27.5291 -8.47613
-6.74698 27.4641 -11.1491
-5.86298 30.2691 -13.6461

-3.41598 28.1921 -15.7881
-3.72498 25.0281 -17.9301
-0.557978 23.2611 -19.2151
-0.934978 20.6281 -21.9591

2.22502 18.5051 -21.5151
1.01602 16.4851 -24.5461
-0.994978 17.2881 -27.6941
-4.18798 15.3231 -28.4901
-5.27398 14.7691 -32.1571
-8.91998 15.7411 -31.4121

-9.45998 19.5181 -30.7641
-12.933 18.9701 -29.2011
-11.232 17.1031 -26.2811
-8.61298 19.8991 -25.8661
-11.45 22.5271 -25.7121
-13.33 20.2871 -23.1771
-10.152 20.2801 -20.9971
-9.67798 24.1311 -21.2291

-13.376 24.6061 -20.2111
-12.702 22.7591 -16.9271
-11.081 26.0391 -15.6621
-13.013 28.5611 -17.8071
-16.397 28.0681 -15.9831
-18.937 30.2421 -14.1001
-17.013 31.1841 -10.9031
-13.705 31.9561 -12.7251
-12.476 35.5561 -12.0111
-8.95398 35.4871 -13.6241
-7.85098 35.4501 -17.3101

-7.22898 31.7691 -18.1331
-3.73898 30.9481 -19.4651
-3.47698 27.8971 -21.8001
0.084022 26.6451 -22.5411
0.588022 23.9611 -25.2531
4.00802 22.2661 -24.7451
5.54102 21.2501 -28.1481

8.93002 19.7501 -29.1701
10.631 20.2691 -32.5991
11.737 16.9041 -34.1231
8.71402 14.9291 -32.7051
5.04202 13.9291 -33.3311

4.03002 17.5131 -32.2521
5.34902 18.8571 -35.6361
2.56902 16.8491 -37.4461
-0.129978 16.9261 -34.7121
-0.165978 20.7401 -34.2921
-0.976978 21.5821 -38.0061
-3.56198 18.6951 -37.9561
-5.27098 20.1321 -34.8121
-5.25798 23.6451 -36.4291
-6.95098 22.5621 -39.7111
-9.55198 20.6371 -37.5961
-10.394 23.7721 -35.4771
-10.754 25.7641 -38.7491
-13.227 23.1191 -40.1141
-15.149 23.3851 -36.7821
-15.134 27.2491 -36.9461
-16.361 27.3331 -40.6161

-19.234 25.0111 -39.4991
-20.034 27.5531 -36.6541
-18.958 24.9521 -34.0101
-15.938 26.8591 -32.5341
-14.763 30.4741 -31.9621
-11.305 29.0351 -31.2271
-8.83098 30.1711 -33.8721
-5.39098 28.4991 -33.3991
-3.50598 30.3051 -36.2881

-2.49998 33.3941 -34.2061
-0.451978 31.2051 -31.7631
1.89502 29.8881 -34.5421
2.74602 33.2851 -36.1011

4.01102 34.2441 -32.5711
6.49602 31.2711 -32.1481

End chain 1
