 0.215890E-01  0.134824E+04  0.551279E+02
 0.221970E-01  0.133024E+04  0.423289E+02
 0.228050E-01  0.132380E+04  0.392084E+02
 0.234130E-01  0.131867E+04  0.346923E+02
 0.240210E-01  0.130115E+04  0.353526E+02
 0.246290E-01  0.128966E+04  0.308331E+02
 0.252370E-01  0.125559E+04  0.282707E+02
 0.258450E-01  0.124394E+04  0.259064E+02
 0.264540E-01  0.124921E+04  0.252823E+02
 0.270620E-01  0.122155E+04  0.228689E+02
 0.276700E-01  0.121843E+04  0.233318E+02
 0.282780E-01  0.120888E+04  0.237992E+02
 0.288860E-01  0.118501E+04  0.344611E+02
 0.294940E-01  0.116313E+04  0.228971E+02
 0.301020E-01  0.115276E+04  0.212003E+02
 0.307100E-01  0.113792E+04  0.187123E+02
 0.313190E-01  0.112254E+04  0.212052E+02
 0.319270E-01  0.111723E+04  0.181579E+02
 0.325350E-01  0.109870E+04  0.161494E+02
 0.331430E-01  0.108440E+04  0.154451E+02
 0.337510E-01  0.107665E+04  0.162253E+02
 0.343590E-01  0.105513E+04  0.144774E+02
 0.349670E-01  0.103435E+04  0.140512E+02
 0.355750E-01  0.101623E+04  0.137670E+02
 0.361840E-01  0.990627E+03  0.142249E+02
 0.367920E-01  0.992372E+03  0.136782E+02
 0.374000E-01  0.985996E+03  0.135028E+02
 0.380080E-01  0.971406E+03  0.122131E+02
 0.386160E-01  0.953102E+03  0.117641E+02
 0.392240E-01  0.932668E+03  0.111856E+02
 0.398320E-01  0.915559E+03  0.121099E+02
 0.404400E-01  0.916318E+03  0.115778E+02
 0.410490E-01  0.900496E+03  0.122059E+02
 0.416570E-01  0.875444E+03  0.119407E+02
 0.422650E-01  0.870264E+03  0.112442E+02
 0.428730E-01  0.846543E+03  0.115399E+02
 0.434810E-01  0.840337E+03  0.110502E+02
 0.440890E-01  0.817837E+03  0.984921E+01
 0.446970E-01  0.816214E+03  0.100308E+02
 0.453050E-01  0.796162E+03  0.972750E+01
 0.459140E-01  0.792910E+03  0.983831E+01
 0.465220E-01  0.781583E+03  0.110446E+02
 0.471300E-01  0.764221E+03  0.104817E+02
 0.477380E-01  0.744376E+03  0.112394E+02
 0.483460E-01  0.740215E+03  0.104165E+02
 0.489540E-01  0.723234E+03  0.949228E+01
 0.495620E-01  0.708875E+03  0.983890E+01
 0.501700E-01  0.690280E+03  0.915044E+01
 0.507790E-01  0.676155E+03  0.920298E+01
 0.513870E-01  0.661934E+03  0.910888E+01
 0.519950E-01  0.652264E+03  0.867821E+01
 0.526030E-01  0.637124E+03  0.862841E+01
 0.532110E-01  0.631831E+03  0.506094E+01
 0.538190E-01  0.623424E+03  0.490826E+01
 0.544270E-01  0.606985E+03  0.492304E+01
 0.550350E-01  0.597499E+03  0.488648E+01
 0.556440E-01  0.584742E+03  0.482668E+01
 0.562520E-01  0.575057E+03  0.467467E+01
 0.568600E-01  0.558508E+03  0.458735E+01
 0.574680E-01  0.549101E+03  0.437808E+01
 0.580760E-01  0.543155E+03  0.425440E+01
 0.586840E-01  0.529979E+03  0.463983E+01
 0.592920E-01  0.522082E+03  0.447991E+01
 0.599000E-01  0.511255E+03  0.470832E+01
 0.605090E-01  0.500645E+03  0.457462E+01
 0.611170E-01  0.485528E+03  0.425986E+01
 0.617250E-01  0.478714E+03  0.439117E+01
 0.623330E-01  0.469327E+03  0.415913E+01
 0.629410E-01  0.462195E+03  0.389455E+01
 0.635490E-01  0.452562E+03  0.392625E+01
 0.641570E-01  0.442357E+03  0.395341E+01
 0.647650E-01  0.433965E+03  0.381001E+01
 0.653740E-01  0.423737E+03  0.370374E+01
 0.659820E-01  0.416615E+03  0.361809E+01
 0.665900E-01  0.407343E+03  0.369393E+01
 0.671980E-01  0.401114E+03  0.364272E+01
 0.678060E-01  0.393891E+03  0.361625E+01
 0.684140E-01  0.383787E+03  0.346538E+01
 0.690220E-01  0.373313E+03  0.355284E+01
 0.696300E-01  0.364350E+03  0.344995E+01
 0.702380E-01  0.358240E+03  0.345302E+01
 0.708470E-01  0.352557E+03  0.328275E+01
 0.714550E-01  0.344075E+03  0.324796E+01
 0.720630E-01  0.335951E+03  0.310289E+01
 0.726710E-01  0.329319E+03  0.342091E+01
 0.732790E-01  0.321885E+03  0.327667E+01
 0.738870E-01  0.313266E+03  0.329146E+01
 0.744950E-01  0.305824E+03  0.324005E+01
 0.751030E-01  0.299246E+03  0.309691E+01
 0.757120E-01  0.291891E+03  0.305692E+01
 0.763200E-01  0.288082E+03  0.301247E+01
 0.769280E-01  0.279461E+03  0.292635E+01
 0.775360E-01  0.274828E+03  0.283441E+01
 0.781440E-01  0.268941E+03  0.271193E+01
 0.787520E-01  0.262043E+03  0.269000E+01
 0.793600E-01  0.256010E+03  0.271334E+01
 0.799680E-01  0.249987E+03  0.283030E+01
 0.805760E-01  0.244678E+03  0.270181E+01
 0.811850E-01  0.241517E+03  0.268473E+01
 0.817930E-01  0.233878E+03  0.278741E+01
 0.824010E-01  0.228957E+03  0.253499E+01
 0.830090E-01  0.225615E+03  0.258393E+01
 0.836170E-01  0.219926E+03  0.257245E+01
 0.842250E-01  0.215951E+03  0.253346E+01
 0.848330E-01  0.210266E+03  0.252557E+01
 0.854410E-01  0.206625E+03  0.254320E+01
 0.860490E-01  0.198325E+03  0.252011E+01
 0.866580E-01  0.193483E+03  0.243785E+01
 0.872660E-01  0.188464E+03  0.248845E+01
 0.878740E-01  0.186051E+03  0.252926E+01
 0.884820E-01  0.181634E+03  0.256084E+01
 0.890900E-01  0.180863E+03  0.251861E+01
 0.896980E-01  0.174538E+03  0.234486E+01
 0.903060E-01  0.171295E+03  0.235556E+01
 0.909140E-01  0.168229E+03  0.232313E+01
 0.915220E-01  0.165977E+03  0.232123E+01
 0.921310E-01  0.162214E+03  0.218952E+01
 0.927390E-01  0.157189E+03  0.212068E+01
 0.933470E-01  0.153532E+03  0.214653E+01
 0.939550E-01  0.148810E+03  0.219694E+01
 0.945630E-01  0.144892E+03  0.222397E+01
 0.951710E-01  0.141847E+03  0.218345E+01
 0.957790E-01  0.138891E+03  0.217564E+01
 0.963870E-01  0.134152E+03  0.217076E+01
 0.969950E-01  0.133601E+03  0.255060E+01
 0.976040E-01  0.131869E+03  0.217184E+01
 0.982120E-01  0.129754E+03  0.208520E+01
 0.988200E-01  0.127778E+03  0.201626E+01
 0.994280E-01  0.126026E+03  0.196570E+01
 0.100036E+00  0.124248E+03  0.194484E+01
 0.100644E+00  0.121634E+03  0.203115E+01
 0.101252E+00  0.118671E+03  0.198945E+01
 0.101860E+00  0.114750E+03  0.200735E+01
 0.102468E+00  0.112245E+03  0.192452E+01
 0.103077E+00  0.109291E+03  0.186788E+01
 0.103685E+00  0.106196E+03  0.184417E+01
 0.104293E+00  0.103551E+03  0.185616E+01
 0.104901E+00  0.101664E+03  0.181694E+01
 0.105509E+00  0.979119E+02  0.190190E+01
 0.106117E+00  0.957120E+02  0.183213E+01
 0.106725E+00  0.939845E+02  0.187860E+01
 0.107333E+00  0.927160E+02  0.191385E+01
 0.107941E+00  0.918760E+02  0.191387E+01
 0.108550E+00  0.917269E+02  0.187922E+01
 0.109158E+00  0.902290E+02  0.178830E+01
 0.109766E+00  0.874715E+02  0.185179E+01
 0.110374E+00  0.855301E+02  0.183875E+01
 0.110982E+00  0.846205E+02  0.182583E+01
 0.111590E+00  0.830418E+02  0.189918E+01
 0.112198E+00  0.797333E+02  0.184605E+01
 0.112806E+00  0.786607E+02  0.183666E+01
 0.113414E+00  0.762130E+02  0.175954E+01
 0.114022E+00  0.747910E+02  0.168045E+01
 0.114631E+00  0.737108E+02  0.175784E+01
 0.115239E+00  0.726894E+02  0.170370E+01
 0.115847E+00  0.714478E+02  0.166724E+01
 0.116455E+00  0.707623E+02  0.167655E+01
 0.117063E+00  0.695895E+02  0.167492E+01
 0.117671E+00  0.668121E+02  0.168498E+01
 0.118279E+00  0.652998E+02  0.170630E+01
 0.118887E+00  0.647208E+02  0.163089E+01
 0.119495E+00  0.631117E+02  0.170940E+01
 0.120103E+00  0.607007E+02  0.171876E+01
 0.120712E+00  0.610402E+02  0.164940E+01
 0.121320E+00  0.596307E+02  0.172269E+01
 0.121928E+00  0.580910E+02  0.171803E+01
 0.122536E+00  0.582621E+02  0.165429E+01
 0.123144E+00  0.574261E+02  0.168285E+01
 0.123752E+00  0.546069E+02  0.171301E+01
 0.124360E+00  0.524277E+02  0.168847E+01
 0.124968E+00  0.507114E+02  0.161116E+01
 0.125576E+00  0.519144E+02  0.157563E+01
 0.126184E+00  0.505951E+02  0.157246E+01
 0.126793E+00  0.519668E+02  0.154799E+01
 0.127401E+00  0.508365E+02  0.163424E+01
 0.128009E+00  0.490434E+02  0.158010E+01
 0.128617E+00  0.468842E+02  0.150355E+01
 0.129225E+00  0.449826E+02  0.158166E+01
 0.129833E+00  0.464613E+02  0.104997E+01
 0.130441E+00  0.458118E+02  0.106734E+01
 0.131049E+00  0.450643E+02  0.101169E+01
 0.131657E+00  0.446615E+02  0.996290E+00
 0.132265E+00  0.432626E+02  0.984087E+00
 0.132873E+00  0.432112E+02  0.101488E+01
 0.133482E+00  0.417907E+02  0.101266E+01
 0.134090E+00  0.414338E+02  0.994897E+00
 0.134698E+00  0.414579E+02  0.974486E+00
 0.135306E+00  0.406367E+02  0.987988E+00
 0.135914E+00  0.388671E+02  0.102913E+01
 0.136522E+00  0.376722E+02  0.100210E+01
 0.137130E+00  0.368057E+02  0.958678E+00
 0.137738E+00  0.371483E+02  0.962966E+00
 0.138346E+00  0.364992E+02  0.993217E+00
 0.138954E+00  0.359957E+02  0.974471E+00
 0.139562E+00  0.357401E+02  0.102692E+01
 0.140171E+00  0.351091E+02  0.103986E+01
 0.140779E+00  0.350105E+02  0.965060E+00
 0.141387E+00  0.335177E+02  0.996687E+00
 0.141995E+00  0.326643E+02  0.961671E+00
 0.142603E+00  0.327865E+02  0.966119E+00
 0.143211E+00  0.312109E+02  0.982127E+00
 0.143819E+00  0.310355E+02  0.998302E+00
 0.144427E+00  0.306158E+02  0.965219E+00
 0.145035E+00  0.299760E+02  0.100556E+01
 0.145643E+00  0.306196E+02  0.117246E+01
 0.146251E+00  0.296371E+02  0.102953E+01
 0.146860E+00  0.298195E+02  0.116488E+01
 0.147468E+00  0.295667E+02  0.114423E+01
 0.148076E+00  0.282411E+02  0.971948E+00
 0.148684E+00  0.275645E+02  0.913130E+00
 0.149292E+00  0.275532E+02  0.868381E+00
 0.149900E+00  0.264182E+02  0.882477E+00
 0.150508E+00  0.266196E+02  0.862165E+00
 0.151116E+00  0.262984E+02  0.928588E+00
 0.151724E+00  0.256048E+02  0.979879E+00
 0.152332E+00  0.250144E+02  0.924695E+00
 0.152940E+00  0.240802E+02  0.889668E+00
 0.153548E+00  0.238968E+02  0.870623E+00
 0.154156E+00  0.237941E+02  0.834184E+00
 0.154765E+00  0.238876E+02  0.830722E+00
 0.155373E+00  0.235712E+02  0.875567E+00
 0.155981E+00  0.234726E+02  0.863422E+00
 0.156589E+00  0.231160E+02  0.883308E+00
 0.157197E+00  0.229451E+02  0.865273E+00
 0.157805E+00  0.216365E+02  0.829172E+00
 0.158413E+00  0.204758E+02  0.831817E+00
 0.159021E+00  0.205497E+02  0.851226E+00
 0.159629E+00  0.197280E+02  0.861895E+00
 0.160237E+00  0.195179E+02  0.831810E+00
 0.160845E+00  0.201123E+02  0.824598E+00
 0.161453E+00  0.198892E+02  0.802335E+00
 0.162061E+00  0.200246E+02  0.814187E+00
 0.162670E+00  0.199166E+02  0.795839E+00
 0.163278E+00  0.190196E+02  0.798611E+00
 0.163886E+00  0.188747E+02  0.810650E+00
 0.164494E+00  0.187060E+02  0.827867E+00
 0.165102E+00  0.189248E+02  0.801634E+00
 0.165710E+00  0.191099E+02  0.827131E+00
 0.166318E+00  0.193616E+02  0.829463E+00
 0.166926E+00  0.189349E+02  0.832632E+00
 0.167534E+00  0.191661E+02  0.875877E+00
 0.168142E+00  0.185570E+02  0.851648E+00
 0.168750E+00  0.178671E+02  0.817256E+00
 0.169358E+00  0.170786E+02  0.803627E+00
 0.169966E+00  0.170883E+02  0.827149E+00
 0.170574E+00  0.169813E+02  0.783821E+00
 0.171183E+00  0.170377E+02  0.800232E+00
 0.171791E+00  0.170291E+02  0.828718E+00
 0.172399E+00  0.168261E+02  0.789578E+00
 0.173007E+00  0.166083E+02  0.767387E+00
 0.173615E+00  0.158815E+02  0.803743E+00
 0.174223E+00  0.159922E+02  0.803019E+00
 0.174831E+00  0.154016E+02  0.829186E+00
 0.175439E+00  0.160339E+02  0.784402E+00
 0.176047E+00  0.158659E+02  0.817045E+00
 0.176655E+00  0.153605E+02  0.813757E+00
 0.177263E+00  0.149066E+02  0.823454E+00
 0.177871E+00  0.151493E+02  0.864043E+00
 0.178479E+00  0.147998E+02  0.791934E+00
 0.179087E+00  0.150372E+02  0.784811E+00
 0.179695E+00  0.142197E+02  0.824163E+00
 0.180304E+00  0.138566E+02  0.833171E+00
 0.180912E+00  0.137021E+02  0.825270E+00
 0.181520E+00  0.135831E+02  0.812128E+00
 0.182128E+00  0.132799E+02  0.814088E+00
 0.182736E+00  0.136677E+02  0.795086E+00
 0.183344E+00  0.133496E+02  0.787022E+00
 0.183952E+00  0.133234E+02  0.770206E+00
 0.184560E+00  0.125176E+02  0.774694E+00
 0.185168E+00  0.125286E+02  0.786634E+00
 0.185776E+00  0.125785E+02  0.772993E+00
 0.186384E+00  0.122159E+02  0.775239E+00
 0.186992E+00  0.127094E+02  0.754170E+00
 0.187600E+00  0.117842E+02  0.774935E+00
 0.188208E+00  0.117624E+02  0.771429E+00
 0.188816E+00  0.122463E+02  0.788830E+00
 0.189424E+00  0.121320E+02  0.760918E+00
 0.190032E+00  0.122471E+02  0.747097E+00
 0.190641E+00  0.124081E+02  0.762419E+00
 0.191249E+00  0.116165E+02  0.774066E+00
 0.191857E+00  0.114306E+02  0.826117E+00
 0.192465E+00  0.109948E+02  0.781661E+00
 0.193073E+00  0.106805E+02  0.771301E+00
 0.193681E+00  0.105306E+02  0.796654E+00
 0.194289E+00  0.113311E+02  0.782376E+00
 0.194897E+00  0.107416E+02  0.755086E+00
 0.195505E+00  0.103150E+02  0.762079E+00
 0.196113E+00  0.107698E+02  0.764652E+00
 0.196721E+00  0.106073E+02  0.767612E+00
 0.197329E+00  0.103654E+02  0.761500E+00
 0.197937E+00  0.101803E+02  0.732170E+00
 0.198545E+00  0.907446E+01  0.743306E+00
 0.199153E+00  0.937967E+01  0.740921E+00
 0.199761E+00  0.950625E+01  0.756485E+00
 0.200369E+00  0.937779E+01  0.742915E+00
 0.200977E+00  0.920645E+01  0.796122E+00
 0.201585E+00  0.103507E+02  0.812384E+00
 0.202193E+00  0.101186E+02  0.904635E+00
 0.202802E+00  0.963633E+01  0.782423E+00
 0.203410E+00  0.838495E+01  0.742459E+00
 0.204018E+00  0.874302E+01  0.731893E+00
 0.204626E+00  0.808140E+01  0.735797E+00
 0.205234E+00  0.853719E+01  0.723576E+00
 0.205842E+00  0.878729E+01  0.702636E+00
 0.206450E+00  0.867898E+01  0.733810E+00
 0.207058E+00  0.955394E+01  0.707614E+00
 0.207666E+00  0.955076E+01  0.712453E+00
 0.208274E+00  0.887581E+01  0.714918E+00
 0.208882E+00  0.818524E+01  0.736809E+00
 0.209490E+00  0.823768E+01  0.724021E+00
 0.210098E+00  0.830619E+01  0.728024E+00
 0.210706E+00  0.820849E+01  0.724117E+00
 0.211314E+00  0.846501E+01  0.716242E+00
 0.211922E+00  0.849137E+01  0.745770E+00
 0.212530E+00  0.834863E+01  0.717144E+00
 0.213138E+00  0.799975E+01  0.728581E+00
 0.213746E+00  0.762407E+01  0.718652E+00
 0.214354E+00  0.833636E+01  0.721164E+00
 0.214962E+00  0.851062E+01  0.726804E+00
 0.215570E+00  0.809252E+01  0.753750E+00
 0.216178E+00  0.787549E+01  0.726874E+00
 0.216786E+00  0.820146E+01  0.733431E+00
 0.217394E+00  0.774437E+01  0.727917E+00
 0.218002E+00  0.721139E+01  0.728749E+00
 0.218610E+00  0.765357E+01  0.720518E+00
 0.219219E+00  0.767917E+01  0.704428E+00
 0.219827E+00  0.843520E+01  0.699946E+00
 0.220435E+00  0.854310E+01  0.722170E+00
 0.221043E+00  0.839084E+01  0.710968E+00
 0.221651E+00  0.785666E+01  0.709906E+00
 0.222259E+00  0.735792E+01  0.722002E+00
 0.222867E+00  0.707835E+01  0.698122E+00
 0.223475E+00  0.729599E+01  0.705885E+00
 0.224083E+00  0.623680E+01  0.735462E+00
 0.224691E+00  0.678310E+01  0.699786E+00
 0.225299E+00  0.692851E+01  0.715861E+00
 0.225907E+00  0.703915E+01  0.835850E+00
 0.226515E+00  0.703220E+01  0.706309E+00
 0.227123E+00  0.723554E+01  0.699976E+00
 0.227731E+00  0.674311E+01  0.671131E+00
 0.228339E+00  0.714910E+01  0.656963E+00
 0.228947E+00  0.718170E+01  0.666356E+00
 0.229555E+00  0.717892E+01  0.681653E+00
 0.230163E+00  0.719934E+01  0.673164E+00
 0.230771E+00  0.665345E+01  0.655833E+00
 0.231379E+00  0.641676E+01  0.682709E+00
 0.231987E+00  0.607838E+01  0.667925E+00
 0.232595E+00  0.581762E+01  0.662058E+00
 0.233203E+00  0.599432E+01  0.677091E+00
 0.233811E+00  0.583206E+01  0.678588E+00
 0.234419E+00  0.616916E+01  0.672331E+00
 0.235027E+00  0.601487E+01  0.688061E+00
 0.235635E+00  0.582789E+01  0.686366E+00
 0.236243E+00  0.599980E+01  0.668108E+00
 0.236851E+00  0.588569E+01  0.660798E+00
 0.237459E+00  0.586617E+01  0.652173E+00
 0.238067E+00  0.609536E+01  0.667961E+00
 0.238675E+00  0.622790E+01  0.662162E+00
 0.239283E+00  0.632946E+01  0.661274E+00
 0.239891E+00  0.595460E+01  0.659678E+00
 0.240499E+00  0.603361E+01  0.662730E+00
 0.241107E+00  0.644472E+01  0.663257E+00
 0.241715E+00  0.666211E+01  0.692212E+00
 0.242323E+00  0.636194E+01  0.705033E+00
 0.242931E+00  0.607654E+01  0.844500E+00
 0.243539E+00  0.530060E+01  0.722263E+00
 0.244147E+00  0.530778E+01  0.685728E+00
 0.244755E+00  0.488428E+01  0.757430E+00
 0.245363E+00  0.532577E+01  0.764168E+00
 0.245971E+00  0.489248E+01  0.691143E+00
 0.246579E+00  0.503035E+01  0.673040E+00
 0.247187E+00  0.512892E+01  0.655083E+00
 0.247795E+00  0.478781E+01  0.641659E+00
 0.248403E+00  0.497663E+01  0.657383E+00
 0.249011E+00  0.503172E+01  0.655980E+00
 0.249619E+00  0.540108E+01  0.660189E+00
 0.250227E+00  0.541760E+01  0.654175E+00