-13.201 -6.296 -53.957
-10.703 -3.406 -53.291
-9.54 -3.087 -49.639
-11.02 0.322 -48.639
-8.614 1.85 -46.053
-10.787 3.126 -43.162

-9.634 6.195 -41.181
-10.061 4.9 -37.589
-10.286 6.838 -34.306
-12.195 7.103 -30.979
-14.163 9.439 -28.711
-12.619 10.223 -25.263
-14.157 12.207 -22.344

-11.943 15.248 -21.466
-14.301 16.978 -18.949
-17.827 16.65 -17.399
-19.139 18.761 -20.353

-16.752 17.96 -23.312
-15.482 14.956 -25.281
-12.62 14.751 -27.824
-12.437 12.939 -31.204
-8.982 11.264 -31.393
-8.672 10.357 -35.1

-6.282 10.744 -38.079
-6.98 13.557 -40.6
-9.895 13.022 -43.051

-11.208 15.853 -45.293
-14.92 14.856 -45.011
-14.611 14.37 -41.226
-13.015 17.857 -40.827
-15.875 19.254 -42.999
-18.403 17.482 -40.669
-16.559 18.759 -37.515
-16.844 22.341 -38.957

-20.697 21.797 -39.029
-20.861 21.033 -35.24
-22.116 23.933 -33.104
-20.016 23.255 -29.939
-16.791 22.621 -31.971

-13.393 23.436 -30.391
-10.011 22.816 -32.063
-6.805 22.812 -29.99

-3.883 23.919 -32.209
-1.328 22.314 -29.773
-2.753 18.736 -29.691
-4.334 19.137 -33.217

-7.578 17.622 -31.79
-11.313 18.386 -31.995
-13.683 18.544 -28.991
-17.466 19.001 -28.65
-20.131 19.402 -25.91

-21.257 16.038 -24.476
-24.923 16.743 -25.497
-23.731 16.722 -29.178
-22.178 13.179 -28.839
-25.228 11.354 -30.322
-25.57 14.044 -33.093
-21.852 13.682 -34.021
-21.815 9.829 -34.037
-25.045 9.774 -36.128
-23.507 12.176 -38.75
-20.093 10.348 -38.803

-21.793 6.948 -39.527
-22.962 8.546 -42.834
-19.328 9.196 -43.991
-17.677 6.563 -46.261
-14.251 5.2 -45.121

-14.46 6.789 -41.562
-14.765 4.819 -38.279
-15.142 6.964 -35.114
-15.663 4.659 -32.101

-18.218 6.249 -29.657
-17.862 6.903 -25.912
-18.35 3.469 -24.195

-21.794 2.549 -22.772
-20.235 2.829 -19.255
-19.534 6.58 -19.812
-22.964 7.196 -21.431
-24.623 5.531 -18.378
-22.42 7.523 -15.909

-23.028 10.919 -17.654
-26.668 10.153 -18.714
-27.851 13.482 -17.123

-25.214 15.594 -18.963
-26 13.8 -22.296
-29.631 15.147 -21.909

-29.4883 18.8736 -22.2387
-27.3454 19.5434 -25.3351
-24.695 17.3713 -26.9911
-25.6285 18.8315 -30.4663
-22.2259 20.4276 -31.4862
-22.5617 22.7502 -34.5261
-25.0625 20.0377 -35.6337
-27.6976 22.0448 -37.6495
-30.3605 21.9023 -40.299
-33.3586 23.8092 -38.937
-35.2967 25.0243 -35.9416
-38.559 23.166 -36.7765
-40.1284 26.3091 -38.3417
-37.1508 27.1314 -40.4251
-35.8266 30.427 -41.8442
-34.2281 33.5499 -43.2121
-33.0511 30.8123 -45.5836
-30.2396 32.9717 -47.0897
-30.5498 34.7347 -50.4096

-30.2366 37.201 -53.2841
-28.0076 39.4791 -51.2141
-25.751 36.5716 -50.267
-25.4191 35.5186 -53.9035
-24.4963 39.0553 -54.9443

-20.8323 37.8673 -55.3033
-20.7813 37.8693 -59.1693
-18.5393 40.6343 -60.5783

-20.2003 42.7393 -63.4013
-18.3253 40.8303 -66.1683
-19.1583 37.4493 -64.4983
-22.8903 38.4543 -64.4873
-22.6563 39.3653 -68.2173
-21.0373 35.9023 -68.8183
-23.8823 34.1223 -66.9203
-26.4573 36.1313 -68.9733
-24.6493 35.2123 -72.2683
-24.5243 31.5063 -71.2793
-28.2903 31.5383 -70.4363
-29.1183 33.3903 -73.7293

-27.0673 30.6923 -75.6363
-29.3083 28.0953 -73.8343
-26.6063 26.7473 -71.4343

-24.4463 25.4003 -74.3383
-21.0503 27.1653 -74.4013
-17.3033 27.0593 -73.8853
-16.3893 29.5883 -71.1433

-12.7883 30.2423 -72.2923
-12.2293 33.2363 -69.9393
-8.59834 33.6523 -68.7873
-7.14234 31.7623 -65.7663
-8.45534 33.0033 -62.3803
-11.3273 35.2163 -63.7903
-13.8003 33.0283 -61.7563

-14.9383 30.4013 -64.3333
-16.1063 28.1283 -61.4303
-18.4573 30.7613 -59.8483
-19.9703 31.5533 -63.3103
-20.3763 27.7853 -64.0743
-22.1143 27.0893 -60.7033
-24.5093 30.0433 -61.3663
-25.3413 28.9023 -64.9693
-25.9403 25.3243 -63.7013
-28.0493 26.5673 -60.7033
-30.3213 28.5783 -63.0863
-30.9943 25.1053 -64.6573
-31.4783 23.3403 -61.1833
-34.9803 22.1903 -62.3943

-33.1443 20.0913 -65.1023
-30.7203 18.1793 -62.7543
-29.0753 15.6343 -61.9943

-25.8683 17.5993 -62.6763
-22.6453 15.9103 -63.8953
-19.3293 17.7193 -63.1673
-16.2263 16.3083 -64.9413
-12.9233 17.6903 -63.5613

-9.14434 17.0313 -63.1783
-8.51034 14.2273 -60.5973
-6.95034 16.7423 -58.0713
-9.78334 19.4073 -57.9653

-12.8523 17.1793 -57.1613
-12.9893 18.2943 -53.4893
-12.2483 21.9453 -54.5343
-15.4593 21.7433 -56.6583
-17.5083 20.1503 -53.7893
-16.3623 22.9673 -51.4353
-17.2033 25.5233 -54.1953
-20.8163 24.1583 -54.4043
-21.1763 24.1873 -50.5533
-19.6903 27.7473 -50.4413
-21.9173 29.2423 -53.1863

-25.2153 27.2383 -52.9243
-25.9453 26.9973 -49.1083
-29.4823 25.8383 -50.2163
-27.8583 22.3463 -50.7583
-27.1243 19.7623 -48.0473

-23.7263 17.9433 -48.3073
-25.7323 14.7273 -49.0843
-26.8743 16.3803 -52.3733

-23.1853 16.2313 -53.5883
-21.5993 12.9233 -54.6763
-17.7753 13.0063 -55.0833

-16.7963 9.93127 -57.1293
-13.4103 8.74427 -55.7923
-13.2953 5.21027 -57.3513
-14.4993 3.24827 -60.4293
-16.8633 1.22727 -58.0943
-18.8823 4.23927 -56.8473
-22.4463 5.13027 -58.0053
-22.1693 8.07427 -60.4633
-25.9103 8.94527 -59.8913
-26.0133 8.88127 -56.0373
-26.2023 12.7153 -55.6283
-28.1743 15.5813 -57.1693

-24.6823 16.9073 -58.1263
-22.1593 14.2143 -59.1993
-18.4303 15.1493 -59.3613
-16.1033 12.7453 -61.2773
-12.6233 12.7523 -62.8733

-11.7523 12.3073 -66.5873
-9.85134 9.03827 -65.7893
-12.9273 7.50127 -64.0513
-15.3943 8.27827 -66.9423

-14.0203 5.33227 -69.0243
-14.3813 2.97427 -65.9813
-17.9373 4.30727 -65.3193
-19.1083 4.23227 -69.0253
-21.8253 1.63227 -68.1203
-23.3373 4.21127 -65.6523
-23.0493 7.15327 -68.1753
-26.1653 5.61427 -69.8863
-28.2823 7.59627 -67.3393
-29.1883 10.9103 -69.1123
-27.4613 13.8123 -67.3223
-29.3303 16.8323 -68.8043

-26.7983 19.3703 -67.3723
-23.0303 18.7493 -67.7353
-20.1013 20.9023 -66.5623

-16.6113 19.9373 -67.8043
-13.7563 21.8103 -66.1053
-10.4353 22.1823 -68.0133

-12.1603 20.6953 -71.1333
-8.85934 20.8403 -73.1323
-8.34634 17.3053 -71.6203
-10.8683 16.1813 -74.3403

-8.65234 17.6113 -77.2183
-7.95534 14.1383 -78.7753
-11.0073 12.0643 -79.9003
-9.08834 8.69927 -79.8023
-8.48034 8.93127 -76.0033

-10.6453 6.77827 -73.6723
-11.6623 9.92527 -71.6513
-12.9263 11.6383 -74.8573
-14.6803 8.45427 -76.1703
-16.5553 8.14227 -72.8123
-17.4073 11.9103 -72.4963
-18.5593 12.6943 -76.0893
-21.7943 10.5243 -76.1673
-23.0553 12.2613 -72.9633
-22.0983 15.7753 -74.2283
-23.9873 15.2213 -77.5503

-27.2423 14.1203 -75.7403
-27.1663 16.4033 -72.6293
-29.4663 19.5053 -72.8683

-26.9203 21.9313 -71.2683
-23.1133 21.7003 -71.7933
-20.8633 24.1243 -69.8743
-17.2393 23.5903 -70.9873
-14.5213 25.5263 -69.0763

-10.8333 26.1123 -69.9833
-8.09234 28.7593 -69.5913
-6.38434 27.3483 -72.7013
-9.09634 25.8253 -74.9963
-6.35734 25.0263 -77.5093
-2.93834 24.0913 -76.0413
-0.915342 24.3203 -79.3203
-3.05434 23.8623 -82.5283

-6.58034 24.4593 -84.0483
-7.23934 20.6513 -84.2653
-7.49634 20.5293 -80.3873
-10.7133 22.6773 -80.5433
-12.7223 20.2013 -82.6923
-13.9983 18.0213 -79.7783
-15.0753 21.1553 -77.8073
-16.8323 22.6413 -80.9223
-18.8533 19.4093 -81.5403
-19.6393 19.1213 -77.7783
-21.1983 22.6643 -77.7603

-22.7013 22.3933 -81.3363
-23.0863 18.6773 -82.4213
-24.2663 19.7963 -85.9443
-21.0293 21.7573 -86.6723
-18.4313 19.8113 -88.7563
-19.9943 16.2623 -88.3933
-16.6703 14.8303 -89.7353

-13.1953 16.0283 -88.5933
-11.8133 16.0253 -92.1963
-13.9603 19.0803 -93.1943
-12.6593 21.0163 -90.1233
-9.05934 19.8483 -90.8323
-9.12234 20.8853 -94.5483
-10.3323 24.4133 -93.5943
-8.49734 25.2273 -90.3063

-5.60434 22.6963 -89.9283
-3.94534 23.1793 -93.4063
-4.59334 19.4703 -94.0223

-2.01634 17.8233 -96.3533
-2.26534 14.4753 -98.1953

1.01466 12.6323 -97.4383
2.01066 9.15027 -98.8663
0.960658 7.58327 -95.4793

-2.39534 9.47627 -95.0723
-3.55934 12.9593 -93.9783
-1.46934 15.3843 -91.8963

-3.48034 17.8553 -89.7023
-0.549342 19.4713 -87.7433
-0.880342 22.7983 -89.6363
-3.09934 25.8853 -89.2903
-5.22734 27.9453 -91.7293
-7.98234 30.6403 -91.8073

-7.52234 31.3573 -88.0323
-9.35334 34.7553 -88.1313
-12.4533 32.9793 -89.5883
-12.1283 30.2653 -86.8843
-11.9473 33.0333 -84.1913
-15.1553 34.6713 -85.5603
-16.9883 31.2763 -85.6693
-15.8763 30.4533 -82.0823
-16.9353 33.8513 -80.5953
-20.3373 33.9013 -82.4083
-21.5143 30.2923 -81.8733
-19.2833 28.2903 -79.4073

-17.1503 30.3483 -77.0233
-17.2083 33.2423 -74.5523
-13.6053 34.4843 -74.0193
-12.2983 37.4853 -72.0303
-8.72334 38.3203 -71.0563

-7.19734 39.8043 -67.8283
-6.58634 43.0083 -69.8503
-10.3413 43.2573 -70.7503
-11.7813 42.8873 -67.1903

-8.97034 43.3823 -64.5683
-7.00934 46.6173 -65.3993
-5.59534 46.3803 -61.7993
-3.59034 43.1123 -62.2153
0.208658 43.8063 -62.2303
1.96166 43.0723 -65.5543

3.61766 39.7023 -66.2973
7.23366 40.5503 -67.2753
8.77066 37.6603 -69.2773
12.4497 37.1623 -70.2243
14.8117 34.5533 -71.6263
17.8527 33.8583 -69.3853

20.6717 32.3043 -71.4403
22.4517 30.1033 -68.8493
26.1667 29.9223 -69.6593

27.1507 26.6913 -71.5823
30.7657 27.1623 -70.2543

29.7277 24.9703 -67.2323
28.6867 22.1813 -69.7173
31.8247 20.0003 -69.6513

33.3307 18.7273 -72.9493
32.0187 15.1093 -72.4083
28.3967 16.3073 -71.8573
28.6737 18.6373 -74.9183
30.1027 15.7923 -77.0703
27.1647 13.5753 -75.8853
24.6187 16.3103 -76.8833
26.4157 16.7083 -80.2733
26.3287 12.8823 -80.7043
22.5557 12.5733 -79.9563
21.8677 15.6253 -82.2243
23.8227 13.9493 -85.1113
22.0487 10.6363 -84.3203
18.5517 12.1883 -84.9043
19.6427 13.5193 -88.3753

21.1227 10.1893 -89.6273
19.2927 9.09127 -92.8323
19.4337 5.31127 -92.2973
17.5627 5.15027 -88.9123
13.9897 3.92227 -88.4053

11.1937 6.30927 -87.2513
11.5127 4.64727 -83.7883
15.3347 5.10627 -83.4993
14.7837 8.80827 -84.4703
12.1947 9.16127 -81.5953
14.5627 7.34127 -79.1583
17.5117 9.63327 -80.1153
15.1607 12.6713 -79.6593
14.1457 11.4693 -76.1353
17.8607 10.8883 -75.3283
18.8307 14.4093 -76.6003
16.0037 15.9483 -74.4853
16.9587 13.9993 -71.2873
20.6917 14.9163 -71.8543
19.6417 18.6063 -72.2143
17.9907 18.4173 -68.7543
21.1507 16.8363 -67.1853
23.4507 19.3973 -68.9133
21.4517 22.3713 -67.4673
21.3987 21.1753 -63.7693
24.6857 22.9283 -62.6323
23.7487 26.3613 -64.1043
20.0637 26.0063 -63.0643
21.4047 25.4583 -59.4933
23.8767 28.4013 -59.8803
20.9497 30.6523 -60.9633
18.6377 29.5003 -58.0733
21.4427 30.2683 -55.5623
22.0967 33.7183 -57.1873
18.3477 34.5153 -56.7113
18.4747 33.5043 -52.9863
21.7997 35.3693 -52.3963

20.1417 38.4483 -54.0793
17.6617 38.4333 -51.1053
14.4927 37.1363 -52.8963
11.7987 36.1833 -50.3683
9.54566 33.8343 -52.4923

9.76466 32.2393 -55.9733
8.59666 29.1633 -57.9443
10.9667 26.8013 -59.8193
9.38066 24.7343 -62.6233

11.0017 21.5793 -64.0943
9.61966 18.2783 -65.5713
12.4977 15.7343 -65.5163

12.6287 14.0503 -62.0633
16.4917 14.2523 -62.0053
16.2617 18.1093 -62.2473
13.6587 18.2943 -59.4033
15.8197 15.8593 -57.3173
19.0847 17.8413 -57.8713
17.4077 21.2203 -57.0253
15.8547 19.7913 -53.7863
19.1907 18.1583 -52.7563
21.1327 21.4613 -53.1763
18.4467 23.4743 -51.2683
18.6647 20.8833 -48.4033
22.5267 21.1073 -48.5183

22.2387 24.9623 -48.2623
19.5707 24.5303 -45.4613
16.9927 26.4903 -47.5633
13.3887 25.8033 -46.4943

11.3857 24.8123 -49.6053
8.30066 22.8443 -50.7713
8.22266 20.1273 -53.4873
5.22066 19.0263 -55.6313

5.48666 16.3043 -58.3293
3.65366 13.2083 -59.7433
4.23166 11.2913 -56.4343
2.79766 14.0403 -54.1183
-0.715342 13.0353 -52.9293
-3.87834 15.1313 -53.5853
-4.25134 16.2393 -49.8973

-0.493342 16.8813 -49.3103
-0.502342 19.1063 -52.4773
-3.06334 21.4383 -50.8133
-1.21434 21.3833 -47.4293
2.22166 22.1713 -49.0373
0.480658 24.9403 -51.0603
-0.853342 26.4283 -47.7603
2.62366 26.0453 -46.1073
4.27166 28.0613 -48.9753
1.42366 30.6613 -48.9253
1.34966 31.2253 -45.1143

4.98266 30.5623 -43.9803
7.56666 33.3443 -44.6663
10.3697 30.7163 -44.2163
9.55866 28.7123 -47.3943
11.5277 30.6933 -50.0153

11.3857 28.1693 -52.9283
8.62566 25.9983 -54.4073
10.0877 23.1363 -56.5373
7.23166 22.2263 -58.9103
6.65766 19.6983 -61.6983

5.34566 21.5943 -64.7993
2.91666 18.6843 -65.5083
1.85366 17.8353 -61.9113
1.36666 21.4293 -60.5443
-0.355342 22.9583 -63.6773
-3.81634 22.4843 -61.9893
-5.81434 23.4403 -58.8383
-3.04734 25.2063 -56.8433
-2.59834 28.9783 -56.1583
0.854658 30.5213 -55.4493
0.0176583 34.2563 -55.0033
2.72766 34.5883 -52.2503
5.51166 34.5233 -54.9233
6.39566 37.3283 -57.4203

8.84266 35.2513 -59.5623
8.53366 32.0873 -61.7043
11.7007 30.3203 -62.9893
11.3237 27.6873 -65.7333

14.4837 25.5643 -65.2893
13.2747 23.5443 -68.3203
11.2637 24.3473 -71.4683
8.07066 22.3823 -72.2643
6.98466 21.8283 -75.9313
3.33866 22.8003 -75.1863

2.79866 26.5773 -74.5383
-0.674342 26.0293 -72.9753
1.02666 24.1623 -70.0553
3.64566 26.9583 -69.6403
0.808658 29.5863 -69.4863
-1.07134 27.3463 -66.9513
2.10666 27.3393 -64.7713
2.58066 31.1903 -65.0033

-1.11734 31.6653 -63.9853
-0.443342 29.8183 -60.7013
1.17766 33.0983 -59.4363
-0.754342 35.6203 -61.5813
-4.13834 35.1273 -59.7573
-6.67834 37.3013 -57.8743
-4.75434 38.2433 -54.6773
-1.44634 39.0153 -56.4993
-0.217342 42.6153 -55.7853
3.30466 42.5463 -57.3983
4.40766 42.5093 -61.0843

5.02966 38.8283 -61.9073
8.51966 38.0073 -63.2393
8.78166 34.9563 -65.5743
12.3427 33.7043 -66.3153
12.8467 31.0203 -69.0273
16.2667 29.3253 -68.5193
17.7997 28.3093 -71.9223

21.1887 26.8093 -72.9443
22.8897 27.3283 -76.3733
23.9957 23.9633 -77.8973
20.9727 21.9883 -76.4793
17.3007 20.9883 -77.1053

16.2887 24.5723 -76.0263
17.6077 25.9163 -79.4103
14.8277 23.9083 -81.2203
12.1287 23.9853 -78.4863
12.0927 27.7993 -78.0663
11.2817 28.6413 -81.7803
8.69666 25.7543 -81.7303
6.98766 27.1913 -78.5863
7.00066 30.7043 -80.2033
5.30766 29.6213 -83.4853
2.70666 27.6963 -81.3703
1.86466 30.8313 -79.2513
1.50466 32.8233 -82.5233
-0.968342 30.1783 -83.8883
-2.89034 30.4443 -80.5563
-2.87534 34.3083 -80.7203
-4.10234 34.3923 -84.3903

-6.97534 32.0703 -83.2733
-7.77534 34.6123 -80.4283
-6.69934 32.0113 -77.7843
-3.67934 33.9183 -76.3083
-2.50434 37.5333 -75.7363
0.953658 36.0943 -75.0013
3.42766 37.2303 -77.6463
6.86766 35.5583 -77.1733
8.75266 37.3643 -80.0623

9.75866 40.4533 -77.9803
11.8067 38.2643 -75.5373
14.1537 36.9473 -78.3163
15.0047 40.3443 -79.8753

16.2697 41.3033 -76.3453
18.7547 38.3303 -75.9223

End chain 1
