-15.709 -15.0786 -70.6543
-20.8186 -15.6249 -68.6937
-21.8775 -19.3333 -64.7723
-17.827 -22.4954 -62.8117
-11.6585 -18.2407 -68.6937
-10.4565 -3.89036 -58.0717
-14.9684 -1.51128 -56.0143
-17.7129 -3.91692 -51.8997
-11.0661 0.864431 -56.738
-6.13855 -0.867221 -55.0145
-14.5161 -3.77937 -47.4008
-4.56394 -2.39463 -51.8772
-10.6149 5.1974 -51.1522
-15.9693 -1.72126 -47.3824
-6.07066 2.36526 -49.8956
-8.52853 4.24892 -52.4635
-1.25565 1.08916 -47.1842
-3.34319 4.76408 -50.7038
-12.3269 8.64814 -16.8254
-6.71565 2.22585 -35.3618
-9.87254 12.1663 -17.4082
-8.74266 17.5445 -17.6275
-10.8131 20.6262 -21.6853
-13.4514 21.5705 -16.0444
-16.6101 12.5977 -16.555
-15.7604 17.1902 -13.6504
-13.2433 18.6924 -12.93
-11.0522 14.0057 -14.7968
-21.9778 15.0723 -14.0932
-18.706 19.2257 -12.5783
-3.28884 5.53471 -34.1963
-13.4438 14.5505 -35.7323
-2.83737 8.38811 -41.6615
-1.93381 13.539 -39.9581
-0.820185 17.8852 -40.4583
-0.497549 12.6379 -42.0744
-17.1104 26.6378 -40.0213
-19.3322 22.0395 -44.3304
-14.8875 24.2596 -41.9713
-12.9576 22.1948 -37.253
-17.1093 19.6613 -46.2804
-12.6646 21.8814 -43.9213
-10.7347 19.8166 -39.203
-19.6241 15.3764 -43.9213
-14.8864 17.2831 -48.2304
-10.4417 19.5032 -45.8712
-24.5427 25.1112 -41.1448
-25.8601 19.9949 -39.6159
-26.0493 22.8573 -35.1776
-20.8659 29.2797 -32.7881
-22.4918 26.5653 -28.2894
-23.5192 28.9916 -29.9407
-22.2219 28.2052 -24.654
-4.87998 22.6886 -23.8317
-3.90436 27.3989 -26.4982
-8.72801 22.9353 -36.1478
-11.4113 23.1074 -25.4815
-10.4357 27.8177 -28.1481
-9.09405 27.7317 -33.4812
-0.684227 22.5474 -36.4677
1.48112 25.1309 -32.1218
-1.71765 26.5024 -27.8631
3.29929 20.4186 -32.0634
1.10212 17.8161 -27.7449
-3.52516 19.7115 -25.4545
0.580979 13.3019 -27.5234
-3.06344 13.9394 -23.4538
-4.81642 18.9724 -22.0954
-8.60614 17.8954 -25.9157
-23.9569 15.0506 -40.3633
-27.5152 11.0318 -39.1644
-24.4663 16.3759 -37.4326
-28.0245 12.357 -36.2337
-26.2489 7.7367 -33.8358
-28.5338 13.6823 -33.3029
-26.7582 9.06195 -30.9051
-25.4849 19.0264 -31.5711
-29.0432 15.0075 -30.3722
-27.2675 10.3872 -27.9743
-29.5525 16.3328 -27.4415
-21.682 2.01234 -41.9512
-26.0083 5.3318 -42.6685
-26.2477 5.94393 -46.3954
-24.8481 11.19 -47.2727
-21.5624 13.7921 -43.7113
-20.1422 9.69332 -49.4076
-18.6631 12.4787 -49.2904
-23.5429 3.37331 -45.5116
-17.7813 1.07073 -37.1055
-21.7865 2.55465 -31.6236
-17.6628 8.11361 -12.8393
-21.8341 4.948 -11.1573
-26.958 6.02811 -12.8393
-17.0906 5.56313 -16.2203
-21.2619 2.39752 -14.5383
-26.3858 3.47763 -16.2203
-20.6896 -0.152957 -17.9193
-25.8135 0.927154 -19.6013
-26.7661 5.17287 -22.9653
-28.9926 7.5705 -24.4751
-30.9047 6.84824 -19.369
-33.9493 15.6299 -17.514
-33.6551 10.8042 -20.1362
-32.0082 10.62 -25.3806
-31.1881 18.4199 -26.8835
-32.2323 22.5829 -23.4442
-29.6252 22.8764 -18.6102
-28.2669 27.0586 -25.5201
-26.5567 27.1474 -20.2935
-26.0565 22.446 -17.4834
-29.4769 22.2684 -27.9366
-20.7028 25.6249 -24.1797
-19.1176 25.5433 -21.376
-6.58959 7.98448 -23.4809
-10.184 7.57923 -19.3377
-12.9445 2.26564 -20.5972
-11.9728 -1.47828 -25.6043
-4.51128 5.38282 -29.8765
-3.49863 2.84463 -25.1034
-7.22939 -0.585919 -22.9673
-0.357069 -0.263695 -23.3169
-4.4811 -3.31799 -21.3386
-9.69421 -1.8079 -22.2292
-1.44615 4.30068 -26.1858
-10.6969 -0.847507 -38.9488
-14.226 -0.417199 -34.7524
-16.5671 -4.93017 -32.6542
-15.379 -9.87345 -34.7524
-8.03187 -1.17245 -36.6743
-11.561 -0.742143 -32.4779
-13.9021 -5.25511 -30.3797
-12.714 -10.1984 -32.4779
-11.2371 -5.58006 -28.1051
-10.049 -10.5233 -30.2033
-3.22538 -11.9874 -36.1014
-18.662 -11.8653 -56.772
-20.6693 -13.884 -52.0661
-18.6103 -11.8132 -50.2995
-16.5513 -9.7425 -48.533
-14.4923 -7.67177 -46.7664
-12.4333 -5.60104 -44.9999
-3.6708 -10.2993 -49.7058
-10.3742 -3.53031 -43.2333
-1.61178 -8.22857 -47.9392
-17.6294 -18.7584 -58.92
-21.3308 -21.7808 -56.8181
-19.2167 -20.0671 -61.5977
-16.5749 -15.2507 -61.8667
5.86381 -17.6549 -42.0265
5.44901 -15.4442 -38.1588
-22.8084 -23.0781 -49.8462
-24.6329 -18.6734 -47.1039
-25.0187 -18.8141 -41.6192
-23.58 -23.3594 -38.8769
-19.3871 -21.8306 -49.5735
-21.2117 -17.426 -46.8312
-21.5975 -17.5667 -41.3466
-20.1587 -22.112 -38.6043
-17.7904 -16.1786 -46.5586
-18.1762 -16.3192 -41.0739
-16.7375 -20.8645 -38.3316
-14.755 -15.0718 -40.8013
-11.4917 -24.0217 -40.8013
-11.3337 -13.8243 -40.5286
-3.05248 -15.8747 -37.241
-22.8363 -30.4609 -47.9533
9.1459 -30.264 -46.216
10.1727 -30.9736 -41.2321
7.28102 -37.1406 -40.8777
8.16421 -36.4158 -35.4977
-6.35982 -13.8744 -29.5482
-4.21054 -16.101 -30.2999
-7.18675 -19.876 -27.6276
-2.06127 -18.3275 -31.0515
-5.03748 -22.1026 -28.3792
-9.81681 -24.0097 -36.3961
-0.813562 -19.6201 -37.1478
0.0880042 -20.5541 -31.8032
-2.8882 -24.3291 -29.1309
-2.54206 -24.6877 -40.5717
1.33571 -21.8466 -37.8994
2.23728 -22.7806 -32.5548
-0.738928 -26.5557 -29.8825
4.38655 -25.0071 -33.3065
1.41035 -28.7822 -30.6342
-13.6072 -13.9431 -33.7749
-13.8072 -20.7674 -24.7642
-17.5369 -18.1427 -27.8385
-19.8289 -20.53 -26.9711
-21.145 -22.7711 -31.8183
-17.4771 -22.8105 -35.9164
-19.7359 -29.8977 -32.9122
-14.5976 -34.7697 -29.3888
-0.386491 -34.7854 -31.1704
-8.56792 -37.0329 -32.603
-6.53531 -32.6932 -29.9039
-5.95467 -38.5252 -33.5209
4.69423 -39.9045 -35.1123
0.0620604 -41.2262 -32.4579
4.00185 -44.9102 -37.3927
2.975 -43.0444 -42.4636
-3.2165 -48.1444 -42.3976
0.327198 -47.4891 -38.2427
-6.631 -49.5721 -40.1391
-5.62811 -48.2571 -34.8936
-2.53896 -43.8654 -33.7017
-9.34405 -46.0943 -38.4248
-9.81901 -42.5562 -34.2408
-13.3161 -44.7888 -38.2629
-18.0809 -37.717 -40.8952
-15.2565 -41.1546 -37.6617
-17.6824 -39.3714 -38.2832
-16.5744 -38.1284 -33.0414
4.21055 -40.5195 -43.9794
1.07685 -46.262 -49.4348
-2.86525 -48.5846 -46.1595
-8.43614 -45.6473 -53.2215
-5.22546 -47.6055 -49.2081
-12.6364 -45.6565 -45.4525
-14.5092 -44.416 -44.2395
-10.6557 -40.1137 -54.3808
-13.8929 -40.6036 -56.1349
-17.415 -43.1109 -52.7352
-16.366 -43.3007 -47.3395
-19.3289 -38.2435 -44.8986
-19.9713 -38.1437 -50.3601
-21.2389 -35.5649 -51.1431
-19.5683 -35.7972 -45.9081
9.4098 -33.2953 -52.0098
8.03172 -27.15 -50.7157
8.97126 -31.5854 -56.0804
6.83715 -31.5836 -64.8833
10.5908 -33.0707 -61.1485
1.11433 -38.8798 -63.6222
5.8364 -36.2137 -64.5408
-1.72583 -39.0068 -65.147
1.95624 -43.0782 -65.4877
7.30721 -42.0118 -64.7949
8.97611 -36.874 -63.7614
-11.6388 -36.924 -59.2831
-6.17245 -34.2726 -61.3219
-5.58491 -29.2676 -53.2376
-8.14853 -33.3193 -50.5429
-8.73606 -38.3243 -58.6271
-3.26973 -35.673 -60.6659
-2.6822 -30.668 -52.5816
-5.83335 -39.7247 -57.9711
-2.93063 -41.125 -57.3151
-0.0279132 -42.5253 -56.6591
-18.6803 -32.8096 -59.2997
11.2813 -27.7397 -56.7188
-3.74077 -30.6398 -62.9953
5.65638 -29.3343 -66.3882
-14.5924 -23.9867 -60.4345
-12.6815 -19.7984 -63.4439
-12.6277 -30.7651 -66.8582
-14.8733 -26.246 -64.6706
-12.793 -30.0734 -70.6506
-13.1783 -24.6413 -71.4211
-11.3302 -21.1793 -67.5677
-10.7031 -23.7949 -72.058
-5.30051 -22.7651 -72.0969
-7.04387 -26.2702 -74.7476
-11.0452 -33.979 -69.0975
-11.0329 -30.2029 -73.0963
5.80642 -19.9862 -78.6944
3.89798 -23.255 -78.3491
-0.089415 -20.6376 -75.6104
1.98954 -26.5237 -78.0037
-1.99785 -23.9064 -75.2651
0.0811038 -29.7925 -77.6583
4.32047 -31.9783 -74.9197
4.57245 -31.5467 -69.4425
-3.90629 -27.1751 -74.9197
12.335 -17.4142 -78.1685
15.457 -18.6816 -73.8215
11.3768 -27.6201 -82.9491
6.52869 -28.586 -80.5382
19.4514 -33.0922 -76.3893
13.5279 -35.7358 -83.366
18.6432 -35.0526 -81.4641
18.985 -31.6511 -80.4305
14.6083 -30.5039 -83.5576
12.0054 -34.5431 -86.2333
13.7792 -39.7297 -85.7819
18.1559 -40.8769 -82.6548
20.7588 -36.8377 -79.9791
17.8152 -28.5434 -73.3591
16.8601 -31.1823 -68.629
9.89167 -36.44 -69.7718
5.89041 -33.4995 -72.1368
10.9663 -29.2156 -65.2125
16.4739 -24.6528 -65.2299
17.699 -25.4448 -70.5329
16.7686 -20.3811 -71.5382
14.7715 -23.6669 -75.4707
14.0686 -16.5913 -70.1789
-12.396 -16.5983 -64.3971
-11.8417 -11.6113 -62.1449
-9.83855 -16.0553 -66.2289
-9.2842 -11.0683 -63.9767
-6.197 -10.4128 -59.4723
-7.2811 -15.5123 -68.0608
-6.72675 -10.5253 -65.8086
-3.63955 -9.8698 -61.3042
-4.74824 -19.8438 -65.8086
-4.72364 -14.9693 -69.8926
-4.16929 -9.98227 -67.6404
-1.08209 -9.3268 -63.136
0.896408 -18.6454 -63.136
-2.19079 -19.3008 -67.6404
-2.16619 -14.4263 -71.7244
-1.61184 -9.43928 -69.4722
1.47536 -8.78381 -64.9678
0.945612 -8.89628 -71.3041
4.03281 -8.24081 -66.7997
-8.01029 -12.4865 -57.8609
0.328414 -9.09155 -59.5472
-3.29151 -7.406 -55.765
-3.18236 -4.68612 -55.8905
-1.58849 -1.79762 -55.4465
0.104372 2.65526 -52.6976
6.1867 0.224955 -52.5065
0.14644 -0.00121381 -43.5706
1.78668 -4.43862 -40.7654
10.7226 3.11171 -47.7935
7.94825 4.52426 -43.2594
3.53779 1.62213 -41.7181
9.74295 3.98941 -39.4824
7.8598 -0.640954 -37.1882
13.8302 2.93912 -41.4715
32.9944 -13.4599 -58.5256
30.3185 -6.87286 -48.3586
19.2755 -6.81948 -54.0126
17.9031 -11.447 -51.3758
23.459 -3.55267 -46.1021
22.0535 -2.87233 -51.3758
44.1463 -19.2377 -56.939
46.0521 -22.3669 -43.5721
31.859 -29.4936 -71.3585
27.9627 -31.1882 -67.866
33.6624 -28.7093 -68.966
29.7661 -30.4039 -65.4735
33.5654 -39.1397 -65.4735
39.3136 -31.4457 -68.3197
35.4658 -27.925 -66.5735
31.5695 -29.6196 -63.0811
39.2651 -36.6609 -66.5735
41.117 -30.6614 -65.9273
37.2691 -27.1407 -64.181
37.1722 -37.5711 -60.6886
41.0685 -35.8766 -64.181
42.9204 -29.877 -63.5348
38.9755 -36.7868 -58.2961
42.8719 -35.0922 -61.7886
44.7237 -29.0927 -61.1423
40.7789 -36.0025 -55.9036
44.6752 -34.3079 -59.3961
46.5271 -28.3084 -58.7498
42.6793 -24.7878 -57.0036
42.5823 -35.2182 -53.5112
46.4786 -33.5236 -57.0036
48.3305 -27.5241 -56.3574
40.5379 -30.9132 -49.3725
44.3857 -34.4339 -51.1187
48.282 -32.7393 -54.6111
39.2463 -36.4177 -73.1539
38.7094 -38.9016 -68.2762
34.981 -33.7345 -75.3579
28.3374 -34.1217 -72.3608
27.8363 -37.8721 -76.3525
32.113 -41.0668 -77.6769
36.8908 -40.5111 -75.0096
29.4386 -40.007 -77.4004
31.3077 -45.119 -76.6105
34.6241 -46.2084 -72.3603
36.0716 -42.1858 -68.9
35.6092 -41.2158 -65.0267
34.845 -45.2735 -68.6601
39.0376 -6.85293 -36.0546
42.8872 -10.2795 -34.134
41.5913 -13.9965 -30.2929
36.4457 -14.2869 -28.3723
38.3185 -8.91548 -38.2931
42.1681 -12.3421 -36.3725
40.8722 -16.059 -32.5313
37.5994 -10.978 -40.5316
41.449 -14.4046 -38.611
40.1531 -18.1216 -34.7698
31.1579 -14.9854 -34.7698
36.8803 -13.0406 -42.77
40.7299 -16.4672 -40.8495
39.434 -20.1841 -37.0083
30.4388 -17.048 -37.0083
31.7347 -13.331 -40.8495
40.0108 -18.5297 -43.0879
38.7149 -22.2467 -39.2468
29.7197 -19.1105 -39.2468
31.0156 -15.3935 -43.0879
37.9958 -24.3092 -41.4852
37.2767 -26.3718 -43.7237
36.5576 -28.4343 -45.9622
37.1344 -26.7799 -52.0418
35.8385 -30.4969 -48.2006
35.1194 -32.5594 -50.4391
34.4003 -34.622 -52.6776
29.2547 -34.9124 -50.757
25.4051 -31.4858 -52.6776
33.6812 -36.6845 -54.9161
28.5356 -36.9749 -52.9955
24.686 -33.5484 -54.9161
25.9819 -29.8314 -58.7572
32.9621 -38.7471 -57.1545
27.8165 -39.0375 -55.234
23.9669 -35.6109 -57.1545
25.2628 -31.8939 -60.9957
32.243 -40.8096 -59.393
27.0974 -41.1 -57.4724
23.2478 -37.6735 -59.393
24.5437 -33.9565 -63.2342
31.5239 -42.8722 -61.6315
26.3783 -43.1626 -59.7109
22.5287 -39.736 -61.6315
23.8246 -36.019 -65.4727
30.8048 -44.9347 -63.87
25.6592 -45.2251 -61.9494
21.8096 -41.7986 -63.87
23.1055 -38.0816 -67.7111
32.0142 -2.78704 -36.1143
32.0703 -6.60108 -40.0766
33.4071 -4.14537 -30.9699
32.4371 -10.1835 -27.1357
30.4469 -5.05964 -27.325
28.993 -2.85058 -32.1474
24.801 -4.95079 -35.3314
26.8129 -8.42499 -39.0907
25.8022 -5.79721 -29.9899
24.8482 -3.49539 -31.263
29.898 -12.2554 -26.9314
22.3206 -6.50196 -27.4131
36.4514 -28.467 -26.0709
31.3435 -26.9993 -24.6547
38.564 -26.1503 -31.5319
35.3873 -29.6339 -28.6994
30.2794 -28.1662 -27.2832
37.4999 -27.3172 -34.1604
34.3232 -30.8008 -31.3279
29.2153 -29.3331 -29.9116
30.461 -20.8982 -34.1604
36.4358 -28.4841 -36.7889
33.2591 -31.9676 -33.9564
28.1512 -30.4999 -32.5401
29.3969 -22.0651 -36.7889
35.3717 -29.6509 -39.4174
32.195 -33.1345 -36.5849
27.0871 -31.6668 -35.1686
34.3076 -30.8178 -42.0459
31.1309 -34.3014 -39.2134
26.0231 -32.8336 -37.7971
30.0668 -35.4682 -41.8419
24.959 -34.0005 -40.4256
37.2371 -16.7499 -26.7936
36.3569 -21.1966 -23.6789
31.8242 -22.7418 -20.9886
33.1553 -17.7022 -22.7438
32.6343 -15.9763 -25.2411
24.4048 -28.9385 -31.1093
19.0766 -32.1046 -44.2982
11.9737 -35.4472 -41.0248
16.325 -38.6155 -39.894
21.3263 -36.3677 -39.4654
16.3924 -40.4004 -36.2962
19.7524 -37.6439 -32.9254
20.9131 -32.3599 -33.9165
16.057 -35.0836 -30.1891
9.47569 -37.7809 -32.7743
13.5831 -36.4847 -29.354
10.4522 -37.5984 -36.4954
5.68082 -35.0061 -35.6211
11.5275 -13.1152 -24.1013
12.0224 -11.4222 -29.3108
10.7083 -15.9178 -25.09
11.2032 -14.2248 -30.2995
19.0327 -21.3932 -26.0786
14.2134 -20.9033 -23.4739
9.88906 -18.7205 -26.0786
10.3839 -17.0274 -31.2881
18.2135 -24.1958 -27.0673
13.3942 -23.706 -24.4625
9.06983 -21.5231 -27.0673
9.56471 -19.8301 -32.2768
17.3943 -26.9985 -28.0559
12.575 -26.5086 -25.4512
8.2506 -24.3257 -28.0559
16.575 -29.8011 -29.0446
7.92626 -25.4353 -34.2541
13.0566 -15.1824 -20.7949
13.8639 -10.4193 -23.3811
18.5072 -14.708 -19.4559
18.5817 -19.9349 -21.1659
18.2296 -10.6185 -23.1232
25.9352 -12.0257 -23.5957
22.4933 -15.2033 -20.7136
28.598 -13.4046 -24.0984
21.7025 -25.0875 -26.212
10.9719 -27.835 -47.9438
13.0468 -31.9904 -44.9981
9.30784 -23.9081 -48.6115
4.24712 -22.3113 -42.9092
5.68234 -19.8872 -43.8664
6.08608 -18.8235 -35.0399
6.1126 -15.6767 -34.5778
13.1229 -9.06542 -31.3087
15.195 -6.7913 -31.0444
21.6753 -17.3958 -52.1642
20.2246 -29.2779 -51.9779
23.1176 -28.0185 -56.4828
20.6825 -28.9863 -60.3151
21.5679 -29.781 -54.9453
18.9195 -15.7238 -51.3927
19.8661 -20.4069 -48.6684
8.98431 -18.2649 -42.1042
5.08601 -3.86646 -39.3341
4.60627 -6.32864 -34.4394
6.1634 -11.5686 -33.8326
7.67717 -5.98151 -30.561
13.1996 1.7067 -36.6648
16.7398 -1.09004 -33.519
20.7686 -3.28779 -33.0009
18.2812 0.789875 -35.7277
29.1429 -10.3044 -45.0771
24.9357 -6.49457 -42.0103
38.5078 -19.8058 -62.1706
36.8024 -22.7416 -64.218
9.87483 -8.02938 -66.7623
11.0905 -13.8019 -68.905
12.5835 -9.25028 -66.2026
15.2923 -10.4712 -65.6428
16.5079 -16.2437 -67.7854
18.001 -11.6921 -65.083
19.2166 -17.4646 -67.2256
20.7097 -12.913 -64.5232
16.7951 -21.5978 -64.5232
21.9253 -18.6855 -66.6659
23.4184 -14.1339 -63.9634
19.5039 -22.8187 -63.9634
24.634 -19.9064 -66.1061
26.1271 -15.3548 -63.4036
25.1987 -14.9363 -57.9987
22.2126 -24.0396 -63.4036
27.3427 -21.1273 -65.5463
28.8358 -16.5757 -62.8438
27.9074 -16.1572 -57.4389
24.9213 -25.2605 -62.8438
30.0514 -22.3482 -64.9865
31.5445 -17.7966 -62.284
5.7242 -6.34839 -60.5407
10.3699 -3.84754 -58.7756
12.0181 -4.44215 -53.5622
12.4654 -9.46902 -51.3758
15.845 -6.16383 -52.6036
14.5105 -7.92234 -63.3637
15.9822 -3.91369 -59.8975
28.7366 -7.91892 -66.8915
29.2565 -12.863 -64.5386
31.0148 -3.50036 -64.5386
25.4825 -2.46137 -61.1331
27.4472 -0.752525 -61.8561
31.6234 -7.83426 -64.7584
