-15.709 -15.0786 -70.6543
-20.8186 -15.6249 -68.6937
-21.8775 -19.3333 -64.7723
-17.827 -22.4954 -62.8117
-12.7174 -21.9491 -64.7723
-11.6585 -18.2407 -68.6937
-10.4565 -3.89036 -58.0717
-14.9684 -1.51128 -56.0143
-17.7129 -3.91692 -51.8997
-15.9455 -8.70164 -49.8423
-11.4336 -11.0807 -51.8997
-8.68909 -8.67508 -56.0143
-11.0661 0.864431 -56.738
-5.77543 -5.13765 -51.5675
-6.13855 -0.867221 -55.0145
-14.5161 -3.77937 -47.4008
-10.1291 -6.2279 -45.1627
-5.15306 -5.53553 -47.4008
-4.56394 -2.39463 -51.8772
-10.6149 5.1974 -51.1522
-15.9693 -1.72126 -47.3824
-6.07066 2.36526 -49.8956
-8.52853 4.24892 -52.4635
-4.35347 -3.10092 -45.4245
-1.25565 1.08916 -47.1842
-3.34319 4.76408 -50.7038
-12.3269 8.64814 -16.8254
-8.51333 11.5227 -24.1536
-10.4565 6.50738 -23.0042
-8.58606 4.36661 -29.183
-6.71565 2.22585 -35.3618
-9.87254 12.1663 -17.4082
-8.74266 17.5445 -17.6275
-10.8131 20.6262 -21.6853
-16.6101 12.5977 -16.555
-15.7604 17.1902 -13.6504
-13.2433 18.6924 -12.93
-11.0522 14.0057 -14.7968
-21.9778 15.0723 -14.0932
-3.28884 5.53471 -34.1963
-13.4438 14.5505 -35.7323
-7.41337 9.19658 -28.251
-17.1104 26.6378 -40.0213
-19.3322 22.0395 -44.3304
-14.8875 24.2596 -41.9713
-12.9576 22.1948 -37.253
-17.1093 19.6613 -46.2804
-12.6646 21.8814 -43.9213
-10.7347 19.8166 -39.203
-19.6241 15.3764 -43.9213
-14.8864 17.2831 -48.2304
-10.4417 19.5032 -45.8712
-24.5427 25.1112 -41.1448
-25.8601 19.9949 -39.6159
-26.0493 22.8573 -35.1776
-20.8659 29.2797 -32.7881
-22.4918 26.5653 -28.2894
-23.5192 28.9916 -29.9407
-22.2219 28.2052 -24.654
-4.87998 22.6886 -23.8317
-8.72801 22.9353 -36.1478
-9.09405 27.7317 -33.4812
-0.684227 22.5474 -36.4677
1.48112 25.1309 -32.1218
3.29929 20.4186 -32.0634
-3.52516 19.7115 -25.4545
-3.06344 13.9394 -23.4538
-4.81642 18.9724 -22.0954
-21.8002 24.3882 -22.6024
-8.60614 17.8954 -25.9157
-23.9569 15.0506 -40.3633
-27.5152 11.0318 -39.1644
-24.4663 16.3759 -37.4326
-28.0245 12.357 -36.2337
-26.2489 7.7367 -33.8358
-28.5338 13.6823 -33.3029
-26.7582 9.06195 -30.9051
-25.4849 19.0264 -31.5711
-29.0432 15.0075 -30.3722
-27.2675 10.3872 -27.9743
-25.9942 20.3516 -28.6404
-29.5525 16.3328 -27.4415
-21.682 2.01234 -41.9512
-26.0083 5.3318 -42.6685
-26.2477 5.94393 -46.3954
-24.8481 11.19 -47.2727
-21.5624 13.7921 -43.7113
-20.1422 9.69332 -49.4076
-18.6631 12.4787 -49.2904
-23.5429 3.37331 -45.5116
-13.5379 1.03044 -26.7234
-17.7813 1.07073 -37.1055
-21.7865 2.55465 -31.6236
-17.6628 8.11361 -12.8393
-21.8341 4.948 -11.1573
-26.958 6.02811 -12.8393
-17.0906 5.56313 -16.2203
-21.2619 2.39752 -14.5383
-26.3858 3.47763 -16.2203
-20.6896 -0.152957 -17.9193
-25.8135 0.927154 -19.6013
-26.7661 5.17287 -22.9653
-28.9926 7.5705 -24.4751
-30.9047 6.84824 -19.369
-30.9495 20.0873 -25.3806
-33.9493 15.6299 -17.514
-33.6551 10.8042 -20.1362
-32.0082 10.62 -25.3806
-33.6024 21.4087 -22.9104
-34.8825 17.9529 -18.8276
-28.3442 22.1382 -24.3489
-32.0841 18.3276 -15.2282
-25.7667 25.1594 -21.0948
-30.5641 26.9166 -19.0581
-33.7227 23.5007 -16.1249
-27.2356 29.4269 -15.9863
-27.6909 27.2706 -10.9472
-29.5117 22.1195 -10.3145
-23.4728 21.9187 -8.5182
-27.4261 18.7503 -10.6588
-24.8029 28.2825 -15.4812
-22.6275 26.1585 -19.5088
-15.0546 20.0366 -11.1384
-20.2733 20.8569 -9.6079
-21.5447 27.4737 -8.14346
-18.4531 22.9911 -7.37025
-22.9242 29.0175 -13.2389
-17.7124 30.7497 -17.8807
-15.6495 32.5995 -13.1296
-15.4214 29.2779 -8.75186
-12.1647 33.7295 -13.1368
-8.90176 29.819 -11.0603
-10.6777 24.6216 -10.7734
-10.1846 21.1208 -16.939
-6.98283 25.2986 -15.3441
-8.63114 31.9876 -17.7886
-17.0499 27.9233 -19.6204
-13.96 32.4401 -19.0726
-14.9954 31.7682 -25.7138
-12.4988 33.9866 -21.3439
-12.7336 23.0594 -22.5849
-5.50822 32.7697 -21.8459
-3.55297 27.6789 -21.1314
-10.1227 29.8993 -29.67
-8.79309 33.8799 -26.1152
-4.42404 36.2491 -28.9646
-6.8222 35.0193 -24.1702
-4.44841 32.5894 -33.0702
0.678953 21.9322 -24.7505
-0.686742 25.4407 -20.7411
7.03118 29.8105 -35.9865
3.70741 25.9438 -33.9247
5.4389 22.7427 -29.801
5.77602 32.131 -33.6582
2.45225 28.2643 -31.5963
4.18374 25.0632 -27.4726
9.23901 25.7288 -25.4108
4.52086 34.4515 -31.3299
7.98385 28.0493 -23.0825
11.3076 31.9159 -25.1443
9.57613 35.117 -29.268
13.3571 32.8252 -28.3779
17.6426 29.3783 -28.3231
17.3388 24.5705 -30.977
1.90219 24.6926 -51.6476
-0.105094 22.6739 -46.9417
3.96119 26.7633 -49.881
1.9539 24.7446 -45.1751
10.4014 26.485 -50.4674
6.02019 28.8341 -48.1145
4.0129 26.8154 -43.4086
12.4604 28.5557 -48.7009
8.07918 30.9048 -46.3479
6.0719 28.8861 -41.642
14.5194 30.6265 -46.9343
10.1382 32.9756 -44.5814
8.13089 30.9568 -39.8755
16.8934 26.2586 -44.5814
16.5784 32.6972 -45.1678
12.1972 35.0463 -42.8148
10.1899 33.0276 -38.1089
18.9524 28.3294 -42.8148
2.93484 17.7995 -53.7956
-0.766521 14.7771 -51.6937
1.34752 16.4908 -56.4733
3.98938 21.3072 -56.7423
26.428 18.903 -36.9021
26.0132 21.1137 -33.0344
-2.24414 13.4798 -44.7218
-3.01575 13.1985 -33.7525
1.1771 14.7273 -44.4491
-0.647454 19.1319 -41.7068
0.405493 14.4459 -33.4799
2.77379 20.3793 -41.4342
2.38798 20.2387 -35.9495
3.82673 15.6934 -33.2072
5.80922 21.4861 -35.6769
9.07252 12.5362 -35.6769
9.23046 22.7336 -35.4042
17.5117 20.6832 -32.1166
-2.27209 6.09705 -42.829
29.7101 6.29384 -41.0916
30.7368 5.58425 -36.1077
27.8452 -0.582766 -35.7533
28.7284 0.142109 -30.3733
14.2043 22.6835 -24.4238
16.3536 20.4569 -25.1755
13.3774 16.6819 -22.5032
18.5029 18.2304 -25.9271
15.5267 14.4553 -23.2548
10.7473 12.5483 -31.2717
19.7506 16.9378 -32.0234
20.6522 16.0038 -26.6788
17.676 12.2288 -24.0065
18.0221 11.8702 -35.4473
21.8999 14.7113 -32.775
22.8014 13.7773 -27.4304
19.8252 10.0022 -24.7581
24.9507 11.5507 -28.1821
21.9745 7.77568 -25.5098
6.75699 15.7905 -19.6398
3.02738 18.4152 -22.7141
0.735348 16.0279 -21.8467
-0.580787 13.7868 -26.6939
3.08721 13.7474 -30.792
0.828319 6.66017 -27.7878
5.96662 1.78819 -24.2644
20.1777 1.77248 -26.046
11.9962 -0.475 -27.4786
14.0289 3.8647 -24.7795
14.6095 -1.96731 -28.3965
25.2584 -3.3466 -29.9879
20.6262 -4.66832 -27.3335
24.566 -8.35239 -32.2683
23.5392 -6.48659 -37.3392
17.3477 -11.5865 -37.2732
20.8914 -10.9312 -33.1183
13.9332 -13.0142 -35.0147
14.9361 -11.6992 -29.7692
18.0252 -7.30757 -28.5773
11.2201 -9.5364 -33.3004
10.7451 -5.99834 -29.1164
7.24807 -8.23084 -33.1385
2.48331 -1.15917 -35.7708
5.30777 -4.59674 -32.5373
2.8818 -2.81354 -33.1588
3.98982 -1.57052 -27.917
24.7747 -3.96165 -38.855
21.641 -9.70417 -44.3104
17.6989 -12.0268 -41.0351
12.128 -9.08939 -48.0971
15.3387 -11.0476 -44.0837
7.92778 -9.09864 -40.328
6.05497 -7.85817 -39.1151
9.90844 -3.5558 -49.2564
6.67132 -4.04576 -51.0105
3.14922 -6.55307 -47.6108
4.19823 -6.74285 -42.2151
1.2353 -1.68562 -39.7742
0.592895 -1.58584 -45.2357
0.995962 0.7607 -40.7837
29.974 3.26259 -46.8854
28.5959 9.40788 -45.5913
29.5354 4.97244 -50.956
27.4013 4.9743 -59.7589
31.1549 3.48717 -56.0241
21.6785 -2.32195 -58.4978
26.4006 0.344206 -59.4164
18.8383 -2.4489 -60.0226
22.5204 -6.52031 -60.3633
27.8714 -5.45394 -59.6705
29.5403 -0.316176 -58.637
8.92541 -0.366141 -54.1587
14.3917 2.28523 -56.1975
14.9793 7.29022 -48.1132
12.4157 3.23853 -45.4185
11.8281 -1.76647 -53.5027
17.2944 0.884899 -55.5415
17.882 5.8899 -47.4572
14.7308 -3.16679 -52.8467
17.6335 -4.56712 -52.1907
20.5362 -5.96745 -51.5347
1.88391 3.74829 -54.1753
31.8455 8.81817 -51.5944
16.8234 5.91807 -57.8709
26.2206 7.22357 -61.2638
5.97177 12.5712 -55.3102
7.88267 16.7595 -58.3196
7.93656 5.79275 -61.7338
5.69081 10.3117 -59.5463
7.77121 6.4844 -65.5262
7.3859 11.9165 -66.2967
9.23403 15.3786 -62.4433
9.86106 12.763 -66.9336
15.2637 13.7927 -66.9725
13.5203 10.2876 -69.6232
9.51893 2.57881 -63.9731
9.53127 6.35495 -67.9719
26.3706 16.5717 -73.57
24.4621 13.3029 -73.2247
20.4747 15.9203 -70.486
22.5537 10.0342 -72.8793
18.5663 12.6515 -70.1407
20.6453 6.7654 -72.5339
24.8846 4.57962 -69.7953
25.1366 5.01119 -64.3181
16.6579 9.38275 -69.7953
32.8992 19.1437 -73.0441
36.0212 17.8763 -68.6971
31.941 8.93778 -77.8247
27.0929 7.97189 -75.4138
40.0156 3.46567 -71.2649
34.0921 0.822085 -78.2416
39.2074 1.5053 -76.3397
39.5492 4.90672 -75.3061
35.1725 6.05397 -78.4332
32.5696 2.01471 -81.1089
34.3434 -3.1718 -80.6575
38.7201 -4.31906 -77.5304
41.323 -0.2798 -74.8547
38.3794 8.01446 -68.2347
37.4243 5.37553 -63.5046
30.4558 0.117864 -64.6474
26.4546 3.05836 -67.0124
31.5305 7.34226 -60.0881
37.0381 11.9051 -60.1055
38.2632 11.1131 -65.4085
37.3328 16.1768 -66.4139
35.3357 12.8909 -70.3464
34.6328 19.9666 -65.0546
8.16816 19.9596 -59.2727
8.72251 24.9466 -57.0205
10.7256 20.5026 -61.1045
11.28 25.4896 -58.8523
14.3672 26.1451 -54.3479
13.2831 21.0456 -62.9364
13.8374 26.0326 -60.6842
16.9246 26.6881 -56.1798
15.8159 16.7141 -60.6842
15.8405 21.5886 -64.7682
16.3949 26.5756 -62.516
19.4821 27.2311 -58.0116
21.4606 17.9125 -58.0116
18.3734 17.2571 -62.516
18.398 22.1316 -66.6
18.9523 27.1186 -64.3478
22.0395 27.7741 -59.8434
21.5098 27.6616 -66.1797
24.597 28.3171 -61.6753
12.5539 24.0714 -52.7365
20.8926 27.4663 -54.4228
17.2726 29.1519 -50.6406
17.3818 31.8718 -50.7661
18.9757 34.7603 -50.3221
20.6685 39.2132 -47.5732
20.5196 39.2727 -42.0756
26.7509 36.7829 -47.3821
20.7106 36.5567 -38.4462
22.3508 32.1193 -35.641
31.2868 39.6696 -42.6691
28.5124 41.0822 -38.135
24.102 38.18 -36.5937
30.3071 40.5473 -34.358
28.424 35.917 -32.0638
34.3944 39.497 -36.3471
53.5586 23.098 -53.4012
50.8827 29.685 -43.2342
39.8397 29.7384 -48.8882
38.4673 25.111 -46.2514
44.0232 33.0052 -40.9777
42.6177 33.6856 -46.2514
64.7105 17.3202 -51.8146
66.6163 14.191 -38.4477
52.4232 7.06422 -66.2341
48.5269 5.36966 -62.7416
54.2266 7.84853 -63.8416
50.3303 6.15397 -60.3491
54.1296 -2.58188 -60.3491
59.8778 5.11219 -63.1953
56.03 8.63284 -61.4491
52.1337 6.93829 -57.9567
59.8293 -0.103012 -61.4491
61.6812 5.8965 -60.8029
57.8333 9.41715 -59.0566
57.7364 -1.01326 -55.5642
61.6327 0.681299 -59.0566
63.4846 6.68081 -58.4104
59.5397 -0.228944 -53.1717
63.4361 1.46561 -56.6642
65.2879 7.46513 -56.0179
61.3431 0.555368 -50.7792
65.2394 2.24992 -54.2717
67.0913 8.24944 -53.6254
63.2435 11.7701 -51.8792
63.1465 1.33968 -48.3868
67.0428 3.03423 -51.8792
68.8947 9.03375 -51.233
61.1021 5.64464 -44.2481
64.9499 2.12399 -45.9943
68.8462 3.81855 -49.4867
59.8105 0.140166 -68.0295
59.2736 -2.34376 -63.1518
55.5452 2.82338 -70.2335
48.9016 2.43615 -67.2364
48.4005 -1.31427 -71.2281
52.6772 -4.50896 -72.5525
57.455 -3.95323 -69.8852
50.0028 -3.44914 -72.276
51.8719 -8.56116 -71.4861
55.1883 -9.65056 -67.2359
56.6358 -5.62794 -63.7756
56.1734 -4.65798 -59.9023
55.4092 -8.71565 -63.5357
59.6018 29.705 -30.9302
63.4514 26.2784 -29.0096
62.1555 22.5614 -25.1685
57.0099 22.271 -23.2479
58.8827 27.6424 -33.1687
62.7323 24.2159 -31.2481
61.4364 20.4989 -27.4069
58.1636 25.5799 -35.4072
62.0132 22.1533 -33.4866
60.7173 18.4363 -29.6454
51.7221 21.5725 -29.6454
57.4445 23.5173 -37.6456
61.2941 20.0907 -35.7251
59.9982 16.3738 -31.8839
51.003 19.5099 -31.8839
52.2989 23.2269 -35.7251
60.575 18.0282 -37.9635
59.2791 14.3112 -34.1224
50.2839 17.4474 -34.1224
51.5798 21.1644 -37.9635
58.56 12.2487 -36.3608
57.8409 10.1861 -38.5993
57.1218 8.12355 -40.8378
57.6986 9.77798 -46.9174
56.4027 6.061 -43.0762
55.6836 3.99845 -45.3147
54.9645 1.93589 -47.5532
49.8189 1.64548 -45.6326
45.9693 5.07205 -47.5532
54.2454 -0.126658 -49.7917
49.0998 -0.417071 -47.8711
45.2502 3.0095 -49.7917
46.5461 6.72649 -53.6328
53.5263 -2.18921 -52.0301
48.3807 -2.47962 -50.1095
44.5311 0.946949 -52.0301
45.827 4.66393 -55.8713
52.8072 -4.25176 -54.2686
47.6616 -4.54218 -52.348
43.812 -1.1156 -54.2686
45.1079 2.60138 -58.1098
52.0881 -6.31432 -56.5071
46.9425 -6.60473 -54.5865
43.0929 -3.17816 -56.5071
44.3888 0.538828 -60.3483
51.369 -8.37687 -58.7455
46.2234 -8.66728 -56.825
42.3738 -5.24071 -58.7455
43.6697 -1.52372 -62.5867
52.5784 33.7709 -30.9899
52.6345 29.9568 -34.9522
53.9713 32.4125 -25.8455
53.0013 26.3744 -22.0114
51.0111 31.4983 -22.2006
49.5572 33.7073 -27.023
45.3652 31.6071 -30.207
47.3771 28.1329 -33.9663
46.3664 30.7607 -24.8655
45.4124 33.0625 -26.1386
50.4622 24.3025 -21.807
42.8848 30.0559 -22.2887
57.0156 8.09087 -20.9465
51.9077 9.55857 -19.5302
59.1282 10.4076 -26.4075
55.9515 6.924 -23.575
50.8436 8.3917 -22.1587
58.0641 9.2407 -29.036
54.8874 5.75713 -26.2035
49.7795 7.22483 -24.7872
51.0252 15.6597 -29.036
57 8.07383 -31.6645
53.8233 4.59026 -28.832
48.7155 6.05796 -27.4157
49.9611 14.4928 -31.6645
55.9359 6.90696 -34.293
52.7592 3.42339 -31.4605
47.6514 4.89109 -30.0442
54.8719 5.74009 -36.9215
51.6951 2.25652 -34.089
46.5873 3.72421 -32.6727
50.631 1.08964 -36.7175
45.5232 2.55734 -35.3012
57.8013 19.808 -21.6692
56.9211 15.3613 -18.5545
52.3884 13.8161 -15.8642
53.7195 18.8557 -17.6194
53.1985 20.5816 -20.1167
44.969 7.61937 -25.9849
39.6408 4.4533 -39.1738
32.5379 1.11064 -35.9004
36.8892 -2.05765 -34.7696
41.8905 0.190169 -34.341
36.9566 -3.84255 -31.1718
40.3166 -1.086 -27.801
41.4773 4.19801 -28.7921
36.6212 1.47422 -25.0647
30.0399 -1.22305 -27.6499
34.1473 0.0732051 -24.2296
31.0163 -1.04056 -31.371
26.245 1.55173 -30.4967
32.0917 23.4427 -18.9769
32.5866 25.1358 -24.1864
31.2725 20.6401 -19.9656
31.7674 22.3331 -25.1751
39.5969 15.1647 -20.9542
34.7776 15.6546 -18.3495
30.4533 17.8374 -20.9542
30.9481 19.5305 -26.1637
38.7777 12.3621 -21.9429
33.9584 12.8519 -19.3381
29.634 15.0348 -21.9429
30.1289 16.7278 -27.1524
37.9585 9.55942 -22.9315
33.1392 10.0493 -20.3268
28.8148 12.2322 -22.9315
37.1392 6.75678 -23.9202
28.4905 11.1226 -29.1297
39.0714 21.8499 -14.3315
39.1459 16.623 -16.0415
38.7938 25.9394 -17.9988
46.4994 24.5322 -18.4713
43.0575 21.3546 -15.5892
49.1622 23.1533 -18.974
42.2667 11.4704 -21.0876
31.5361 8.72284 -42.8194
33.611 4.56744 -39.8737
29.8721 12.6498 -43.4871
24.8113 14.2466 -37.7848
26.2465 16.6707 -38.742
26.6503 17.7344 -29.9155
26.6768 20.8812 -29.4534
33.6871 27.4925 -26.1843
35.7592 29.7666 -25.92
42.2395 19.1621 -47.0398
40.7888 7.27998 -46.8535
43.6818 8.53937 -51.3584
41.2467 7.57161 -55.1907
42.1321 6.77693 -49.8209
39.4837 20.8341 -46.2683
40.4303 16.151 -43.544
29.5485 18.293 -36.9798
25.6502 32.6915 -34.2097
25.1704 30.2293 -29.315
26.7276 24.9893 -28.7082
28.2413 30.5764 -25.4366
33.7638 38.2646 -31.5404
37.304 35.4679 -28.3946
41.3328 33.2701 -27.8765
38.8454 37.3478 -30.6033
49.7071 26.2535 -39.9527
45.4999 30.0633 -36.8859
59.072 16.7521 -57.0462
57.3666 13.8163 -59.0936
30.439 28.5285 -61.638
31.6546 22.756 -63.7806
33.1477 27.3076 -61.0782
35.8564 26.0867 -60.5184
37.0721 20.3142 -62.661
38.5652 24.8658 -59.9586
39.7808 19.0933 -62.1012
41.2739 23.6449 -59.3988
37.3593 14.9601 -59.3988
42.4895 17.8724 -61.5415
43.9826 22.424 -58.839
40.0681 13.7392 -58.839
45.1982 16.6515 -60.9817
46.6913 21.2031 -58.2792
45.7629 21.6216 -52.8743
42.7768 12.5183 -58.2792
47.9069 15.4306 -60.4219
49.4 19.9822 -57.7194
48.4716 20.4006 -52.3145
45.4855 11.2974 -57.7194
50.6157 14.2096 -59.8621
52.1087 18.7613 -57.1596
26.2884 30.2095 -55.4163
30.9341 32.7104 -53.6512
32.5823 32.1158 -48.4378
33.0296 27.0889 -46.2514
36.4092 30.3941 -47.4792
35.0747 28.6356 -58.2393
36.5464 32.6442 -54.7731
49.3008 28.639 -61.7671
49.8207 23.6949 -59.4142
51.579 33.0575 -59.4142
46.0467 34.0965 -56.0087
48.0114 35.8054 -56.7317
52.1876 28.7237 -59.634
