-15.709 -15.0786 -70.6543
-20.8186 -15.6249 -68.6937
-21.8775 -19.3333 -64.7723
-17.827 -22.4954 -62.8117
-12.7174 -21.9491 -64.7723
-11.6585 -18.2407 -68.6937
-10.4565 -3.89036 -58.0717
-14.9684 -1.51128 -56.0143
-17.7129 -3.91692 -51.8997
-15.9455 -8.70164 -49.8423
-11.4336 -11.0807 -51.8997
-8.68909 -8.67508 -56.0143
-11.0661 0.864431 -56.738
-5.77543 -5.13765 -51.5675
-6.13855 -0.867221 -55.0145
-14.5161 -3.77937 -47.4008
-10.1291 -6.2279 -45.1627
-5.15306 -5.53553 -47.4008
-4.56394 -2.39463 -51.8772
-10.6149 5.1974 -51.1522
-15.9693 -1.72126 -47.3824
-6.07066 2.36526 -49.8956
-8.52853 4.24892 -52.4635
-4.35347 -3.10092 -45.4245
-1.25565 1.08916 -47.1842
-3.34319 4.76408 -50.7038
-12.3269 8.64814 -16.8254
-8.51333 11.5227 -24.1536
-8.58606 4.36661 -29.183
-6.71565 2.22585 -35.3618
-9.87254 12.1663 -17.4082
-8.74266 17.5445 -17.6275
-10.8131 20.6262 -21.6853
-16.6101 12.5977 -16.555
-15.7604 17.1902 -13.6504
-13.2433 18.6924 -12.93
-11.0522 14.0057 -14.7968
-3.28884 5.53471 -34.1963
-13.4438 14.5505 -35.7323
-7.41337 9.19658 -28.251
-2.83737 8.38811 -41.6615
-1.93381 13.539 -39.9581
-0.820185 17.8852 -40.4583
-0.497549 12.6379 -42.0744
-17.1104 26.6378 -40.0213
-19.3322 22.0395 -44.3304
-14.8875 24.2596 -41.9713
-12.9576 22.1948 -37.253
-17.1093 19.6613 -46.2804
-12.6646 21.8814 -43.9213
-10.7347 19.8166 -39.203
-19.6241 15.3764 -43.9213
-14.8864 17.2831 -48.2304
-10.4417 19.5032 -45.8712
-24.5427 25.1112 -41.1448
-25.8601 19.9949 -39.6159
-26.0493 22.8573 -35.1776
-20.8659 29.2797 -32.7881
-22.4918 26.5653 -28.2894
-23.5192 28.9916 -29.9407
-22.2219 28.2052 -24.654
-4.87998 22.6886 -23.8317
-3.90436 27.3989 -26.4982
-8.72801 22.9353 -36.1478
-11.4113 23.1074 -25.4815
-10.4357 27.8177 -28.1481
-9.09405 27.7317 -33.4812
-0.684227 22.5474 -36.4677
1.48112 25.1309 -32.1218
-1.71765 26.5024 -27.8631
3.29929 20.4186 -32.0634
1.10212 17.8161 -27.7449
-3.52516 19.7115 -25.4545
0.580979 13.3019 -27.5234
-3.06344 13.9394 -23.4538
-4.81642 18.9724 -22.0954
-8.60614 17.8954 -25.9157
-23.9569 15.0506 -40.3633
-27.5152 11.0318 -39.1644
-24.4663 16.3759 -37.4326
-28.0245 12.357 -36.2337
-26.2489 7.7367 -33.8358
-28.5338 13.6823 -33.3029
-26.7582 9.06195 -30.9051
-25.4849 19.0264 -31.5711
-29.0432 15.0075 -30.3722
-27.2675 10.3872 -27.9743
-25.9942 20.3516 -28.6404
-29.5525 16.3328 -27.4415
-21.682 2.01234 -41.9512
-26.0083 5.3318 -42.6685
-26.2477 5.94393 -46.3954
-24.8481 11.19 -47.2727
-21.5624 13.7921 -43.7113
-20.1422 9.69332 -49.4076
-18.6631 12.4787 -49.2904
-23.5429 3.37331 -45.5116
-17.7813 1.07073 -37.1055
-21.7865 2.55465 -31.6236
-17.6628 8.11361 -12.8393
-26.958 6.02811 -12.8393
-21.2619 2.39752 -14.5383
-26.3858 3.47763 -16.2203
-25.8135 0.927154 -19.6013
-26.7661 5.17287 -22.9653
-28.9926 7.5705 -24.4751
-30.9047 6.84824 -19.369
-33.9493 15.6299 -17.514
-33.6551 10.8042 -20.1362
-32.0082 10.62 -25.3806
-30.9905 22.7114 -23.6479
-30.9215 22.8354 -18.1497
-27.8556 25.8112 -20.833
-28.0906 23.2665 -15.9627
-25.3503 23.3846 -25.0856
-25.2071 26.8306 -20.1718
-22.9825 27.7508 -16.4956
-14.5341 24.5917 -19.5607
-17.6725 28.6617 -17.6023
-12.469 21.6798 -16.2956
-14.35 23.6768 -11.5286
-18.8799 26.7951 -11.4496
-18.2216 21.1818 -8.40678
-21.9378 24.848 -10.1387
-20.3666 14.5673 -10.7331
-23.1929 19.0716 -9.32855
-26.1516 21.7525 -13.1112
-22.8392 13.0837 -10.2047
-31.0599 18.2105 -12.0014
-34.2759 14.2575 -14.0704
-32.2122 9.24805 -15.0173
-35.7126 15.3681 -9.60689
-35.8865 10.2227 -7.67181
-32.2742 6.48509 -9.46942
-33.5912 11.9235 -3.62098
-32.5443 7.10116 -6.04984
-29.2863 6.90159 -10.4765
-31.3801 16.5462 -5.61884
-23.0992 16.5527 -7.21685
-27.7317 18.9535 -5.47742
-22.8829 11.0872 -7.79287
-27.0221 6.42983 -1.65164
-21.0048 13.7845 -2.32359
-22.3406 11.1575 2.6383
-23.8761 16.4385 2.70043
-27.4332 18.3124 -1.0526
-27.794 19.5774 1.12383
-32.8902 17.7983 2.17876
-34.5122 12.8665 0.362989
-31.038 9.71396 -2.50772
-34.6776 11.3492 4.32251
-31.5437 6.90923 3.47671
-26.6085 7.43754 1.10724
-28.8958 5.7735 2.64666
-24.4008 7.04617 -0.255969
-24.9326 3.2817 4.73033
-23.2728 1.24765 9.56333
-26.8874 5.67735 6.40988
-25.2276 3.6433 11.2429
-20.7073 5.6376 13.6594
-19.5065 11.7 6.40988
-27.1824 6.03896 12.9224
-22.6621 8.03326 15.3389
-19.8015 12.0616 12.9224
-16.7328 10.1693 12.0578
-12.4473 6.72232 12.1125
-12.7511 1.91459 9.45856
-28.1878 2.03668 -11.212
-30.195 0.0179559 -6.50608
-26.1287 4.10742 -9.44543
-28.136 2.0887 -4.73952
-19.6885 3.82905 -10.0318
-24.0697 6.17816 -7.67887
-26.077 4.15944 -2.97296
-17.6295 5.89979 -8.26527
-15.5705 7.97053 -6.49871
-21.959 8.30092 0.560156
-13.1965 3.6027 -4.14575
-13.5115 10.0413 -4.73215
-17.8927 12.3904 -2.37919
-19.9 10.3717 2.32672
-11.1375 5.67345 -2.37919
-27.1551 -4.8564 -13.36
-30.8565 -7.87888 -11.2581
-28.7424 -6.16516 -16.0377
-26.1006 -1.34871 -16.3067
-3.66195 -3.75297 3.53355
-4.07674 -1.54221 7.40122
-32.3341 -9.17609 -4.28619
-34.1586 -4.77147 -1.54387
-34.5444 -4.91214 3.94078
-33.1057 -9.45743 6.68311
-28.9128 -7.92865 -4.01354
-30.7374 -3.52403 -1.27121
-31.1232 -3.6647 4.21343
-29.6844 -8.20999 6.95576
-27.3161 -2.27659 -0.998563
-27.7019 -2.41726 4.48609
-26.2632 -6.96255 7.22841
-24.2807 -1.16981 4.75874
-21.0174 -10.1197 4.75874
-20.8595 0.0776297 5.03139
-12.5782 -1.97278 8.31902
-32.362 -16.5589 -2.39333
-0.379847 -16.362 -0.656032
0.646927 -17.0716 4.32791
-2.24472 -23.2386 4.68228
-1.36154 -22.5138 10.0623
-15.8856 0.027538 16.0118
-13.7363 -2.199 15.2601
-16.7125 -5.97405 17.9324
-11.587 -4.42553 14.5085
-14.5632 -8.20059 17.1808
-19.3426 -10.1077 9.16387
-10.3393 -5.71809 8.41222
-9.43774 -6.65207 13.7568
-12.4139 -10.4271 16.4291
-12.0678 -10.7857 4.98827
-8.19004 -7.94463 7.66058
-7.28847 -8.87861 13.0052
-10.2647 -12.6537 15.6775
-5.1392 -11.1051 12.2535
-8.1154 -14.8802 14.9258
-23.1329 -0.041089 11.7851
-23.3329 -6.8654 20.7958
-27.0626 -4.24073 17.7215
-29.3546 -6.62799 18.5889
-30.6707 -8.86911 13.7417
-27.0027 -8.90855 9.64362
-29.2616 -15.9957 12.6478
-24.1233 -20.8677 16.1712
-9.91224 -20.8834 14.3896
-18.0937 -23.1309 12.957
-16.0611 -18.7912 15.6561
-15.4804 -24.6232 12.0391
-4.83154 -26.0025 10.4477
-9.46372 -27.3242 13.1022
-5.5239 -31.0082 8.16734
-6.55074 -29.1424 3.0964
-12.7422 -34.2424 3.16243
-9.19854 -33.5871 7.31729
-16.1567 -35.6701 5.42092
-15.1538 -34.3551 10.6664
-12.0647 -29.9634 11.8583
-18.8698 -32.1923 7.13517
-19.3448 -28.6542 11.3193
-22.8418 -30.8867 7.29706
-27.6066 -23.815 4.6648
-24.7822 -27.2526 7.8983
-27.2081 -25.4694 7.27679
-26.1001 -24.2264 12.5187
-5.31519 -26.6175 1.58064
-8.44889 -32.36 -3.87477
-12.391 -34.6826 -0.599486
-17.9619 -31.7453 -7.66145
-14.7512 -33.7035 -3.64814
-22.1621 -31.7545 0.107596
-24.0349 -30.514 1.32051
-20.1815 -26.2117 -8.82083
-23.4186 -26.7016 -10.5749
-26.9407 -29.2089 -7.17516
-25.8917 -29.3987 -1.77946
-28.8546 -24.3415 0.661393
-29.497 -24.2417 -4.80005
-30.7646 -21.6629 -5.58311
-29.094 -21.8952 -0.348104
-0.115949 -19.3933 -6.44982
-1.49403 -13.248 -5.15572
-0.554495 -17.6834 -10.5204
-2.6886 -17.6816 -19.3233
1.06502 -19.1687 -15.5885
-8.41142 -24.9778 -18.0622
-3.68935 -22.3117 -18.9808
-11.2516 -25.1048 -19.587
-7.56951 -29.1762 -19.9277
-2.21854 -28.1098 -19.2349
-0.549643 -22.972 -18.2014
-21.1645 -23.022 -13.7231
-15.6982 -20.3706 -15.7619
-15.1106 -15.3656 -7.67762
-17.6743 -19.4173 -4.98288
-18.2618 -24.4223 -13.0671
-12.7955 -21.771 -15.1059
-12.2079 -16.766 -7.02163
-15.3591 -25.8227 -12.4111
-12.4564 -27.223 -11.7551
-9.55367 -28.6233 -11.0991
-28.206 -18.9076 -13.7397
1.75558 -13.8378 -11.1588
-13.2665 -16.7378 -17.4353
-3.86937 -15.4323 -20.8282
-24.1181 -10.0847 -14.8745
-22.2072 -5.89639 -17.884
-22.1534 -16.8631 -21.2982
-24.3991 -12.3441 -19.1107
-22.3187 -16.1714 -25.0906
-22.704 -10.7393 -25.8611
-20.8559 -7.27728 -22.0077
-20.2288 -9.89291 -26.498
-14.8262 -8.86314 -26.5369
-16.5696 -12.3682 -29.1876
-20.571 -20.077 -23.5375
-20.5586 -16.3009 -27.5363
-3.71933 -6.08426 -33.1344
-5.62777 -9.353 -32.7891
-9.61517 -6.73563 -30.0504
-7.53621 -12.6217 -32.4437
-11.5236 -10.0044 -29.7051
-9.44465 -15.8905 -32.0983
-5.20528 -18.0763 -29.3597
-4.9533 -17.6447 -23.8825
-13.432 -13.2731 -29.3597
2.80926 -3.51224 -32.6085
5.93128 -4.77966 -28.2614
1.85111 -13.7181 -37.3891
-2.99702 -14.684 -34.9782
9.92567 -19.1902 -30.8293
4.00223 -21.8338 -37.806
9.11751 -21.1506 -35.9041
9.45929 -17.7491 -34.8705
5.08261 -16.6019 -37.9976
2.47971 -20.6411 -40.6733
4.25349 -25.8277 -40.2219
8.63017 -26.9749 -37.0948
11.2331 -22.9357 -34.4191
8.28951 -14.6414 -27.7991
7.33439 -17.2803 -23.069
0.365937 -22.538 -24.2118
-3.63531 -19.5975 -26.5768
1.44061 -15.3136 -19.6525
6.9482 -10.7508 -19.67
8.17325 -11.5428 -24.973
7.24292 -6.47913 -25.9783
5.24577 -9.76499 -29.9108
4.54286 -2.68936 -24.619
-21.9217 -2.6963 -18.8371
-15.7227 3.48918 -13.9123
-16.8068 -1.61031 -22.5008
-13.1653 4.03217 -15.7442
-14.274 -5.94186 -20.2486
-14.2494 -1.06732 -24.3326
-10.6078 4.57517 -17.576
-8.62933 -4.74339 -17.576
-11.7165 -5.39886 -22.0804
-11.6919 -0.524324 -26.1644
-11.1376 4.46269 -23.9122
-8.05039 5.11816 -19.4078
-8.58014 5.00568 -25.7441
-5.49294 5.66116 -21.2397
-17.536 1.41542 -12.3009
-9.19734 4.81041 -13.9872
-12.8173 6.49597 -10.205
-12.7081 9.21586 -10.3305
-11.1143 12.1044 -9.88645
-9.42137 16.5573 -7.13762
-9.57032 16.6168 -1.63996
-3.33903 14.127 -6.94652
-9.37931 13.9008 1.98941
-7.73907 9.46339 4.7946
1.19685 17.0137 -2.23346
-1.5775 18.4263 2.3006
-5.98796 15.5241 3.84187
0.217187 17.8914 6.07762
-1.66595 13.2611 8.37185
4.3045 16.8411 4.08847
23.4687 0.442107 -12.9656
20.7928 7.02911 -2.79862
9.7498 7.0825 -8.4526
8.37737 2.45503 -5.81576
13.9333 10.3493 -0.542097
12.5278 11.0296 -5.81576
34.6206 -5.33571 -11.379
36.5264 -8.46498 1.98789
22.3333 -15.5916 -25.7985
18.437 -17.2862 -22.306
24.1367 -14.8073 -23.406
20.2404 -16.5019 -19.9135
24.0397 -25.2377 -19.9135
29.7879 -17.5437 -22.7597
25.9401 -14.023 -21.0135
22.0438 -15.7176 -17.5211
29.7394 -22.7589 -21.0135
31.5913 -16.7594 -20.3673
27.7434 -13.2387 -18.621
27.6465 -23.6691 -15.1286
31.5428 -21.9746 -18.621
33.3947 -15.975 -17.9748
29.4498 -22.8848 -12.7361
33.3462 -21.1902 -16.2286
35.198 -15.1907 -15.5823
31.2532 -22.1005 -10.3436
35.1495 -20.4059 -13.8361
37.0014 -14.4064 -13.1898
33.1536 -10.8858 -11.4436
33.0566 -21.3162 -7.95115
36.9529 -19.6216 -11.4436
38.8048 -13.6221 -10.7973
31.0122 -17.0112 -3.81245
34.86 -20.5319 -5.55867
38.7563 -18.8373 -9.05112
29.7206 -22.5157 -27.5939
29.1837 -24.9996 -22.7162
25.4553 -19.8325 -29.7979
18.8117 -20.2197 -26.8008
18.3106 -23.9701 -30.7925
22.5873 -27.1648 -32.1169
27.3651 -26.6091 -29.4496
19.9129 -26.105 -31.8404
21.782 -31.217 -31.0505
25.0984 -32.3064 -26.8003
26.5459 -28.2838 -23.34
26.0835 -27.3138 -19.4667
25.3193 -31.3715 -23.1001
29.5119 7.04904 9.5054
33.3615 3.62246 11.426
32.0656 -0.094529 15.2672
26.92 -0.384939 17.1877
28.7928 4.98649 7.26692
32.6424 1.55991 9.18751
31.3465 -2.15708 13.0287
28.0737 2.92395 5.02845
31.9233 -0.502632 6.94903
30.6274 -4.21962 10.7902
21.6322 -1.08345 10.7902
27.3546 0.861402 2.78997
31.2042 -2.56518 4.71056
29.9083 -6.28217 8.55173
20.9131 -3.146 8.55173
22.209 0.570992 4.71056
30.4851 -4.62772 2.47209
29.1892 -8.34471 6.31326
20.194 -5.20854 6.31326
21.4899 -1.49155 2.47209
28.4701 -10.4073 4.07478
27.751 -12.4698 1.83631
27.0319 -14.5324 -0.402167
27.6087 -12.8779 -6.48181
26.3128 -16.5949 -2.64064
25.5937 -18.6574 -4.87911
24.8746 -20.72 -7.11759
19.729 -21.0104 -5.197
15.8794 -17.5838 -7.11759
24.1555 -22.7825 -9.35606
19.0099 -23.0729 -7.43548
15.1603 -19.6464 -9.35606
16.4562 -15.9294 -13.1972
23.4364 -24.8451 -11.5945
18.2908 -25.1355 -9.67395
14.4412 -21.7089 -11.5945
15.7371 -17.9919 -15.4357
22.7173 -26.9076 -13.833
17.5717 -27.198 -11.9124
13.7221 -23.7715 -13.833
15.018 -20.0545 -17.6742
21.9982 -28.9702 -16.0715
16.8526 -29.2606 -14.1509
13.003 -25.834 -16.0715
14.2989 -22.117 -19.9127
21.2791 -31.0327 -18.31
16.1335 -31.3231 -16.3894
12.2839 -27.8965 -18.31
13.5798 -24.1796 -22.1511
22.4885 11.1149 9.4457
22.5446 7.3009 5.48338
23.8814 9.75661 14.5901
22.9114 3.7185 18.4242
20.9212 8.84233 18.235
19.4673 11.0514 13.4126
15.2753 8.95119 10.2286
17.2872 5.477 6.46934
16.2765 8.10477 15.5701
15.3225 10.4066 14.297
20.3723 1.64656 18.6286
12.7949 7.40003 18.1469
26.9257 -14.565 19.4891
21.8178 -13.0973 20.9053
29.0383 -12.2483 14.0281
25.8616 -15.7319 16.8606
20.7537 -14.2642 18.2769
27.9742 -13.4152 11.3996
24.7975 -16.8988 14.2321
19.6896 -15.4311 15.6484
20.9353 -6.99621 11.3996
26.9101 -14.5821 8.77111
23.7334 -18.0656 11.6036
18.6255 -16.5979 13.0199
19.8712 -8.16308 8.77111
25.846 -15.7489 6.14262
22.6693 -19.2325 8.97511
17.5614 -17.7648 10.3914
24.7819 -16.9158 3.51412
21.6052 -20.3994 6.34662
16.4974 -18.9316 7.76287
20.5411 -21.5662 3.71812
15.4333 -20.0985 5.13437
27.7114 -2.8479 18.7664
26.8312 -7.29467 21.8811
22.2985 -8.83978 24.5714
23.6296 -3.80018 22.8162
23.1086 -2.07434 20.3189
14.879 -15.0366 14.4507
9.55092 -18.2026 1.26183
2.44803 -21.5452 4.53519
6.79927 -24.7135 5.66598
11.8006 -22.4657 6.0946
6.86673 -26.4984 9.26383
10.2267 -23.7419 12.6346
11.3874 -18.4578 11.6436
6.53129 -21.1816 15.3709
-0.0499895 -23.8789 12.7857
4.05741 -22.5827 16.206
0.926401 -23.6964 9.06459
-3.84492 -21.1041 9.93894
2.0018 0.786775 21.4587
2.49669 2.47981 16.2492
1.18258 -2.01585 20.47
1.67746 -0.322817 15.2605
9.507 -7.49123 19.4814
4.68773 -7.00137 22.0861
0.363349 -4.81847 19.4814
0.858235 -3.12544 14.2719
8.68777 -10.2939 18.4927
3.8685 -9.80399 21.0975
-0.455879 -7.6211 18.4927
0.0390068 -5.92807 13.2832
7.86855 -13.0965 17.5041
3.04928 -12.6066 20.1088
-1.27511 -10.4237 17.5041
7.04932 -15.8991 16.5154
-1.59945 -11.5333 11.3059
4.33815 3.48271 22.1789
3.53092 -1.28043 24.7651
8.98145 -0.806078 26.1041
9.05596 -6.03295 24.3941
8.70388 3.28345 22.4368
16.4095 1.87622 21.9643
12.9676 -1.30136 24.8464
19.0723 0.497359 21.4616
12.1768 -11.1856 19.348
1.44619 -13.933 -2.38382
3.52109 -18.0884 0.56192
-0.21786 -10.006 -3.05148
-5.27862 -8.40932 2.65084
-3.84344 -5.98522 1.69361
-3.43963 -4.92149 10.5201
-3.41311 -1.77478 10.9822
3.5972 4.83655 14.2513
5.66927 7.11067 14.5156
12.1497 -3.49381 -6.60417
10.6989 -15.3759 -6.41791
13.592 -14.1165 -10.9228
11.1569 -15.0843 -14.7551
12.0422 -15.879 -9.38536
9.3938 -1.82178 -5.83272
10.3404 -6.50495 -3.10841
-0.541402 -4.36293 3.45585
-4.43973 10.0355 6.22595
-4.91947 7.57336 11.1206
-3.36235 2.33341 11.7275
-1.84862 7.92049 14.999
3.67394 15.6087 8.8952
7.21405 12.812 12.041
11.2429 10.6142 12.5591
8.75546 14.6919 9.83228
19.6172 3.5976 0.482944
15.41 7.40741 3.54968
28.9821 -5.90379 -16.6106
27.2767 -8.83973 -18.658
0.349098 5.8726 -21.2024
1.56474 0.100047 -23.345
3.05781 4.65169 -20.6426
5.76653 3.43079 -20.0828
6.98217 -2.34176 -22.2254
8.47525 2.20988 -19.523
9.69089 -3.56266 -21.6656
11.184 0.988981 -18.9632
7.26943 -7.69586 -18.9632
12.3996 -4.78357 -21.1059
13.8927 -0.231922 -18.4034
9.97815 -8.91676 -18.4034
15.1083 -6.00447 -20.5461
16.6014 -1.45283 -17.8436
15.673 -1.03438 -12.4387
12.6869 -10.1377 -17.8436
17.817 -7.22538 -19.9863
19.3101 -2.67373 -17.2838
18.3817 -2.25528 -11.8789
15.3956 -11.3586 -17.2838
20.5258 -8.44628 -19.4265
22.0188 -3.89463 -16.724
-3.80156 7.55358 -14.9807
0.844168 10.0545 -13.2156
2.49242 9.45982 -8.00221
2.93964 4.43294 -5.81579
6.31931 7.73813 -7.04359
4.98475 5.97965 -17.8037
6.45653 9.98829 -14.3375
19.2109 5.98306 -21.3315
19.7308 1.03902 -18.9786
21.4891 10.4016 -18.9786
15.9568 11.4406 -15.5731
17.9215 13.1495 -16.2961
22.0977 6.06772 -19.1984
