-15.709 -15.0786 -70.6543
-20.8186 -15.6249 -68.6937
-21.8775 -19.3333 -64.7723
-17.827 -22.4954 -62.8117
-12.7174 -21.9491 -64.7723
-11.6585 -18.2407 -68.6937
-10.4565 -3.89036 -58.0717
-14.9684 -1.51128 -56.0143
-17.7129 -3.91692 -51.8997
-15.9455 -8.70164 -49.8423
-11.4336 -11.0807 -51.8997
-8.68909 -8.67508 -56.0143
-11.0661 0.864431 -56.738
-5.77543 -5.13765 -51.5675
-6.13855 -0.867221 -55.0145
-14.5161 -3.77937 -47.4008
-10.1291 -6.2279 -45.1627
-5.15306 -5.53553 -47.4008
-4.56394 -2.39463 -51.8772
-10.6149 5.1974 -51.1522
-15.9693 -1.72126 -47.3824
-6.07066 2.36526 -49.8956
-8.52853 4.24892 -52.4635
-4.35347 -3.10092 -45.4245
-1.25565 1.08916 -47.1842
-3.34319 4.76408 -50.7038
-12.3269 8.64814 -16.8254
-8.51333 11.5227 -24.1536
-10.4565 6.50738 -23.0042
-8.58606 4.36661 -29.183
-6.71565 2.22585 -35.3618
-9.87254 12.1663 -17.4082
-8.74266 17.5445 -17.6275
-10.8131 20.6262 -21.6853
-13.4514 21.5705 -16.0444
-16.6101 12.5977 -16.555
-15.7604 17.1902 -13.6504
-13.2433 18.6924 -12.93
-11.0522 14.0057 -14.7968
-21.9778 15.0723 -14.0932
-18.706 19.2257 -12.5783
-3.28884 5.53471 -34.1963
-13.4438 14.5505 -35.7323
-7.41337 9.19658 -28.251
-2.83737 8.38811 -41.6615
-1.93381 13.539 -39.9581
-0.820185 17.8852 -40.4583
-0.497549 12.6379 -42.0744
-17.1104 26.6378 -40.0213
-19.3322 22.0395 -44.3304
-14.8875 24.2596 -41.9713
-12.9576 22.1948 -37.253
-17.1093 19.6613 -46.2804
-12.6646 21.8814 -43.9213
-10.7347 19.8166 -39.203
-19.6241 15.3764 -43.9213
-14.8864 17.2831 -48.2304
-10.4417 19.5032 -45.8712
-24.5427 25.1112 -41.1448
-25.8601 19.9949 -39.6159
-26.0493 22.8573 -35.1776
-20.8659 29.2797 -32.7881
-22.4918 26.5653 -28.2894
-23.5192 28.9916 -29.9407
-22.2219 28.2052 -24.654
-4.87998 22.6886 -23.8317
-3.90436 27.3989 -26.4982
-8.72801 22.9353 -36.1478
-11.4113 23.1074 -25.4815
-10.4357 27.8177 -28.1481
-9.09405 27.7317 -33.4812
-0.684227 22.5474 -36.4677
1.48112 25.1309 -32.1218
-1.71765 26.5024 -27.8631
3.29929 20.4186 -32.0634
1.10212 17.8161 -27.7449
-3.52516 19.7115 -25.4545
0.580979 13.3019 -27.5234
-3.06344 13.9394 -23.4538
-4.81642 18.9724 -22.0954
-21.8002 24.3882 -22.6024
-8.60614 17.8954 -25.9157
-23.9569 15.0506 -40.3633
-27.5152 11.0318 -39.1644
-24.4663 16.3759 -37.4326
-28.0245 12.357 -36.2337
-26.2489 7.7367 -33.8358
-28.5338 13.6823 -33.3029
-26.7582 9.06195 -30.9051
-25.4849 19.0264 -31.5711
-29.0432 15.0075 -30.3722
-27.2675 10.3872 -27.9743
-25.9942 20.3516 -28.6404
-29.5525 16.3328 -27.4415
-21.682 2.01234 -41.9512
-26.0083 5.3318 -42.6685
-26.2477 5.94393 -46.3954
-24.8481 11.19 -47.2727
-21.5624 13.7921 -43.7113
-20.1422 9.69332 -49.4076
-18.6631 12.4787 -49.2904
-23.5429 3.37331 -45.5116
-13.5379 1.03044 -26.7234
-17.7813 1.07073 -37.1055
-21.7865 2.55465 -31.6236
-25.8135 0.927154 -19.6013
-26.7661 5.17287 -22.9653
-28.9926 7.5705 -24.4751
-30.9047 6.84824 -19.369
-30.9495 20.0873 -25.3806
-32.0082 10.62 -25.3806
-29.5972 23.3909 -17.9827
-34.7408 21.5435 -18.5994
-35.627 16.4518 -20.4808
-34.4048 20.3216 -15.4104
-30.3204 19.6997 -11.7798
-29.1016 12.2919 -8.64876
-33.1561 15.96 -8.05113
-34.4413 19.3382 -12.1967
-30.4676 9.17434 -11.157
-33.5567 12.9559 -8.62583
-36.0624 16.874 -11.5619
-32.8327 5.73941 -14.7843
-37.9279 15.4106 -16.0123
-39.2201 11.186 -19.2884
-36.6725 6.35038 -18.6744
-43.1973 11.9862 -14.2688
-39.6521 12.5509 -7.26697
-43.2256 13.1128 -11.41
-42.9541 3.64747 -4.68114
-43.0393 9.113 -5.28999
-47.8095 2.30936 -7.76477
-48.4644 6.68391 -11.0335
-48.1122 2.38532 -13.2831
-43.895 2.91264 -16.774
-46.6194 0.806464 -10.8825
-38.7512 1.89481 6.859
-43.4627 1.06246 4.14615
-43.7023 1.93104 -1.27954
-37.8282 -1.45135 6.28257
-42.5396 -2.2837 3.56972
-41.6165 -5.62987 2.99328
-33.6307 4.15343 5.00825
-29.3452 0.70645 5.063
-29.649 -4.10128 2.40905
-45.0856 -3.97918 -18.2615
-47.0929 -5.9979 -13.5556
-43.0266 -1.90844 -16.4949
-36.5864 -2.18682 -17.0813
-34.5274 -0.11608 -15.3148
-32.4684 1.95466 -13.5482
-30.0944 -2.41317 -11.1953
-30.4094 4.02539 -11.7817
-28.0354 -0.342438 -9.42871
-44.053 -10.8723 -20.4095
-47.7544 -13.8947 -18.3076
-45.6403 -12.181 -23.0872
-42.9985 -7.36458 -23.3562
-20.5598 -9.76883 -3.51596
-20.9746 -7.55807 0.351707
-49.232 -15.192 -11.3357
-51.0565 -10.7874 -8.59338
-51.4423 -10.928 -3.10873
-50.0036 -15.4733 -0.366403
-45.8107 -13.9445 -11.063
-47.6353 -9.53991 -8.32072
-48.0211 -9.68058 -2.83608
-46.5823 -14.2259 -0.0937518
-44.5998 -8.43313 -2.56342
-43.1611 -12.9784 0.1789
-37.9153 -16.1356 -2.29077
-29.4761 -7.98864 1.26951
-49.2599 -22.5748 -9.44284
-17.2777 -22.3779 -7.70554
-16.251 -23.0875 -2.7216
-19.1426 -29.2545 -2.36723
-18.2594 -28.5297 3.01278
-32.7835 -5.98833 8.96227
-30.6342 -8.21487 8.21063
-33.6104 -11.9899 10.8829
-28.4849 -10.4414 7.45898
-31.4611 -14.2165 10.1313
-36.2405 -16.1235 2.11437
-27.2372 -11.734 1.36272
-26.3356 -12.668 6.70733
-29.3118 -16.443 9.37964
-28.9657 -16.8016 -2.06123
-25.0879 -13.9605 0.611074
-24.1864 -14.8945 5.95568
-27.1626 -18.6696 8.62799
-22.0371 -17.121 5.20404
-25.0133 -20.8961 7.87634
-40.2308 -12.8813 13.7463
-43.9605 -10.2566 10.672
-46.2525 -12.6439 11.5394
-47.5686 -14.885 6.69222
-43.9007 -14.9244 2.59412
-46.1595 -22.0116 5.59829
-41.0212 -26.8836 9.12174
-26.8101 -26.8993 7.3401
-34.9916 -29.1468 5.90746
-32.9589 -24.8071 8.60662
-32.3783 -30.6391 4.98958
-21.7294 -32.0184 3.3982
-26.3616 -33.3401 6.05264
-22.4218 -37.0241 1.11782
-23.4486 -35.1583 -3.95312
-29.6401 -40.2583 -3.88708
-26.0964 -39.603 0.267778
-33.0546 -41.686 -1.62859
-32.0517 -40.371 3.61689
-28.9626 -35.9793 4.80877
-35.7677 -38.2082 0.0856512
-36.2427 -34.6701 4.26974
-39.7397 -36.9026 0.247546
-44.5045 -29.8309 -2.38471
-41.6801 -33.2685 0.848792
-44.106 -31.4853 0.227272
-42.998 -30.2423 5.46914
-22.2131 -32.6334 -5.46887
-25.3468 -38.3759 -10.9243
-29.2889 -40.6985 -7.649
-34.8598 -37.7612 -14.711
-31.6491 -39.7194 -10.6976
-39.06 -37.7704 -6.94191
-40.9328 -36.5299 -5.729
-37.0794 -32.2276 -15.8703
-40.3165 -32.7175 -17.6244
-43.8386 -35.2248 -14.2247
-42.7896 -35.4146 -8.82897
-45.7525 -30.3574 -6.38812
-46.3949 -30.2576 -11.8496
-47.6625 -27.6788 -12.6326
-45.9919 -27.9111 -7.39761
-17.0138 -25.4092 -13.4993
-18.3919 -19.2639 -12.2052
-17.4524 -23.6993 -17.5699
-19.5865 -23.6975 -26.3728
-15.8329 -25.1846 -22.638
-25.3093 -30.9937 -25.1117
-20.5872 -28.3276 -26.0303
-28.1495 -31.1207 -26.6365
-24.4674 -35.1921 -26.9772
-19.1164 -34.1257 -26.2844
-17.4475 -28.9879 -25.2509
-38.0624 -29.0379 -20.7726
-32.5961 -26.3865 -22.8114
-32.0085 -21.3815 -14.7271
-34.5722 -25.4332 -12.0324
-35.1597 -30.4382 -20.1166
-29.6934 -27.7869 -22.1554
-29.1058 -22.7819 -14.0711
-32.257 -31.8386 -19.4606
-29.3543 -33.2389 -18.8046
-26.4516 -34.6392 -18.1486
-45.1039 -24.9235 -20.7892
-15.1423 -19.8536 -18.2083
-30.1644 -22.7537 -24.4848
-20.7673 -21.4482 -27.8777
-41.016 -16.1006 -21.924
-39.1051 -11.9123 -24.9335
-39.0513 -22.879 -28.3477
-41.297 -18.36 -26.1602
-39.2166 -22.1873 -32.1401
-39.6019 -16.7552 -32.9106
-37.7538 -13.2932 -29.0572
-37.1267 -15.9088 -33.5475
-31.7241 -14.879 -33.5864
-33.4675 -18.3841 -36.2371
-37.4689 -26.0929 -30.587
-37.4565 -22.3168 -34.5858
-20.6172 -12.1001 -40.1839
-22.5257 -15.3689 -39.8386
-26.5131 -12.7515 -37.0999
-24.4341 -18.6376 -39.4932
-28.4215 -16.0203 -36.7546
-26.3425 -21.9064 -39.1478
-22.1032 -24.0922 -36.4092
-21.8512 -23.6606 -30.932
-30.3299 -19.289 -36.4092
-14.0886 -9.52809 -39.658
-10.9666 -10.7955 -35.3109
-15.0468 -19.734 -44.4386
-19.8949 -20.6999 -42.0277
-6.97222 -25.2061 -37.8788
-12.8957 -27.8497 -44.8555
-7.78038 -27.1665 -42.9536
-7.4386 -23.765 -41.92
-11.8153 -22.6178 -45.0471
-14.4182 -26.657 -47.7228
-12.6444 -31.8436 -47.2714
-8.26772 -32.9908 -44.1443
-5.66482 -28.9516 -41.4686
-8.60838 -20.6573 -34.8486
-9.5635 -23.2962 -30.1185
-16.532 -28.5539 -31.2613
-20.5332 -25.6134 -33.6263
-15.4573 -21.3295 -26.702
-9.9497 -16.7667 -26.7194
-8.72463 -17.5587 -32.0224
-9.65497 -12.495 -33.0278
-11.6521 -15.7809 -36.9603
-12.355 -8.70523 -31.6685
-38.8196 -8.71217 -25.8866
-38.2653 -3.72516 -23.6344
-36.2622 -8.16918 -27.7184
-35.7078 -3.18216 -25.4662
-32.6206 -2.52669 -20.9618
-33.7047 -7.62618 -29.5503
-33.1504 -2.63917 -27.2981
-30.0632 -1.9837 -22.7937
-31.1719 -11.9577 -27.2981
-31.1473 -7.08319 -31.3821
-30.5929 -2.09617 -29.1299
-27.5057 -1.4407 -24.6255
-25.5272 -10.7593 -24.6255
-28.6144 -11.4147 -29.1299
-28.5898 -6.54019 -33.2139
-28.0355 -1.55318 -30.9617
-24.9483 -0.897708 -26.4573
-25.478 -1.01018 -32.7936
-22.3908 -0.354713 -28.2892
-34.4339 -4.60043 -19.3504
-26.0952 -1.20546 -21.0367
-29.7151 0.480104 -17.2545
-29.606 3.19999 -17.3801
-26.4682 10.6009 -8.68947
-26.2772 7.88489 -5.06009
-24.637 3.44749 -2.25491
-15.701 10.9978 -9.28297
-18.4754 12.4104 -4.74891
-22.8858 9.50824 -3.20764
-16.6807 11.8755 -0.971894
-18.5638 7.24516 1.32234
-12.5934 10.8252 -2.96103
6.57074 -5.57376 -20.0151
3.89485 1.01324 -9.84813
-7.14811 1.06663 -15.5021
-8.52054 -3.56084 -12.8653
-2.96458 4.33344 -7.59161
-4.37013 5.01378 -12.8653
17.7227 -11.3516 -18.4285
19.6285 -14.4808 -5.06163
5.4354 -21.6075 -32.848
1.53908 -23.3021 -29.3555
7.23878 -20.8232 -30.4555
3.34246 -22.5178 -26.963
7.14179 -31.2536 -26.963
12.89 -23.5596 -29.8092
9.04216 -20.0389 -28.063
5.14585 -21.7335 -24.5706
12.8415 -28.7748 -28.063
14.6934 -22.7753 -27.4168
10.8455 -19.2546 -25.6705
10.7486 -29.685 -22.1781
14.6449 -27.9905 -25.6705
16.4967 -21.9909 -25.0243
12.5519 -28.9007 -19.7856
16.4483 -27.2062 -23.2781
18.3001 -21.2066 -22.6318
14.3553 -28.1164 -17.3931
18.2516 -26.4218 -20.8856
20.1035 -20.4223 -20.2393
16.2557 -16.9017 -18.4931
16.1587 -27.3321 -15.0007
20.055 -25.6375 -18.4931
21.9069 -19.638 -17.8469
14.1143 -23.0271 -10.862
17.9621 -26.5478 -12.6082
21.8584 -24.8532 -16.1006
12.8227 -28.5316 -34.6434
12.2858 -31.0155 -29.7657
8.55742 -25.8484 -36.8474
1.91382 -26.2356 -33.8503
1.41274 -29.986 -37.842
5.68941 -33.1807 -39.1664
10.4672 -32.625 -36.4991
3.01501 -32.1209 -38.8899
4.88404 -37.2329 -38.1
8.20052 -38.3223 -33.8498
9.64797 -34.2997 -30.3895
9.18558 -33.3297 -26.5162
8.42143 -37.3874 -30.1496
12.614 1.03317 2.45588
16.4636 -2.39341 4.37647
15.1677 -6.11039 8.21764
10.0221 -6.4008 10.1382
11.8949 -1.02938 0.217406
15.7445 -4.45595 2.13799
14.4486 -8.17294 5.97917
11.1758 -3.09193 -2.02107
15.0254 -6.5185 -0.10048
13.7295 -10.2355 3.74069
4.73427 -7.09932 3.74069
10.4567 -5.15448 -4.25954
14.3063 -8.58105 -2.33895
13.0104 -12.298 1.50222
4.01517 -9.16187 1.50222
5.31108 -5.44489 -2.33895
13.5872 -10.6436 -4.57743
12.2913 -14.3606 -0.736253
3.29607 -11.2244 -0.736253
4.59198 -7.50743 -4.57743
11.5722 -16.4231 -2.97473
10.8531 -18.4857 -5.2132
10.134 -20.5482 -7.45167
10.7108 -18.8938 -13.5313
9.41491 -22.6108 -9.69015
8.6958 -24.6733 -11.9286
7.9767 -26.7359 -14.1671
2.83112 -27.0263 -12.2465
-1.01854 -23.5997 -14.1671
7.2576 -28.7984 -16.4056
2.11202 -29.0888 -14.485
-1.73765 -25.6623 -16.4056
-0.441729 -21.9453 -20.2467
6.5385 -30.861 -18.644
1.39292 -31.1514 -16.7235
-2.45675 -27.7248 -18.644
-1.16083 -24.0078 -22.4852
5.8194 -32.9235 -20.8825
0.673816 -33.2139 -18.9619
-3.17585 -29.7874 -20.8825
-1.87993 -26.0704 -24.7237
5.1003 -34.9861 -23.121
-0.0452861 -35.2765 -21.2004
-3.89495 -31.8499 -23.121
-2.59903 -28.1329 -26.9622
4.38119 -37.0486 -25.3595
-0.764388 -37.339 -23.4389
-4.61405 -33.9125 -25.3595
-3.31814 -30.1955 -29.2006
5.59064 5.09907 2.3962
5.64668 1.28503 -1.56612
6.98345 3.74074 7.54062
6.01345 -2.29737 11.3747
4.02333 2.82645 11.1855
2.56937 5.03553 6.36307
-1.62263 2.93532 3.1791
0.389308 -0.538874 -0.58016
-0.621447 2.0889 8.52056
-1.57538 4.39071 7.24753
3.47436 -4.36931 11.5791
-4.10296 1.38414 11.0974
10.0278 -20.5809 12.4396
4.91991 -19.1132 13.8558
12.1404 -18.2642 6.9786
8.96366 -21.7478 9.8111
3.85582 -20.2801 11.2273
11.0763 -19.4311 4.35011
7.89957 -22.9147 7.1826
2.79172 -21.447 8.59885
4.03739 -13.0121 4.35011
10.0122 -20.598 1.72161
6.83547 -24.0815 4.5541
1.72763 -22.6138 5.97035
2.97329 -14.179 1.72161
8.94813 -21.7648 -0.90689
5.77138 -25.2484 1.92561
0.663536 -23.7807 3.34185
7.88404 -22.9317 -3.53539
4.70728 -26.4153 -0.702893
-0.400558 -24.9475 0.713355
3.64319 -27.5821 -3.33139
-1.46465 -26.1144 -1.91514
10.8135 -8.86377 11.7169
9.9333 -13.3105 14.8316
5.4006 -14.8557 17.5219
6.73164 -9.81605 15.7667
6.21065 -8.09021 13.2694
-2.01885 -21.0524 7.4012
-7.34698 -24.2185 -5.78768
-14.4499 -27.5611 -2.51431
-10.0986 -30.7294 -1.38353
-5.09728 -28.4816 -0.95492
-10.0312 -32.5143 2.21431
-6.67119 -29.7578 5.58505
-5.51051 -24.4738 4.59404
-10.3666 -27.1975 8.32137
-16.9479 -29.8948 5.73616
-12.8405 -28.5986 9.15654
-15.9715 -29.7123 2.01509
-20.7428 -27.12 2.88944
-14.8961 -5.22909 14.4092
-14.4012 -3.53606 9.19969
-15.7153 -8.03172 13.4205
-15.2204 -6.33869 8.21104
-7.39089 -13.5071 12.4319
-12.2102 -13.0172 15.0366
-16.5345 -10.8344 12.4319
-16.0397 -9.14133 7.22239
-8.21011 -16.3097 11.4432
-13.0294 -15.8199 14.048
-17.3538 -13.637 11.4432
-16.8589 -11.944 6.23374
-9.02934 -19.1124 10.4546
-13.8486 -18.6225 13.0593
-18.173 -16.4396 10.4546
-9.84857 -21.915 9.46593
-18.4973 -17.5492 4.25644
-12.5597 -2.53316 15.1294
-13.367 -7.2963 17.7156
-7.91645 -6.82195 19.0546
-7.84194 -12.0488 17.3446
-8.19402 -2.73242 15.3873
-0.488406 -4.13965 14.9148
-3.9303 -7.31723 17.7969
2.17444 -5.51851 14.4121
-4.72109 -17.2014 12.2985
-15.4517 -19.9489 -9.43333
-13.3768 -24.1043 -6.48759
-17.1157 -16.022 -10.101
-22.1765 -14.4252 -4.39869
-20.7413 -12.0011 -5.3559
-20.3375 -10.9374 3.4706
-20.311 -7.79065 3.9327
-13.3007 -1.17932 7.20183
-11.2286 1.0948 7.46612
-4.74829 -9.5097 -13.6537
-6.199 -21.3918 -13.4674
-3.30597 -20.1324 -17.9723
-5.74109 -21.1002 -21.8046
-4.85572 -21.8949 -16.4348
-7.50408 -7.83765 -12.8822
-6.55748 -12.5208 -10.1579
-17.4393 -10.3788 -3.59366
-21.3376 4.01965 -0.823562
-21.8174 1.55748 4.07108
-20.2602 -3.68247 4.67794
-18.7465 1.90461 7.94949
-13.224 9.59281 1.84569
-9.68384 6.79607 4.99146
-5.65503 4.59832 5.50957
-8.14244 8.67598 2.78277
2.71925 -2.41827 -6.56657
-1.48791 1.39154 -3.49983
12.0842 -11.9197 -23.6601
10.3788 -14.8556 -25.7075
-16.5488 -0.143272 -28.2519
-15.3332 -5.91582 -30.3945
-13.8401 -1.36418 -27.6921
-11.1314 -2.58508 -27.1323
-9.91572 -8.35763 -29.2749
-8.42265 -3.80599 -26.5725
-7.20701 -9.57853 -28.7151
-5.71393 -5.02689 -26.0127
-9.62847 -13.7117 -26.0127
-4.4983 -10.7994 -28.1554
-3.00522 -6.24779 -25.4529
-6.91976 -14.9326 -25.4529
-1.78958 -12.0203 -27.5956
-0.296507 -7.4687 -24.8931
-1.22489 -7.05025 -19.4882
-4.21104 -16.1535 -24.8931
0.91913 -13.2412 -27.0358
2.41221 -8.6896 -24.3333
1.48383 -8.27115 -18.9284
-1.50233 -17.3744 -24.3333
3.62784 -14.4622 -26.476
5.12092 -9.91051 -23.7735
-14.4055 3.44395 -15.0517
-13.9582 -1.58293 -12.8653
-10.5786 1.72226 -14.0931
-11.9132 -0.0362176 -24.8532
-10.4414 3.97242 -21.387
2.31301 -0.0328077 -28.381
2.83287 -4.97685 -26.0281
4.5912 4.38575 -26.0281
-0.941122 5.42474 -22.6226
1.02362 7.13359 -23.3456
5.19975 0.0518498 -26.2479
