-13.201 -6.296 -53.957
-10.703 -3.406 -53.291
-9.54 -3.087 -49.639
-11.02 0.322 -48.639
-8.614 1.85 -46.053
-10.787 3.126 -43.162

-9.634 6.195 -41.181
-10.061 4.9 -37.589
-10.286 6.838 -34.306
-12.195 7.103 -30.979
-14.163 9.439 -28.711
-12.619 10.223 -25.263
-14.157 12.207 -22.344

-11.943 15.248 -21.466
-14.301 16.978 -18.949
-17.827 16.65 -17.399
-19.139 18.761 -20.353

-16.752 17.96 -23.312
-15.482 14.956 -25.281
-12.62 14.751 -27.824
-12.437 12.939 -31.204
-8.982 11.264 -31.393
-8.672 10.357 -35.1

-6.282 10.744 -38.079
-6.98 13.557 -40.6
-9.895 13.022 -43.051

-11.208 15.853 -45.293
-14.92 14.856 -45.011
-14.611 14.37 -41.226
-13.015 17.857 -40.827
-15.875 19.254 -42.999
-18.403 17.482 -40.669
-16.559 18.759 -37.515
-16.844 22.341 -38.957

-20.697 21.797 -39.029
-20.861 21.033 -35.24
-22.116 23.933 -33.104
-20.016 23.255 -29.939
-16.791 22.621 -31.971

-13.393 23.436 -30.391
-10.011 22.816 -32.063
-6.805 22.812 -29.99

-3.883 23.919 -32.209
-1.328 22.314 -29.773
-2.753 18.736 -29.691
-4.334 19.137 -33.217

-7.578 17.622 -31.79
-11.313 18.386 -31.995
-13.683 18.544 -28.991
-17.466 19.001 -28.65
-20.131 19.402 -25.91

-21.257 16.038 -24.476
-24.923 16.743 -25.497
-23.731 16.722 -29.178
-22.178 13.179 -28.839
-25.228 11.354 -30.322
-25.57 14.044 -33.093
-21.852 13.682 -34.021
-21.815 9.829 -34.037
-25.045 9.774 -36.128
-23.507 12.176 -38.75
-20.093 10.348 -38.803

-21.793 6.948 -39.527
-22.962 8.546 -42.834
-19.328 9.196 -43.991
-17.677 6.563 -46.261
-14.251 5.2 -45.121

-14.46 6.789 -41.562
-14.765 4.819 -38.279
-15.142 6.964 -35.114
-15.663 4.659 -32.101

-18.218 6.249 -29.657
-17.862 6.903 -25.912
-18.35 3.469 -24.195

-21.794 2.549 -22.772
-20.235 2.829 -19.255
-19.534 6.58 -19.812
-22.964 7.196 -21.431
-24.623 5.531 -18.378
-22.42 7.523 -15.909

-23.028 10.919 -17.654
-26.668 10.153 -18.714
-27.851 13.482 -17.123

-25.214 15.594 -18.963
-26 13.8 -22.296
-29.631 15.147 -21.909

-29.1495 18.5588 -20.2519
-28.8712 21.3442 -17.6932
-28.5394 23.7675 -14.8641
-29.6187 27.26 -13.7098
-27.5036 28.3019 -10.7274
-26.0089 30.7983 -13.158
-24.5 32.3548 -16.243
-20.971 33.3038 -15.2083
-19.5662 29.8017 -15.588
-18.8741 29.3454 -11.8937
-16.99 32.5885 -11.1275
-16.011 35.1961 -8.42769
-12.82 34.336 -10.1229
-9.7477 32.5767 -11.3511
-6.31504 33.61 -10.1114
-2.83118 33.3201 -11.5562
-0.695224 31.1072 -9.30775
-0.692319 27.5667 -10.6443
2.00352 26.8671 -13.1937

5.5198 27.3054 -11.8202
4.9758 24.5348 -9.2764
3.71088 22.1748 -11.9732
6.73791 22.8917 -14.1564
9.10669 22.2093 -11.2639

12.7707 21.0213 -11.6229
12.8217 21.0233 -15.4889
15.0637 23.7883 -16.8979

13.4027 25.8933 -19.7209
15.2777 23.9843 -22.4879
14.4447 20.6033 -20.8179
10.7127 21.6083 -20.8069
10.9467 22.5193 -24.5369
12.5657 19.0563 -25.1379
9.72069 17.2763 -23.2399
7.14569 19.2853 -25.2929
8.95369 18.3663 -28.5879
9.07869 14.6603 -27.5989
5.31269 14.6923 -26.7559
4.48469 16.5443 -30.0489

6.53569 13.8463 -31.9559
4.29469 11.2493 -30.1539
6.99669 9.90131 -27.7539

9.15669 8.55431 -30.6579
12.5527 10.3193 -30.7209
16.2997 10.2133 -30.2049
17.2137 12.7423 -27.4629

20.8147 13.3963 -28.6119
21.3737 16.3903 -26.2589
25.0047 16.8063 -25.1069
26.4607 14.9163 -22.0859
25.1477 16.1573 -18.6999
22.2757 18.3703 -20.1099
19.8027 16.1823 -18.0759

18.6647 13.5553 -20.6529
17.4967 11.2823 -17.7499
15.1457 13.9153 -16.1679
13.6327 14.7073 -19.6299
13.2267 10.9393 -20.3939
11.4887 10.2433 -17.0229
9.09369 13.1973 -17.6859
8.26169 12.0563 -21.2889
7.66269 8.47831 -20.0209
5.55369 9.72131 -17.0229
3.28169 11.7323 -19.4059
2.60869 8.25931 -20.9769
2.12469 6.49431 -17.5029
-1.37731 5.34431 -18.7139

0.458692 3.24531 -21.4219
2.88269 1.33331 -19.0739
4.52769 -1.21169 -18.3139

7.73469 0.753311 -18.9959
10.9577 -0.935689 -20.2149
14.2737 0.873311 -19.4869
17.3767 -0.537689 -21.2609
20.6797 0.844311 -19.8809

24.4587 0.185311 -19.4979
25.0927 -2.61869 -16.9169
26.6527 -0.103689 -14.3909
23.8197 2.56131 -14.2849

20.7507 0.333311 -13.4809
20.6137 1.44831 -9.80894
21.3547 5.09931 -10.8539
18.1437 4.89731 -12.9779
16.0947 3.30431 -10.1089
17.2407 6.12131 -7.75494
16.3997 8.67731 -10.5149
12.7867 7.31231 -10.7239
12.4267 7.34131 -6.87294
13.9127 10.9013 -6.76094
11.6857 12.3963 -9.50594

8.38769 10.3923 -9.24394
7.65769 10.1513 -5.42794
4.12069 8.99231 -6.53594
5.74469 5.50031 -7.07794
6.47869 2.91631 -4.36694

9.87669 1.09731 -4.62694
7.87069 -2.11869 -5.40394
6.72869 -0.465689 -8.69294

10.4177 -0.614689 -9.90794
12.0037 -3.92269 -10.9959
15.8277 -3.83969 -11.4029

16.8067 -6.91469 -13.4489
20.1927 -8.10169 -12.1119
20.3077 -11.6357 -13.6709
19.1037 -13.5977 -16.7489
16.7397 -15.6187 -14.4139
14.7207 -12.6067 -13.1669
11.1567 -11.7157 -14.3249
11.4337 -8.77169 -16.7829
7.69269 -7.90069 -16.2109
7.58969 -7.96469 -12.3569
7.40069 -4.13069 -11.9479
5.42869 -1.26469 -13.4889

8.92069 0.0613108 -14.4459
11.4437 -2.63169 -15.5189
15.1727 -1.69669 -15.6809
17.4997 -4.10069 -17.5969
20.9797 -4.09369 -19.1929

21.8507 -4.53869 -22.9069
23.7517 -7.80769 -22.1089
20.6757 -9.34469 -20.3709
18.2087 -8.56769 -23.2619

19.5827 -11.5137 -25.3439
19.2217 -13.8717 -22.3009
15.6657 -12.5387 -21.6389
14.4947 -12.6137 -25.3449
11.7777 -15.2137 -24.4399
10.2657 -12.6347 -21.9719
10.5537 -9.69269 -24.4949
7.43769 -11.2317 -26.2059
5.32069 -9.24969 -23.6589
4.41469 -5.93569 -25.4319
6.14169 -3.03369 -23.6419
4.27269 -0.0136892 -25.1239

6.80469 2.52431 -23.6919
10.5727 1.90331 -24.0549
13.5017 4.05631 -22.8819

16.9917 3.09131 -24.1239
19.8467 4.96431 -22.4249
23.1677 5.33631 -24.3329

21.4427 3.84931 -27.4529
24.7437 3.99431 -29.4519
25.2567 0.459311 -27.9399
22.7347 -0.664689 -30.6599

24.9507 0.765311 -33.5379
25.6477 -2.70769 -35.0949
22.5957 -4.78169 -36.2199
24.5147 -8.14669 -36.1219
25.1227 -7.91469 -32.3229

22.9577 -10.0677 -29.9919
21.9407 -6.92069 -27.9709
20.6767 -5.20769 -31.1769
18.9227 -8.39169 -32.4899
17.0477 -8.70369 -29.1319
16.1957 -4.93569 -28.8159
15.0437 -4.15169 -32.4089
11.8087 -6.32169 -32.4869
10.5477 -4.58469 -29.2829
11.5047 -1.07069 -30.5479
9.61569 -1.62469 -33.8699

6.36069 -2.72569 -32.0599
6.43669 -0.442689 -28.9489
4.13669 2.65931 -29.1879

6.68269 5.08531 -27.5879
10.4897 4.85431 -28.1129
12.7397 7.27831 -26.1939
16.3637 6.74431 -27.3069
19.0817 8.68031 -25.3959

22.7697 9.26631 -26.3029
25.5107 11.9133 -25.9109
27.2187 10.5023 -29.0209
24.5067 8.97931 -31.3159
27.2457 8.18031 -33.8289
30.6647 7.24531 -32.3609
32.6877 7.47431 -35.6399
30.5487 7.01631 -38.8479

27.0227 7.61331 -40.3679
26.3637 3.80531 -40.5849
26.1067 3.68331 -36.7069
22.8897 5.83131 -36.8629
20.8807 3.35531 -39.0119
19.6047 1.17531 -36.0979
18.5277 4.30931 -34.1269
16.7707 5.79531 -37.2419
14.7497 2.56331 -37.8599
13.9637 2.27531 -34.0979
12.4047 5.81831 -34.0799

10.9017 5.54731 -37.6559
10.5167 1.83131 -38.7409
9.33669 2.95031 -42.2639
12.5737 4.91131 -42.9919
15.1717 2.96531 -45.0759
13.6087 -0.583689 -44.7129
16.9327 -2.01569 -46.0549

20.4077 -0.817689 -44.9129
21.7897 -0.820689 -48.5159
19.6427 2.23431 -49.5139
20.9437 4.17031 -46.4429
24.5437 3.00231 -47.1519
24.4807 4.03931 -50.8679
23.2707 7.56731 -49.9139
25.1057 8.38131 -46.6259

27.9987 5.85031 -46.2479
29.6577 6.33331 -49.7259
29.0097 2.62431 -50.3419

31.5867 0.977311 -52.6729
31.3377 -2.37069 -54.5149

34.6177 -4.21369 -53.7579
35.6137 -7.69569 -55.1859
34.5637 -9.26269 -51.7989

31.2077 -7.36969 -51.3919
30.0437 -3.88669 -50.2979
32.1337 -1.46169 -48.2159

30.1227 1.00931 -46.0219
33.0537 2.62531 -44.0629
32.7227 5.95231 -45.9559
30.5037 9.03931 -45.6099
28.3757 11.0993 -48.0489
25.6207 13.7943 -48.1269

26.0807 14.5113 -44.3519
24.2497 17.9093 -44.4509
21.1497 16.1333 -45.9079
21.4747 13.4193 -43.2039
21.6557 16.1873 -40.5109
18.4477 17.8253 -41.8799
16.6147 14.4303 -41.9889
17.7267 13.6073 -38.4019
16.6677 17.0053 -36.9149
13.2657 17.0553 -38.7279
12.0887 13.4463 -38.1929
14.3197 11.4443 -35.7269

16.4527 13.5023 -33.3429
16.3947 16.3963 -30.8719
19.9977 17.6383 -30.3389
21.3047 20.6393 -28.3499
24.8797 21.4743 -27.3759

26.4057 22.9583 -24.1479
27.0167 26.1623 -26.1699
23.2617 26.4113 -27.0699
21.8217 26.0413 -23.5099

24.6327 26.5363 -20.8879
26.5937 29.7713 -21.7189
28.0077 29.5343 -18.1189
30.0127 26.2663 -18.5349
33.8117 26.9603 -18.5499
35.5647 26.2263 -21.8739

37.2207 22.8563 -22.6169
40.8367 23.7043 -23.5949
42.3737 20.8143 -25.5969
46.0527 20.3163 -26.5439
48.4147 17.7073 -27.9459
51.4557 17.0123 -25.7049

54.2747 15.4583 -27.7599
56.0547 13.2573 -25.1689
59.7697 13.0763 -25.9789

60.7537 9.84531 -27.9019
64.3687 10.3163 -26.5739

63.3307 8.12431 -23.5519
62.2897 5.33531 -26.0369
65.4277 3.15431 -25.9709

66.9337 1.88131 -29.2689
65.6217 -1.73669 -28.7279
61.9997 -0.538689 -28.1769
62.2767 1.79131 -31.2379
63.7057 -1.05369 -33.3899
60.7677 -3.27069 -32.2049
58.2217 -0.535689 -33.2029
60.0187 -0.137689 -36.5929
59.9317 -3.96369 -37.0239
56.1587 -4.27269 -36.2759
55.4707 -1.22069 -38.5439
57.4257 -2.89669 -41.4309
55.6517 -6.20969 -40.6399
52.1547 -4.65769 -41.2239
53.2457 -3.32669 -44.6949

54.7257 -6.65669 -45.9469
52.8957 -7.75469 -49.1519
53.0367 -11.5347 -48.6169
51.1657 -11.6957 -45.2319
47.5927 -12.9237 -44.7249

44.7967 -10.5367 -43.5709
45.1157 -12.1987 -40.1079
48.9377 -11.7397 -39.8189
48.3867 -8.03769 -40.7899
45.7977 -7.68469 -37.9149
48.1657 -9.50469 -35.4779
51.1147 -7.21269 -36.4349
48.7637 -4.17469 -35.9789
47.7487 -5.37669 -32.4549
51.4637 -5.95769 -31.6479
52.4337 -2.43669 -32.9199
49.6067 -0.897689 -30.8049
50.5617 -2.84669 -27.6069
54.2947 -1.92969 -28.1739
53.2447 1.76031 -28.5339
51.5937 1.57131 -25.0739
54.7537 -0.00968918 -23.5049
57.0537 2.55131 -25.2329
55.0547 5.52531 -23.7869
55.0017 4.32931 -20.0889
58.2887 6.08231 -18.9519
57.3517 9.51531 -20.4239
53.6667 9.16031 -19.3839
55.0077 8.61231 -15.8129
57.4797 11.5553 -16.1999
54.5527 13.8063 -17.2829
52.2407 12.6543 -14.3929
55.0457 13.4223 -11.8819
55.6997 16.8723 -13.5069
51.9507 17.6693 -13.0309
52.0777 16.6583 -9.30594
55.4027 18.5233 -8.71594

53.7447 21.6023 -10.3989
51.2647 21.5873 -7.42494
48.0957 20.2903 -9.21594
45.4017 19.3373 -6.68794
43.1487 16.9883 -8.81194

43.3677 15.3933 -12.2929
42.1997 12.3173 -14.2639
44.5697 9.95531 -16.1389
42.9837 7.88831 -18.9429

44.6047 4.73331 -20.4139
43.2227 1.43231 -21.8909
46.1007 -1.11169 -21.8359

46.2317 -2.79569 -18.3829
50.0947 -2.59369 -18.3249
49.8647 1.26331 -18.5669
47.2617 1.44831 -15.7229
49.4227 -0.986689 -13.6369
52.6877 0.995311 -14.1909
51.0107 4.37431 -13.3449
49.4577 2.94531 -10.1059
52.7937 1.31231 -9.07594
54.7357 4.61531 -9.49594
52.0497 6.62831 -7.58794
52.2677 4.03731 -4.72294
56.1297 4.26131 -4.83794

55.8417 8.11631 -4.58194
53.1737 7.68431 -1.78094
50.5957 9.64431 -3.88294
46.9917 8.95731 -2.81394

44.9887 7.96631 -5.92494
41.9037 5.99831 -7.09094
41.8257 3.28131 -9.80694
38.8237 2.18031 -11.9509

39.0897 -0.541689 -14.6489
37.2567 -3.63769 -16.0629
37.8347 -5.55469 -12.7539
36.4007 -2.80569 -10.4379
32.8877 -3.81069 -9.24894
29.7247 -1.71469 -9.90494
29.3517 -0.606689 -6.21694

33.1097 0.0353108 -5.62994
33.1007 2.26031 -8.79694
30.5397 4.59231 -7.13294
32.3887 4.53731 -3.74894
35.8247 5.32531 -5.35694
34.0837 8.09431 -7.37994
32.7497 9.58231 -4.07994
36.2267 9.19931 -2.42694
37.8747 11.2153 -5.29494
35.0267 13.8153 -5.24494
34.9527 14.3793 -1.43394

38.5857 13.7163 -0.299938
41.1697 16.4983 -0.985938
43.9727 13.8703 -0.535938
43.1617 11.8663 -3.71394
45.1307 13.8473 -6.33494

44.9887 11.3233 -9.24794
42.2287 9.15231 -10.7269
43.6907 6.29031 -12.8569
40.8347 5.38031 -15.2299
40.2607 2.85231 -18.0179

38.9487 4.74831 -21.1189
36.5197 1.83831 -21.8279
35.4567 0.989311 -18.2309
34.9697 4.58331 -16.8639
33.2477 6.11231 -19.9969
29.7867 5.63831 -18.3089
27.7887 6.59431 -15.1579
30.5557 8.36031 -13.1629
31.0047 12.1323 -12.4779
34.4577 13.6753 -11.7689
33.6207 17.4103 -11.3229
36.3307 17.7423 -8.56994
39.1147 17.6773 -11.2429
39.9987 20.4823 -13.7399

42.4457 18.4053 -15.8819
42.1367 15.2413 -18.0239
45.3037 13.4743 -19.3089
44.9267 10.8413 -22.0529

48.0867 8.71831 -21.6089
46.8777 6.69831 -24.6399
44.8667 7.50131 -27.7879
41.6737 5.53631 -28.5839
40.5877 4.98231 -32.2509
36.9417 5.95431 -31.5059

36.4017 9.73131 -30.8579
32.9287 9.18331 -29.2949
34.6297 7.31631 -26.3749
37.2487 10.1123 -25.9599
34.4117 12.7403 -25.8059
32.5317 10.5003 -23.2709
35.7097 10.4933 -21.0909
36.1837 14.3443 -21.3229

32.4857 14.8193 -20.3049
33.1597 12.9723 -17.0209
34.7807 16.2523 -15.7559
32.8487 18.7743 -17.9009
29.4647 18.2813 -16.0769
26.9247 20.4553 -14.1939
28.8487 21.3973 -10.9969
32.1567 22.1693 -12.8189
33.3857 25.7693 -12.1049
36.9077 25.7003 -13.7179
38.0107 25.6633 -17.4039

38.6327 21.9823 -18.2269
42.1227 21.1613 -19.5589
42.3847 18.1103 -21.8939
45.9457 16.8583 -22.6349
46.4497 14.1743 -25.3469
49.8697 12.4793 -24.8389
51.4027 11.4633 -28.2419

54.7917 9.96331 -29.2639
56.4927 10.4823 -32.6929
57.5987 7.11731 -34.2169
54.5757 5.14231 -32.7989
50.9037 4.14231 -33.4249

49.8917 7.72631 -32.3459
51.2107 9.07031 -35.7299
48.4307 7.06231 -37.5399
45.7317 7.13931 -34.8059
45.6957 10.9533 -34.3859
44.8847 11.7953 -38.0999
42.2997 8.90831 -38.0499
40.5907 10.3453 -34.9059
40.6037 13.8583 -36.5229
38.9107 12.7753 -39.8049
36.3097 10.8503 -37.6899
35.4677 13.9853 -35.5709
35.1077 15.9773 -38.8429
32.6347 13.3323 -40.2079
30.7127 13.5983 -36.8759
30.7277 17.4623 -37.0399
29.5007 17.5463 -40.7099

26.6277 15.2243 -39.5929
25.8277 17.7663 -36.7479
26.9037 15.1653 -34.1039
29.9237 17.0723 -32.6279
31.0987 20.6873 -32.0559
34.5567 19.2483 -31.3209
37.0307 20.3843 -33.9659
40.4707 18.7123 -33.4929
42.3557 20.5183 -36.3819

43.3617 23.6073 -34.2999
45.4097 21.4183 -31.8569
47.7567 20.1013 -34.6359
48.6077 23.4983 -36.1949

49.8727 24.4573 -32.6649
52.3577 21.4843 -32.2419

End chain 1
