-13.201 -6.296 -53.957
-10.703 -3.406 -53.291
-9.54 -3.087 -49.639
-11.02 0.322 -48.639
-8.614 1.85 -46.053
-10.787 3.126 -43.162

-9.634 6.195 -41.181
-10.061 4.9 -37.589
-10.286 6.838 -34.306
-12.195 7.103 -30.979
-14.163 9.439 -28.711
-12.619 10.223 -25.263
-14.157 12.207 -22.344

-11.943 15.248 -21.466
-14.301 16.978 -18.949
-17.827 16.65 -17.399
-19.139 18.761 -20.353

-16.752 17.96 -23.312
-15.482 14.956 -25.281
-12.62 14.751 -27.824
-12.437 12.939 -31.204
-8.982 11.264 -31.393
-8.672 10.357 -35.1

-6.282 10.744 -38.079
-6.98 13.557 -40.6
-9.895 13.022 -43.051

-11.208 15.853 -45.293
-14.92 14.856 -45.011
-14.611 14.37 -41.226
-13.015 17.857 -40.827
-15.875 19.254 -42.999
-18.403 17.482 -40.669
-16.559 18.759 -37.515
-16.844 22.341 -38.957

-20.697 21.797 -39.029
-20.861 21.033 -35.24
-22.116 23.933 -33.104
-20.016 23.255 -29.939
-16.791 22.621 -31.971

-13.393 23.436 -30.391
-10.011 22.816 -32.063
-6.805 22.812 -29.99

-3.883 23.919 -32.209
-1.328 22.314 -29.773
-2.753 18.736 -29.691
-4.334 19.137 -33.217

-7.578 17.622 -31.79
-11.313 18.386 -31.995
-13.683 18.544 -28.991
-17.466 19.001 -28.65
-20.131 19.402 -25.91

-21.257 16.038 -24.476
-24.923 16.743 -25.497
-23.731 16.722 -29.178
-22.178 13.179 -28.839
-25.228 11.354 -30.322
-25.57 14.044 -33.093
-21.852 13.682 -34.021
-21.815 9.829 -34.037
-25.045 9.774 -36.128
-23.507 12.176 -38.75
-20.093 10.348 -38.803

-21.793 6.948 -39.527
-22.962 8.546 -42.834
-19.328 9.196 -43.991
-17.677 6.563 -46.261
-14.251 5.2 -45.121

-14.46 6.789 -41.562
-14.765 4.819 -38.279
-15.142 6.964 -35.114
-15.663 4.659 -32.101

-18.218 6.249 -29.657
-17.862 6.903 -25.912
-18.35 3.469 -24.195

-21.794 2.549 -22.772
-20.235 2.829 -19.255
-19.534 6.58 -19.812
-22.964 7.196 -21.431
-24.623 5.531 -18.378
-22.42 7.523 -15.909

-23.028 10.919 -17.654
-26.668 10.153 -18.714
-27.851 13.482 -17.123

-25.214 15.594 -18.963
-26 13.8 -22.296
-29.631 15.147 -21.909

-30.4834 18.2992 -19.864
-30.3416 16.7566 -16.4261
-30.3869 15.6702 -12.7943
-32.9733 13.0924 -14.0931
-35.3803 10.575 -15.3983
-38.6617 8.92167 -14.8042
-39.9416 8.70635 -11.1894
-39.8799 6.02953 -8.57027
-43.7649 6.00369 -8.25821
-43.839 5.58911 -11.9695
-41.4079 2.78477 -13.0384
-41.2962 1.20932 -9.55925
-42.6982 -2.20822 -10.1113
-40.3189 -4.72357 -11.6846
-37.9632 -2.28026 -10.0386
-38.7697 -1.72918 -6.33091
-41.3287 -4.29974 -5.54939
-40.1468 -7.89225 -5.80723
-38.8297 -6.24245 -2.61981

-39.6769 -5.08159 0.898357
-36.0388 -4.23597 1.59968
-35.7861 -2.22395 -1.61447
-38.9309 -0.271492 -0.753601
-37.5985 0.533697 2.7133

-33.9345 -0.654303 2.3543
-33.8835 -0.652303 -1.5117
-31.6415 2.1127 -2.9207

-33.3025 4.2177 -5.7437
-31.4275 2.3087 -8.5107
-32.2605 -1.0723 -6.8407
-35.9925 -0.0673026 -6.8297
-35.7585 0.843697 -10.5597
-34.1395 -2.6193 -11.1607
-36.9845 -4.3993 -9.2627
-39.5595 -2.3903 -11.3157
-37.7515 -3.3093 -14.6107
-37.6265 -7.0153 -13.6217
-41.3925 -6.9833 -12.7787
-42.2205 -5.1313 -16.0717

-40.1695 -7.8293 -17.9787
-42.4105 -10.4263 -16.1767
-39.7085 -11.7743 -13.7767

-37.5485 -13.1213 -16.6807
-34.1525 -11.3563 -16.7437
-30.4055 -11.4623 -16.2277
-29.4915 -8.9333 -13.4857

-25.8905 -8.2793 -14.6347
-25.3315 -5.2853 -12.2817
-21.7005 -4.8693 -11.1297
-20.2445 -6.7593 -8.1087
-21.5575 -5.5183 -4.7227
-24.4295 -3.3053 -6.1327
-26.9025 -5.4933 -4.0987

-28.0405 -8.1203 -6.6757
-29.2085 -10.3933 -3.7727
-31.5595 -7.7603 -2.1907
-33.0725 -6.9683 -5.6527
-33.4785 -10.7363 -6.4167
-35.2165 -11.4323 -3.0457
-37.6115 -8.4783 -3.7087
-38.4435 -9.6193 -7.3117
-39.0425 -13.1973 -6.0437
-41.1515 -11.9543 -3.0457
-43.4235 -9.9433 -5.4287
-44.0965 -13.4163 -6.9997
-44.5805 -15.1813 -3.5257
-48.0825 -16.3313 -4.7367

-46.2465 -18.4303 -7.4447
-43.8225 -20.3423 -5.0967
-42.1775 -22.8873 -4.3367

-38.9705 -20.9223 -5.0187
-35.7475 -22.6113 -6.2377
-32.4315 -20.8023 -5.5097
-29.3285 -22.2133 -7.2837
-26.0255 -20.8313 -5.9037

-22.2465 -21.4903 -5.5207
-21.6125 -24.2943 -2.9397
-20.0525 -21.7793 -0.413704
-22.8855 -19.1143 -0.307704

-25.9545 -21.3423 0.496296
-26.0915 -20.2273 4.1683
-25.3505 -16.5763 3.1233
-28.5615 -16.7783 0.999296
-30.6105 -18.3713 3.8683
-29.4645 -15.5543 6.2223
-30.3055 -12.9983 3.4623
-33.9185 -14.3633 3.2533
-34.2785 -14.3343 7.1043
-32.7925 -10.7743 7.2163
-35.0195 -9.2793 4.4713

-38.3175 -11.2833 4.7333
-39.0475 -11.5243 8.5493
-42.5845 -12.6833 7.4413
-40.9605 -16.1753 6.8993
-40.2265 -18.7593 9.6103

-36.8285 -20.5783 9.3503
-38.8345 -23.7943 8.5733
-39.9765 -22.1413 5.2843

-36.2875 -22.2903 4.0693
-34.7015 -25.5983 2.9813
-30.8775 -25.5153 2.5743

-29.8985 -28.5903 0.528296
-26.5125 -29.7773 1.8653
-26.3975 -33.3113 0.306296
-27.6015 -35.2733 -2.7717
-29.9655 -37.2943 -0.436704
-31.9845 -34.2823 0.810296
-35.5485 -33.3913 -0.347704
-35.2715 -30.4473 -2.8057
-39.0125 -29.5763 -2.2337
-39.1155 -29.6403 1.6203
-39.3045 -25.8063 2.0293
-41.2765 -22.9403 0.488296

-37.7845 -21.6143 -0.468704
-35.2615 -24.3073 -1.5417
-31.5325 -23.3723 -1.7037
-29.2055 -25.7763 -3.6197
-25.7255 -25.7693 -5.2157

-24.8545 -26.2143 -8.9297
-22.9535 -29.4833 -8.1317
-26.0295 -31.0203 -6.3937
-28.4965 -30.2433 -9.2847

-27.1225 -33.1893 -11.3667
-27.4835 -35.5473 -8.3237
-31.0395 -34.2143 -7.6617
-32.2105 -34.2893 -11.3677
-34.9275 -36.8893 -10.4627
-36.4395 -34.3103 -7.9947
-36.1515 -31.3683 -10.5177
-39.2675 -32.9073 -12.2287
-41.3845 -30.9253 -9.6817
-42.2905 -27.6113 -11.4547
-40.5635 -24.7093 -9.6647
-42.4325 -21.6893 -11.1467

-39.9005 -19.1513 -9.7147
-36.1325 -19.7723 -10.0777
-33.2035 -17.6193 -8.9047

-29.7135 -18.5843 -10.1467
-26.8585 -16.7113 -8.4477
-23.5375 -16.3393 -10.3557

-25.2625 -17.8263 -13.4757
-21.9615 -17.6813 -15.4747
-21.4485 -21.2163 -13.9627
-23.9705 -22.3403 -16.6827

-21.7545 -20.9103 -19.5607
-21.0575 -24.3833 -21.1177
-24.1095 -26.4573 -22.2427
-22.1905 -29.8223 -22.1447
-21.5825 -29.5903 -18.3457

-23.7475 -31.7433 -16.0147
-24.7645 -28.5963 -13.9937
-26.0285 -26.8833 -17.1997
-27.7825 -30.0673 -18.5127
-29.6575 -30.3793 -15.1547
-30.5095 -26.6113 -14.8387
-31.6615 -25.8273 -18.4317
-34.8965 -27.9973 -18.5097
-36.1575 -26.2603 -15.3057
-35.2005 -22.7463 -16.5707
-37.0895 -23.3003 -19.8927

-40.3445 -24.4013 -18.0827
-40.2685 -22.1183 -14.9717
-42.5685 -19.0163 -15.2107

-40.0225 -16.5903 -13.6107
-36.2155 -16.8213 -14.1357
-33.9655 -14.3973 -12.2167
-30.3415 -14.9313 -13.3297
-27.6235 -12.9953 -11.4187

-23.9355 -12.4093 -12.3257
-21.1945 -9.7623 -11.9337
-19.4865 -11.1733 -15.0437
-22.1985 -12.6963 -17.3387
-19.4595 -13.4953 -19.8517
-16.0405 -14.4303 -18.3837
-14.0175 -14.2013 -21.6627
-16.1565 -14.6593 -24.8707

-19.6825 -14.0623 -26.3907
-20.3415 -17.8703 -26.6077
-20.5985 -17.9923 -22.7297
-23.8155 -15.8443 -22.8857
-25.8245 -18.3203 -25.0347
-27.1005 -20.5003 -22.1207
-28.1775 -17.3663 -20.1497
-29.9345 -15.8803 -23.2647
-31.9555 -19.1123 -23.8827
-32.7415 -19.4003 -20.1207
-34.3005 -15.8573 -20.1027

-35.8035 -16.1283 -23.6787
-36.1885 -19.8443 -24.7637
-37.3685 -18.7253 -28.2867
-34.1315 -16.7643 -29.0147
-31.5335 -18.7103 -31.0987
-33.0965 -22.2593 -30.7357
-29.7725 -23.6913 -32.0777

-26.2975 -22.4933 -30.9357
-24.9155 -22.4963 -34.5387
-27.0625 -19.4413 -35.5367
-25.7615 -17.5053 -32.4657
-22.1615 -18.6733 -33.1747
-22.2245 -17.6363 -36.8907
-23.4345 -14.1083 -35.9367
-21.5995 -13.2943 -32.6487

-18.7065 -15.8253 -32.2707
-17.0475 -15.3423 -35.7487
-17.6955 -19.0513 -36.3647

-15.1185 -20.6983 -38.6957
-15.3675 -24.0463 -40.5377

-12.0875 -25.8893 -39.7807
-11.0915 -29.3713 -41.2087
-12.1415 -30.9383 -37.8217

-15.4975 -29.0453 -37.4147
-16.6615 -25.5623 -36.3207
-14.5715 -23.1373 -34.2387

-16.5825 -20.6663 -32.0447
-13.6515 -19.0503 -30.0857
-13.9825 -15.7233 -31.9787
-16.2015 -12.6363 -31.6327
-18.3295 -10.5763 -34.0717
-21.0845 -7.8813 -34.1497

-20.6245 -7.1643 -30.3747
-22.4555 -3.7663 -30.4737
-25.5555 -5.5423 -31.9307
-25.2305 -8.2563 -29.2267
-25.0495 -5.4883 -26.5337
-28.2575 -3.8503 -27.9027
-30.0905 -7.2453 -28.0117
-28.9785 -8.0683 -24.4247
-30.0375 -4.6703 -22.9377
-33.4395 -4.6203 -24.7507
-34.6165 -8.2293 -24.2157
-32.3855 -10.2313 -21.7497

-30.2525 -8.1733 -19.3657
-30.3105 -5.2793 -16.8947
-26.7075 -4.0373 -16.3617
-25.4005 -1.0363 -14.3727
-21.8255 -0.201303 -13.3987

-20.2995 1.2827 -10.1707
-19.6885 4.4867 -12.1927
-23.4435 4.7357 -13.0927
-24.8835 4.3657 -9.5327

-22.0725 4.8607 -6.9107
-20.1115 8.0957 -7.7417
-18.6975 7.8587 -4.1417
-16.6925 4.5907 -4.5577
-12.8935 5.2847 -4.5727
-11.1405 4.5507 -7.8967

-9.48451 1.1807 -8.6397
-5.86851 2.0287 -9.6177
-4.33151 -0.861303 -11.6197
-0.652515 -1.3593 -12.5667
1.70949 -3.9683 -13.9687
4.75049 -4.6633 -11.7277

7.56949 -6.2173 -13.7827
9.34949 -8.4183 -11.1917
13.0645 -8.5993 -12.0017

14.0485 -11.8303 -13.9247
17.6635 -11.3593 -12.5967

16.6255 -13.5513 -9.5747
15.5845 -16.3403 -12.0597
18.7225 -18.5213 -11.9937

20.2285 -19.7943 -15.2917
18.9165 -23.4123 -14.7507
15.2945 -22.2143 -14.1997
15.5715 -19.8843 -17.2607
17.0005 -22.7293 -19.4127
14.0625 -24.9463 -18.2277
11.5165 -22.2113 -19.2257
13.3135 -21.8133 -22.6157
13.2265 -25.6393 -23.0467
9.45349 -25.9483 -22.2987
8.76549 -22.8963 -24.5667
10.7205 -24.5723 -27.4537
8.94649 -27.8853 -26.6627
5.44949 -26.3333 -27.2467
6.54049 -25.0023 -30.7177

8.02049 -28.3323 -31.9697
6.19049 -29.4303 -35.1747
6.33149 -33.2103 -34.6397
4.46049 -33.3713 -31.2547
0.887485 -34.5993 -30.7477

-1.90851 -32.2123 -29.5937
-1.58951 -33.8743 -26.1307
2.23249 -33.4153 -25.8417
1.68149 -29.7133 -26.8127
-0.907515 -29.3603 -23.9377
1.46049 -31.1803 -21.5007
4.40949 -28.8883 -22.4577
2.05849 -25.8503 -22.0017
1.04349 -27.0523 -18.4777
4.75849 -27.6333 -17.6707
5.72849 -24.1123 -18.9427
2.90149 -22.5733 -16.8277
3.85649 -24.5223 -13.6297
7.58949 -23.6053 -14.1967
6.53949 -19.9153 -14.5567
4.88849 -20.1043 -11.0967
8.04849 -21.6853 -9.5277
10.3485 -19.1243 -11.2557
8.34949 -16.1503 -9.8097
8.29649 -17.3463 -6.1117
11.5835 -15.5933 -4.9747
10.6465 -12.1603 -6.4467
6.96149 -12.5153 -5.4067
8.30249 -13.0633 -1.8357
10.7745 -10.1203 -2.2227
7.84749 -7.8693 -3.3057
5.53549 -9.0213 -0.415704
8.34049 -8.2533 2.0953
8.99449 -4.8033 0.470296
5.24549 -4.0063 0.946296
5.37249 -5.0173 4.6713
8.69749 -3.1523 5.2613

7.03949 -0.0733026 3.5783
4.55949 -0.0883026 6.5523
1.39049 -1.3853 4.7613
-1.30351 -2.3383 7.2893
-3.55651 -4.6873 5.1653

-3.33751 -6.2823 1.6843
-4.50551 -9.3583 -0.286704
-2.13551 -11.7203 -2.1617
-3.72151 -13.7873 -4.9657

-2.10051 -16.9423 -6.4367
-3.48251 -20.2433 -7.9137
-0.604515 -22.7873 -7.8587

-0.473515 -24.4713 -4.4057
3.38949 -24.2693 -4.3477
3.15949 -20.4123 -4.5897
0.556485 -20.2273 -1.7457
2.71749 -22.6623 0.340296
5.98249 -20.6803 -0.213704
4.30549 -17.3013 0.632296
2.75249 -18.7303 3.8713
6.08849 -20.3633 4.9013
8.03049 -17.0603 4.4813
5.34449 -15.0473 6.3893
5.56249 -17.6383 9.2543
9.42449 -17.4143 9.1393

9.13649 -13.5593 9.3953
6.46849 -13.9913 12.1963
3.89049 -12.0313 10.0943
0.286485 -12.7183 11.1633

-1.71651 -13.7093 8.0523
-4.80151 -15.6773 6.8863
-4.87951 -18.3943 4.1703
-7.88151 -19.4953 2.0263

-7.61551 -22.2173 -0.671704
-9.44851 -25.3133 -2.0857
-8.87051 -27.2303 1.2233
-10.3045 -24.4813 3.5393
-13.8175 -25.4863 4.7283
-16.9805 -23.3903 4.0723
-17.3535 -22.2823 7.7603

-13.5955 -21.6403 8.3473
-13.6045 -19.4153 5.1803
-16.1655 -17.0833 6.8443
-14.3165 -17.1383 10.2283
-10.8805 -16.3503 8.6203
-12.6215 -13.5813 6.5973
-13.9555 -12.0933 9.8973
-10.4785 -12.4763 11.5503
-8.83051 -10.4603 8.6823
-11.6785 -7.8603 8.7323
-11.7525 -7.2963 12.5433

-8.11951 -7.9593 13.6773
-5.53551 -5.1773 12.9913
-2.73251 -7.8053 13.4413
-3.54351 -9.8093 10.2633
-1.57451 -7.8283 7.6423

-1.71651 -10.3523 4.7293
-4.47651 -12.5233 3.2503
-3.01451 -15.3853 1.1203
-5.87051 -16.2953 -1.2527
-6.44451 -18.8233 -4.0407

-7.75651 -16.9273 -7.1417
-10.1855 -19.8373 -7.8507
-11.2485 -20.6863 -4.2537
-11.7355 -17.0923 -2.8867
-13.4575 -15.5633 -6.0197
-16.9185 -16.0373 -4.3317
-18.9165 -15.0813 -1.1807
-16.1495 -13.3153 0.814296
-15.7005 -9.5433 1.4993
-12.2475 -8.0003 2.2083
-13.0845 -4.2653 2.6543
-10.3745 -3.9333 5.4073
-7.59051 -3.9983 2.7343
-6.70651 -1.1933 0.237296

-4.25951 -3.2703 -1.9047
-4.56851 -6.4343 -4.0467
-1.40151 -8.2013 -5.3317
-1.77851 -10.8343 -8.0757

1.38149 -12.9573 -7.6317
0.172485 -14.9773 -10.6627
-1.83851 -14.1743 -13.8107
-5.03151 -16.1393 -14.6067
-6.11751 -16.6933 -18.2737
-9.76351 -15.7213 -17.5287

-10.3035 -11.9443 -16.8807
-13.7765 -12.4923 -15.3177
-12.0755 -14.3593 -12.3977
-9.45651 -11.5633 -11.9827
-12.2935 -8.9353 -11.8287
-14.1735 -11.1753 -9.2937
-10.9955 -11.1823 -7.1137
-10.5215 -7.3313 -7.3457

-14.2195 -6.8563 -6.3277
-13.5455 -8.7033 -3.0437
-11.9245 -5.4233 -1.7787
-13.8565 -2.9013 -3.9237
-17.2405 -3.3943 -2.0997
-19.7805 -1.2203 -0.216704
-17.8565 -0.278303 2.9803
-14.5485 0.493697 1.1583
-13.3195 4.0937 1.8723
-9.79751 4.0247 0.259296
-8.69451 3.9877 -3.4267

-8.07251 0.306697 -4.2497
-4.58251 -0.514303 -5.5817
-4.32051 -3.5653 -7.9167
-0.759515 -4.8173 -8.6577
-0.255515 -7.5013 -11.3697
3.16449 -9.1963 -10.8617
4.69749 -10.2123 -14.2647

8.08649 -11.7123 -15.2867
9.78749 -11.1933 -18.7157
10.8935 -14.5583 -20.2397
7.87049 -16.5333 -18.8217
4.19849 -17.5333 -19.4477

3.18649 -13.9493 -18.3687
4.50549 -12.6053 -21.7527
1.72549 -14.6133 -23.5627
-0.973515 -14.5363 -20.8287
-1.00951 -10.7223 -20.4087
-1.82051 -9.8803 -24.1227
-4.40551 -12.7673 -24.0727
-6.11451 -11.3303 -20.9287
-6.10151 -7.8173 -22.5457
-7.79451 -8.9003 -25.8277
-10.3955 -10.8253 -23.7127
-11.2375 -7.6903 -21.5937
-11.5975 -5.6983 -24.8657
-14.0705 -8.3433 -26.2307
-15.9925 -8.0773 -22.8987
-15.9775 -4.2133 -23.0627
-17.2045 -4.1293 -26.7327

-20.0775 -6.4513 -25.6157
-20.8775 -3.9093 -22.7707
-19.8015 -6.5103 -20.1267
-16.7815 -4.6033 -18.6507
-15.6065 -0.988303 -18.0787
-12.1485 -2.4273 -17.3437
-9.67451 -1.2913 -19.9887
-6.23451 -2.9633 -19.5157
-4.34951 -1.1573 -22.4047

-3.34351 1.9317 -20.3227
-1.29551 -0.257303 -17.8797
1.05149 -1.5743 -20.6587
1.90249 1.8227 -22.2177

3.16749 2.7817 -18.6877
5.65249 -0.191303 -18.2647

End chain 1
