-13.201 -6.296 -53.957
-10.703 -3.406 -53.291
-9.54 -3.087 -49.639
-11.02 0.322 -48.639
-8.614 1.85 -46.053
-10.787 3.126 -43.162

-9.634 6.195 -41.181
-10.061 4.9 -37.589
-10.286 6.838 -34.306
-12.195 7.103 -30.979
-14.163 9.439 -28.711
-12.619 10.223 -25.263
-14.157 12.207 -22.344

-11.943 15.248 -21.466
-14.301 16.978 -18.949
-17.827 16.65 -17.399
-19.139 18.761 -20.353

-16.752 17.96 -23.312
-15.482 14.956 -25.281
-12.62 14.751 -27.824
-12.437 12.939 -31.204
-8.982 11.264 -31.393
-8.672 10.357 -35.1

-6.282 10.744 -38.079
-6.98 13.557 -40.6
-9.895 13.022 -43.051

-11.208 15.853 -45.293
-14.92 14.856 -45.011
-14.611 14.37 -41.226
-13.015 17.857 -40.827
-15.875 19.254 -42.999
-18.403 17.482 -40.669
-16.559 18.759 -37.515
-16.844 22.341 -38.957

-20.697 21.797 -39.029
-20.861 21.033 -35.24
-22.116 23.933 -33.104
-20.016 23.255 -29.939
-16.791 22.621 -31.971

-13.393 23.436 -30.391
-10.011 22.816 -32.063
-6.805 22.812 -29.99

-3.883 23.919 -32.209
-1.328 22.314 -29.773
-2.753 18.736 -29.691
-4.334 19.137 -33.217

-7.578 17.622 -31.79
-11.313 18.386 -31.995
-13.683 18.544 -28.991
-17.466 19.001 -28.65
-20.131 19.402 -25.91

-21.257 16.038 -24.476
-24.923 16.743 -25.497
-23.731 16.722 -29.178
-22.178 13.179 -28.839
-25.228 11.354 -30.322
-25.57 14.044 -33.093
-21.852 13.682 -34.021
-21.815 9.829 -34.037
-25.045 9.774 -36.128
-23.507 12.176 -38.75
-20.093 10.348 -38.803

-21.793 6.948 -39.527
-22.962 8.546 -42.834
-19.328 9.196 -43.991
-17.677 6.563 -46.261
-14.251 5.2 -45.121

-14.46 6.789 -41.562
-14.765 4.819 -38.279
-15.142 6.964 -35.114
-15.663 4.659 -32.101

-18.218 6.249 -29.657
-17.862 6.903 -25.912
-18.35 3.469 -24.195

-21.794 2.549 -22.772
-20.235 2.829 -19.255
-19.534 6.58 -19.812
-22.964 7.196 -21.431
-24.623 5.531 -18.378
-22.42 7.523 -15.909

-23.028 10.919 -17.654
-26.668 10.153 -18.714
-27.851 13.482 -17.123

-25.214 15.594 -18.963
-26 13.8 -22.296
-29.631 15.147 -21.909

-29.6243 18.6824 -20.2661
-28.9254 21.7435 -18.1615
-29.0564 24.2758 -15.3536
-26.1145 23.5164 -13.07
-23.7722 22.3662 -15.6933
-21.1049 20.0517 -17.1935
-18.7682 21.7288 -14.8256
-19.8327 24.5348 -12.4657
-17.4844 27.4281 -13.5029
-13.9407 28.532 -12.8499
-12.4552 25.7542 -15.0349
-11.7211 27.4707 -18.3364
-12.6162 28.523 -21.9644
-10.2308 27.2123 -24.6125
-6.83784 28.7891 -25.4007
-6.84657 31.3596 -28.2758
-3.46109 29.7567 -27.7472
-0.376111 28.5066 -25.7711
2.39486 31.2333 -25.8938

4.32628 32.4442 -28.9346
7.60385 32.3431 -27.0136
6.91899 28.7936 -25.841
6.16123 27.6642 -29.3896
9.38934 29.2055 -30.6728

13.0533 28.0175 -31.0318
13.1043 28.0195 -34.8978
15.3463 30.7845 -36.3068

13.6853 32.8895 -39.1298
15.5603 30.9805 -41.8968
14.7273 27.5995 -40.2268
10.9953 28.6045 -40.2158
11.2293 29.5155 -43.9458
12.8483 26.0525 -44.5468
10.0033 24.2725 -42.6488
7.42834 26.2815 -44.7018
9.23634 25.3625 -47.9968
9.36134 21.6565 -47.0078
5.59534 21.6885 -46.1648
4.76734 23.5405 -49.4578

6.81834 20.8425 -51.3648
4.57734 18.2455 -49.5628
7.27934 16.8975 -47.1628

9.43934 15.5505 -50.0668
12.8353 17.3155 -50.1298
16.5823 17.2095 -49.6138
17.4963 19.7385 -46.8718

21.0973 20.3925 -48.0208
21.6563 23.3865 -45.6678
25.2873 23.8025 -44.5158
26.7433 21.9125 -41.4948
25.4303 23.1535 -38.1088
22.5583 25.3665 -39.5188
20.0853 23.1785 -37.4848

18.9473 20.5515 -40.0618
17.7793 18.2785 -37.1588
15.4283 20.9115 -35.5768
13.9153 21.7035 -39.0388
13.5093 17.9355 -39.8028
11.7713 17.2395 -36.4318
9.37634 20.1935 -37.0948
8.54434 19.0525 -40.6978
7.94534 15.4745 -39.4298
5.83634 16.7175 -36.4318
3.56434 18.7285 -38.8148
2.89134 15.2555 -40.3858
2.40734 13.4905 -36.9118
-1.09466 12.3405 -38.1228

0.741339 10.2415 -40.8308
3.16534 8.32946 -38.4828
4.81034 5.78446 -37.7228

8.01734 7.74946 -38.4048
11.2403 6.06046 -39.6238
14.5563 7.86946 -38.8958
17.6593 6.45846 -40.6698
20.9623 7.84046 -39.2898

24.7413 7.18146 -38.9068
25.3753 4.37746 -36.3258
26.9353 6.89246 -33.7998
24.1023 9.55746 -33.6938

21.0333 7.32946 -32.8898
20.8963 8.44446 -29.2178
21.6373 12.0955 -30.2628
18.4263 11.8935 -32.3868
16.3773 10.3005 -29.5178
17.5233 13.1175 -27.1638
16.6823 15.6735 -29.9238
13.0693 14.3085 -30.1328
12.7093 14.3375 -26.2818
14.1953 17.8975 -26.1698
11.9683 19.3925 -28.9148

8.67034 17.3885 -28.6528
7.94034 17.1475 -24.8368
4.40334 15.9885 -25.9448
6.02734 12.4965 -26.4868
6.76134 9.91246 -23.7758

10.1593 8.09346 -24.0358
8.15334 4.87746 -24.8128
7.01134 6.53046 -28.1018

10.7003 6.38146 -29.3168
12.2863 3.07346 -30.4048
16.1103 3.15646 -30.8118

17.0893 0.0814578 -32.8578
20.4753 -1.10554 -31.5208
20.5903 -4.63954 -33.0798
19.3863 -6.60154 -36.1578
17.0223 -8.62254 -33.8228
15.0033 -5.61054 -32.5758
11.4393 -4.71954 -33.7338
11.7163 -1.77554 -36.1918
7.97534 -0.904542 -35.6198
7.87234 -0.968542 -31.7658
7.68334 2.86546 -31.3568
5.71134 5.73146 -32.8978

9.20334 7.05746 -33.8548
11.7263 4.36446 -34.9278
15.4553 5.29946 -35.0898
17.7823 2.89546 -37.0058
21.2623 2.90246 -38.6018

22.1333 2.45746 -42.3158
24.0343 -0.811542 -41.5178
20.9583 -2.34854 -39.7798
18.4913 -1.57154 -42.6708

19.8653 -4.51754 -44.7528
19.5043 -6.87554 -41.7098
15.9483 -5.54254 -41.0478
14.7773 -5.61754 -44.7538
12.0603 -8.21754 -43.8488
10.5483 -5.63854 -41.3808
10.8363 -2.69654 -43.9038
7.72034 -4.23554 -45.6148
5.60334 -2.25354 -43.0678
4.69734 1.06046 -44.8408
6.42434 3.96246 -43.0508
4.55534 6.98246 -44.5328

7.08734 9.52046 -43.1008
10.8553 8.89946 -43.4638
13.7843 11.0525 -42.2908

17.2743 10.0875 -43.5328
20.1293 11.9605 -41.8338
23.4503 12.3325 -43.7418

21.7253 10.8455 -46.8618
25.0263 10.9905 -48.8608
25.5393 7.45546 -47.3488
23.0173 6.33146 -50.0688

25.2333 7.76146 -52.9468
25.9303 4.28846 -54.5038
22.8783 2.21446 -55.6288
24.7973 -1.15054 -55.5308
25.4053 -0.918542 -51.7318

23.2403 -3.07154 -49.4008
22.2233 0.0754578 -47.3798
20.9593 1.78846 -50.5858
19.2053 -1.39554 -51.8988
17.3303 -1.70754 -48.5408
16.4783 2.06046 -48.2248
15.3263 2.84446 -51.8178
12.0913 0.674458 -51.8958
10.8303 2.41146 -48.6918
11.7873 5.92546 -49.9568
9.89834 5.37146 -53.2788

6.64334 4.27046 -51.4688
6.71934 6.55346 -48.3578
4.41934 9.65546 -48.5968

6.96534 12.0815 -46.9968
10.7723 11.8505 -47.5218
13.0223 14.2745 -45.6028
16.6463 13.7405 -46.7158
19.3643 15.6765 -44.8048

23.0523 16.2625 -45.7118
25.7933 18.9095 -45.3198
27.5013 17.4985 -48.4298
24.7893 15.9755 -50.7248
27.5283 15.1765 -53.2378
30.9473 14.2415 -51.7698
32.9703 14.4705 -55.0488
30.8313 14.0125 -58.2568

27.3053 14.6095 -59.7768
26.6463 10.8015 -59.9938
26.3893 10.6795 -56.1158
23.1723 12.8275 -56.2718
21.1633 10.3515 -58.4208
19.8873 8.17146 -55.5068
18.8103 11.3055 -53.5358
17.0533 12.7915 -56.6508
15.0323 9.55946 -57.2688
14.2463 9.27146 -53.5068
12.6873 12.8145 -53.4888

11.1843 12.5435 -57.0648
10.7993 8.82746 -58.1498
9.61934 9.94646 -61.6728
12.8563 11.9075 -62.4008
15.4543 9.96146 -64.4848
13.8913 6.41246 -64.1218
17.2153 4.98046 -65.4638

20.6903 6.17846 -64.3218
22.0723 6.17546 -67.9248
19.9253 9.23046 -68.9228
21.2263 11.1665 -65.8518
24.8263 9.99846 -66.5608
24.7633 11.0355 -70.2768
23.5533 14.5635 -69.3228
25.3883 15.3775 -66.0348

28.2813 12.8465 -65.6568
29.9403 13.3295 -69.1348
29.2923 9.62046 -69.7508

31.8693 7.97346 -72.0818
31.6203 4.62546 -73.9238

34.9003 2.78246 -73.1668
35.8963 -0.699542 -74.5948
34.8463 -2.26654 -71.2078

31.4903 -0.373542 -70.8008
30.3263 3.10946 -69.7068
32.4163 5.53446 -67.6248

30.4053 8.00546 -65.4308
33.3363 9.62146 -63.4718
33.0053 12.9485 -65.3648
30.7863 16.0355 -65.0188
28.6583 18.0955 -67.4578
25.9033 20.7905 -67.5358

26.3633 21.5075 -63.7608
24.5323 24.9055 -63.8598
21.4323 23.1295 -65.3168
21.7573 20.4155 -62.6128
21.9383 23.1835 -59.9198
18.7303 24.8215 -61.2888
16.8973 21.4265 -61.3978
18.0093 20.6035 -57.8108
16.9503 24.0015 -56.3238
13.5483 24.0515 -58.1368
12.3713 20.4425 -57.6018
14.6023 18.4405 -55.1358

16.7353 20.4985 -52.7518
16.6773 23.3925 -50.2808
20.2803 24.6345 -49.7478
21.5873 27.6355 -47.7588
25.1623 28.4705 -46.7848

26.6883 29.9545 -43.5568
27.2993 33.1585 -45.5788
23.5443 33.4075 -46.4788
22.1043 33.0375 -42.9188

24.9153 33.5325 -40.2968
26.8763 36.7675 -41.1278
28.2903 36.5305 -37.5278
30.2953 33.2625 -37.9438
34.0943 33.9565 -37.9588
35.8473 33.2225 -41.2828

37.5033 29.8525 -42.0258
41.1193 30.7005 -43.0038
42.6563 27.8105 -45.0058
46.3353 27.3125 -45.9528
48.6973 24.7035 -47.3548
51.7383 24.0085 -45.1138

54.5573 22.4545 -47.1688
56.3373 20.2535 -44.5778
60.0523 20.0725 -45.3878

61.0363 16.8415 -47.3108
64.6513 17.3125 -45.9828

63.6133 15.1205 -42.9608
62.5723 12.3315 -45.4458
65.7103 10.1505 -45.3798

67.2163 8.87746 -48.6778
65.9043 5.25946 -48.1368
62.2823 6.45746 -47.5858
62.5593 8.78746 -50.6468
63.9883 5.94246 -52.7988
61.0503 3.72546 -51.6138
58.5043 6.46046 -52.6118
60.3013 6.85846 -56.0018
60.2143 3.03246 -56.4328
56.4413 2.72346 -55.6848
55.7533 5.77546 -57.9528
57.7083 4.09946 -60.8398
55.9343 0.786458 -60.0488
52.4373 2.33846 -60.6328
53.5283 3.66946 -64.1038

55.0083 0.339458 -65.3558
53.1783 -0.758542 -68.5608
53.3193 -4.53854 -68.0258
51.4483 -4.69954 -64.6408
47.8753 -5.92754 -64.1338

45.0793 -3.54054 -62.9798
45.3983 -5.20254 -59.5168
49.2203 -4.74354 -59.2278
48.6693 -1.04154 -60.1988
46.0803 -0.688542 -57.3238
48.4483 -2.50854 -54.8868
51.3973 -0.216542 -55.8438
49.0463 2.82146 -55.3878
48.0313 1.61946 -51.8638
51.7463 1.03846 -51.0568
52.7163 4.55946 -52.3288
49.8893 6.09846 -50.2138
50.8443 4.14946 -47.0158
54.5773 5.06646 -47.5828
53.5273 8.75646 -47.9428
51.8763 8.56746 -44.4828
55.0363 6.98646 -42.9138
57.3363 9.54746 -44.6418
55.3373 12.5215 -43.1958
55.2843 11.3255 -39.4978
58.5713 13.0785 -38.3608
57.6343 16.5115 -39.8328
53.9493 16.1565 -38.7928
55.2903 15.6085 -35.2218
57.7623 18.5515 -35.6088
54.8353 20.8025 -36.6918
52.5233 19.6505 -33.8018
55.3283 20.4185 -31.2908
55.9823 23.8685 -32.9158
52.2333 24.6655 -32.4398
52.3603 23.6545 -28.7148
55.6853 25.5195 -28.1248

54.0273 28.5985 -29.8078
51.5473 28.5835 -26.8338
48.3783 27.2865 -28.6248
45.6843 26.3335 -26.0968
43.4313 23.9845 -28.2208

43.6503 22.3895 -31.7018
42.4823 19.3135 -33.6728
44.8523 16.9515 -35.5478
43.2663 14.8845 -38.3518

44.8873 11.7295 -39.8228
43.5053 8.42846 -41.2998
46.3833 5.88446 -41.2448

46.5143 4.20046 -37.7918
50.3773 4.40246 -37.7338
50.1473 8.25946 -37.9758
47.5443 8.44446 -35.1318
49.7053 6.00946 -33.0458
52.9703 7.99146 -33.5998
51.2933 11.3705 -32.7538
49.7403 9.94146 -29.5148
53.0763 8.30846 -28.4848
55.0183 11.6115 -28.9048
52.3323 13.6245 -26.9968
52.5503 11.0335 -24.1318
56.4123 11.2575 -24.2468

56.1243 15.1125 -23.9908
53.4563 14.6805 -21.1898
50.8783 16.6405 -23.2918
47.2743 15.9535 -22.2228

45.2713 14.9625 -25.3338
42.1863 12.9945 -26.4998
42.1083 10.2775 -29.2158
39.1063 9.17646 -31.3598

39.3723 6.45446 -34.0578
37.5393 3.35846 -35.4718
38.1173 1.44146 -32.1628
36.6833 4.19046 -29.8468
33.1703 3.18546 -28.6578
30.0073 5.28146 -29.3138
29.6343 6.38946 -25.6258

33.3923 7.03146 -25.0388
33.3833 9.25646 -28.2058
30.8223 11.5885 -26.5418
32.6713 11.5335 -23.1578
36.1073 12.3215 -24.7658
34.3663 15.0905 -26.7888
33.0323 16.5785 -23.4888
36.5093 16.1955 -21.8358
38.1573 18.2115 -24.7038
35.3093 20.8115 -24.6538
35.2353 21.3755 -20.8428

38.8683 20.7125 -19.7088
41.4523 23.4945 -20.3948
44.2553 20.8665 -19.9448
43.4443 18.8625 -23.1228
45.4133 20.8435 -25.7438

45.2713 18.3195 -28.6568
42.5113 16.1485 -30.1358
43.9733 13.2865 -32.2658
41.1173 12.3765 -34.6388
40.5433 9.84846 -37.4268

39.2313 11.7445 -40.5278
36.8023 8.83446 -41.2368
35.7393 7.98546 -37.6398
35.2523 11.5795 -36.2728
33.5303 13.1085 -39.4058
30.0693 12.6345 -37.7178
28.0713 13.5905 -34.5668
30.8383 15.3565 -32.5718
31.2873 19.1285 -31.8868
34.7403 20.6715 -31.1778
33.9033 24.4065 -30.7318
36.6133 24.7385 -27.9788
39.3973 24.6735 -30.6518
40.2813 27.4785 -33.1488

42.7283 25.4015 -35.2908
42.4193 22.2375 -37.4328
45.5863 20.4705 -38.7178
45.2093 17.8375 -41.4618

48.3693 15.7145 -41.0178
47.1603 13.6945 -44.0488
45.1493 14.4975 -47.1968
41.9563 12.5325 -47.9928
40.8703 11.9785 -51.6598
37.2243 12.9505 -50.9148

36.6843 16.7275 -50.2668
33.2113 16.1795 -48.7038
34.9123 14.3125 -45.7838
37.5313 17.1085 -45.3688
34.6943 19.7365 -45.2148
32.8143 17.4965 -42.6798
35.9923 17.4895 -40.4998
36.4663 21.3405 -40.7318

32.7683 21.8155 -39.7138
33.4423 19.9685 -36.4298
35.0633 23.2485 -35.1648
33.1313 25.7705 -37.3098
29.7473 25.2775 -35.4858
27.2073 27.4515 -33.6028
29.1313 28.3935 -30.4058
32.4393 29.1655 -32.2278
33.6683 32.7655 -31.5138
37.1903 32.6965 -33.1268
38.2933 32.6595 -36.8128

38.9153 28.9785 -37.6358
42.4053 28.1575 -38.9678
42.6673 25.1065 -41.3028
46.2283 23.8545 -42.0438
46.7323 21.1705 -44.7558
50.1523 19.4755 -44.2478
51.6853 18.4595 -47.6508

55.0743 16.9595 -48.6728
56.7753 17.4785 -52.1018
57.8813 14.1135 -53.6258
54.8583 12.1385 -52.2078
51.1863 11.1385 -52.8338

50.1743 14.7225 -51.7548
51.4933 16.0665 -55.1388
48.7133 14.0585 -56.9488
46.0143 14.1355 -54.2148
45.9783 17.9495 -53.7948
45.1673 18.7915 -57.5088
42.5823 15.9045 -57.4588
40.8733 17.3415 -54.3148
40.8863 20.8545 -55.9318
39.1933 19.7715 -59.2138
36.5923 17.8465 -57.0988
35.7503 20.9815 -54.9798
35.3903 22.9735 -58.2518
32.9173 20.3285 -59.6168
30.9953 20.5945 -56.2848
31.0103 24.4585 -56.4488
29.7833 24.5425 -60.1188

26.9103 22.2205 -59.0018
26.1103 24.7625 -56.1568
27.1863 22.1615 -53.5128
30.2063 24.0685 -52.0368
31.3813 27.6835 -51.4648
34.8393 26.2445 -50.7298
37.3133 27.3805 -53.3748
40.7533 25.7085 -52.9018
42.6383 27.5145 -55.7908

43.6443 30.6035 -53.7088
45.6923 28.4145 -51.2658
48.0393 27.0975 -54.0448
48.8903 30.4945 -55.6038

50.1553 31.4535 -52.0738
52.6403 28.4805 -51.6508

End chain 1
