-15.709 -15.0786 -70.6543
-20.8186 -15.6249 -68.6937
-21.8775 -19.3333 -64.7723
-17.827 -22.4954 -62.8117
-12.7174 -21.9491 -64.7723
-11.6585 -18.2407 -68.6937
-10.4565 -3.89036 -58.0717
-14.9684 -1.51128 -56.0143
-17.7129 -3.91692 -51.8997
-15.9455 -8.70164 -49.8423
-11.4336 -11.0807 -51.8997
-8.68909 -8.67508 -56.0143
-11.0661 0.864431 -56.738
-5.77543 -5.13765 -51.5675
-6.13855 -0.867221 -55.0145
-14.5161 -3.77937 -47.4008
-10.1291 -6.2279 -45.1627
-5.15306 -5.53553 -47.4008
-4.56394 -2.39463 -51.8772
-10.6149 5.1974 -51.1522
-15.9693 -1.72126 -47.3824
-6.07066 2.36526 -49.8956
-8.52853 4.24892 -52.4635
-4.35347 -3.10092 -45.4245
-1.25565 1.08916 -47.1842
-3.34319 4.76408 -50.7038
-12.3269 8.64814 -16.8254
-8.51333 11.5227 -24.1536
-10.4565 6.50738 -23.0042
-8.58606 4.36661 -29.183
-6.71565 2.22585 -35.3618
-9.87254 12.1663 -17.4082
-8.74266 17.5445 -17.6275
-10.8131 20.6262 -21.6853
-13.4514 21.5705 -16.0444
-16.6101 12.5977 -16.555
-15.7604 17.1902 -13.6504
-13.2433 18.6924 -12.93
-11.0522 14.0057 -14.7968
-21.9778 15.0723 -14.0932
-18.706 19.2257 -12.5783
-3.28884 5.53471 -34.1963
-13.4438 14.5505 -35.7323
-7.41337 9.19658 -28.251
-2.83737 8.38811 -41.6615
-1.93381 13.539 -39.9581
-0.820185 17.8852 -40.4583
-0.497549 12.6379 -42.0744
-17.1104 26.6378 -40.0213
-19.3322 22.0395 -44.3304
-14.8875 24.2596 -41.9713
-12.9576 22.1948 -37.253
-17.1093 19.6613 -46.2804
-12.6646 21.8814 -43.9213
-10.7347 19.8166 -39.203
-19.6241 15.3764 -43.9213
-14.8864 17.2831 -48.2304
-10.4417 19.5032 -45.8712
-24.5427 25.1112 -41.1448
-25.8601 19.9949 -39.6159
-26.0493 22.8573 -35.1776
-20.8659 29.2797 -32.7881
-22.4918 26.5653 -28.2894
-23.5192 28.9916 -29.9407
-22.2219 28.2052 -24.654
-4.87998 22.6886 -23.8317
-3.90436 27.3989 -26.4982
-8.72801 22.9353 -36.1478
-11.4113 23.1074 -25.4815
-10.4357 27.8177 -28.1481
-9.09405 27.7317 -33.4812
-0.684227 22.5474 -36.4677
1.48112 25.1309 -32.1218
-1.71765 26.5024 -27.8631
-3.52516 19.7115 -25.4545
-3.06344 13.9394 -23.4538
-4.81642 18.9724 -22.0954
-21.8002 24.3882 -22.6024
-8.60614 17.8954 -25.9157
-23.9569 15.0506 -40.3633
-27.5152 11.0318 -39.1644
-24.4663 16.3759 -37.4326
-28.0245 12.357 -36.2337
-26.2489 7.7367 -33.8358
-28.5338 13.6823 -33.3029
-26.7582 9.06195 -30.9051
-25.4849 19.0264 -31.5711
-29.0432 15.0075 -30.3722
-27.2675 10.3872 -27.9743
-25.9942 20.3516 -28.6404
-29.5525 16.3328 -27.4415
-21.682 2.01234 -41.9512
-26.0083 5.3318 -42.6685
-26.2477 5.94393 -46.3954
-24.8481 11.19 -47.2727
-21.5624 13.7921 -43.7113
-20.1422 9.69332 -49.4076
-18.6631 12.4787 -49.2904
-23.5429 3.37331 -45.5116
-13.5379 1.03044 -26.7234
-17.7813 1.07073 -37.1055
-21.7865 2.55465 -31.6236
-17.6628 8.11361 -12.8393
-21.8341 4.948 -11.1573
-26.958 6.02811 -12.8393
-17.0906 5.56313 -16.2203
-21.2619 2.39752 -14.5383
-26.3858 3.47763 -16.2203
-20.6896 -0.152957 -17.9193
-25.8135 0.927154 -19.6013
-26.7661 5.17287 -22.9653
-28.9926 7.5705 -24.4751
-30.9047 6.84824 -19.369
-30.9495 20.0873 -25.3806
-33.9493 15.6299 -17.514
-33.6551 10.8042 -20.1362
-32.0082 10.62 -25.3806
-34.5861 18.3593 -19.4434
-27.0401 22.0892 -23.9038
-32.4767 21.8897 -23.0953
-24.409 23.509 -20.0708
-29.3802 24.3586 -22.2654
-33.8423 22.1938 -19.8878
-33.3334 19.1794 -15.3156
-28.3622 18.3298 -13.121
-23.9001 20.4946 -15.4986
-32.2217 21.5052 -11.4623
-26.9324 20.0268 -11.1661
-24.8571 26.0298 -18.2659
-30.1464 27.5082 -18.5621
-33.8287 25.2459 -15.1602
-32.0471 30.3389 -17.5663
-33.4464 30.9423 -12.2816
-31.0179 27.8634 -8.4251
-30.1154 32.7701 -8.86643
-25.0802 31.5575 -7.01548
-27.81 35.7388 -11.5463
-27.1572 28.9682 -18.2159
-28.9583 33.9087 -16.6042
-23.2493 33.4255 -21.4908
-21.9089 37.0255 -17.5547
-23.1596 35.9549 -12.3069
-15.9322 35.3993 -15.8935
-17.7937 31.5327 -19.3335
-14.8066 27.3197 -16.7862
-18.3297 24.9648 -13.2802
-18.5921 26.4443 -7.22956
-14.35 26.4422 -10.7302
-19.3491 37.2835 -9.5021
-18.5204 33.2255 -5.88324
-13.1999 37.0774 -4.09081
-15.2921 31.9914 -4.01598
-16.7299 38.4008 -12.8394
-13.9189 40.2821 -8.50252
-12.4107 37.9382 -14.2589
-13.2293 30.7338 -5.98693
-13.0071 32.5768 -15.3306
-9.14915 27.6773 -8.92473
-9.34901 28.0234 -14.4102
-9.94756 32.9228 -16.8366
-9.54784 32.2306 -5.86564
-4.75574 38.0336 -7.23904
-7.0351 33.7435 -4.66037
-5.59498 33.4765 -15.5624
-4.03567 37.9001 -12.6901
-2.92983 32.4235 -16.9817
1.58995 34.4787 -14.6158
1.6886 35.3753 -9.19028
4.14914 33.6417 -8.70884
2.72332 29.588 -5.27594
-2.12104 27.0535 -5.87485
-1.46782 26.8533 -3.13851
-3.32286 22.9808 -6.5754
-5.24319 24.3938 -11.5318
6.4686 17.7963 -16.3428
8.31481 16.5675 -11.3098
5.50423 24.16 -17.4405
3.78813 19.5805 -14.924
5.63435 18.3516 -9.89093
9.19666 21.7023 -7.37442
10.9128 26.2818 -9.89093
9.06655 27.5107 -14.924
1.10767 21.3646 -13.5051
2.95388 20.1357 -8.47207
6.5162 23.4864 -5.95556
8.2323 28.0659 -8.47207
17.36 22.3821 -8.9142
17.0562 17.5743 -11.5681
3.67855 19.7672 -30.4721
1.67127 17.7484 -25.7662
10.1188 19.4888 -31.0585
5.73756 21.8379 -28.7056
3.73028 19.8192 -23.9997
12.1778 21.5595 -29.292
7.79658 23.9086 -26.939
5.78929 21.8899 -22.2331
14.2368 23.6303 -27.5254
9.85559 25.9794 -25.1725
7.8483 23.9606 -20.4666
16.6108 19.2624 -25.1725
16.2958 25.701 -25.7589
11.9146 28.0501 -23.4059
9.90731 26.0314 -18.7
18.6698 21.3332 -23.4059
2.6522 10.8033 -34.3867
-1.04916 7.78084 -32.2848
1.06487 9.49455 -37.0644
3.70672 14.311 -37.3334
26.1454 11.9068 -17.4932
25.7306 14.1175 -13.6255
-2.5268 6.48364 -25.3129
-4.35135 10.8883 -22.5706
-4.73715 10.7476 -17.0859
-3.29841 6.2023 -14.3436
0.894444 7.73108 -25.0402
-0.930098 12.1357 -22.2979
-1.3159 11.995 -16.8133
0.122843 7.44974 -14.071
2.49115 13.3831 -22.0253
2.10535 13.2425 -16.5406
3.54409 8.69719 -13.7983
5.5266 14.4899 -16.268
8.78988 5.54 -16.268
8.94785 15.7374 -15.9953
17.2291 13.687 -12.7077
-2.55474 -0.899159 -23.42
29.4275 -0.702307 -21.6827
30.4542 -1.4119 -16.6988
27.5626 -7.57891 -16.3444
28.4458 -6.85404 -10.9644
13.9217 15.6873 -5.01496
16.071 13.4607 -5.7666
13.0948 9.68569 -3.09429
18.2203 11.2342 -6.51824
15.2441 7.45915 -3.84594
10.4647 5.55205 -11.8629
19.468 9.94163 -12.6145
20.3696 9.00765 -7.26989
17.3934 5.23261 -4.59758
17.7395 4.87401 -16.0384
21.6173 7.71509 -13.3661
22.5188 6.78111 -8.02153
19.5426 3.00606 -5.34922
24.6681 4.55457 -8.77317
21.6919 0.779522 -6.10086
6.67441 15.6186 -9.24162
6.47434 8.79434 -0.230986
2.74473 11.419 -3.30526
0.452715 9.03176 -2.43784
-0.863439 6.79064 -7.28502
2.80454 6.75119 -11.3831
0.545662 -0.335972 -8.37895
5.68399 -5.20796 -4.8555
19.895 -5.22366 -6.63708
11.7136 -7.47115 -8.06975
13.7462 -3.13144 -5.37059
14.3269 -8.96345 -8.98761
24.9758 -10.3427 -10.579
20.3436 -11.6645 -7.92456
24.2834 -15.3485 -12.8594
23.2566 -13.4827 -17.9303
17.0651 -18.5827 -17.8643
20.6088 -17.9274 -13.7094
13.6506 -20.0104 -15.6058
14.6535 -18.6954 -10.3603
17.7426 -14.3037 -9.16842
10.9375 -16.5326 -13.8916
10.4625 -12.9945 -9.70746
6.96549 -15.227 -13.7297
2.20066 -8.15531 -16.3619
5.02512 -11.5929 -13.1284
2.59915 -9.80968 -13.7499
3.70717 -8.56667 -8.50805
24.4921 -10.9578 -19.4461
21.3584 -16.7003 -24.9015
17.4163 -19.0229 -21.6262
11.8454 -16.0856 -28.6882
15.0561 -18.0438 -24.6748
7.64518 -16.0948 -20.9191
5.77239 -14.8543 -19.7062
9.62585 -10.552 -29.8475
6.38867 -11.0419 -31.6016
2.86656 -13.5492 -28.2019
3.91558 -13.739 -22.8062
0.952649 -8.68177 -20.3653
0.310245 -8.58199 -25.8268
-0.95727 -6.00324 -26.6098
0.713312 -6.23545 -21.3748
29.6914 -3.73354 -27.4765
28.3133 2.41172 -26.1824
29.2528 -2.02371 -31.5471
27.1187 -2.02185 -40.35
30.8723 -3.50898 -36.6152
21.3959 -9.3181 -39.0889
26.118 -6.65195 -40.0075
18.5557 -9.44507 -40.6137
22.2378 -13.5165 -40.9544
27.5888 -12.4501 -40.2616
29.2577 -7.31231 -39.2281
8.64279 -7.36229 -34.7498
14.1091 -4.71092 -36.7886
14.6967 0.294075 -28.7043
12.133 -3.75762 -26.0096
11.5455 -8.76262 -34.0938
17.0118 -6.11125 -36.1326
17.5994 -1.10625 -28.0483
14.4482 -10.1629 -33.4378
17.3509 -11.5633 -32.7818
20.2536 -12.9636 -32.1258
1.60126 -3.24786 -34.7664
31.5629 1.82198 -32.1855
16.5408 -1.0781 -38.462
25.9379 0.227376 -41.8549
5.68919 5.57502 -35.9012
7.60005 9.76332 -38.9106
7.65389 -1.20337 -42.3249
5.40822 3.31566 -40.1374
7.48855 -0.511704 -46.1173
7.10328 4.92041 -46.8878
8.95141 8.38243 -43.0344
9.57845 5.7668 -47.5247
14.9811 6.79657 -47.5636
13.2377 3.29149 -50.2143
9.23633 -4.41733 -44.5642
9.24867 -0.6412 -48.563
26.088 9.57547 -54.1611
24.1795 6.30673 -53.8158
20.1921 8.9241 -51.0771
22.2711 3.03798 -53.4704
18.2837 5.65535 -50.7318
20.3627 -0.23076 -53.125
24.602 -2.41655 -50.3864
24.854 -1.98497 -44.9092
16.3753 2.38661 -50.3864
32.6166 12.1475 -53.6352
35.7386 10.8801 -49.2881
31.6584 1.94163 -58.4158
26.8103 0.975742 -56.0049
39.733 -3.53048 -51.856
33.8095 -6.17406 -58.8327
38.9248 -5.49085 -56.9308
39.2666 -2.08943 -55.8972
34.8899 -0.942172 -59.0243
32.287 -4.98143 -61.7
34.0608 -10.1679 -61.2486
38.4375 -11.3152 -58.1215
41.0404 -7.27595 -55.4458
38.0968 1.01831 -48.8258
37.1417 -1.62062 -44.0957
30.1732 -6.87829 -45.2385
26.172 -3.93779 -47.6035
31.2479 0.346108 -40.6792
36.7555 4.90894 -40.6966
37.9806 4.11695 -45.9996
37.0502 9.18061 -47.005
35.0531 5.89475 -50.9375
34.3502 12.9704 -45.6457
7.88556 12.9634 -39.8638
8.43991 17.9504 -37.6116
10.443 13.5064 -41.6956
10.9974 18.4934 -39.4434
14.0846 19.1489 -34.939
13.0005 14.0494 -43.5275
13.5548 19.0364 -41.2753
16.642 19.6919 -36.7709
15.5333 9.71787 -41.2753
15.5579 14.5924 -45.3593
16.1123 19.5794 -43.1071
19.1995 20.2349 -38.6027
21.178 10.9163 -38.6027
18.0908 10.2609 -43.1071
18.1154 15.1354 -47.1911
18.6697 20.1224 -44.9389
21.7569 20.7779 -40.4345
21.2272 20.6654 -46.7708
24.3144 21.3209 -42.2664
12.2713 17.0752 -33.3276
20.61 20.4701 -35.0139
16.99 22.1557 -31.2317
17.0992 24.8756 -31.3572
18.6931 27.7641 -30.9132
20.3859 32.217 -28.1643
20.237 32.2765 -22.6667
26.4683 29.7867 -27.9732
20.428 29.5605 -19.0373
22.0682 25.1231 -16.2321
31.0042 32.6734 -23.2602
28.2298 34.086 -18.7261
23.8194 31.1838 -17.1848
30.0245 33.5511 -14.9491
28.1414 28.9208 -12.6549
34.1118 32.5008 -16.9382
53.276 16.1018 -33.9923
50.6001 22.6888 -23.8253
39.5571 22.7422 -29.4793
38.1847 18.1148 -26.8425
43.7406 26.009 -21.5688
42.3351 26.6894 -26.8425
64.4279 10.324 -32.4057
66.3337 7.19477 -19.0388
52.1406 0.068067 -46.8252
48.2443 -1.62649 -43.3327
53.944 0.852379 -44.4327
50.0477 -0.842176 -40.9402
53.847 -9.57803 -40.9402
59.5952 -1.88396 -43.7864
55.7474 1.63669 -42.0402
51.8511 -0.0578645 -38.5478
59.5467 -7.09916 -42.0402
61.3986 -1.09965 -41.394
57.5507 2.421 -39.6477
57.4538 -8.00941 -36.1553
61.3501 -6.31485 -39.6477
63.202 -0.315335 -39.0015
59.2571 -7.22509 -33.7628
63.1535 -5.53054 -37.2553
65.0053 0.468977 -36.609
61.0605 -6.44078 -31.3703
64.9568 -4.74623 -34.8628
66.8087 1.25329 -34.2165
62.9609 4.77394 -32.4703
62.8639 -5.65647 -28.9779
66.7602 -3.96192 -32.4703
68.6121 2.0376 -31.8241
60.8195 -1.35151 -24.8392
64.6673 -4.87216 -26.5854
68.5636 -3.1776 -30.0778
59.5279 -6.85598 -48.6206
58.991 -9.3399 -43.7429
55.2626 -4.17277 -50.8246
48.619 -4.56 -47.8275
48.1179 -8.31041 -51.8192
52.3946 -11.5051 -53.1436
57.1724 -10.9494 -50.4763
49.7202 -10.4453 -52.8671
51.5893 -15.5573 -52.0772
54.9057 -16.6467 -47.827
56.3532 -12.6241 -44.3667
55.8908 -11.6541 -40.4934
55.1266 -15.7118 -44.1268
59.3192 22.7088 -11.5213
63.1688 19.2822 -9.60075
61.8729 15.5652 -5.75957
56.7273 15.2748 -3.83899
58.6001 20.6462 -13.7598
62.4497 17.2196 -11.8392
61.1538 13.5027 -7.99805
57.881 18.5837 -15.9983
61.7306 15.1571 -14.0777
60.4347 11.4401 -10.2365
51.4395 14.5763 -10.2365
57.1619 16.5211 -18.2367
61.0115 13.0945 -16.3162
59.7156 9.37756 -12.475
50.7204 12.5137 -12.475
52.0163 16.2307 -16.3162
60.2924 11.032 -18.5546
58.9965 7.31501 -14.7135
50.0013 10.4512 -14.7135
51.2972 14.1682 -18.5546
58.2774 5.25247 -16.9519
57.5583 3.18992 -19.1904
56.8392 1.12737 -21.4289
57.416 2.78181 -27.5085
56.1201 -0.935176 -23.6673
55.401 -2.99772 -25.9058
54.6819 -5.06027 -28.1443
49.5363 -5.35068 -26.2237
45.6867 -1.92411 -28.1443
53.9628 -7.12282 -30.3828
48.8172 -7.41323 -28.4622
44.9676 -3.98665 -30.3828
46.2635 -0.269666 -34.2239
53.2437 -9.18537 -32.6212
48.0981 -9.47578 -30.7006
44.2485 -6.0492 -32.6212
45.5444 -2.33221 -36.4624
52.5246 -11.2479 -34.8597
47.379 -11.5383 -32.9391
43.5294 -8.11175 -34.8597
44.8253 -4.39476 -38.7009
51.8055 -13.3105 -37.0982
46.6599 -13.6009 -35.1776
42.8103 -10.1743 -37.0982
44.1062 -6.45731 -40.9393
51.0864 -15.373 -39.3366
45.9408 -15.6634 -37.4161
42.0912 -12.2368 -39.3366
43.3871 -8.51986 -43.1778
52.2959 26.7747 -11.581
52.3519 22.9606 -15.5433
53.6886 25.4163 -6.43659
52.7187 19.3782 -2.60249
50.7285 24.5021 -2.79172
49.2746 26.7111 -7.61417
45.0826 24.6109 -10.7981
47.0945 21.1367 -14.5574
46.0838 23.7645 -5.45668
45.1299 26.0663 -6.72974
50.1795 17.3063 -2.39814
42.6022 23.0598 -2.87981
56.733 1.09468 -1.53764
51.6251 2.5624 -0.121385
58.8456 3.41138 -6.99863
55.6689 -0.0721822 -4.16613
50.561 1.39553 -2.74988
57.7815 2.24451 -9.62712
54.6048 -1.23905 -6.79462
49.4969 0.228665 -5.37837
50.7426 8.6635 -9.62712
56.7174 1.07765 -12.2556
53.5407 -2.40591 -9.42311
48.4328 -0.938201 -8.00686
49.6785 7.49663 -12.2556
55.6533 -0.0892209 -14.8841
52.4766 -3.57278 -12.0516
47.3688 -2.10507 -10.6353
54.5892 -1.25609 -17.5126
51.4125 -4.73965 -14.6801
46.3047 -3.27193 -13.2638
50.3484 -5.90651 -17.3086
45.2406 -4.4388 -15.8923
57.5187 12.8118 -2.26037
56.6385 8.36507 0.854347
52.1058 6.81996 3.54471
53.4369 11.8596 1.7895
52.9159 13.5854 -0.707809
44.6864 0.623185 -6.57603
39.3582 -2.54284 -19.7649
32.2553 -5.88551 -16.4915
36.6066 -9.0538 -15.3607
41.6079 -6.80598 -14.9321
36.674 -10.8387 -11.7629
40.034 -8.08218 -8.39214
41.1947 -2.79817 -9.38312
36.3386 -5.52197 -5.65585
29.7573 -8.2192 -8.24108
33.8647 -6.92294 -4.8207
30.7337 -8.03671 -11.9621
25.9624 -5.44442 -11.0878
31.8091 16.4465 0.431934
32.304 18.1395 -4.77755
30.9899 13.6439 -0.556716
31.4848 15.3369 -5.7662
39.3143 8.1685 -1.54537
34.495 8.65836 1.05938
30.1707 10.8413 -1.54537
30.6655 12.5343 -6.75485
38.4951 5.36587 -2.53402
33.6758 5.85573 0.0707276
29.3514 8.03862 -2.53402
29.8463 9.73165 -7.7435
37.6759 2.56324 -3.52266
32.8566 3.0531 -0.917922
28.5322 5.23599 -3.52266
36.8566 -0.239387 -4.51131
28.2079 4.12639 -9.7208
35.4247 16.9654 3.3292
34.4807 11.7932 3.3292
38.7888 14.8537 5.07735
38.8633 9.62677 3.36731
38.5112 18.9432 1.4101
46.2168 17.536 0.937606
42.7749 14.3584 3.81968
48.8796 16.1571 0.434859
41.9841 4.47415 -1.67871
31.2535 1.72669 -23.4105
33.3284 -2.42872 -20.4648
29.5895 5.65362 -24.0782
24.5287 7.25041 -18.3759
25.9639 9.67452 -19.3331
26.3677 10.7383 -10.5066
26.3942 13.885 -10.0445
33.4045 20.4963 -6.77537
35.4765 22.7704 -6.51114
41.9569 12.1659 -27.6309
40.5062 0.28379 -27.4446
43.3992 1.54318 -31.9495
40.9641 0.575423 -35.7818
41.8495 -0.219261 -30.412
39.2011 13.838 -26.8594
40.1477 9.15479 -24.1351
29.2659 11.2968 -17.5709
25.3676 25.6953 -14.8008
24.8878 23.2331 -9.90611
26.445 17.9931 -9.29925
27.9587 23.5802 -6.02771
33.4812 31.2684 -12.1315
37.0214 28.4717 -8.98573
41.0502 26.2739 -8.46763
38.5628 30.3516 -11.1944
49.4245 19.2573 -20.5438
45.2173 23.0671 -17.477
58.7894 9.75594 -37.6373
57.084 6.82006 -39.6847
30.1564 21.5323 -42.2291
31.372 15.7598 -44.3717
32.8651 20.3114 -41.6693
35.5738 19.0905 -41.1095
36.7895 13.318 -43.2521
38.2826 17.8696 -40.5497
39.4982 12.0971 -42.6923
40.9913 16.6487 -39.9899
37.0767 7.96387 -39.9899
42.2069 10.8762 -42.1326
43.7 15.4278 -39.4301
39.7855 6.74297 -39.4301
44.9156 9.65526 -41.5728
46.4087 14.2069 -38.8703
45.4803 14.6254 -33.4654
42.4942 5.52207 -38.8703
47.6243 8.43436 -41.013
49.1174 12.986 -38.3105
48.189 13.4045 -32.9056
45.2029 4.30117 -38.3105
50.3331 7.21346 -40.4532
51.8261 11.7651 -37.7507
26.0058 23.2133 -36.0074
30.6515 25.7142 -34.2423
32.2997 25.1196 -29.0289
32.747 20.0927 -26.8425
36.1266 23.3979 -28.0703
34.7921 21.6394 -38.8304
36.2638 25.648 -35.3642
49.0182 21.6428 -42.3582
49.5381 16.6987 -40.0053
51.2964 26.0613 -40.0053
45.7641 27.1003 -36.5998
47.7288 28.8092 -37.3228
51.905 21.7275 -40.2251
