-15.709 -15.0786 -70.6543
-20.8186 -15.6249 -68.6937
-21.8775 -19.3333 -64.7723
-17.827 -22.4954 -62.8117
-12.7174 -21.9491 -64.7723
-11.6585 -18.2407 -68.6937
-10.4565 -3.89036 -58.0717
-17.7129 -3.91692 -51.8997
-15.9455 -8.70164 -49.8423
-11.4336 -11.0807 -51.8997
-8.68909 -8.67508 -56.0143
-5.77543 -5.13765 -51.5675
-6.13855 -0.867221 -55.0145
-14.5161 -3.77937 -47.4008
-10.1291 -6.2279 -45.1627
-5.15306 -5.53553 -47.4008
-4.56394 -2.39463 -51.8772
-10.6149 5.1974 -51.1522
-15.9693 -1.72126 -47.3824
-6.07066 2.36526 -49.8956
-8.52853 4.24892 -52.4635
-4.35347 -3.10092 -45.4245
-1.25565 1.08916 -47.1842
-3.34319 4.76408 -50.7038
-12.3269 8.64814 -16.8254
-8.51333 11.5227 -24.1536
-10.4565 6.50738 -23.0042
-8.58606 4.36661 -29.183
-6.71565 2.22585 -35.3618
-9.87254 12.1663 -17.4082
-8.74266 17.5445 -17.6275
-10.8131 20.6262 -21.6853
-13.4514 21.5705 -16.0444
-16.6101 12.5977 -16.555
-15.7604 17.1902 -13.6504
-13.2433 18.6924 -12.93
-11.0522 14.0057 -14.7968
-21.9778 15.0723 -14.0932
-18.706 19.2257 -12.5783
-3.28884 5.53471 -34.1963
-13.4438 14.5505 -35.7323
-7.41337 9.19658 -28.251
-2.83737 8.38811 -41.6615
-1.93381 13.539 -39.9581
-0.820185 17.8852 -40.4583
-0.497549 12.6379 -42.0744
-17.1104 26.6378 -40.0213
-19.3322 22.0395 -44.3304
-14.8875 24.2596 -41.9713
-12.9576 22.1948 -37.253
-17.1093 19.6613 -46.2804
-12.6646 21.8814 -43.9213
-10.7347 19.8166 -39.203
-19.6241 15.3764 -43.9213
-14.8864 17.2831 -48.2304
-10.4417 19.5032 -45.8712
-24.5427 25.1112 -41.1448
-20.8659 29.2797 -32.7881
-22.4918 26.5653 -28.2894
-23.5192 28.9916 -29.9407
-22.2219 28.2052 -24.654
-4.87998 22.6886 -23.8317
-3.90436 27.3989 -26.4982
-8.72801 22.9353 -36.1478
-11.4113 23.1074 -25.4815
-10.4357 27.8177 -28.1481
-9.09405 27.7317 -33.4812
-0.684227 22.5474 -36.4677
1.48112 25.1309 -32.1218
-1.71765 26.5024 -27.8631
3.29929 20.4186 -32.0634
1.10212 17.8161 -27.7449
-3.52516 19.7115 -25.4545
0.580979 13.3019 -27.5234
-3.06344 13.9394 -23.4538
-4.81642 18.9724 -22.0954
-21.8002 24.3882 -22.6024
-8.60614 17.8954 -25.9157
-23.9569 15.0506 -40.3633
-27.5152 11.0318 -39.1644
-28.0245 12.357 -36.2337
-26.2489 7.7367 -33.8358
-28.5338 13.6823 -33.3029
-26.7582 9.06195 -30.9051
-27.2675 10.3872 -27.9743
-21.682 2.01234 -41.9512
-26.0083 5.3318 -42.6685
-26.2477 5.94393 -46.3954
-21.5624 13.7921 -43.7113
-20.1422 9.69332 -49.4076
-18.6631 12.4787 -49.2904
-23.5429 3.37331 -45.5116
-13.5379 1.03044 -26.7234
-17.7813 1.07073 -37.1055
-21.7865 2.55465 -31.6236
-17.6628 8.11361 -12.8393
-21.8341 4.948 -11.1573
-26.958 6.02811 -12.8393
-17.0906 5.56313 -16.2203
-21.2619 2.39752 -14.5383
-26.3858 3.47763 -16.2203
-20.6896 -0.152957 -17.9193
-25.8135 0.927154 -19.6013
-26.7661 5.17287 -22.9653
-28.9926 7.5705 -24.4751
-30.9047 6.84824 -19.369
-30.6554 15.2616 -28.0028
-33.9493 15.6299 -17.514
-33.6551 10.8042 -20.1362
-32.0082 10.62 -25.3806
-25.6252 21.1703 -19.0683
-32.1904 21.9277 -25.9294
-28.3272 24.2244 -22.7591
-28.6729 24.7517 -26.5019
-23.6364 23.5463 -24.6494
-30.2186 21.8013 -31.0672
-21.2137 27.0284 -37.7088
-27.0196 26.5103 -34.5111
-26.4257 22.2232 -42.9974
-28.3756 17.5793 -40.7879
-33.3246 17.2695 -40.3376
-31.2633 25.7763 -44.0973
-34.2274 21.1435 -44.1359
-31.3388 24.5035 -33.8686
-33.076 28.8503 -36.756
-37.3555 26.4368 -31.0409
-34.8135 30.1997 -34.1439
-37.8387 21.2613 -32.8386
-40.5851 20.1121 -40.8776
-43.8333 23.6865 -38.2464
-41.8072 26.7404 -34.1454
-43.107 25.5425 -42.9013
-44.3079 29.6923 -39.4973
-41.3293 30.4589 -34.9377
-37.4939 25.0773 -45.5156
-41.7075 27.9126 -43.4045
-31.4226 29.5657 -38.6641
-40.2306 31.2883 -45.0243
-37.6588 35.5456 -42.6767
-33.2547 34.6843 -39.4966
-37.7017 35.3892 -47.0593
-34.5161 38.9314 -44.3107
-31.0425 37.0921 -40.4635
-36.0817 28.1473 -49.3204
-27.9805 29.0477 -44.3898
-24.8755 33.1145 -42.7327
-26.631 37.5421 -60.3439
-29.1886 37.932 -57.959
-28.0639 32.9424 -55.937
-21.818 36.8082 -49.8712
-22.9427 41.7979 -51.8932
-26.628 42.3598 -55.937
-31.7462 38.322 -55.574
-24.3756 37.1982 -47.4862
-25.5003 42.1879 -49.5082
-29.1856 42.7498 -53.552
-20.5285 42.675 -52.6494
-16.243 39.2281 -52.5946
-16.5468 34.4203 -55.2485
-31.9834 34.5424 -75.9191
-33.9907 32.5237 -71.2132
-29.9244 36.6132 -74.1525
-31.9317 34.5944 -69.4466
-23.4842 36.3348 -74.7389
-27.8654 38.6839 -72.386
-29.8727 36.6652 -67.6801
-21.4252 38.4055 -72.9724
-25.8064 40.7546 -70.6194
-27.8137 38.7359 -65.9135
-19.3662 40.4763 -71.2058
-23.7474 42.8254 -68.8529
-25.7547 40.8066 -64.147
-16.9922 36.1084 -68.8529
-17.3072 42.547 -69.4393
-21.6884 44.8961 -67.0863
-23.6957 42.8774 -62.3804
-14.9332 38.1792 -67.0863
-30.9508 27.6493 -78.0671
-34.6522 24.6269 -75.9652
-32.5381 26.3406 -80.7448
-29.8963 31.157 -81.0138
-7.45769 28.7528 -61.1736
-7.87247 30.9635 -57.3059
-36.1298 23.3296 -68.9933
-37.9543 27.7342 -66.251
-38.3401 27.5936 -60.7663
-36.9014 23.0483 -58.024
-32.7085 24.5771 -68.7206
-34.5331 28.9817 -65.9783
-34.9189 28.841 -60.4937
-33.4801 24.2957 -57.7514
-31.1118 30.2291 -65.7057
-31.4976 30.0885 -60.221
-30.0589 25.5432 -57.4787
-28.0764 31.3359 -59.9484
-24.8131 22.386 -59.9484
-24.6552 32.5834 -59.6757
-16.3739 30.533 -56.3881
-36.1577 15.9468 -67.1004
-4.17558 16.1437 -65.3631
-3.1488 15.4341 -60.3792
-6.04046 9.26707 -60.0248
-5.15727 9.99196 -54.6448
-19.6813 32.5333 -48.6953
-17.532 30.3067 -49.447
-20.5082 26.5317 -46.7747
-15.3827 28.0802 -50.1986
-18.3589 24.3051 -47.5263
-23.1383 22.398 -55.5432
-14.135 26.7876 -56.2949
-13.2334 25.8536 -50.9503
-16.2096 22.0786 -48.278
-15.8635 21.72 -59.7188
-11.9857 24.5611 -57.0465
-11.0842 23.6271 -51.7019
-14.0604 19.852 -49.0296
-8.93489 21.4006 -52.4536
-27.1286 25.6403 -43.9113
-34.4664 23.6366 -50.9654
-30.7985 23.5972 -55.0635
-33.0573 16.51 -52.0593
-27.919 11.638 -48.5359
-13.7079 11.6223 -50.3175
-21.8894 9.37484 -51.7501
-19.2761 7.88251 -52.668
-8.62722 6.50321 -54.2594
-13.2594 5.18149 -51.605
-9.3196 1.49742 -56.5398
-10.3464 3.36322 -61.6107
-16.5379 -1.73669 -61.5447
-19.9524 -3.16438 -59.2862
-18.9495 -1.84941 -54.0407
-15.8604 2.54224 -52.8488
-22.6655 0.313414 -57.5719
-23.1405 3.85147 -53.3879
-26.6375 1.61894 -57.41
-31.4023 8.69065 -60.0423
-28.5779 5.25308 -56.8088
-31.0038 7.03628 -57.4303
-29.8958 8.2793 -52.1884
-9.11088 5.88818 -63.1265
-12.2446 0.145642 -68.5819
-16.1867 -2.17698 -65.3066
-21.7576 0.760418 -72.3686
-18.5469 -1.19782 -68.3552
-25.9578 0.751169 -64.5995
-27.8306 1.99165 -63.3866
-23.9772 6.29401 -73.5279
-27.2143 5.80406 -75.282
-30.7364 3.29676 -71.8823
-29.6874 3.10697 -66.4866
-32.6503 8.16418 -64.0457
-33.2927 8.26397 -69.5072
-34.5603 10.8428 -70.2902
-32.8897 10.6105 -65.0552
-3.91166 13.1125 -71.1569
-5.28974 19.2577 -69.8628
-4.35022 14.8223 -75.2275
-6.48431 14.8241 -84.0304
-2.7307 13.337 -80.2955
-12.2072 7.5279 -82.7693
-7.48507 10.194 -83.6879
-15.0473 7.40086 -84.2941
-11.3652 3.32949 -84.6348
-6.01424 4.39589 -83.942
-4.34538 9.53368 -82.9085
-24.9602 9.48371 -78.4302
-19.4939 12.1351 -80.469
-18.9063 17.1401 -72.3847
-21.47 13.0884 -69.69
-22.0575 8.08337 -77.7742
-16.5912 10.7347 -79.813
-16.0036 15.7397 -71.7287
-19.1548 6.68304 -77.1182
-16.2521 5.2827 -76.4622
-13.3494 3.88237 -75.8062
-32.0017 13.5981 -78.4468
-2.04015 18.668 -75.8659
-17.0622 15.7679 -82.1424
-7.66508 17.0734 -85.5353
-27.9138 22.421 -79.5816
-26.0029 26.6093 -82.5911
-25.9491 15.6426 -86.0053
-28.1948 20.1616 -83.8178
-26.1144 16.3343 -89.7977
-26.4997 21.7664 -90.5682
-24.6516 25.2284 -86.7148
-24.0245 22.6128 -91.2051
-18.6219 23.6426 -91.244
-20.3653 20.1375 -93.8947
-24.3667 12.4287 -88.2446
-24.3543 16.2048 -92.2434
-7.51506 26.4215 -97.8415
-9.42349 23.1527 -97.4962
-13.4109 25.7701 -94.7575
-11.3319 19.884 -97.1508
-15.3193 22.5013 -94.4122
-13.2403 16.6152 -96.8054
-9.00096 14.4295 -94.0668
-8.74899 14.861 -88.5896
-17.2277 19.2326 -94.0668
-0.986477 28.9935 -97.3156
2.13555 27.7261 -92.9685
-1.94462 18.7876 -102.096
-6.79275 17.8217 -99.6853
6.12994 13.3155 -95.5364
0.206494 10.6719 -102.513
5.32178 11.3551 -100.611
5.66356 14.7565 -99.5776
1.28688 15.9038 -102.705
-1.31601 11.8645 -105.38
0.457764 6.67801 -104.929
4.83444 5.53075 -101.802
7.43734 9.57001 -99.1262
4.49378 17.8643 -92.5062
3.53866 15.2254 -87.7761
-3.42979 9.9677 -88.9189
-7.43104 12.9082 -91.2839
-2.35511 17.1921 -84.3596
3.15246 21.7549 -84.377
4.37752 20.9629 -89.6801
3.44719 26.0266 -90.6854
1.45004 22.7407 -94.6179
0.747135 29.8164 -89.3261
-25.7174 29.8094 -83.5442
-25.1631 34.7964 -81.292
-23.16 30.3524 -85.376
-22.6056 35.3394 -83.1238
-19.5184 35.9949 -78.6194
-20.6025 30.8954 -87.2079
-20.0482 35.8824 -84.9557
-16.961 36.5379 -80.4513
-18.0697 26.5639 -84.9557
-18.0451 31.4384 -89.0397
-17.4907 36.4254 -86.7875
-14.4035 37.0809 -82.2831
-12.425 27.7623 -82.2831
-15.5122 27.1069 -86.7875
-15.4876 31.9814 -90.8715
-14.9333 36.9684 -88.6193
-11.8461 37.6239 -84.1149
-12.3759 37.5114 -90.4512
-9.28865 38.1669 -85.9468
-21.3317 33.9212 -77.008
-12.993 37.3161 -78.6943
-16.613 39.0017 -74.9121
-16.5038 41.7216 -75.0376
-14.9099 44.6101 -74.5936
-13.217 49.063 -71.8447
-13.366 49.1225 -66.3471
-7.13474 46.6327 -71.6536
-13.175 46.4065 -62.7177
-11.5348 41.9691 -59.9125
-2.59888 49.5194 -66.9406
-5.37323 50.932 -62.4065
-9.78369 48.0298 -60.8652
-3.57854 50.3971 -58.6295
-5.46168 45.7668 -56.3353
0.508751 49.3468 -60.6186
19.673 32.9478 -77.6727
16.997 39.5349 -67.5057
5.95407 39.5882 -73.1597
4.58165 34.9607 -70.5229
10.1376 42.855 -65.2492
8.73204 43.5354 -70.5229
30.8249 27.17 -76.0861
32.7307 24.0408 -62.7192
18.5376 16.9141 -90.5056
14.6413 15.2195 -87.0131
20.341 17.6984 -88.1131
16.4447 16.0038 -84.6206
20.244 7.26796 -84.6206
25.9922 14.962 -87.4668
22.1444 18.4827 -85.7206
18.2481 16.7881 -82.2282
25.9437 9.74683 -85.7206
27.7956 15.7463 -85.0744
23.9477 19.267 -83.3281
23.8508 8.83658 -79.8357
27.7471 10.5311 -83.3281
29.599 16.5307 -82.6819
25.6541 9.6209 -77.4432
29.5505 11.3155 -80.9357
31.4023 17.315 -80.2894
27.4575 10.4052 -75.0507
31.3538 12.0998 -78.5432
33.2057 18.0993 -77.8969
29.3579 21.6199 -76.1507
29.2609 11.1895 -72.6583
33.1572 12.8841 -76.1507
35.0091 18.8836 -75.5045
27.2165 15.4945 -68.5196
31.0643 11.9738 -70.2658
34.9606 13.6684 -73.7582
25.9249 9.99001 -92.301
25.388 7.5061 -87.4233
21.6596 12.6732 -94.505
15.016 12.286 -91.5079
14.5149 8.53554 -95.4996
18.7916 5.34085 -96.824
23.5694 5.89658 -94.1567
16.1172 6.40067 -96.5475
17.9863 1.28865 -95.7576
21.3027 0.199253 -91.5074
22.7502 4.22187 -88.0471
22.2878 5.19183 -84.1738
21.5236 1.13416 -87.8072
25.7162 39.5548 -55.2017
29.5658 36.1282 -53.2811
28.2699 32.4112 -49.44
23.1243 32.1208 -47.5194
24.9971 37.4922 -57.4402
28.8467 34.0657 -55.5196
27.5508 30.3487 -51.6784
24.278 35.4297 -59.6787
28.1276 32.0031 -57.7581
26.8317 28.2861 -53.9169
17.8365 31.4223 -53.9169
23.5589 33.3671 -61.9171
27.4085 29.9406 -59.9966
26.1126 26.2236 -56.1554
17.1174 29.3597 -56.1554
18.4133 33.0767 -59.9966
26.6894 27.878 -62.235
25.3935 24.161 -58.3939
16.3983 27.2972 -58.3939
17.6942 31.0142 -62.235
24.6744 22.0985 -60.6323
23.9553 20.0359 -62.8708
23.2362 17.9734 -65.1093
23.813 19.6278 -71.1889
22.5171 15.9108 -67.3477
21.798 13.8483 -69.5862
21.0789 11.7857 -71.8247
15.9333 11.4953 -69.9041
12.0837 14.9219 -71.8247
20.3598 9.72316 -74.0632
15.2142 9.43275 -72.1426
11.3646 12.8593 -74.0632
12.6605 16.5763 -77.9043
19.6407 7.66061 -76.3016
14.4951 7.3702 -74.381
10.6455 10.7968 -76.3016
11.9414 14.5138 -80.1428
18.9216 5.59806 -78.5401
13.776 5.30765 -76.6195
9.92636 8.73422 -78.5401
11.2223 12.4512 -82.3813
18.2025 3.53551 -80.7786
13.0569 3.2451 -78.858
9.20726 6.67167 -80.7786
10.5032 10.3887 -84.6198
17.4834 1.47296 -83.0171
12.3378 1.18255 -81.0965
8.48816 4.60912 -83.0171
9.78407 8.32611 -86.8582
18.6928 43.6207 -55.2614
18.7489 39.8066 -59.2237
20.0857 42.2623 -50.117
19.1157 36.2242 -46.2829
17.1255 41.3481 -46.4721
15.6716 43.5571 -51.2945
11.4796 41.4569 -54.4785
13.4915 37.9827 -58.2378
12.4808 40.6105 -49.137
11.5269 42.9123 -50.4101
16.5766 34.1523 -46.0785
8.9993 39.9058 -46.5601
23.13 17.9407 -45.218
18.0221 19.4084 -43.8018
25.2426 20.2574 -50.679
22.0659 16.7738 -47.8465
16.958 18.2415 -46.4303
24.1785 19.0905 -53.3075
21.0018 15.6069 -50.475
15.8939 17.0746 -49.0587
17.1396 25.5095 -53.3075
23.1144 17.9236 -55.936
19.9377 14.4401 -53.1035
14.8298 15.9078 -51.6872
16.0755 24.3426 -55.936
22.0503 16.7568 -58.5645
18.8736 13.2732 -55.732
13.7657 14.7409 -54.3157
20.9862 15.5899 -61.193
17.8095 12.1063 -58.3605
12.7017 13.5741 -56.9442
16.7454 10.9395 -60.989
11.6376 12.4072 -59.5727
23.9157 29.6578 -45.9407
23.0355 25.2111 -42.826
18.5028 23.6659 -40.1357
19.8339 28.7055 -41.8909
19.3129 30.4314 -44.3882
11.0833 17.4692 -50.2564
5.75519 14.3031 -63.4453
-1.3477 10.9605 -60.1719
3.00354 7.79219 -59.0411
8.0049 10.04 -58.6125
3.07099 6.00729 -55.4433
6.43098 8.76384 -52.0725
7.59165 14.0478 -53.0636
2.73556 11.3241 -49.3362
-3.84572 8.62679 -51.9214
0.26168 9.92304 -48.5011
-2.86933 8.80928 -55.6425
-7.64065 11.4016 -54.7682
-1.79393 33.2925 -43.2484
-1.29904 34.9855 -48.4579
-2.61315 30.4899 -44.2371
-2.11827 32.1829 -49.4466
5.71127 25.0145 -45.2257
0.892003 25.5044 -42.621
-3.43238 27.6872 -45.2257
-2.9375 29.3803 -50.4352
4.89204 22.2119 -46.2144
0.0727763 22.7017 -43.6096
-4.25161 24.8846 -46.2144
-3.75673 26.5776 -51.4239
4.07282 19.4092 -47.203
-0.746451 19.8991 -44.5983
-5.07084 22.082 -47.203
3.25359 16.6066 -48.1917
-5.39518 20.9724 -53.4012
5.18572 31.6997 -38.603
5.26023 26.4728 -40.313
4.90815 35.7892 -42.2703
12.6138 34.382 -42.7428
9.17192 31.2044 -39.8607
15.2767 33.003 -43.2455
8.38101 21.3201 -45.3591
-2.34954 18.5727 -67.0909
-0.274639 14.4173 -64.1452
-4.01359 22.4996 -67.7586
-9.07435 24.0964 -62.0563
-7.63917 26.5205 -63.0135
-7.23536 27.5842 -54.187
-7.20885 30.731 -53.7249
-0.198533 37.3423 -50.4558
1.87354 39.6164 -50.1915
8.35394 29.0119 -71.3113
6.90317 17.1298 -71.125
9.7962 18.3892 -75.6299
7.36108 17.4214 -79.4622
8.24645 16.6267 -74.0924
5.59807 30.6839 -70.5398
6.54469 26.0008 -67.8155
-4.33713 28.1428 -61.2513
-8.23546 42.5413 -58.4812
-8.7152 40.0791 -53.5865
-7.15808 34.8391 -52.9797
-5.64432 40.4262 -49.7081
-0.121794 48.1144 -55.8119
3.41831 45.3177 -52.6661
7.44714 43.1199 -52.148
4.95973 47.1976 -54.8748
15.8214 36.1033 -64.2242
11.6143 39.9131 -61.1574
25.1864 26.6019 -81.3177
23.481 23.6661 -83.3651
-3.44664 38.3783 -85.9094
-2.231 32.6058 -88.0521
-0.737924 37.1574 -85.3497
1.9708 35.9365 -84.7899
3.18644 30.164 -86.9325
4.67952 34.7156 -84.2301
5.89516 28.9431 -86.3727
7.38824 33.4947 -83.6703
3.47371 24.8099 -83.6703
8.60388 27.7222 -85.813
10.097 32.2738 -83.1105
6.18243 23.589 -83.1105
11.3126 26.5013 -85.2532
12.8057 31.0529 -82.5507
11.8773 31.4714 -77.1458
8.89115 22.3681 -82.5507
14.0213 25.2804 -84.6934
15.5144 29.832 -81.9909
14.586 30.2505 -76.586
11.5999 21.1472 -81.9909
16.73 24.0595 -84.1336
18.2231 28.6111 -81.4311
-7.59728 40.0593 -79.6878
-2.95156 42.5602 -77.9227
-1.30331 41.9656 -72.7093
-0.856086 36.9387 -70.5229
2.52358 40.2439 -71.7507
1.18902 38.4854 -82.5108
2.6608 42.494 -79.0446
15.4153 38.4888 -86.0386
15.9351 33.5447 -83.6857
17.6934 42.9073 -83.6857
12.1611 43.9463 -80.2802
14.1258 45.6552 -81.0032
18.302 38.5735 -83.9055
