-13.201 -6.296 -53.957
-10.703 -3.406 -53.291
-9.54 -3.087 -49.639
-11.02 0.322 -48.639
-8.614 1.85 -46.053
-10.787 3.126 -43.162

-9.634 6.195 -41.181
-10.061 4.9 -37.589
-10.286 6.838 -34.306
-12.195 7.103 -30.979
-14.163 9.439 -28.711
-12.619 10.223 -25.263
-14.157 12.207 -22.344

-11.943 15.248 -21.466
-14.301 16.978 -18.949
-17.827 16.65 -17.399
-19.139 18.761 -20.353

-16.752 17.96 -23.312
-15.482 14.956 -25.281
-12.62 14.751 -27.824
-12.437 12.939 -31.204
-8.982 11.264 -31.393
-8.672 10.357 -35.1

-6.282 10.744 -38.079
-6.98 13.557 -40.6
-9.895 13.022 -43.051

-11.208 15.853 -45.293
-14.92 14.856 -45.011
-14.611 14.37 -41.226
-13.015 17.857 -40.827
-15.875 19.254 -42.999
-18.403 17.482 -40.669
-16.559 18.759 -37.515
-16.844 22.341 -38.957

-20.697 21.797 -39.029
-20.861 21.033 -35.24
-22.116 23.933 -33.104
-20.016 23.255 -29.939
-16.791 22.621 -31.971

-13.393 23.436 -30.391
-10.011 22.816 -32.063
-6.805 22.812 -29.99

-3.883 23.919 -32.209
-1.328 22.314 -29.773
-2.753 18.736 -29.691
-4.334 19.137 -33.217

-7.578 17.622 -31.79
-11.313 18.386 -31.995
-13.683 18.544 -28.991
-17.466 19.001 -28.65
-20.131 19.402 -25.91

-21.257 16.038 -24.476
-24.923 16.743 -25.497
-23.731 16.722 -29.178
-22.178 13.179 -28.839
-25.228 11.354 -30.322
-25.57 14.044 -33.093
-21.852 13.682 -34.021
-21.815 9.829 -34.037
-25.045 9.774 -36.128
-23.507 12.176 -38.75
-20.093 10.348 -38.803

-21.793 6.948 -39.527
-22.962 8.546 -42.834
-19.328 9.196 -43.991
-17.677 6.563 -46.261
-14.251 5.2 -45.121

-14.46 6.789 -41.562
-14.765 4.819 -38.279
-15.142 6.964 -35.114
-15.663 4.659 -32.101

-18.218 6.249 -29.657
-17.862 6.903 -25.912
-18.35 3.469 -24.195

-21.794 2.549 -22.772
-20.235 2.829 -19.255
-19.534 6.58 -19.812
-22.964 7.196 -21.431
-24.623 5.531 -18.378
-22.42 7.523 -15.909

-23.028 10.919 -17.654
-26.668 10.153 -18.714
-27.851 13.482 -17.123

-25.214 15.594 -18.963
-26 13.8 -22.296
-29.631 15.147 -21.909

-28.7559 18.9251 -21.5519
-27.6653 22.5331 -21.327
-25.7794 25.7584 -21.9194
-27.9822 28.7367 -21.5498
-25.5697 29.6127 -18.8434
-21.9659 30.5693 -18.8847
-20.3381 27.3268 -17.9126
-17.2782 25.2768 -18.5492
-16.4389 23.4111 -15.2875
-15.5893 20.4604 -13.0758
-13.3275 21.8348 -10.2397
-9.92977 20.6029 -11.2683
-6.47518 22.0732 -10.7466
-4.64712 22.2546 -14.0525
-1.59911 20.1338 -12.916
-0.886371 17.2987 -10.6215
1.53143 15.7431 -13.181
3.62866 18.9077 -13.2129
6.16725 21.7924 -12.9963

5.08731 25.2952 -11.9928
7.78785 25.468 -9.32442
10.4486 24.3777 -11.8093
9.34166 27.0232 -14.303
9.4852 29.7314 -11.6407

13.1492 28.5434 -11.9997
13.2002 28.5454 -15.8657
15.4422 31.3104 -17.2747

13.7812 33.4154 -20.0977
15.6562 31.5064 -22.8647
14.8232 28.1254 -21.1947
11.0912 29.1304 -21.1837
11.3252 30.0414 -24.9137
12.9442 26.5784 -25.5147
10.0992 24.7984 -23.6167
7.5242 26.8074 -25.6697
9.3322 25.8884 -28.9647
9.4572 22.1824 -27.9757
5.6912 22.2144 -27.1327
4.8632 24.0664 -30.4257

6.9142 21.3684 -32.3327
4.6732 18.7714 -30.5307
7.3752 17.4234 -28.1307

9.5352 16.0764 -31.0347
12.9312 17.8414 -31.0977
16.6782 17.7354 -30.5817
17.5922 20.2644 -27.8397

21.1932 20.9184 -28.9887
21.7522 23.9124 -26.6357
25.3832 24.3284 -25.4837
26.8392 22.4384 -22.4627
25.5262 23.6794 -19.0767
22.6542 25.8924 -20.4867
20.1812 23.7044 -18.4527

19.0432 21.0774 -21.0297
17.8752 18.8044 -18.1267
15.5242 21.4374 -16.5447
14.0112 22.2294 -20.0067
13.6052 18.4614 -20.7707
11.8672 17.7654 -17.3997
9.4722 20.7194 -18.0627
8.6402 19.5784 -21.6657
8.0412 16.0004 -20.3977
5.9322 17.2434 -17.3997
3.6602 19.2544 -19.7827
2.9872 15.7814 -21.3537
2.5032 14.0164 -17.8797
-0.998801 12.8664 -19.0907

0.837199 10.7674 -21.7987
3.2612 8.85539 -19.4507
4.9062 6.31039 -18.6907

8.1132 8.27539 -19.3727
11.3362 6.58639 -20.5917
14.6522 8.39539 -19.8637
17.7552 6.98439 -21.6377
21.0582 8.36639 -20.2577

24.8372 7.70739 -19.8747
25.4712 4.90339 -17.2937
27.0312 7.41839 -14.7677
24.1982 10.0834 -14.6617

21.1292 7.85539 -13.8577
20.9922 8.97039 -10.1857
21.7332 12.6214 -11.2307
18.5222 12.4194 -13.3547
16.4732 10.8264 -10.4857
17.6192 13.6434 -8.13166
16.7782 16.1994 -10.8917
13.1652 14.8344 -11.1007
12.8052 14.8634 -7.24966
14.2912 18.4234 -7.13766
12.0642 19.9184 -9.88266

8.7662 17.9144 -9.62066
8.0362 17.6734 -5.80466
4.4992 16.5144 -6.91266
6.1232 13.0224 -7.45466
6.8572 10.4384 -4.74366

10.2552 8.61939 -5.00366
8.2492 5.40339 -5.78066
7.1072 7.05639 -9.06966

10.7962 6.90739 -10.2847
12.3822 3.59939 -11.3727
16.2062 3.68239 -11.7797

17.1852 0.607393 -13.8257
20.5712 -0.579607 -12.4887
20.6862 -4.11361 -14.0477
19.4822 -6.07561 -17.1257
17.1182 -8.09661 -14.7907
15.0992 -5.08461 -13.5437
11.5352 -4.19361 -14.7017
11.8122 -1.24961 -17.1597
8.0712 -0.378607 -16.5877
7.9682 -0.442607 -12.7337
7.7792 3.39139 -12.3247
5.8072 6.25739 -13.8657

9.2992 7.58339 -14.8227
11.8222 4.89039 -15.8957
15.5512 5.82539 -16.0577
17.8782 3.42139 -17.9737
21.3582 3.42839 -19.5697

22.2292 2.98339 -23.2837
24.1302 -0.285607 -22.4857
21.0542 -1.82261 -20.7477
18.5872 -1.04561 -23.6387

19.9612 -3.99161 -25.7207
19.6002 -6.34961 -22.6777
16.0442 -5.01661 -22.0157
14.8732 -5.09161 -25.7217
12.1562 -7.69161 -24.8167
10.6442 -5.11261 -22.3487
10.9322 -2.17061 -24.8717
7.8162 -3.70961 -26.5827
5.6992 -1.72761 -24.0357
4.7932 1.58639 -25.8087
6.5202 4.48839 -24.0187
4.6512 7.50839 -25.5007

7.1832 10.0464 -24.0687
10.9512 9.42539 -24.4317
13.8802 11.5784 -23.2587

17.3702 10.6134 -24.5007
20.2252 12.4864 -22.8017
23.5462 12.8584 -24.7097

21.8212 11.3714 -27.8297
25.1222 11.5164 -29.8287
25.6352 7.98139 -28.3167
23.1132 6.85739 -31.0367

25.3292 8.28739 -33.9147
26.0262 4.81439 -35.4717
22.9742 2.74039 -36.5967
24.8932 -0.624607 -36.4987
25.5012 -0.392607 -32.6997

23.3362 -2.54561 -30.3687
22.3192 0.601393 -28.3477
21.0552 2.31439 -31.5537
19.3012 -0.869607 -32.8667
17.4262 -1.18161 -29.5087
16.5742 2.58639 -29.1927
15.4222 3.37039 -32.7857
12.1872 1.20039 -32.8637
10.9262 2.93739 -29.6597
11.8832 6.45139 -30.9247
9.9942 5.89739 -34.2467

6.7392 4.79639 -32.4367
6.8152 7.07939 -29.3257
4.5152 10.1814 -29.5647

7.0612 12.6074 -27.9647
10.8682 12.3764 -28.4897
13.1182 14.8004 -26.5707
16.7422 14.2664 -27.6837
19.4602 16.2024 -25.7727

23.1482 16.7884 -26.6797
25.8892 19.4354 -26.2877
27.5972 18.0244 -29.3977
24.8852 16.5014 -31.6927
27.6242 15.7024 -34.2057
31.0432 14.7674 -32.7377
33.0662 14.9964 -36.0167
30.9272 14.5384 -39.2247

27.4012 15.1354 -40.7447
26.7422 11.3274 -40.9617
26.4852 11.2054 -37.0837
23.2682 13.3534 -37.2397
21.2592 10.8774 -39.3887
19.9832 8.69739 -36.4747
18.9062 11.8314 -34.5037
17.1492 13.3174 -37.6187
15.1282 10.0854 -38.2367
14.3422 9.79739 -34.4747
12.7832 13.3404 -34.4567

11.2802 13.0694 -38.0327
10.8952 9.35339 -39.1177
9.7152 10.4724 -42.6407
12.9522 12.4334 -43.3687
15.5502 10.4874 -45.4527
13.9872 6.93839 -45.0897
17.3112 5.50639 -46.4317

20.7862 6.70439 -45.2897
22.1682 6.70139 -48.8927
20.0212 9.75639 -49.8907
21.3222 11.6924 -46.8197
24.9222 10.5244 -47.5287
24.8592 11.5614 -51.2447
23.6492 15.0894 -50.2907
25.4842 15.9034 -47.0027

28.3772 13.3724 -46.6247
30.0362 13.8554 -50.1027
29.3882 10.1464 -50.7187

31.9652 8.49939 -53.0497
31.7162 5.15139 -54.8917

34.9962 3.30839 -54.1347
35.9922 -0.173607 -55.5627
34.9422 -1.74061 -52.1757

31.5862 0.152393 -51.7687
30.4222 3.63539 -50.6747
32.5122 6.06039 -48.5927

30.5012 8.53139 -46.3987
33.4322 10.1474 -44.4397
33.1012 13.4744 -46.3327
30.8822 16.5614 -45.9867
28.7542 18.6214 -48.4257
25.9992 21.3164 -48.5037

26.4592 22.0334 -44.7287
24.6282 25.4314 -44.8277
21.5282 23.6554 -46.2847
21.8532 20.9414 -43.5807
22.0342 23.7094 -40.8877
18.8262 25.3474 -42.2567
16.9932 21.9524 -42.3657
18.1052 21.1294 -38.7787
17.0462 24.5274 -37.2917
13.6442 24.5774 -39.1047
12.4672 20.9684 -38.5697
14.6982 18.9664 -36.1037

16.8312 21.0244 -33.7197
16.7732 23.9184 -31.2487
20.3762 25.1604 -30.7157
21.6832 28.1614 -28.7267
25.2582 28.9964 -27.7527

26.7842 30.4804 -24.5247
27.3952 33.6844 -26.5467
23.6402 33.9334 -27.4467
22.2002 33.5634 -23.8867

25.0112 34.0584 -21.2647
26.9722 37.2934 -22.0957
28.3862 37.0564 -18.4957
30.3912 33.7884 -18.9117
34.1902 34.4824 -18.9267
35.9432 33.7484 -22.2507

37.5992 30.3784 -22.9937
41.2152 31.2264 -23.9717
42.7522 28.3364 -25.9737
46.4312 27.8384 -26.9207
48.7932 25.2294 -28.3227
51.8342 24.5344 -26.0817

54.6532 22.9804 -28.1367
56.4332 20.7794 -25.5457
60.1482 20.5984 -26.3557

61.1322 17.3674 -28.2787
64.7472 17.8384 -26.9507

63.7092 15.6464 -23.9287
62.6682 12.8574 -26.4137
65.8062 10.6764 -26.3477

67.3122 9.40339 -29.6457
66.0002 5.78539 -29.1047
62.3782 6.98339 -28.5537
62.6552 9.31339 -31.6147
64.0842 6.46839 -33.7667
61.1462 4.25139 -32.5817
58.6002 6.98639 -33.5797
60.3972 7.38439 -36.9697
60.3102 3.55839 -37.4007
56.5372 3.24939 -36.6527
55.8492 6.30139 -38.9207
57.8042 4.62539 -41.8077
56.0302 1.31239 -41.0167
52.5332 2.86439 -41.6007
53.6242 4.19539 -45.0717

55.1042 0.865393 -46.3237
53.2742 -0.232607 -49.5287
53.4152 -4.01261 -48.9937
51.5442 -4.17361 -45.6087
47.9712 -5.40161 -45.1017

45.1752 -3.01461 -43.9477
45.4942 -4.67661 -40.4847
49.3162 -4.21761 -40.1957
48.7652 -0.515607 -41.1667
46.1762 -0.162607 -38.2917
48.5442 -1.98261 -35.8547
51.4932 0.309393 -36.8117
49.1422 3.34739 -36.3557
48.1272 2.14539 -32.8317
51.8422 1.56439 -32.0247
52.8122 5.08539 -33.2967
49.9852 6.62439 -31.1817
50.9402 4.67539 -27.9837
54.6732 5.59239 -28.5507
53.6232 9.28239 -28.9107
51.9722 9.09339 -25.4507
55.1322 7.51239 -23.8817
57.4322 10.0734 -25.6097
55.4332 13.0474 -24.1637
55.3802 11.8514 -20.4657
58.6672 13.6044 -19.3287
57.7302 17.0374 -20.8007
54.0452 16.6824 -19.7607
55.3862 16.1344 -16.1897
57.8582 19.0774 -16.5767
54.9312 21.3284 -17.6597
52.6192 20.1764 -14.7697
55.4242 20.9444 -12.2587
56.0782 24.3944 -13.8837
52.3292 25.1914 -13.4077
52.4562 24.1804 -9.68266
55.7812 26.0454 -9.09266

54.1232 29.1244 -10.7757
51.6432 29.1094 -7.80166
48.4742 27.8124 -9.59266
45.7802 26.8594 -7.06466
43.5272 24.5104 -9.18866

43.7462 22.9154 -12.6697
42.5782 19.8394 -14.6407
44.9482 17.4774 -16.5157
43.3622 15.4104 -19.3197

44.9832 12.2554 -20.7907
43.6012 8.95439 -22.2677
46.4792 6.41039 -22.2127

46.6102 4.72639 -18.7597
50.4732 4.92839 -18.7017
50.2432 8.78539 -18.9437
47.6402 8.97039 -16.0997
49.8012 6.53539 -14.0137
53.0662 8.51739 -14.5677
51.3892 11.8964 -13.7217
49.8362 10.4674 -10.4827
53.1722 8.83439 -9.45266
55.1142 12.1374 -9.87266
52.4282 14.1504 -7.96466
52.6462 11.5594 -5.09966
56.5082 11.7834 -5.21466

56.2202 15.6384 -4.95866
53.5522 15.2064 -2.15766
50.9742 17.1664 -4.25966
47.3702 16.4794 -3.19066

45.3672 15.4884 -6.30166
42.2822 13.5204 -7.46766
42.2042 10.8034 -10.1837
39.2022 9.70239 -12.3277

39.4682 6.98039 -15.0257
37.6352 3.88439 -16.4397
38.2132 1.96739 -13.1307
36.7792 4.71639 -10.8147
33.2662 3.71139 -9.62566
30.1032 5.80739 -10.2817
29.7302 6.91539 -6.59366

33.4882 7.55739 -6.00666
33.4792 9.78239 -9.17366
30.9182 12.1144 -7.50966
32.7672 12.0594 -4.12566
36.2032 12.8474 -5.73366
34.4622 15.6164 -7.75666
33.1282 17.1044 -4.45666
36.6052 16.7214 -2.80366
38.2532 18.7374 -5.67166
35.4052 21.3374 -5.62166
35.3312 21.9014 -1.81066

38.9642 21.2384 -0.676658
41.5482 24.0204 -1.36266
44.3512 21.3924 -0.912658
43.5402 19.3884 -4.09066
45.5092 21.3694 -6.71166

45.3672 18.8454 -9.62466
42.6072 16.6744 -11.1037
44.0692 13.8124 -13.2337
41.2132 12.9024 -15.6067
40.6392 10.3744 -18.3947

39.3272 12.2704 -21.4957
36.8982 9.36039 -22.2047
35.8352 8.51139 -18.6077
35.3482 12.1054 -17.2407
33.6262 13.6344 -20.3737
30.1652 13.1604 -18.6857
28.1672 14.1164 -15.5347
30.9342 15.8824 -13.5397
31.3832 19.6544 -12.8547
34.8362 21.1974 -12.1457
33.9992 24.9324 -11.6997
36.7092 25.2644 -8.94666
39.4932 25.1994 -11.6197
40.3772 28.0044 -14.1167

42.8242 25.9274 -16.2587
42.5152 22.7634 -18.4007
45.6822 20.9964 -19.6857
45.3052 18.3634 -22.4297

48.4652 16.2404 -21.9857
47.2562 14.2204 -25.0167
45.2452 15.0234 -28.1647
42.0522 13.0584 -28.9607
40.9662 12.5044 -32.6277
37.3202 13.4764 -31.8827

36.7802 17.2534 -31.2347
33.3072 16.7054 -29.6717
35.0082 14.8384 -26.7517
37.6272 17.6344 -26.3367
34.7902 20.2624 -26.1827
32.9102 18.0224 -23.6477
36.0882 18.0154 -21.4677
36.5622 21.8664 -21.6997

32.8642 22.3414 -20.6817
33.5382 20.4944 -17.3977
35.1592 23.7744 -16.1327
33.2272 26.2964 -18.2777
29.8432 25.8034 -16.4537
27.3032 27.9774 -14.5707
29.2272 28.9194 -11.3737
32.5352 29.6914 -13.1957
33.7642 33.2914 -12.4817
37.2862 33.2224 -14.0947
38.3892 33.1854 -17.7807

39.0112 29.5044 -18.6037
42.5012 28.6834 -19.9357
42.7632 25.6324 -22.2707
46.3242 24.3804 -23.0117
46.8282 21.6964 -25.7237
50.2482 20.0014 -25.2157
51.7812 18.9854 -28.6187

55.1702 17.4854 -29.6407
56.8712 18.0044 -33.0697
57.9772 14.6394 -34.5937
54.9542 12.6644 -33.1757
51.2822 11.6644 -33.8017

50.2702 15.2484 -32.7227
51.5892 16.5924 -36.1067
48.8092 14.5844 -37.9167
46.1102 14.6614 -35.1827
46.0742 18.4754 -34.7627
45.2632 19.3174 -38.4767
42.6782 16.4304 -38.4267
40.9692 17.8674 -35.2827
40.9822 21.3804 -36.8997
39.2892 20.2974 -40.1817
36.6882 18.3724 -38.0667
35.8462 21.5074 -35.9477
35.4862 23.4994 -39.2197
33.0132 20.8544 -40.5847
31.0912 21.1204 -37.2527
31.1062 24.9844 -37.4167
29.8792 25.0684 -41.0867

27.0062 22.7464 -39.9697
26.2062 25.2884 -37.1247
27.2822 22.6874 -34.4807
30.3022 24.5944 -33.0047
31.4772 28.2094 -32.4327
34.9352 26.7704 -31.6977
37.4092 27.9064 -34.3427
40.8492 26.2344 -33.8697
42.7342 28.0404 -36.7587

43.7402 31.1294 -34.6767
45.7882 28.9404 -32.2337
48.1352 27.6234 -35.0127
48.9862 31.0204 -36.5717

50.2512 31.9794 -33.0417
52.7362 29.0064 -32.6187

End chain 1
