-13.201 -6.296 -53.957
-10.703 -3.406 -53.291
-9.54 -3.087 -49.639
-11.02 0.322 -48.639
-8.614 1.85 -46.053
-10.787 3.126 -43.162

-9.634 6.195 -41.181
-10.061 4.9 -37.589
-10.286 6.838 -34.306
-12.195 7.103 -30.979
-14.163 9.439 -28.711
-12.619 10.223 -25.263
-14.157 12.207 -22.344

-11.943 15.248 -21.466
-14.301 16.978 -18.949
-17.827 16.65 -17.399
-19.139 18.761 -20.353

-16.752 17.96 -23.312
-15.482 14.956 -25.281
-12.62 14.751 -27.824
-12.437 12.939 -31.204
-8.982 11.264 -31.393
-8.672 10.357 -35.1

-6.282 10.744 -38.079
-6.98 13.557 -40.6
-9.895 13.022 -43.051

-11.208 15.853 -45.293
-14.92 14.856 -45.011
-14.611 14.37 -41.226
-13.015 17.857 -40.827
-15.875 19.254 -42.999
-18.403 17.482 -40.669
-16.559 18.759 -37.515
-16.844 22.341 -38.957

-20.697 21.797 -39.029
-20.861 21.033 -35.24
-22.116 23.933 -33.104
-20.016 23.255 -29.939
-16.791 22.621 -31.971

-13.393 23.436 -30.391
-10.011 22.816 -32.063
-6.805 22.812 -29.99

-3.883 23.919 -32.209
-1.328 22.314 -29.773
-2.753 18.736 -29.691
-4.334 19.137 -33.217

-7.578 17.622 -31.79
-11.313 18.386 -31.995
-13.683 18.544 -28.991
-17.466 19.001 -28.65
-20.131 19.402 -25.91

-21.257 16.038 -24.476
-24.923 16.743 -25.497
-23.731 16.722 -29.178
-22.178 13.179 -28.839
-25.228 11.354 -30.322
-25.57 14.044 -33.093
-21.852 13.682 -34.021
-21.815 9.829 -34.037
-25.045 9.774 -36.128
-23.507 12.176 -38.75
-20.093 10.348 -38.803

-21.793 6.948 -39.527
-22.962 8.546 -42.834
-19.328 9.196 -43.991
-17.677 6.563 -46.261
-14.251 5.2 -45.121

-14.46 6.789 -41.562
-14.765 4.819 -38.279
-15.142 6.964 -35.114
-15.663 4.659 -32.101

-18.218 6.249 -29.657
-17.862 6.903 -25.912
-18.35 3.469 -24.195

-21.794 2.549 -22.772
-20.235 2.829 -19.255
-19.534 6.58 -19.812
-22.964 7.196 -21.431
-24.623 5.531 -18.378
-22.42 7.523 -15.909

-23.028 10.919 -17.654
-26.668 10.153 -18.714
-27.851 13.482 -17.123

-25.214 15.594 -18.963
-26 13.8 -22.296
-29.631 15.147 -21.909

-29.8289 18.4917 -20.1859
-29.1274 21.5527 -17.9758
-28.6702 21.4509 -14.204
-24.7949 21.2213 -14.4009
-20.9322 21.5465 -14.323
-18.276 20.9061 -16.8606
-18.2564 24.6213 -16.9105
-15.82 24.761 -13.8777
-13.4759 22.4028 -15.8947
-9.8015 21.8065 -15.3202
-10.5395 18.0191 -15.0457
-8.19016 15.449 -16.5819
-6.25193 12.5998 -18.1548
-3.43298 13.1669 -20.7191
-3.94937 16.829 -20.0265
-2.60364 16.7609 -16.3901
0.448666 14.775 -17.4519
-1.71991 11.7357 -17.1788
-4.27534 8.97045 -16.8019

-4.40524 5.76263 -18.8356
-6.67263 4.11359 -16.27
-9.03348 7.09158 -16.2994
-9.22681 7.02397 -20.0942
-10.0232 3.30798 -20.0841

-6.35918 2.11998 -20.4431
-6.30818 2.12198 -24.3091
-4.06618 4.88698 -25.7181

-5.72718 6.99198 -28.5411
-3.85218 5.08298 -31.3081
-4.68518 1.70198 -29.6381
-8.41718 2.70698 -29.6271
-8.18318 3.61798 -33.3571
-6.56418 0.154976 -33.9581
-9.40918 -1.62502 -32.0601
-11.9842 0.383976 -34.1131
-10.1762 -0.535024 -37.4081
-10.0512 -4.24102 -36.4191
-13.8172 -4.20902 -35.5761
-14.6452 -2.35702 -38.8691

-12.5942 -5.05502 -40.7761
-14.8352 -7.65202 -38.9741
-12.1332 -9.00002 -36.5741

-9.97318 -10.347 -39.4781
-6.57718 -8.58202 -39.5411
-2.83018 -8.68802 -39.0251
-1.91618 -6.15902 -36.2831

1.68482 -5.50502 -37.4321
2.24382 -2.51102 -35.0791
5.87482 -2.09502 -33.9271
7.33082 -3.98502 -30.9061
6.01782 -2.74402 -27.5201
3.14582 -0.531024 -28.9301
0.672822 -2.71902 -26.8961

-0.465178 -5.34602 -29.4731
-1.63318 -7.61902 -26.5701
-3.98418 -4.98602 -24.9881
-5.49718 -4.19402 -28.4501
-5.90318 -7.96202 -29.2141
-7.64118 -8.65802 -25.8431
-10.0362 -5.70402 -26.5061
-10.8682 -6.84502 -30.1091
-11.4672 -10.423 -28.8411
-13.5762 -9.18002 -25.8431
-15.8482 -7.16902 -28.2261
-16.5212 -10.642 -29.7971
-17.0052 -12.407 -26.3231
-20.5072 -13.557 -27.5341

-18.6712 -15.656 -30.2421
-16.2472 -17.568 -27.8941
-14.6022 -20.113 -27.1341

-11.3952 -18.148 -27.8161
-8.17218 -19.837 -29.0351
-4.85618 -18.028 -28.3071
-1.75318 -19.439 -30.0811
1.54982 -18.057 -28.7011

5.32882 -18.716 -28.3181
5.96282 -21.52 -25.7371
7.52282 -19.005 -23.2111
4.68982 -16.34 -23.1051

1.62082 -18.568 -22.3011
1.48382 -17.453 -18.6291
2.22482 -13.802 -19.6741
-0.986178 -14.004 -21.7981
-3.03518 -15.597 -18.9291
-1.88918 -12.78 -16.5751
-2.73018 -10.224 -19.3351
-6.34318 -11.589 -19.5441
-6.70318 -11.56 -15.6931
-5.21718 -8.00002 -15.5811
-7.44418 -6.50502 -18.3261

-10.7422 -8.50902 -18.0641
-11.4722 -8.75002 -14.2481
-15.0092 -9.90902 -15.3561
-13.3852 -13.401 -15.8981
-12.6512 -15.985 -13.1871

-9.25318 -17.804 -13.4471
-11.2592 -21.02 -14.2241
-12.4012 -19.367 -17.5131

-8.71218 -19.516 -18.7281
-7.12618 -22.824 -19.8161
-3.30218 -22.741 -20.2231

-2.32318 -25.816 -22.2691
1.06282 -27.003 -20.9321
1.17782 -30.537 -22.4911
-0.0261777 -32.499 -25.5691
-2.39018 -34.52 -23.2341
-4.40918 -31.508 -21.9871
-7.97318 -30.617 -23.1451
-7.69618 -27.673 -25.6031
-11.4372 -26.802 -25.0311
-11.5402 -26.866 -21.1771
-11.7292 -23.032 -20.7681
-13.7012 -20.166 -22.3091

-10.2092 -18.84 -23.2661
-7.68618 -21.533 -24.3391
-3.95718 -20.598 -24.5011
-1.63018 -23.002 -26.4171
1.84982 -22.995 -28.0131

2.72082 -23.44 -31.7271
4.62182 -26.709 -30.9291
1.54582 -28.246 -29.1911
-0.921178 -27.469 -32.0821

0.452822 -30.415 -34.1641
0.0918223 -32.773 -31.1211
-3.46418 -31.44 -30.4591
-4.63518 -31.515 -34.1651
-7.35218 -34.115 -33.2601
-8.86418 -31.536 -30.7921
-8.57618 -28.594 -33.3151
-11.6922 -30.133 -35.0261
-13.8092 -28.151 -32.4791
-14.7152 -24.837 -34.2521
-12.9882 -21.935 -32.4621
-14.8572 -18.915 -33.9441

-12.3252 -16.377 -32.5121
-8.55718 -16.998 -32.8751
-5.62818 -14.845 -31.7021

-2.13818 -15.81 -32.9441
0.716822 -13.937 -31.2451
4.03782 -13.565 -33.1531

2.31282 -15.052 -36.2731
5.61382 -14.907 -38.2721
6.12682 -18.442 -36.7601
3.60482 -19.566 -39.4801

5.82082 -18.136 -42.3581
6.51782 -21.609 -43.9151
3.46582 -23.683 -45.0401
5.38482 -27.048 -44.9421
5.99282 -26.816 -41.1431

3.82782 -28.969 -38.8121
2.81082 -25.822 -36.7911
1.54682 -24.109 -39.9971
-0.207178 -27.293 -41.3101
-2.08218 -27.605 -37.9521
-2.93418 -23.837 -37.6361
-4.08618 -23.053 -41.2291
-7.32118 -25.223 -41.3071
-8.58218 -23.486 -38.1031
-7.62518 -19.972 -39.3681
-9.51418 -20.526 -42.6901

-12.7692 -21.627 -40.8801
-12.6932 -19.344 -37.7691
-14.9932 -16.242 -38.0081

-12.4472 -13.816 -36.4081
-8.64018 -14.047 -36.9331
-6.39018 -11.623 -35.0141
-2.76618 -12.157 -36.1271
-0.0481777 -10.221 -34.2161

3.63982 -9.63502 -35.1231
6.38082 -6.98802 -34.7311
8.08882 -8.39902 -37.8411
5.37682 -9.92202 -40.1361
8.11582 -10.721 -42.6491
11.5348 -11.656 -41.1811
13.5578 -11.427 -44.4601
11.4188 -11.885 -47.6681

7.89282 -11.288 -49.1881
7.23382 -15.096 -49.4051
6.97682 -15.218 -45.5271
3.75982 -13.07 -45.6831
1.75082 -15.546 -47.8321
0.474822 -17.726 -44.9181
-0.602178 -14.592 -42.9471
-2.35918 -13.106 -46.0621
-4.38018 -16.338 -46.6801
-5.16618 -16.626 -42.9181
-6.72518 -13.083 -42.9001

-8.22818 -13.354 -46.4761
-8.61318 -17.07 -47.5611
-9.79318 -15.951 -51.0841
-6.55618 -13.99 -51.8121
-3.95818 -15.936 -53.8961
-5.52118 -19.485 -53.5331
-2.19718 -20.917 -54.8751

1.27782 -19.719 -53.7331
2.65982 -19.722 -57.3361
0.512822 -16.667 -58.3341
1.81382 -14.731 -55.2631
5.41382 -15.899 -55.9721
5.35082 -14.862 -59.6881
4.14082 -11.334 -58.7341
5.97582 -10.52 -55.4461

8.86882 -13.051 -55.0681
10.5278 -12.568 -58.5461
9.87982 -16.277 -59.1621

12.4568 -17.924 -61.4931
12.2078 -21.272 -63.3351

15.4878 -23.115 -62.5781
16.4838 -26.597 -64.0061
15.4338 -28.164 -60.6191

12.0778 -26.271 -60.2121
10.9138 -22.788 -59.1181
13.0038 -20.363 -57.0361

10.9928 -17.892 -54.8421
13.9238 -16.276 -52.8831
13.5928 -12.949 -54.7761
11.3738 -9.86202 -54.4301
9.24582 -7.80202 -56.8691
6.49082 -5.10702 -56.9471

6.95082 -4.39002 -53.1721
5.11982 -0.992024 -53.2711
2.01982 -2.76802 -54.7281
2.34482 -5.48202 -52.0241
2.52582 -2.71402 -49.3311
-0.682178 -1.07602 -50.7001
-2.51518 -4.47102 -50.8091
-1.40318 -5.29402 -47.2221
-2.46218 -1.89602 -45.7351
-5.86418 -1.84602 -47.5481
-7.04118 -5.45502 -47.0131
-4.81018 -7.45702 -44.5471

-2.67718 -5.39902 -42.1631
-2.73518 -2.50502 -39.6921
0.867822 -1.26302 -39.1591
2.17482 1.73798 -37.1701
5.74982 2.57298 -36.1961

7.27582 4.05698 -32.9681
7.88682 7.26098 -34.9901
4.13182 7.50998 -35.8901
2.69182 7.13998 -32.3301

5.50282 7.63498 -29.7081
7.46382 10.87 -30.5391
8.87782 10.633 -26.9391
10.8828 7.36498 -27.3551
14.6818 8.05898 -27.3701
16.4348 7.32498 -30.6941

18.0908 3.95498 -31.4371
21.7068 4.80298 -32.4151
23.2438 1.91298 -34.4171
26.9228 1.41498 -35.3641
29.2848 -1.19402 -36.7661
32.3258 -1.88902 -34.5251

35.1448 -3.44302 -36.5801
36.9248 -5.64402 -33.9891
40.6398 -5.82502 -34.7991

41.6238 -9.05602 -36.7221
45.2388 -8.58502 -35.3941

44.2008 -10.777 -32.3721
43.1598 -13.566 -34.8571
46.2978 -15.747 -34.7911

47.8038 -17.02 -38.0891
46.4918 -20.638 -37.5481
42.8698 -19.44 -36.9971
43.1468 -17.11 -40.0581
44.5758 -19.955 -42.2101
41.6378 -22.172 -41.0251
39.0918 -19.437 -42.0231
40.8888 -19.039 -45.4131
40.8018 -22.865 -45.8441
37.0288 -23.174 -45.0961
36.3408 -20.122 -47.3641
38.2958 -21.798 -50.2511
36.5218 -25.111 -49.4601
33.0248 -23.559 -50.0441
34.1158 -22.228 -53.5151

35.5958 -25.558 -54.7671
33.7658 -26.656 -57.9721
33.9068 -30.436 -57.4371
32.0358 -30.597 -54.0521
28.4628 -31.825 -53.5451

25.6668 -29.438 -52.3911
25.9858 -31.1 -48.9281
29.8078 -30.641 -48.6391
29.2568 -26.939 -49.6101
26.6678 -26.586 -46.7351
29.0358 -28.406 -44.2981
31.9848 -26.114 -45.2551
29.6338 -23.076 -44.7991
28.6188 -24.278 -41.2751
32.3338 -24.859 -40.4681
33.3038 -21.338 -41.7401
30.4768 -19.799 -39.6251
31.4318 -21.748 -36.4271
35.1648 -20.831 -36.9941
34.1148 -17.141 -37.3541
32.4638 -17.33 -33.8941
35.6238 -18.911 -32.3251
37.9238 -16.35 -34.0531
35.9248 -13.376 -32.6071
35.8718 -14.572 -28.9091
39.1588 -12.819 -27.7721
38.2218 -9.38602 -29.2441
34.5368 -9.74102 -28.2041
35.8778 -10.289 -24.6331
38.3498 -7.34602 -25.0201
35.4228 -5.09502 -26.1031
33.1108 -6.24702 -23.2131
35.9158 -5.47902 -20.7021
36.5698 -2.02902 -22.3271
32.8208 -1.23202 -21.8511
32.9478 -2.24302 -18.1261
36.2728 -0.378024 -17.5361

34.6148 2.70098 -19.2191
32.1348 2.68598 -16.2451
28.9658 1.38898 -18.0361
26.2718 0.435976 -15.5081
24.0188 -1.91302 -17.6321

24.2378 -3.50802 -21.1131
23.0698 -6.58402 -23.0841
25.4398 -8.94602 -24.9591
23.8538 -11.013 -27.7631

25.4748 -14.168 -29.2341
24.0928 -17.469 -30.7111
26.9708 -20.013 -30.6561

27.1018 -21.697 -27.2031
30.9648 -21.495 -27.1451
30.7348 -17.638 -27.3871
28.1318 -17.453 -24.5431
30.2928 -19.888 -22.4571
33.5578 -17.906 -23.0111
31.8808 -14.527 -22.1651
30.3278 -15.956 -18.9261
33.6638 -17.589 -17.8961
35.6058 -14.286 -18.3161
32.9198 -12.273 -16.4081
33.1378 -14.864 -13.5431
36.9998 -14.64 -13.6581

36.7118 -10.785 -13.4021
34.0438 -11.217 -10.6011
31.4658 -9.25702 -12.7031
27.8618 -9.94402 -11.6341

25.8588 -10.935 -14.7451
22.7738 -12.903 -15.9111
22.6958 -15.62 -18.6271
19.6938 -16.721 -20.7711

19.9598 -19.443 -23.4691
18.1268 -22.539 -24.8831
18.7048 -24.456 -21.5741
17.2708 -21.707 -19.2581
13.7578 -22.712 -18.0691
10.5948 -20.616 -18.7251
10.2218 -19.508 -15.0371

13.9798 -18.866 -14.4501
13.9708 -16.641 -17.6171
11.4098 -14.309 -15.9531
13.2588 -14.364 -12.5691
16.6948 -13.576 -14.1771
14.9538 -10.807 -16.2001
13.6198 -9.31902 -12.9001
17.0968 -9.70202 -11.2471
18.7448 -7.68602 -14.1151
15.8968 -5.08602 -14.0651
15.8228 -4.52202 -10.2541

19.4558 -5.18502 -9.12008
22.0398 -2.40302 -9.80608
24.8428 -5.03102 -9.35608
24.0318 -7.03502 -12.5341
26.0008 -5.05402 -15.1551

25.8588 -7.57802 -18.0681
23.0988 -9.74902 -19.5471
24.5608 -12.611 -21.6771
21.7048 -13.521 -24.0501
21.1308 -16.049 -26.8381

19.8188 -14.153 -29.9391
17.3898 -17.063 -30.6481
16.3268 -17.912 -27.0511
15.8398 -14.318 -25.6841
14.1178 -12.789 -28.8171
10.6568 -13.263 -27.1291
8.65882 -12.307 -23.9781
11.4258 -10.541 -21.9831
11.8748 -6.76902 -21.2981
15.3278 -5.22602 -20.5891
14.4908 -1.49102 -20.1431
17.2008 -1.15902 -17.3901
19.9848 -1.22402 -20.0631
20.8688 1.58098 -22.5601

23.3158 -0.496024 -24.7021
23.0068 -3.66002 -26.8441
26.1738 -5.42702 -28.1291
25.7968 -8.06002 -30.8731

28.9568 -10.183 -30.4291
27.7478 -12.203 -33.4601
25.7368 -11.4 -36.6081
22.5438 -13.365 -37.4041
21.4578 -13.919 -41.0711
17.8118 -12.947 -40.3261

17.2718 -9.17002 -39.6781
13.7988 -9.71802 -38.1151
15.4998 -11.585 -35.1951
18.1188 -8.78902 -34.7801
15.2818 -6.16102 -34.6261
13.4018 -8.40102 -32.0911
16.5798 -8.40802 -29.9111
17.0538 -4.55702 -30.1431

13.3558 -4.08202 -29.1251
14.0298 -5.92902 -25.8411
15.6508 -2.64902 -24.5761
13.7188 -0.127024 -26.7211
10.3348 -0.620024 -24.8971
7.79482 1.55398 -23.0141
9.71882 2.49598 -19.8171
13.0268 3.26798 -21.6391
14.2558 6.86798 -20.9251
17.7778 6.79898 -22.5381
18.8808 6.76198 -26.2241

19.5028 3.08098 -27.0471
22.9928 2.25998 -28.3791
23.2548 -0.791024 -30.7141
26.8158 -2.04302 -31.4551
27.3198 -4.72702 -34.1671
30.7398 -6.42202 -33.6591
32.2728 -7.43802 -37.0621

35.6618 -8.93802 -38.0841
37.3628 -8.41902 -41.5131
38.4688 -11.784 -43.0371
35.4458 -13.759 -41.6191
31.7738 -14.759 -42.2451

30.7618 -11.175 -41.1661
32.0808 -9.83102 -44.5501
29.3008 -11.839 -46.3601
26.6018 -11.762 -43.6261
26.5658 -7.94802 -43.2061
25.7548 -7.10602 -46.9201
23.1698 -9.99302 -46.8701
21.4608 -8.55602 -43.7261
21.4738 -5.04302 -45.3431
19.7808 -6.12602 -48.6251
17.1798 -8.05102 -46.5101
16.3378 -4.91602 -44.3911
15.9778 -2.92402 -47.6631
13.5048 -5.56902 -49.0281
11.5828 -5.30302 -45.6961
11.5978 -1.43902 -45.8601
10.3708 -1.35502 -49.5301

7.49782 -3.67702 -48.4131
6.69782 -1.13502 -45.5681
7.77382 -3.73602 -42.9241
10.7938 -1.82902 -41.4481
11.9688 1.78598 -40.8761
15.4268 0.346976 -40.1411
17.9008 1.48298 -42.7861
21.3408 -0.189024 -42.3131
23.2258 1.61698 -45.2021

24.2318 4.70598 -43.1201
26.2798 2.51698 -40.6771
28.6268 1.19998 -43.4561
29.4778 4.59698 -45.0151

30.7428 5.55598 -41.4851
33.2278 2.58298 -41.0621

End chain 1
