15.1233 -11.0863 8.20954
9.99989 -11.6596 10.1258
8.09459 -8.20535 13.9582
11.3127 -4.17772 15.8745
16.4361 -3.60437 13.9582
18.3414 -7.05865 10.1258
3.02567 6.89424 -11.978
5.60954 11.25 -9.83306
8.74961 7.43517 -5.86887
-15.3681 4.40839 3.92415
-10.5099 2.60267 -6.61692
-13.0443 6.8479 -4.20763
-11.2154 8.76789 0.610961
-19.2609 1.59652 -0.591672
-17.7474 -2.39041 -4.06499
-12.4136 -3.30092 -5.05032
-16.5715 -7.59606 -1.07405
-15.7455 0.0173052 4.59202
-18.1111 -4.80475 3.40797
-12.2487 -2.70286 8.95636
-11.2197 -7.70259 6.9085
-12.691 -8.91773 1.75014
-10.7701 4.62969 5.59275
-10.36 8.83871 3.55246
-6.53187 7.09372 7.09516
-7.51465 10.2335 0.832344
-3.64714 10.6223 4.72353
-2.7231 15.2198 0.288323
-1.47661 11.9218 4.50966
3.94902 14.6513 -3.80936
7.9574 8.91411 -8.10909
10.4003 12.9669 -5.30599
7.37986 16.4258 -2.2789
1.9166 15.8319 -2.05491
5.48388 -7.15948 11.1285
10.2845 -8.4597 3.0036
-5.3256 -12.7903 -2.47156
-2.37738 -16.9826 -4.46727
1.30278 -16.1023 -8.45869
1.8434 -15.9729 -0.352957
5.52355 -15.0926 -4.34438
-5.602 -9.15794 -1.82887
1.16402 -2.43003 12.091
2.14561 8.35557 6.89165
-1.97345 9.36323 8.32324
2.13242 3.80469 14.8803
-0.919028 8.19592 13.5935
1.33286 0.729376 15.5811
-4.01721 1.4577 16.6282
-7.09707 4.49032 13.2271
-8.20322 -0.588872 12.7295
-9.14887 3.16522 8.82274
-3.06134 -2.24209 13.7677
-4.9839 -6.88583 10.007
-8.5686 -2.73881 9.55737
-7.68934 -3.35986 -4.44412
-8.49726 -5.25232 -7.17515
-9.38885 -0.228079 -9.22747
5.11841 2.38179 -10.906
5.30682 -2.79426 -9.05582
10.4677 1.36897 -9.81051
8.69863 -3.37795 -7.66876
9.57621 -5.3331 -5.54082
