11.031 -3.667 7.381
10.588 -3.022 3.615

8.844 0.298 2.72
6.937 1.67 -0.29
6.436 5.058 -1.948
2.701 5.552 -2.737
2.824 6.569 -6.454

-0.855 7.734 -6.554
-3.854 8.708 -4.364

-6.036 5.677 -3.649
-9.245 5.553 -1.608
-10.762 2.338 -0.138

-13.927 0.686 -1.577
-14.206 -2.774 0.11
-13.72 -3.918 3.798
-10.216 -5.482 3.167
-8.657 -2.11 1.928
-7.104 1.18 3.377
-6.898 4.819 2.101
-3.482 6.502 1.084
-2.207 9.803 -0.513
0.444 10.455 -3.213
4.087 10.587 -1.759
3.237 8.801 1.564

5.915 6.343 2.784
4.401 3.099 4.116
5.52 -0.237 5.731
5.149 -3.19 3.437

3.621 -6.089 5.659
2.983 -8.666 2.827

4.128 -8.784 -0.89
3.124 -12.514 -1.759
0.474 -11.403 -4.397

1.122 -9.87 -7.752

-2.121 -7.726 -7.901
-2.45 -6.413 -4.282
-0.044 -5.658 -1.347

-0.505 -5.518 2.613

0.658 -2.176 4.012
0.736 0.005 7.178
-0.617 3.619 6.464
1.078 4.972 9.61
-1.747 3.762 12.18
-4.007 1.512 9.861
-3.24 -1.896 8.487
-4.678 -3.494 5.213
-4.389 -3.66 1.378
-3.587 -1.232 -1.462
-2.921 -2.05 -5.225
0.682 -3.272 -5.879

0.967 -1.412 -9.255
0.145 1.879 -7.298
3.199 1.478 -5.064

7.018 1.401 -5.527
9.187 -0.515 -2.917
12.188 1.353 -1.363
15.121 -1.054 -1.047

End chain 1
