0.0354855 0.042799 0.000283114 0.043067
0.0357076 0.0426992 0.000280801 0.0429633
0.0359297 0.0427084 0.000280199 0.0428593
0.0361518 0.0427465 0.000283843 0.042755
0.0363739 0.0423504 0.000277017 0.0426505
0.0365961 0.0420961 0.000274983 0.0425458
0.0368182 0.0423449 0.000279335 0.0424409
0.0370403 0.0422293 0.000273381 0.0423357
0.0372624 0.0419498 0.000275641 0.0422302
0.0374845 0.041968 0.000278557 0.0421246
0.0377067 0.0419709 0.000269681 0.0420187
0.0379288 0.0417774 0.000270246 0.0419126
0.0381509 0.0414983 0.000268109 0.0418063
0.038373 0.0414496 0.000267944 0.0416997
0.0385952 0.0412526 0.000275152 0.0415929
0.0388173 0.0409155 0.000268939 0.0414859
0.0390394 0.0412661 0.000266466 0.0413787
0.0392615 0.0406664 0.000268244 0.0412713
0.0394836 0.0409875 0.000260703 0.0411637
0.0397058 0.0407186 0.000271145 0.0410559
0.0399279 0.0408553 0.000261467 0.0409479
0.04015 0.0405719 0.000261733 0.0408397
0.0403721 0.0402769 0.000262247 0.0407312
0.0405942 0.0401836 0.00025583 0.0406226
0.0408164 0.0401962 0.000261671 0.0405138
0.0410385 0.0401921 0.000256108 0.0404048
0.0412606 0.0403658 0.000254027 0.0402957
0.0414827 0.0393591 0.00025975 0.0401863
0.0417048 0.0397902 0.000257164 0.0400768
0.041927 0.039745 0.000250252 0.0399671
0.0421491 0.0398838 0.000253883 0.0398572
0.0423712 0.039492 0.000250781 0.0397471
0.0425933 0.0392508 0.000250316 0.0396369
0.0428155 0.0395634 0.000251196 0.0395265
0.0430376 0.0390137 0.000250499 0.039416
0.0432597 0.039167 0.000248111 0.0393053
0.0434818 0.0387864 0.000247067 0.0391945
0.0437039 0.0389724 0.000244068 0.0390834
0.0439261 0.0390577 0.000251073 0.0389723
0.0441482 0.0387297 0.000245466 0.038861
0.0443703 0.0386863 0.00025153 0.0387496
0.0445924 0.0384113 0.000243258 0.038638
0.0448145 0.0387497 0.000240404 0.0385263
0.0450367 0.0379661 0.000240202 0.0384144
0.0452588 0.0389668 0.000241958 0.0383025
0.0454809 0.0383175 0.000242878 0.0381904
0.045703 0.0378529 0.00024231 0.0380782
0.0459252 0.0375031 0.000238998 0.0379658
0.0461473 0.0376345 0.000237832 0.0378534
0.0463694 0.038009 0.0002365 0.0377408
0.0465915 0.0374477 0.000234786 0.0376282
0.0468136 0.0379442 0.000236981 0.0375154
0.0470358 0.0374927 0.000235925 0.0374025
0.0472579 0.0374361 0.000233549 0.0372895
0.04748 0.0372006 0.000233011 0.0371765
0.0477021 0.0371683 0.000232226 0.0370633
0.0479242 0.0365744 0.000231684 0.0369501
0.0481464 0.036215 0.0002339 0.0368367
0.0483685 0.0366142 0.000232706 0.0367233
0.0485906 0.0364616 0.000235014 0.0366098
0.0488127 0.0367482 0.000227458 0.0364963
0.0490348 0.0360688 0.000228028 0.0363826
0.049257 0.0363565 0.000230979 0.0362689
0.0494791 0.0359525 0.000226456 0.0361551
0.0497012 0.0356519 0.000225821 0.0360413
0.0499233 0.0356758 0.000228139 0.0359274
0.0501455 0.0359767 0.000226369 0.0358135
0.0503676 0.0355839 0.000226949 0.0356995
0.0505897 0.0358143 0.000223785 0.0355855
0.0508118 0.0354722 0.000219618 0.0354714
0.0510339 0.0350364 0.000223317 0.0353572
0.0512561 0.0354619 0.000222574 0.0352431
0.0514782 0.035139 0.000220744 0.0351289
0.0517003 0.0352789 0.000218723 0.0350147
0.0519224 0.0346705 0.000217373 0.0349004
0.0521445 0.0347116 0.000217079 0.0347861
0.0523667 0.034773 0.00021883 0.0346718
0.0525888 0.0342866 0.000219773 0.0345575
0.0528109 0.0343519 0.00021734 0.0344432
0.053033 0.0342917 0.000215915 0.0343289
0.0532552 0.0347583 0.000217118 0.0342145
0.0534773 0.0341796 0.000217898 0.0341002
0.0536994 0.0341245 0.000217034 0.0339858
0.0539215 0.0341179 0.000218554 0.0338715
0.0541436 0.0339799 0.000221669 0.0337571
0.0543658 0.0338402 0.000218684 0.0336428
0.0545879 0.0334555 0.000221209 0.0335285
0.05481 0.0336097 0.000225976 0.0334142
0.0550321 0.0331388 0.000225414 0.0332999
0.0552542 0.0328698 0.000228469 0.0331857
0.0554764 0.0330986 0.000230447 0.0330715
0.0556985 0.0332061 0.000228648 0.0329573
0.0559206 0.0327383 0.000228156 0.0328431
0.0561427 0.0327776 0.000229896 0.032729
0.0563648 0.0327097 0.000230383 0.0326149
0.056587 0.0322267 0.00023065 0.0325009
0.0568091 0.032533 0.000232824 0.0323869
0.0570312 0.0321932 0.000230623 0.0322729
0.0572533 0.0321451 0.000231065 0.032159
0.0574755 0.0321202 0.000230416 0.0320452
0.0576976 0.0314732 0.00023193 0.0319314
0.0579197 0.0316499 0.00022765 0.0318177
0.0581418 0.0316614 0.00022825 0.0317041
0.0583639 0.0316497 0.000227827 0.0315905
0.0585861 0.0315382 0.000223303 0.031477
0.0588082 0.0316053 0.000224448 0.0313636
0.0590303 0.0309523 0.000220147 0.0312502
0.0592524 0.0314448 0.000221942 0.031137
0.0594745 0.0309318 0.000221036 0.0310238
0.0596967 0.0310294 0.000220119 0.0309107
0.0599188 0.0307925 0.000219386 0.0307977
0.0601409 0.0306098 0.000219301 0.0306848
0.060363 0.0306651 0.000217435 0.030572
0.0605852 0.0306687 0.00022332 0.0304592
0.0608073 0.0301933 0.000216366 0.0303466
0.0610294 0.03022 0.000218024 0.0302341
0.0612515 0.0300677 0.000215653 0.0301217
0.0614736 0.0300542 0.000215634 0.0300095
0.0616958 0.0299786 0.00021907 0.0298973
0.0619179 0.0298495 0.000214888 0.0297853
0.06214 0.0299537 0.000217756 0.0296733
0.0623621 0.0297544 0.000215258 0.0295615
0.0625842 0.0298091 0.000223006 0.0294499
0.0628064 0.0291615 0.000216833 0.0293383
0.0630285 0.0291991 0.000217304 0.0292269
0.0632506 0.0287673 0.000216706 0.0291156
0.0634727 0.0288611 0.000221668 0.0290045
0.0636948 0.028693 0.000220214 0.0288935
0.063917 0.0288916 0.000221412 0.0287827
0.0641391 0.0284575 0.000218898 0.028672
0.0643612 0.0288456 0.000228187 0.0285614
0.0645833 0.0286033 0.00021726 0.028451
0.0648055 0.0287217 0.000219556 0.0283408
0.0650276 0.0283285 0.000216273 0.0282307
0.0652497 0.0282285 0.000214623 0.0281208
0.0654718 0.027904 0.000214599 0.028011
0.0656939 0.0280059 0.000215951 0.0279014
0.0659161 0.0276459 0.000213282 0.027792
0.0661382 0.0275297 0.000210335 0.0276827
0.0663603 0.0273517 0.000213506 0.0275737
0.0665824 0.0274873 0.00021239 0.0274648
0.0668045 0.0273367 0.000211083 0.027356
0.0670267 0.0272455 0.000214266 0.0272475
0.0672488 0.0275593 0.000215208 0.0271392
0.0674709 0.0269094 0.000214331 0.027031
0.067693 0.0271682 0.000218218 0.026923
0.0679152 0.0273029 0.000217279 0.0268152
0.0681373 0.0268503 0.00021456 0.0267076
0.0683594 0.0264097 0.000216228 0.0266002
0.0685815 0.0265838 0.000214366 0.0264931
0.0688036 0.0266968 0.000212426 0.0263861
0.0690258 0.0266261 0.000212541 0.0262793
0.0692479 0.0263116 0.000211334 0.0261727
0.06947 0.0261846 0.000211593 0.0260663
0.0696921 0.0259387 0.000207737 0.0259602
0.0699142 0.0257289 0.00020654 0.0258542
0.0701364 0.0258546 0.000207706 0.0257485
0.0703585 0.0259572 0.000207491 0.025643
0.0705806 0.0261002 0.000207811 0.0255377
0.0708027 0.0258145 0.0002087 0.0254326
0.0710248 0.0254274 0.000203058 0.0253278
0.071247 0.0254255 0.000204977 0.0252232
0.0714691 0.0256892 0.000204409 0.0251188
0.0716912 0.0250541 0.000201531 0.0250146
0.0719133 0.0245446 0.000203614 0.0249107
0.0721355 0.0245645 0.000201972 0.024807
0.0723576 0.0249639 0.000201948 0.0247036
0.0725797 0.0247619 0.000200838 0.0246004
0.0728018 0.0244763 0.000200997 0.0244974
0.0730239 0.0241909 0.000200823 0.0243947
0.0732461 0.0242718 0.000200508 0.0242922
0.0734682 0.0244881 0.000201051 0.02419
0.0736903 0.0241719 0.000199988 0.024088
0.0739124 0.023761 0.000196899 0.0239863
0.0741345 0.0239565 0.000198822 0.0238849
0.0743567 0.0239404 0.000197867 0.0237836
0.0745788 0.0234051 0.000196555 0.0236827
0.0748009 0.023613 0.000197733 0.023582
0.075023 0.023431 0.000197456 0.0234816
0.0752452 0.0234817 0.000197229 0.0233814
0.0754673 0.02293 0.000193902 0.0232815
0.0756894 0.0231119 0.000194685 0.0231818
0.0759115 0.0234111 0.000194392 0.0230825
0.0761336 0.0230642 0.000197974 0.0229834
0.0763558 0.0232983 0.000197344 0.0228845
0.0765779 0.0228722 0.000192747 0.022786
0.0768 0.0227362 0.00019202 0.0226877
0.0770221 0.0225112 0.00019128 0.0225897
0.0772442 0.0229007 0.000192107 0.0224919
0.0774664 0.0226872 0.000191788 0.0223945
0.0776885 0.0223223 0.000191079 0.0222973
0.0779106 0.0221608 0.000190423 0.0222004
0.0781327 0.0221538 0.000193563 0.0221038
0.0783548 0.0218344 0.000188485 0.0220075
0.078577 0.0218988 0.000188835 0.0219115
0.0787991 0.0218708 0.000189663 0.0218158
0.0790212 0.0218851 0.00018938 0.0217203
0.0792433 0.0216192 0.000187308 0.0216252
0.0794655 0.0215678 0.000188727 0.0215303
0.0796876 0.0211906 0.000186504 0.0214357
0.0799097 0.0213922 0.000185971 0.0213414
0.0801318 0.0213246 0.000186558 0.0212475
0.0803539 0.0209633 0.000185926 0.0211538
0.0805761 0.0212584 0.000185166 0.0210604
0.0807982 0.0211382 0.000184487 0.0209673
0.0810203 0.0208626 0.000183543 0.0208745
0.0812424 0.0206457 0.000183626 0.0207821
0.0814645 0.020833 0.000184414 0.0206899
0.0816867 0.020653 0.000183519 0.020598
0.0819088 0.020634 0.000183941 0.0205065
0.0821309 0.020705 0.000182532 0.0204152
0.082353 0.0205683 0.000180758 0.0203243
0.0825752 0.0204559 0.000180787 0.0202336
0.0827973 0.0201536 0.000180115 0.0201433
0.0830194 0.0198399 0.00018034 0.0200533
0.0832415 0.0203487 0.000181025 0.0199636
0.0834636 0.0198772 0.000179733 0.0198742
0.0836858 0.0200613 0.000179215 0.0197851
0.0839079 0.019833 0.00018038 0.0196964
0.08413 0.0193888 0.000183496 0.0196079
0.0843521 0.0191999 0.000178701 0.0195198
0.0845742 0.0192762 0.000176116 0.019432
0.0847964 0.0192889 0.000176826 0.0193445
0.0850185 0.0192948 0.000181005 0.0192573
0.0852406 0.0192789 0.000175006 0.0191705
0.0854627 0.0192357 0.000175156 0.0190839
0.0856848 0.0190601 0.000174817 0.0189977
0.085907 0.0188699 0.000175549 0.0189118
0.0861291 0.0189753 0.000174806 0.0188263
0.0863512 0.0190166 0.000173231 0.018741
0.0865733 0.0184225 0.000172371 0.0186561
0.0867955 0.0185536 0.000173328 0.0185715
0.0870176 0.0184172 0.000174345 0.0184873
0.0872397 0.0183497 0.000172233 0.0184033
0.0874618 0.0182528 0.000172413 0.0183197
0.0876839 0.018186 0.000170867 0.0182364
0.0879061 0.0180979 0.000170049 0.0181535
0.0881282 0.018089 0.000169947 0.0180709
0.0883503 0.018192 0.000170822 0.0179886
0.0885724 0.017981 0.00017145 0.0179066
0.0887945 0.01782 0.000171296 0.0178249
0.0890167 0.0173482 0.000169283 0.0177436
0.0892388 0.0177109 0.000170741 0.0176627
0.0894609 0.0173948 0.000168721 0.017582
0.089683 0.0176124 0.000172294 0.0175017
0.0899052 0.0174391 0.000168793 0.0174217
0.0901273 0.0170983 0.000168556 0.017342
0.0903494 0.017102 0.000168075 0.0172627
0.0905715 0.0170044 0.000168178 0.0171837
0.0907936 0.0171229 0.000167676 0.0171051
0.0910158 0.0173869 0.000170184 0.0170267
0.0912379 0.0166996 0.00016625 0.0169487
0.09146 0.0167033 0.000166507 0.0168711
0.0916821 0.0166288 0.000166245 0.0167938
0.0919042 0.0167718 0.000165753 0.0167168
0.0921264 0.0163406 0.000165829 0.0166401
0.0923485 0.0166229 0.0001646 0.0165638
0.0925706 0.0163559 0.000167551 0.0164878
0.0927927 0.0163318 0.000165283 0.0164121
0.0930148 0.016287 0.00016405 0.0163368
0.093237 0.0162565 0.000167729 0.0162618
0.0934591 0.0161338 0.000162975 0.0161871
0.0936812 0.016166 0.000163953 0.0161128
0.0939033 0.0160816 0.000164774 0.0160388
0.0941255 0.0154689 0.000164415 0.0159652
0.0943476 0.015752 0.000163295 0.0158918
0.0945697 0.015823 0.000170083 0.0158188
0.0947918 0.0156312 0.000161686 0.0157462
0.0950139 0.0155547 0.00016157 0.0156738
0.0952361 0.0155773 0.000161056 0.0156019
0.0954582 0.0155253 0.000161255 0.0155302
0.0956803 0.0154702 0.000163796 0.0154589
0.0959024 0.0157472 0.00016097 0.0153879
0.0961245 0.0154454 0.000160727 0.0153172
0.0963467 0.0153221 0.000160051 0.0152469
0.0965688 0.0155488 0.000159988 0.0151769
0.0967909 0.015221 0.00015993 0.0151072
0.097013 0.0147511 0.000158803 0.0150379
0.0972352 0.0147018 0.000158704 0.0149689
0.0974573 0.0151104 0.000159478 0.0149002
0.0976794 0.0145705 0.000160456 0.0148318
0.0979015 0.0148707 0.000159409 0.0147638
0.0981236 0.0145802 0.000157449 0.0146961
0.0983458 0.0144895 0.000157474 0.0146288
0.0985679 0.014701 0.000158797 0.0145617
0.09879 0.0142277 0.000155895 0.014495
0.0990121 0.0142926 0.000156469 0.0144287
0.0992342 0.0143563 0.000156739 0.0143626
0.0994564 0.0143312 0.000155757 0.0142969
0.0996785 0.0142794 0.0001562 0.0142315
0.0999006 0.0142112 0.000157068 0.0141664
0.100123 0.0140009 0.000154671 0.0141017
0.100345 0.0139628 0.000156194 0.0140373
0.100567 0.0139894 0.00015409 0.0139732
0.100789 0.0138502 0.000154571 0.0139094
0.101011 0.0138464 0.000154459 0.013846
0.101233 0.0138604 0.000155026 0.0137828
0.101455 0.0136477 0.000154032 0.01372
0.101678 0.0135823 0.000152975 0.0136575
0.1019 0.0134383 0.000153336 0.0135954
0.102122 0.0134679 0.000155107 0.0135335
0.102344 0.0133627 0.0001519 0.013472
0.102566 0.0133064 0.00015261 0.0134108
0.102788 0.0133113 0.000153321 0.0133499
0.10301 0.0132445 0.000151301 0.0132893
0.103232 0.0131917 0.000152151 0.0132291
0.103455 0.0130874 0.000152322 0.0131691
0.103677 0.012868 0.000151203 0.0131095
0.103899 0.0128624 0.00015186 0.0130502
0.104121 0.0129999 0.000150703 0.0129912
0.104343 0.0129738 0.000151648 0.0129325
0.104565 0.0124746 0.000149579 0.0128741
0.104787 0.0127755 0.000149529 0.0128161
0.105009 0.0127192 0.000152853 0.0127583
0.105232 0.012615 0.000151597 0.0127009
0.105454 0.0126999 0.000151758 0.0126437
0.105676 0.0126347 0.00015054 0.0125869
0.105898 0.0125908 0.000150671 0.0125304
0.10612 0.0124962 0.000148095 0.0124741
0.106342 0.0124522 0.000149211 0.0124182
0.106564 0.0121993 0.000147604 0.0123626
0.106786 0.0122987 0.000149053 0.0123073
0.107008 0.0120831 0.000148204 0.0122523
0.107231 0.0120301 0.000147197 0.0121976
0.107453 0.0119958 0.000148007 0.0121432
0.107675 0.0123119 0.000148953 0.0120891
0.107897 0.0118246 0.000148851 0.0120353
0.108119 0.0120434 0.000147597 0.0119817
0.108341 0.0119164 0.000145917 0.0119285
0.108563 0.0119795 0.000146618 0.0118756
0.108785 0.0118844 0.000145583 0.011823
0.109008 0.0116492 0.000145867 0.0117706
0.10923 0.0115194 0.000145142 0.0117186
0.109452 0.0117338 0.000146543 0.0116668
0.109674 0.0115317 0.000147381 0.0116153
0.109896 0.0115285 0.000149557 0.0115642
0.110118 0.0115559 0.000149605 0.0115133
0.11034 0.0114079 0.000150477 0.0114627
0.110562 0.0115089 0.000150272 0.0114123
0.110785 0.011429 0.000152272 0.0113623
0.111007 0.0113631 0.000150824 0.0113125
0.111229 0.0112759 0.000150996 0.0112631
0.111451 0.0111275 0.000151518 0.0112139
0.111673 0.0114947 0.000151776 0.011165
0.111895 0.0111039 0.000151038 0.0111163
0.112117 0.0107563 0.000151087 0.011068
0.112339 0.0110013 0.000152629 0.0110199
0.112562 0.0109983 0.000154124 0.0109721
0.112784 0.0109385 0.000152683 0.0109245
0.113006 0.0108483 0.000151634 0.0108773
0.113228 0.010781 0.000152247 0.0108303
0.11345 0.010644 0.000152042 0.0107835
0.113672 0.0103943 0.000152044 0.0107371
0.113894 0.0105142 0.000151884 0.0106909
0.114116 0.0106018 0.00014991 0.010645
0.114338 0.0108134 0.000149254 0.0105993
0.114561 0.0108359 0.000149124 0.0105539
0.114783 0.0104933 0.000149195 0.0105088
0.115005 0.0104514 0.000147291 0.0104639
0.115227 0.0104423 0.000149766 0.0104193
0.115449 0.010205 0.00014509 0.0103749
0.115671 0.0102825 0.000144785 0.0103308
0.115893 0.0103413 0.000150532 0.010287
0.116115 0.0102935 0.00014437 0.0102434
0.116338 0.0100812 0.000144473 0.0102001
0.11656 0.0100217 0.000144354 0.010157
0.116782 0.010315 0.000144495 0.0101142
0.117004 0.0101236 0.000143351 0.0100716
0.117226 0.00997381 0.000145251 0.0100293
0.117448 0.00979179 0.000142972 0.00998718
0.11767 0.0100021 0.000146495 0.00994534
0.117892 0.00985702 0.000142975 0.00990374
0.118115 0.00980066 0.000141402 0.00986239
0.118337 0.00967847 0.000140913 0.00982127
0.118559 0.00987334 0.000142023 0.0097804
0.118781 0.00977567 0.000143733 0.00973977
0.119003 0.00967206 0.000140034 0.00969937
0.119225 0.00973129 0.000140983 0.00965921
0.119447 0.00946909 0.000140895 0.00961929
0.119669 0.00961954 0.000139241 0.0095796
0.119892 0.0096729 0.000140285 0.00954014
0.120114 0.00945754 0.00013916 0.00950091
0.120336 0.00943022 0.000139446 0.00946191
0.120558 0.00944946 0.000140472 0.00942314
0.12078 0.0094659 0.00013903 0.00938459
0.121002 0.00904261 0.000138275 0.00934627
0.121224 0.00931199 0.000138065 0.00930818
0.121446 0.0092662 0.000139595 0.0092703
0.121668 0.00935268 0.000139136 0.00923265
0.121891 0.00915003 0.000137422 0.00919522
0.122113 0.00914113 0.000138173 0.009158
0.122335 0.00909957 0.000137033 0.00912101
0.122557 0.0091321 0.000136828 0.00908422
0.122779 0.00924026 0.000136983 0.00904766
0.123001 0.00881793 0.000137144 0.0090113
0.123223 0.00910425 0.000136738 0.00897516
0.123445 0.00892746 0.000137294 0.00893922
0.123668 0.00889479 0.000135912 0.0089035
0.12389 0.00886637 0.000135868 0.00886798
0.124112 0.00914153 0.000136039 0.00883267
0.124334 0.00882407 0.000135301 0.00879756
0.124556 0.00888418 0.000136939 0.00876266
0.124778 0.00874247 0.00013648 0.00872796
0.125 0.00875009 0.000135718 0.00869346
0.125222 0.0087246 0.000134775 0.00865915
0.125445 0.00889732 0.000135163 0.00862505
0.125667 0.00850463 0.000134242 0.00859114
0.125889 0.0084631 0.000135677 0.00855743
0.126111 0.00849494 0.000133939 0.0085239
0.126333 0.00812443 0.000134358 0.00849058
0.126555 0.00841967 0.000133418 0.00845744
0.126777 0.00837982 0.000132967 0.00842449
0.126999 0.0082317 0.00013324 0.00839173
0.127222 0.00832711 0.000133387 0.00835916
0.127444 0.00817791 0.000132955 0.00832677
0.127666 0.00846837 0.000134909 0.00829456
0.127888 0.00833215 0.000132461 0.00826254
0.12811 0.00844064 0.00013264 0.0082307
0.128332 0.00843135 0.000132775 0.00819904
0.128554 0.00809797 0.000131765 0.00816756
0.128776 0.00806648 0.000133192 0.00813625
0.128998 0.00809592 0.000131777 0.00810512
0.129221 0.00795229 0.00013158 0.00807416
0.129443 0.00807501 0.000131205 0.00804338
0.129665 0.00787973 0.00013172 0.00801277
0.129887 0.00801012 0.000131174 0.00798233
0.130109 0.00781705 0.000131379 0.00795206
0.130331 0.00790196 0.000131307 0.00792195
0.130553 0.00784926 0.00013193 0.00789201
0.130775 0.00775212 0.000133602 0.00786224
0.130998 0.00788236 0.000131014 0.00783263
0.13122 0.00807717 0.000131618 0.00780318
0.131442 0.00763963 0.000130568 0.00777389
0.131664 0.00765084 0.000130501 0.00774477
0.131886 0.00774146 0.000130681 0.0077158
0.132108 0.00734361 0.000129387 0.00768699
0.13233 0.0077274 0.000130281 0.00765833
0.132552 0.00759712 0.000129626 0.00762983
0.132775 0.00772019 0.000129806 0.00760148
0.132997 0.00771944 0.00013008 0.00757328
0.133219 0.00771002 0.000131094 0.00754523
0.133441 0.00743007 0.000128972 0.00751734
0.133663 0.00761988 0.000129111 0.00748959
0.133885 0.00736201 0.000129427 0.00746198
0.134107 0.00728907 0.000129871 0.00743452
0.134329 0.00728748 0.000128544 0.00740721
0.134552 0.00765372 0.000130373 0.00738004
0.134774 0.00722432 0.000129244 0.00735301
0.134996 0.00742401 0.00012798 0.00732612
0.135218 0.00735888 0.000128688 0.00729937
0.13544 0.00725914 0.000127529 0.00727275
0.135662 0.00721928 0.00012954 0.00724628
0.135884 0.00712721 0.000129375 0.00721994
0.136106 0.00709604 0.000131311 0.00719373
0.136328 0.00687298 0.000126222 0.00716765
0.136551 0.00720977 0.000128071 0.00714171
0.136773 0.00718231 0.000127846 0.0071159
0.136995 0.00706407 0.000128465 0.00709021
0.137217 0.00700118 0.000126845 0.00706466
0.137439 0.00688937 0.000127903 0.00703923
0.137661 0.00695215 0.000130311 0.00701392
0.137883 0.00669825 0.000126209 0.00698874
0.138105 0.00689254 0.000127013 0.00696369
0.138328 0.00703228 0.0001262 0.00693875
0.13855 0.00697646 0.000126592 0.00691394
0.138772 0.00692283 0.000127944 0.00688924
0.138994 0.00664898 0.000126884 0.00686467
0.139216 0.00700412 0.000126694 0.00684021
0.139438 0.00680723 0.000127839 0.00681587
0.13966 0.00671869 0.000125792 0.00679164
0.139882 0.00684149 0.000126738 0.00676753
0.140105 0.00668605 0.000125858 0.00674352
0.140327 0.00682516 0.000126196 0.00671964
0.140549 0.00681689 0.000126535 0.00669586
0.140771 0.00673428 0.000125219 0.00667219
0.140993 0.00659364 0.000126269 0.00664863
0.141215 0.00678671 0.000126727 0.00662517
0.141437 0.00663222 0.00012597 0.00660182
0.141659 0.00667725 0.000126067 0.00657858
0.141882 0.00667744 0.000125194 0.00655544
0.142104 0.00654206 0.000124007 0.00653241
0.142326 0.00660348 0.000126314 0.00650947
0.142548 0.0065206 0.000125478 0.00648664
0.14277 0.00662785 0.000125144 0.0064639
0.142992 0.00637774 0.000127157 0.00644127
0.143214 0.00626723 0.000125253 0.00641873
0.143436 0.00641908 0.000124333 0.00639629
0.143658 0.00653664 0.000125837 0.00637394
0.143881 0.00645448 0.000123862 0.00635169
0.144103 0.00641246 0.000124968 0.00632954
0.144325 0.0064356 0.000124932 0.00630747
0.144547 0.00635202 0.000124267 0.0062855
0.144769 0.00627594 0.000125273 0.00626361
0.144991 0.00641367 0.000124596 0.00624182
0.145213 0.00618326 0.000124569 0.00622012
0.145435 0.00626916 0.000125333 0.0061985
0.145658 0.00642156 0.000124074 0.00617697
0.14588 0.00597031 0.000123663 0.00615552
0.146102 0.00601882 0.00012409 0.00613416
0.146324 0.00634024 0.000123382 0.00611289
0.146546 0.00602328 0.000123079 0.0060917
0.146768 0.0060809 0.000124987 0.00607059
0.14699 0.00609455 0.000123513 0.00604956
0.147212 0.00601815 0.000124627 0.00602861
0.147435 0.00611158 0.000122854 0.00600774
0.147657 0.00588038 0.000122785 0.00598694
0.147879 0.00614281 0.00012261 0.00596623
0.148101 0.00601684 0.000123446 0.00594559
0.148323 0.00586533 0.000123344 0.00592503
0.148545 0.00586336 0.000123006 0.00590454
0.148767 0.00593404 0.000122829 0.00588413
0.148989 0.00600968 0.000122675 0.00586379
0.149212 0.00597506 0.000122355 0.00584353
0.149434 0.0058467 0.000124694 0.00582333
0.149656 0.00602164 0.000122783 0.00580321
0.149878 0.00586823 0.000123089 0.00578315
0.1501 0.00563659 0.000123581 0.00576317
0.150322 0.00561564 0.000121417 0.00574325
0.150544 0.00574981 0.000122877 0.0057234
0.150766 0.00578931 0.000121979 0.00570362
0.150988 0.00566302 0.000123178 0.0056839
0.151211 0.00572202 0.00012215 0.00566425
0.151433 0.00563025 0.000123286 0.00564467
0.151655 0.00571708 0.00012182 0.00562514
0.151877 0.00565143 0.000121465 0.00560569
0.152099 0.00565147 0.000122143 0.00558629
0.152321 0.00539433 0.000121622 0.00556695
0.152543 0.00557785 0.000122419 0.00554768
0.152765 0.00549975 0.000121541 0.00552847
0.152988 0.00571256 0.000121652 0.00550931
0.15321 0.00564913 0.000120435 0.00549022
0.153432 0.00539485 0.000121074 0.00547118
0.153654 0.00531462 0.000122746 0.0054522
0.153876 0.00533504 0.000121619 0.00543328
0.154098 0.00551999 0.000122112 0.00541441
0.15432 0.00534027 0.000121117 0.0053956
0.154542 0.00530243 0.000120569 0.00537684
0.154765 0.0055096 0.000120443 0.00535814
0.154987 0.00544874 0.000120897 0.00533949
0.155209 0.00546956 0.000120306 0.00532089
0.155431 0.0051975 0.000120892 0.00530235
0.155653 0.00538388 0.000120304 0.00528386
0.155875 0.00527159 0.000120741 0.00526542
0.156097 0.00514038 0.000120415 0.00524703
0.156319 0.00531996 0.000122894 0.00522869
0.156542 0.00522954 0.000119902 0.0052104
0.156764 0.00517334 0.000121032 0.00519216
0.156986 0.00502869 0.000122129 0.00517396
0.157208 0.00515938 0.000121842 0.00515582
0.15743 0.004942 0.000119888 0.00513772
0.157652 0.00504374 0.000119727 0.00511967
0.157874 0.00505098 0.000119882 0.00510166
0.158096 0.00532491 0.000119951 0.0050837
0.158318 0.00511544 0.000121994 0.00506579
0.158541 0.00483002 0.000120285 0.00504792
0.158763 0.00515121 0.000119435 0.00503009
0.158985 0.00497154 0.000119777 0.00501231
0.159207 0.00492811 0.00011976 0.00499457
0.159429 0.00495693 0.000119557 0.00497688
0.159651 0.00477346 0.000120785 0.00495922
0.159873 0.00494268 0.000119308 0.00494161
0.160095 0.00475244 0.000118553 0.00492404
0.160318 0.00499587 0.000119664 0.00490651
0.16054 0.0048976 0.000118675 0.00488902
0.160762 0.00494292 0.000120231 0.00487157
0.160984 0.00485745 0.000118611 0.00485416
0.161206 0.00494647 0.000120814 0.00483679
0.161428 0.0049481 0.000119226 0.00481946
0.16165 0.00456336 0.000118373 0.00480216
0.161872 0.00487152 0.000118267 0.00478491
0.162095 0.00481816 0.000118009 0.00476769
0.162317 0.00483366 0.000118815 0.00475051
0.162539 0.00468933 0.000118696 0.00473336
0.162761 0.00484253 0.000118175 0.00471626
0.162983 0.0047658 0.000121823 0.00469918
0.163205 0.00475811 0.0001182 0.00468215
0.163427 0.00470874 0.000118306 0.00466515
0.163649 0.00468451 0.000118418 0.00464818
0.163872 0.0045536 0.000117627 0.00463125
0.164094 0.00462717 0.000118774 0.00461436
0.164316 0.00463173 0.000117779 0.00459749
0.164538 0.00457125 0.000117042 0.00458067
0.16476 0.00449115 0.000118485 0.00456387
0.164982 0.0045426 0.000117969 0.00454711
0.165204 0.00457544 0.000117916 0.00453038
0.165426 0.00449136 0.000120522 0.00451369
0.165648 0.00454552 0.000119829 0.00449702
0.165871 0.00440997 0.00012073 0.00448039
0.166093 0.004404 0.000121016 0.00446379
0.166315 0.00455955 0.000121585 0.00444723
0.166537 0.00433751 0.000121811 0.00443069
0.166759 0.0044083 0.00012187 0.00441418
0.166981 0.00410166 0.000122817 0.00439771
0.167203 0.00448557 0.00012342 0.00438127
0.167425 0.00459626 0.000123164 0.00436485
0.167648 0.00429118 0.000123722 0.00434847
0.16787 0.00427476 0.000123745 0.00433212
0.168092 0.0041069 0.00012358 0.00431579
0.168314 0.00413847 0.00012575 0.0042995
0.168536 0.00428138 0.000127921 0.00428324
0.168758 0.00423331 0.000124649 0.004267
0.16898 0.00444498 0.000125769 0.0042508
0.169202 0.00424553 0.000124824 0.00423462
0.169425 0.0042111 0.000125898 0.00421847
0.169647 0.00424753 0.000125892 0.00420235
0.169869 0.00424472 0.000126515 0.00418626
0.170091 0.00414551 0.000124521 0.00417019
0.170313 0.00410757 0.000123148 0.00415416
0.170535 0.00412335 0.000124483 0.00413815
0.170757 0.00407084 0.000122167 0.00412217
0.170979 0.00393329 0.000121848 0.00410622
0.171202 0.00397784 0.000121475 0.00409029
0.171424 0.00402565 0.000120769 0.0040744
0.171646 0.00387852 0.000120891 0.00405853
0.171868 0.00396185 0.000121085 0.00404268
0.17209 0.00407519 0.000119705 0.00402687
0.172312 0.00403739 0.000121702 0.00401108
0.172534 0.00394514 0.000119558 0.00399532
0.172756 0.00408193 0.000119492 0.00397958
0.172978 0.00385841 0.000119167 0.00396388
0.173201 0.00403064 0.000118852 0.00394819
0.173423 0.00403374 0.000119524 0.00393254
0.173645 0.00373227 0.000119236 0.00391691
0.173867 0.00409366 0.000120924 0.00390131
0.174089 0.00366824 0.000119628 0.00388573
0.174311 0.00362312 0.000117833 0.00387018
0.174533 0.00380475 0.000118824 0.00385466
0.174755 0.00375002 0.000119798 0.00383916
0.174978 0.00388416 0.00011837 0.00382369
0.1752 0.00394351 0.000118828 0.00380825
0.175422 0.00381751 0.000117899 0.00379283
0.175644 0.00374144 0.000117918 0.00377744
0.175866 0.00354111 0.000117651 0.00376207
0.176088 0.0036815 0.000118611 0.00374673
0.17631 0.00374085 0.000117209 0.00373141
0.176532 0.00389987 0.000121289 0.00371613
0.176755 0.0035631 0.000117156 0.00370086
0.176977 0.00364553 0.000117003 0.00368563
0.177199 0.00340842 0.000117217 0.00367042
0.177421 0.00359527 0.000116214 0.00365523
0.177643 0.00372131 0.000118525 0.00364007
0.177865 0.00351393 0.000117285 0.00362494
0.178087 0.00359636 0.000116886 0.00360984
0.178309 0.003624 0.00011672 0.00359476
0.178532 0.0034219 0.000116359 0.0035797
0.178754 0.00345869 0.000115492 0.00356467
0.178976 0.00359385 0.000116649 0.00354967
0.179198 0.00348855 0.000115893 0.0035347
0.17942 0.00356848 0.000117192 0.00351975
0.179642 0.00348516 0.000115882 0.00350483
0.179864 0.00348214 0.000115067 0.00348993
0.180086 0.00349002 0.000115945 0.00347506
0.180308 0.00361622 0.000115525 0.00346022
0.180531 0.00359328 0.00011638 0.0034454
0.180753 0.00345407 0.000115948 0.00343061
0.180975 0.00316346 0.000115043 0.00341584
0.181197 0.00338121 0.000115852 0.00340111
0.181419 0.00329079 0.00011556 0.0033864
0.181641 0.00312816 0.000115113 0.00337171
0.181863 0.00331184 0.000115181 0.00335706
0.182085 0.00326658 0.000115836 0.00334243
0.182308 0.00335751 0.000116596 0.00332782
0.18253 0.00325651 0.000115472 0.00331325
0.182752 0.00332559 0.000116104 0.0032987
0.182974 0.00316883 0.000114995 0.00328418
0.183196 0.00284507 0.00011472 0.00326969
0.183418 0.00329014 0.000116476 0.00325522
0.18364 0.00324278 0.000116525 0.00324078
0.183862 0.00308096 0.000115012 0.00322637
0.184085 0.00311766 0.00011412 0.00321199
0.184307 0.00324685 0.000115147 0.00319763
0.184529 0.00308503 0.000114083 0.0031833
0.184751 0.00317578 0.000115196 0.00316901
0.184973 0.00307698 0.000115089 0.00315473
0.185195 0.00298152 0.000115215 0.00314049
0.185417 0.00297752 0.00011384 0.00312628
0.185639 0.00290382 0.000113834 0.00311209
0.185862 0.00323885 0.0001146 0.00309794
0.186084 0.00319128 0.000115268 0.00308381
0.186306 0.00315387 0.000115259 0.00306971
0.186528 0.00312825 0.000114234 0.00305564
0.18675 0.00294436 0.000113688 0.0030416
0.186972 0.00282748 0.000113643 0.00302759
0.187194 0.00306579 0.000114468 0.00301361
0.187416 0.00300965 0.000113372 0.00299965
0.187638 0.00294339 0.000115229 0.00298573
0.187861 0.00307446 0.000115923 0.00297184
0.188083 0.00303548 0.00011342 0.00295797
0.188305 0.00285883 0.00011375 0.00294414
0.188527 0.00302076 0.000113655 0.00293034
0.188749 0.00271462 0.000113508 0.00291657
0.188971 0.00290391 0.000113804 0.00290282
0.189193 0.00287169 0.000113801 0.00288911
0.189415 0.00278271 0.000112554 0.00287543
0.189638 0.00287992 0.000113464 0.00286178
0.18986 0.00273565 0.000112635 0.00284816
0.190082 0.00303458 0.000114945 0.00283458
0.190304 0.00278106 0.000112921 0.00282102
0.190526 0.0027805 0.000114363 0.0028075
0.190748 0.00268116 0.000113789 0.00279401
0.19097 0.00286786 0.000114571 0.00278054
0.191192 0.00283315 0.000113147 0.00276712
0.191415 0.00286708 0.000112826 0.00275372
0.191637 0.0029473 0.000113743 0.00274035
0.191859 0.00257698 0.000113366 0.00272702
0.192081 0.00267505 0.000112055 0.00271372
0.192303 0.00274077 0.000113446 0.00270046
0.192525 0.00265512 0.000115318 0.00268722
0.192747 0.00260546 0.000111394 0.00267402
0.192969 0.00247064 0.000112325 0.00266085
0.193192 0.00270919 0.000114655 0.00264772
0.193414 0.00264062 0.000113072 0.00263462
0.193636 0.00263347 0.000111995 0.00262155
0.193858 0.00255806 0.000111761 0.00260852
0.19408 0.00236029 0.000111718 0.00259552
0.194302 0.00246245 0.000113219 0.00258255
0.194524 0.0027324 0.000112586 0.00256962
0.194746 0.00265623 0.000113518 0.00255673
0.194968 0.00228257 0.000110515 0.00254387
0.195191 0.00239687 0.000111345 0.00253104
0.195413 0.00231556 0.000111804 0.00251825
0.195635 0.00253781 0.00011192 0.00250549
0.195857 0.0024085 0.000112622 0.00249277
0.196079 0.00226823 0.000112109 0.00248008
0.196301 0.00241019 0.000112103 0.00246743
0.196523 0.0024177 0.000111442 0.00245481
0.196745 0.0023852 0.000111813 0.00244223
0.196968 0.00239919 0.000111794 0.00242969
0.19719 0.00229957 0.00011191 0.00241718
0.197412 0.00235128 0.000111554 0.00240471
0.197634 0.00254551 0.000113365 0.00239228
0.197856 0.00215846 0.000112543 0.00237988
0.198078 0.00220006 0.000112463 0.00236752
0.1983 0.00249207 0.000113369 0.00235519
0.198522 0.00233228 0.000113434 0.0023429
0.198745 0.00256211 0.000115016 0.00233065
0.198967 0.00246529 0.000115071 0.00231844
0.199189 0.00234859 0.000113361 0.00230627
0.199411 0.00226806 0.000114202 0.00229413
0.199633 0.00231254 0.000115002 0.00228203
0.199855 0.00221061 0.00011536 0.00226997
0.200077 0.00229026 0.000120224 0.00225794
0.200299 0.00213766 0.000115066 0.00224596
0.200522 0.0020554 0.000114736 0.00223401
0.200744 0.00206484 0.000114931 0.0022221
0.200966 0.00203998 0.000115441 0.00221023
0.201188 0.00221044 0.000115264 0.0021984
0.20141 0.00233506 0.000114782 0.00218661
0.201632 0.00207327 0.000115849 0.00217486
0.201854 0.00227175 0.000116017 0.00216314
0.202076 0.00210795 0.000114974 0.00215147
0.202298 0.00204187 0.000116807 0.00213983
0.202521 0.00221116 0.000115457 0.00212824
0.202743 0.00210221 0.000115414 0.00211668
0.202965 0.00198967 0.000116283 0.00210517
0.203187 0.00208933 0.000116134 0.00209369
0.203409 0.00229723 0.000116289 0.00208226
0.203631 0.00216763 0.000116015 0.00207086
0.203853 0.00186595 0.000115124 0.00205951
0.204075 0.00208613 0.000116786 0.0020482
0.204298 0.00212001 0.000116061 0.00203692
0.20452 0.00191666 0.000117015 0.00202569
0.204742 0.00192687 0.000115976 0.0020145
0.204964 0.00205826 0.000116159 0.00200335
0.205186 0.00203691 0.000115762 0.00199224
0.205408 0.00193327 0.000118354 0.00198117
0.20563 0.00191136 0.000116038 0.00197015
0.205852 0.00200853 0.000116414 0.00195916
0.206075 0.00197518 0.000116685 0.00194822
0.206297 0.00210994 0.00011568 0.00193732
0.206519 0.00201393 0.000116677 0.00192646
0.206741 0.0020897 0.000116334 0.00191565
0.206963 0.00188648 0.000117286 0.00190487
0.207185 0.00165612 0.000116899 0.00189414
0.207407 0.00216198 0.000117992 0.00188345
0.207629 0.00188189 0.000116261 0.0018728
0.207852 0.0021281 0.000116892 0.0018622
0.208074 0.00186867 0.000116159 0.00185163
0.208296 0.00164663 0.000116416 0.00184111
0.208518 0.00185742 0.000116798 0.00183064
0.20874 0.0016202 0.000116823 0.0018202
0.208962 0.00175404 0.000117049 0.00180981
0.209184 0.00187673 0.000116795 0.00179947
0.209406 0.0019448 0.000117686 0.00178916
0.209628 0.00164973 0.000116933 0.0017789
0.209851 0.00170219 0.000117648 0.00176868
0.210073 0.00162706 0.000117591 0.00175851
0.210295 0.00165884 0.000117721 0.00174838
0.210517 0.00178439 0.00011688 0.00173829
0.210739 0.00163167 0.000119076 0.00172825
0.210961 0.00159224 0.000116281 0.00171825
0.211183 0.00167723 0.000117884 0.0017083
0.211405 0.00160004 0.000117819 0.00169839
0.211628 0.00172233 0.000117883 0.00168852
0.21185 0.00158457 0.00011731 0.0016787
0.212072 0.00181659 0.0001193 0.00166892
0.212294 0.00163605 0.000117425 0.00165918
0.212516 0.00155088 0.000118897 0.00164949
0.212738 0.00169095 0.000119801 0.00163985
0.21296 0.00167845 0.000118472 0.00163025
0.213182 0.00167104 0.000118993 0.00162069
0.213405 0.00143491 0.000116858 0.00161118
0.213627 0.00173914 0.000118613 0.00160171
0.213849 0.00150686 0.000117958 0.00159229
0.214071 0.00153555 0.000118584 0.00158291
0.214293 0.0016931 0.000118968 0.00157358
0.214515 0.00151566 0.00011898 0.00156429
0.214737 0.00150296 0.000117275 0.00155505
0.214959 0.00153148 0.000118289 0.00154585
0.215182 0.00144944 0.000118156 0.0015367
0.215404 0.00140181 0.00011855 0.00152759
0.215626 0.00150508 0.000117357 0.00151853
0.215848 0.00143043 0.000118727 0.00150951
0.21607 0.0013872 0.000117614 0.00150054
0.216292 0.00127766 0.00011719 0.00149161
0.216514 0.00156327 0.000119023 0.00148273
0.216736 0.001491 0.000117485 0.00147389
0.216958 0.00172497 0.000118707 0.0014651
0.217181 0.00170437 0.000119661 0.00145636
0.217403 0.00136795 0.000117461 0.00144765
0.217625 0.00164924 0.000118387 0.001439
0.217847 0.00132084 0.000118449 0.00143039
0.218069 0.00143216 0.000117954 0.00142182
0.218291 0.00117986 0.000118904 0.00141331
0.218513 0.00141749 0.000118342 0.00140483
0.218735 0.00153089 0.000119022 0.0013964
0.218958 0.00123248 0.0001178 0.00138802
0.21918 0.00126858 0.000118512 0.00137968
0.219402 0.00158449 0.000118943 0.00137139
0.219624 0.00151736 0.00011861 0.00136314
0.219846 0.001279 0.00011873 0.00135494
0.220068 0.00117772 0.00011936 0.00134679
0.22029 0.00128702 0.000118188 0.00133868
0.220512 0.00127925 0.000118904 0.00133061
0.220735 0.00147383 0.000119078 0.00132259
0.220957 0.00118227 0.000117815 0.00131462
0.221179 0.00138286 0.000119421 0.00130669
0.221401 0.00124923 0.000122157 0.00129881
0.221623 0.00124692 0.000122115 0.00129097
0.221845 0.00136216 0.000123074 0.00128318
0.222067 0.00128431 0.000123115 0.00127543
0.222289 0.00116259 0.000124779 0.00126773
0.222512 0.00126175 0.000125128 0.00126007
0.222734 0.00129804 0.000126251 0.00125246
0.222956 0.00115703 0.000126488 0.0012449
0.223178 0.00114517 0.000126448 0.00123738
0.2234 0.00140031 0.000127627 0.0012299
0.223622 0.00146159 0.000130135 0.00122247
0.223844 0.00112337 0.00012679 0.00121509
0.224066 0.00126857 0.000129249 0.00120775
0.224288 0.0012686 0.000128887 0.00120045
0.224511 0.00109783 0.000130187 0.0011932
0.224733 0.00115692 0.000130529 0.001186
0.224955 0.00135272 0.00013032 0.00117884
0.225177 0.00118842 0.000131681 0.00117172
0.225399 0.000909465 0.000131959 0.00116465
0.225621 0.0011245 0.000130942 0.00115763
0.225843 0.00120609 0.000133124 0.00115065
0.226065 0.000956241 0.000128635 0.00114371
0.226288 0.00127892 0.000129024 0.00113682
0.22651 0.000965553 0.000127338 0.00112997
0.226732 0.00107394 0.000126716 0.00112317
0.226954 0.00102758 0.000128929 0.00111641
0.227176 0.00121905 0.000126318 0.0011097
0.227398 0.000897201 0.000124985 0.00110303
0.22762 0.000929878 0.000124765 0.0010964
0.227842 0.00119796 0.000124894 0.00108982
0.228065 0.00122482 0.000124886 0.00108329
0.228287 0.00114445 0.000125924 0.00107679
0.228509 0.00120934 0.000125331 0.00107035
0.228731 0.001223 0.000127991 0.00106394
0.228953 0.000965257 0.00012366 0.00105758
0.229175 0.00109804 0.000124337 0.00105126
0.229397 0.00108136 0.000124735 0.00104499
0.229619 0.00118352 0.000126878 0.00103876
0.229842 0.00107298 0.000125368 0.00103258
0.230064 0.00121958 0.000123422 0.00102643
0.230286 0.00125666 0.000123468 0.00102033
0.230508 0.00108841 0.000123148 0.00101428
0.23073 0.000963467 0.000122791 0.00100826
0.230952 0.00120386 0.000123658 0.00100229
0.231174 0.000947235 0.000123557 0.000996367
0.231396 0.000933676 0.000122547 0.000990483
0.231618 0.000885199 0.000124293 0.000984642
0.231841 0.000948659 0.000121967 0.000978843
0.232063 0.00123035 0.000123082 0.000973087
0.232285 0.00095274 0.000122322 0.000967373
0.232507 0.00080955 0.000121831 0.000961702
0.232729 0.00100979 0.000123753 0.000956073
0.232951 0.000883919 0.000121685 0.000950486
0.233173 0.00113163 0.000121788 0.000944941
0.233395 0.00119111 0.000122441 0.000939438
0.233618 0.000838055 0.000122078 0.000933977
0.23384 0.000762228 0.000122117 0.000928557
0.234062 0.00109368 0.000124341 0.00092318
0.234284 0.00114173 0.000121782 0.000917843
0.234506 0.000941553 0.000122592 0.000912548
0.234728 0.000826842 0.000122037 0.000907295
0.23495 0.000800056 0.000122314 0.000902082
0.235172 0.000619668 0.000121728 0.000896911
0.235395 0.00103365 0.000126161 0.00089178
0.235617 0.000925668 0.000123754 0.00088669
0.235839 0.000982442 0.000122543 0.000881641
0.236061 0.000853947 0.000122459 0.000876632
0.236283 0.000937287 0.000121981 0.000871664
0.236505 0.000819207 0.000122961 0.000866736
0.236727 0.000871767 0.000124693 0.000861848
0.236949 0.000949012 0.000124889 0.000857
0.237172 0.000900367 0.000122187 0.000852192
0.237394 0.000861515 0.000122701 0.000847424
0.237616 0.000872485 0.000122346 0.000842695
0.237838 0.000803861 0.000122635 0.000838006
0.23806 0.000909007 0.000123486 0.000833356
0.238282 0.000914075 0.000124756 0.000828745
0.238504 0.000811655 0.000122993 0.000824174
0.238726 0.00100735 0.000122425 0.000819641
0.238948 0.000816441 0.000121886 0.000815147
0.239171 0.000944347 0.000125508 0.000810692
0.239393 0.000941429 0.000122407 0.000806275
0.239615 0.000988857 0.00012363 0.000801896
0.239837 0.000884767 0.000123113 0.000797556
0.240059 0.000881542 0.000121861 0.000793254
0.240281 0.000895495 0.000122492 0.00078899
0.240503 0.00086273 0.000123432 0.000784763
0.240725 0.000702048 0.000121745 0.000780574
0.240948 0.000725181 0.000122903 0.000776423
0.24117 0.000682799 0.000123283 0.000772308
0.241392 0.000775693 0.000122234 0.000768231
0.241836 0.000751954 0.00012366 0.000760188
0.242058 0.000973349 0.000122959 0.000756222
0.24228 0.000590209 0.000122512 0.000752292
0.242502 0.000665008 0.000123547 0.000748398
0.242725 0.000532647 0.000122042 0.00074454
0.242947 0.000713819 0.000121457 0.000740719
0.243169 0.000981468 0.000122563 0.000736934
0.243391 0.000654821 0.000123091 0.000733184
0.243613 0.000882026 0.000122826 0.00072947
0.243835 0.000777362 0.000123683 0.000725791
0.244057 0.000809484 0.000123672 0.000722148
0.244279 0.00083672 0.000121894 0.00071854
0.244502 0.000794841 0.00012372 0.000714966
0.244724 0.000865211 0.000122609 0.000711427
0.244946 0.000772235 0.000123448 0.000707923
0.245168 0.000654486 0.000123167 0.000704454
0.24539 0.0008749 0.000123339 0.000701019
0.245612 0.000744508 0.00012214 0.000697617
0.245834 0.000734038 0.000122049 0.00069425
0.246056 0.000822052 0.00012311 0.000690917
0.246278 0.000849597 0.000122788 0.000687617
0.246501 0.000706088 0.000122911 0.00068435
0.246723 0.000604914 0.000122879 0.000681117
0.246945 0.000483425 0.000122274 0.000677917
0.247167 0.000572643 0.00012131 0.00067475
0.247389 0.000715579 0.000122361 0.000671615
0.247611 0.000903406 0.000122906 0.000668514
0.247833 0.00066973 0.000121742 0.000665444
0.248055 0.000775653 0.000123342 0.000662407
0.248278 0.000846796 0.000122234 0.000659402
0.2485 0.000546581 0.000123388 0.000656428
0.248722 0.000708146 0.00012243 0.000653487
0.248944 0.000804849 0.00012387 0.000650577
0.249166 0.000721979 0.000124687 0.000647698
0.249388 0.000593561 0.000123092 0.000644851
0.24961 0.0006917 0.000123978 0.000642035
0.249832 0.000545552 0.000122038 0.000639249
0.250055 0.000735233 0.000121633 0.000636494
0.250277 0.000653504 0.000122185 0.00063377
0.250499 0.000593296 0.000122285 0.000631076
0.250721 0.000747914 0.000122145 0.000628412
0.250943 0.0005648 0.000123099 0.000625778
0.251165 0.000551903 0.000122048 0.000623174
0.251387 0.000690484 0.000121935 0.000620599
0.251609 0.000533453 0.000122296 0.000618054
0.251832 0.000691498 0.000122287 0.000615538
0.252054 0.000655822 0.000121981 0.000613051
0.252276 0.000451513 0.000121691 0.000610593
0.252498 0.000626245 0.000122778 0.000608164
0.25272 0.000739795 0.000123028 0.000605764
0.252942 0.000796637 0.000121879 0.000603391
0.253164 0.000791151 0.000122998 0.000601047
0.253386 0.000794875 0.000122528 0.000598731
0.253608 0.000688954 0.000122596 0.000596443
0.253831 0.000505639 0.000123062 0.000594182
0.254053 0.000780606 0.000124085 0.000591949
0.254275 0.000483407 0.000121396 0.000589744
0.254497 0.000638118 0.000122536 0.000587565
0.254719 0.000751803 0.000121657 0.000585413
0.254941 0.000683724 0.000123178 0.000583288
0.255163 0.000400668 0.000122331 0.00058119
0.255385 0.00046875 0.000121672 0.000579118
0.255608 0.000708705 0.000121724 0.000577072
0.25583 0.000670806 0.000121949 0.000575052
0.256052 0.000556389 0.00012197 0.000573058
0.256274 0.000474616 0.000122462 0.00057109
0.256496 0.000511415 0.000121142 0.000569148
0.256718 0.000594093 0.000124004 0.00056723
0.25694 0.000432824 0.000120515 0.000565338
0.257162 0.000650962 0.000120967 0.000563471
0.257607 0.000693435 0.000122166 0.000559811
0.257829 0.000504406 0.000121304 0.000558017
0.258273 0.000805436 0.00012146 0.000554503
0.258939 0.000413402 0.000120889 0.000549411
0.259162 0.000639279 0.000122193 0.000547761
0.259384 0.000426251 0.000120311 0.000546134
0.259606 0.000750944 0.000122674 0.00054453
0.259828 0.000807387 0.000121861 0.000542949
0.26005 0.000432059 0.000122688 0.00054139
0.260272 0.000476113 0.000120481 0.000539854
0.260494 0.000746689 0.000122481 0.00053834
0.260716 0.000387354 0.000122139 0.000536849
0.260938 0.000497788 0.000121901 0.000535379
0.261161 0.000742263 0.000120075 0.000533932
0.261383 0.000543786 0.000120668 0.000532505
0.261605 0.000374344 0.000120205 0.000531101
0.261827 0.000667393 0.000120576 0.000529718
0.262049 0.000406871 0.000120792 0.000528355
0.262271 0.000428827 0.000122206 0.000527014
0.262493 0.000611469 0.000120885 0.000525694
0.262715 0.000596405 0.000120965 0.000524394
0.262938 0.000527666 0.000119849 0.000523115
0.26316 0.000424212 0.000120285 0.000521855
0.263382 0.000335747 0.000121232 0.000520616
0.263604 0.000580629 0.000122127 0.000519397
0.263826 0.000380141 0.000121513 0.000518198
0.264048 0.000586539 0.000119349 0.000517018
0.26427 0.000655746 0.000121322 0.000515858
0.264492 0.000545078 0.0001214 0.000514717
0.264715 0.000373472 0.000119757 0.000513595
0.264937 0.000648422 0.000121332 0.000512492
0.265159 0.000383485 0.000121044 0.000511408
0.265381 0.000603413 0.000120925 0.000510343
0.265603 0.000496075 0.000120871 0.000509296
0.265825 0.000526777 0.000121454 0.000508267
0.266047 0.000327195 0.000120571 0.000507256
0.266269 0.000279964 0.000120616 0.000506263
0.266492 0.000392655 0.000121113 0.000505288
0.266714 0.000591529 0.000124278 0.000504331
0.266936 0.000588174 0.000121186 0.000503391
0.267158 0.000390107 0.000120051 0.000502468
0.26738 0.000720732 0.000121122 0.000501563
0.267602 0.000441883 0.000120752 0.000500674
0.267824 0.000577283 0.000121106 0.000499802
0.268046 0.000552626 0.000121918 0.000498947
0.268268 0.000383184 0.000120699 0.000498109
0.268491 0.000497109 0.000121647 0.000497287
0.268713 0.0006005 0.000120057 0.000496481
0.268935 0.00065748 0.000121101 0.000495691
0.269157 0.000539211 0.000121048 0.000494917
0.269379 0.000580793 0.00012503 0.000494158
0.269601 0.000522288 0.000121053 0.000493416
0.269823 0.000611435 0.000119703 0.000492688
0.270045 0.000340441 0.000120961 0.000491976
0.270268 0.000456006 0.000121523 0.000491279
0.270712 0.000333624 0.00012119 0.00048993
0.270934 0.000470054 0.000120975 0.000489278
0.271156 0.000445726 0.00012093 0.00048864
0.271378 0.000470584 0.000120884 0.000488016
0.2716 0.000469932 0.000120485 0.000487406
0.271822 0.00057676 0.000120678 0.000486811
0.272045 0.000361266 0.000120931 0.00048623
0.272267 0.000348552 0.000121393 0.000485662
0.272489 0.00049612 0.000121444 0.000485108
0.272711 0.00035976 0.000120052 0.000484567
0.272933 0.000519216 0.000120935 0.00048404
0.273155 0.000444278 0.000121564 0.000483526
0.273377 0.000425984 0.000120952 0.000483025
0.273599 0.000378591 0.000121843 0.000482537
0.273822 0.000258223 0.000120829 0.000482062
0.274044 0.000459872 0.000120442 0.000481599
0.274266 0.000391029 0.000120532 0.000481149
0.274488 0.000539751 0.000121198 0.000480711
0.27471 0.000578945 0.000121532 0.000480286
0.274932 0.000519194 0.000122396 0.000479872
0.275154 0.000444229 0.000121301 0.000479471
0.275376 0.00041783 0.000120529 0.000479081
0.275598 0.000382484 0.000120105 0.000478703
0.275821 0.000433476 0.00012106 0.000478336
0.276043 0.000347134 0.000121255 0.000477981
0.276265 0.000612098 0.00012247 0.000477637
0.276487 0.00034132 0.000121756 0.000477305
0.276709 0.000417781 0.000120192 0.000476983
0.276931 0.00038346 0.000120478 0.000476672
0.277153 0.000353282 0.000120894 0.000476372
0.277375 0.000480672 0.0001239 0.000476083
0.277598 0.000564097 0.000125826 0.000475804
0.27782 0.00043867 0.000126984 0.000475535
0.278042 0.000492288 0.000127923 0.000475277
0.278264 0.000328136 0.00012852 0.000475028
0.278486 0.000490996 0.000129283 0.00047479
0.278708 0.000668108 0.00013084 0.000474561
0.27893 0.000634261 0.000131997 0.000474343
0.279152 0.000370857 0.00013081 0.000474134
0.279375 0.000402716 0.000132262 0.000473934
0.279597 0.000590109 0.000139084 0.000473744
0.279819 0.00040755 0.000133778 0.000473563
0.280041 0.000523773 0.000136669 0.000473391
0.280263 0.000521996 0.000137574 0.000473228
0.280485 0.000265191 0.000135736 0.000473074
0.280707 0.000523947 0.000137701 0.000472929
0.280929 0.000444438 0.000137053 0.000472792
0.281152 0.000513808 0.000138029 0.000472664
0.281596 0.000713463 0.000139345 0.000472433
0.281818 0.000346942 0.000136918 0.00047233
0.28204 0.000390683 0.000135031 0.000472235
0.282262 0.000406995 0.000134255 0.000472148
0.282484 0.000431216 0.000132078 0.000472069
0.282706 0.000487418 0.000134092 0.000471998
0.282928 0.000277508 0.000131067 0.000471934
0.283151 0.000655495 0.000131497 0.000471878
0.283373 0.000422312 0.000130559 0.000471829
0.283595 0.000419155 0.000132247 0.000471787
0.283817 0.000548224 0.000131805 0.000471753
0.284039 0.000540024 0.000129204 0.000471726
0.284261 0.000311839 0.000133777 0.000471705
0.284483 0.000559856 0.000129138 0.000471692
0.284705 0.000323647 0.000128647 0.000471686
0.284928 0.000517156 0.000130237 0.000471686
0.28515 0.000545615 0.000128885 0.000471692
0.285372 0.000510482 0.000127568 0.000471706
0.285594 0.000328915 0.000127161 0.000471725
0.285816 0.000476955 0.000127268 0.000471751
0.286038 0.000360192 0.000127187 0.000471783
0.286482 0.000290434 0.000127965 0.000471866
0.286705 0.000304303 0.000126025 0.000471916
0.286927 0.000592609 0.000128066 0.000471971
0.287149 0.000555258 0.000126567 0.000472033
0.287371 0.000606424 0.000127092 0.0004721
0.287593 0.000516794 0.000127556 0.000472173
0.287815 0.000392448 0.000128065 0.000472251
0.288037 0.000523704 0.000125675 0.000472334
0.288259 0.000686345 0.000127534 0.000472423
0.288482 0.000428589 0.000126692 0.000472517
0.288704 0.000277862 0.00012646 0.000472615
0.288926 0.000280966 0.00012614 0.000472719
0.289148 0.000231367 0.000126073 0.000472828
0.28937 0.000630376 0.000128313 0.000472941
0.289814 0.000489904 0.000126339 0.000473182
0.290036 0.000377956 0.00012603 0.00047331
0.290258 0.000446391 0.000126771 0.000473441
0.290481 0.000661059 0.000127762 0.000473578
0.290703 0.000545808 0.000127784 0.000473718
0.290925 0.000531787 0.000127172 0.000473863
0.291147 0.000294856 0.000125296 0.000474011
0.291369 0.000600143 0.00012731 0.000474164
0.291591 0.0006077 0.00012648 0.000474321
0.292035 0.000576243 0.000126937 0.000474646
0.292258 0.000421349 0.000126639 0.000474814
0.29248 0.000479685 0.00012867 0.000474986
0.292702 0.000436234 0.000125489 0.000475161
0.292924 0.000246286 0.000125786 0.00047534
0.293146 0.000320858 0.000125832 0.000475522
0.293368 0.000490707 0.000127838 0.000475708
0.29359 0.000483942 0.000129894 0.000475897
0.293812 0.000384506 0.000125156 0.000476089
0.294035 0.000599891 0.000125787 0.000476284
0.294479 0.000252202 0.000126589 0.000476683
0.294701 0.000578068 0.000127362 0.000476887
0.294923 0.000237915 0.000127547 0.000477094
0.295145 0.000421464 0.00012511 0.000477304
0.295367 0.000410627 0.000124733 0.000477516
0.295589 0.000470674 0.000124515 0.000477731
0.295812 0.000211451 0.000125793 0.000477949
0.296034 0.000614991 0.00012482 0.000478169
0.296256 0.000218464 0.00012521 0.000478391
0.296478 0.00037426 0.000125007 0.000478616
0.2967 0.000440348 0.000123983 0.000478843
0.296922 0.00036674 0.000123719 0.000479073
0.297144 0.000408312 0.000124293 0.000479304
0.297366 0.000388772 0.000124468 0.000479538
0.297588 0.000472853 0.000124359 0.000479774
0.298033 0.00048231 0.000123011 0.000480251
0.298255 0.000221143 0.000123034 0.000480492
0.298477 0.000575817 0.000123879 0.000480736
0.298699 0.000400373 0.000124313 0.000480981
0.298921 0.000406619 0.000124025 0.000481228
0.299143 0.000589325 0.000124806 0.000481476
0.299365 0.000335701 0.000124872 0.000481726
0.299588 0.000347821 0.000123045 0.000481977
0.29981 0.00058051 0.000123131 0.00048223
0.300032 0.000340304 0.000123143 0.000482485
0.300254 0.000323655 0.000122939 0.00048274
0.300476 0.000419714 0.000122918 0.000482997
0.300698 0.000454167 0.000124381 0.000483256
0.30092 0.000327213 0.000122073 0.000483515
0.301142 0.00062524 0.000123195 0.000483776
0.301365 0.000563276 0.000125948 0.000484037
0.301587 0.000456557 0.000122989 0.0004843
0.301809 0.000459919 0.000124565 0.000484564
0.302031 0.000209295 0.000123473 0.000484828
0.302253 0.000582862 0.000123291 0.000485094
0.302697 0.000396828 0.000122425 0.000485627
0.302919 0.000606494 0.000124065 0.000485895
0.303142 0.0005395 0.000123724 0.000486164
0.303364 0.000420769 0.000123587 0.000486433
0.303586 0.000566479 0.000123672 0.000486703
0.303808 0.000509918 0.00012258 0.000486973
0.30403 0.0004275 0.000123181 0.000487244
0.304252 0.000313593 0.000124259 0.000487516
0.304474 0.000527142 0.000123202 0.000487787
0.304696 0.000449227 0.000124208 0.00048806
0.304918 0.000275581 0.000123922 0.000488332
0.305141 0.000457757 0.000123705 0.000488605
0.305363 0.000401787 0.000123068 0.000488878
0.305807 0.000418012 0.000123059 0.000489425
0.306029 0.00036667 0.000123006 0.000489698
0.306251 0.00029254 0.000129787 0.000489972
0.306473 0.000520854 0.000123678 0.000490246
0.306695 0.000613039 0.000122496 0.000490519
0.306918 0.000607273 0.000123873 0.000490793
0.30714 0.000262421 0.000122234 0.000491067
0.307362 0.000512065 0.000125332 0.00049134
0.307584 0.000471398 0.000124951 0.000491614
0.307806 0.000442255 0.000124913 0.000491887
0.308028 0.000410069 0.000123564 0.00049216
0.308472 0.000521697 0.000122878 0.000492705
0.308695 0.000480405 0.000123012 0.000492977
0.308917 0.000384848 0.000123266 0.000493249
0.309139 0.000386948 0.000123782 0.00049352
0.309361 0.000602362 0.000123077 0.000493791
0.309583 0.000273117 0.000122099 0.000494062
0.309805 0.000574016 0.000123423 0.000494332
0.310027 0.000363626 0.000122814 0.000494602
0.310249 0.000481034 0.000122964 0.000494871
0.310472 0.000407623 0.000123481 0.000495139
0.310694 0.000305648 0.000123643 0.000495407
0.310916 0.000570597 0.00012314 0.000495674
0.311138 0.000601663 0.000122921 0.000495941
0.31136 0.000351242 0.000122944 0.000496206
0.311582 0.000503316 0.0001227 0.000496472
0.312471 0.000372177 0.000122445 0.000497524
0.312693 0.000481559 0.000123717 0.000497785
0.312915 0.000401258 0.000122453 0.000498045
0.313137 0.000350239 0.000123432 0.000498305
0.313359 0.000577473 0.000123813 0.000498563
0.313581 0.000520231 0.000123433 0.00049882
0.314025 0.00053767 0.000123087 0.000499332
0.314248 0.000385306 0.000122901 0.000499586
0.31447 0.000288841 0.000122637 0.000499839
0.314692 0.000455723 0.000123214 0.000500091
0.314914 0.000587813 0.000124136 0.000500342
0.315358 0.000537606 0.000124917 0.000500841
0.31558 0.0006134 0.000123417 0.000501088
0.315802 0.000426887 0.000123203 0.000501335
0.316025 0.000404242 0.0001228 0.00050158
0.316247 0.000361641 0.00012317 0.000501824
0.316691 0.000389847 0.000122459 0.000502307
0.316913 0.000482545 0.000122239 0.000502547
0.317357 0.000408183 0.00012312 0.000503023
0.317579 0.000498069 0.000123879 0.000503259
0.317802 0.000517869 0.000124175 0.000503494
0.318024 0.000602924 0.00012281 0.000503727
0.318246 0.00038776 0.000123155 0.000503959
0.318468 0.000591321 0.000123898 0.000504189
0.31869 0.000577301 0.000122948 0.000504418
0.318912 0.000382804 0.000123512 0.000504645
0.319134 0.000561715 0.000124798 0.000504871
0.319356 0.000555079 0.000122633 0.000505095
0.319578 0.000288214 0.000122061 0.000505318
0.319801 0.000382398 0.000122765 0.000505539
0.320245 0.000465153 0.000122665 0.000505977
0.320467 0.000668529 0.000124134 0.000506194
0.320689 0.000675632 0.000124114 0.000506409
0.320911 0.000611965 0.000123219 0.000506622
0.321133 0.000581274 0.000123105 0.000506834
0.321355 0.000479302 0.00012263 0.000507044
0.321578 0.000349473 0.000124387 0.000507253
0.3218 0.000642066 0.000123334 0.00050746
0.322022 0.000370961 0.000124286 0.000507665
0.322466 0.000525947 0.000123126 0.00050807
0.322688 0.000433577 0.000122505 0.00050827
0.32291 0.000640754 0.000124912 0.000508468
0.323132 0.00030768 0.000123431 0.000508665
0.323355 0.000487492 0.000123193 0.000508859
0.323577 0.000456003 0.000124302 0.000509052
0.323799 0.000430795 0.000122885 0.000509244
0.324021 0.000558094 0.000125051 0.000509433
0.324243 0.000388089 0.00012323 0.000509621
0.324465 0.000566492 0.000126295 0.000509807
0.324687 0.000368661 0.000123836 0.000509991
0.324909 0.000409619 0.000125784 0.000510173
0.325132 0.000550422 0.000123378 0.000510353
0.325354 0.000360407 0.000123935 0.000510532
0.325576 0.000366276 0.00012459 0.000510708
0.325798 0.000620332 0.000124477 0.000510883
0.32602 0.000569916 0.000124328 0.000511056
0.326242 0.000460054 0.000124621 0.000511227
0.326464 0.000553342 0.000125715 0.000511396
0.326686 0.00049114 0.000123469 0.000511563
0.326908 0.000418905 0.000124224 0.000511729
0.327131 0.000443023 0.000123937 0.000511892
0.327575 0.00047367 0.000125112 0.000512213
0.327797 0.000313933 0.000125154 0.000512371
0.328019 0.000600256 0.000124217 0.000512527
0.328241 0.000620724 0.000124755 0.000512681
0.328463 0.000447852 0.000124923 0.000512832
0.328685 0.000454165 0.000125031 0.000512982
0.329352 0.000461062 0.000125287 0.00051342
0.329574 0.000600207 0.000124642 0.000513562
0.329796 0.000551874 0.000125817 0.000513702
0.330018 0.000669294 0.000125617 0.00051384
0.33024 0.000349351 0.000124952 0.000513976
0.330462 0.000407681 0.000125568 0.00051411
0.330685 0.000442875 0.000126714 0.000514242
0.330907 0.000392418 0.000124772 0.000514372
0.331351 0.000374284 0.000124759 0.000514626
0.331573 0.000693295 0.000124901 0.00051475
0.331795 0.000746242 0.000126486 0.000514872
0.332017 0.000474955 0.000125922 0.000514992
0.332239 0.000539234 0.000126085 0.00051511
0.332462 0.000558302 0.000124396 0.000515226
0.332684 0.000353855 0.000125032 0.00051534
0.333128 0.000574831 0.000127419 0.000515561
0.333572 0.000395408 0.000132106 0.000515775
0.333794 0.000531199 0.000135258 0.000515878
0.334016 0.000408528 0.000134878 0.00051598
0.334461 0.000619957 0.000136411 0.000516177
0.334683 0.000612017 0.000138779 0.000516272
0.334905 0.000617291 0.00014116 0.000516366
0.335127 0.00042514 0.000140101 0.000516457
0.335349 0.000654812 0.000142045 0.000516546
0.335571 0.000684327 0.000143906 0.000516634
0.335793 0.000601976 0.000143637 0.000516719
0.336015 0.000603505 0.000145181 0.000516802
0.33646 0.000684746 0.000147457 0.000516962
0.336904 0.000526569 0.000149288 0.000517114
0.33757 0.000644781 0.000150485 0.000517326
0.338015 0.000658419 0.000142862 0.000517458
0.338459 0.000437662 0.00014041 0.000517581
0.338903 0.000598131 0.000141074 0.000517696
0.339125 0.000498905 0.000140273 0.00051775
0.339347 0.000422902 0.000139247 0.000517803
0.339569 0.00054101 0.000138344 0.000517853
0.339792 0.000589747 0.000137744 0.000517901
0.340458 0.000666134 0.000138471 0.000518034
0.34068 0.000522911 0.000140852 0.000518074
0.340902 0.00046371 0.000135453 0.000518112
0.341568 0.000563704 0.000135817 0.000518214
0.342013 0.000602641 0.000137347 0.000518272
0.342679 0.000695445 0.000136424 0.000518344
0.342901 0.000477364 0.000134248 0.000518364
0.343345 0.000455719 0.000136054 0.000518398
0.343568 0.000669586 0.000137614 0.000518412
0.34379 0.00051102 0.000135647 0.000518424
0.344012 0.00069631 0.000136464 0.000518434
0.344234 0.000497799 0.000135536 0.000518442
