14.376 13.393 -9.434
11.305 12.496 -7.337
11.151 9.258 -9.32

11.004 6.006 -7.338
14.52 4.519 -7.198
14.967 0.776 -7.832

15.638 0.429 -4.087
12.514 2.285 -2.905
10.556 -0.102 -5.156
12.221 -3.075 -3.436
11.74 -1.711 0.112
7.991 -1.522 -0.555
8.139 -4.957 -2.2
9.527 -6.582 0.974
6.846 -4.901 3.105
4.21 -5.895 0.525
5.202 -9.589 0.585
5.112 -9.741 4.412
1.285 -9.811 3.999

1.012 -11.657 0.647
-0.051 -15.058 2.058
-1.977 -15.785 -1.16
1.187 -16.059 -3.293
-0.922 -13.94 -5.681
1.285 -10.852 -5.276
-1.689 -9.009 -3.672

-2.915 -8.068 -0.165
-6.302 -7.233 1.393
-7.428 -3.732 2.358

-7.469 -4.807 6.028
-3.672 -5.269 5.793
-3.13 -1.916 4.045
-2.604 0.156 7.219
-0.433 -2.7 8.539
1.967 -2.564 5.569
2.121 1.243 5.732
2.836 0.996 9.476
5.725 -1.371 8.686
7.397 1.46 6.732

6.862 3.75 9.759
3.84 5.572 8.229
0.705 6.206 10.37
-2.191 7.511 8.235
-5.494 7.975 10.111
-8.327 5.514 9.467

-10.202 8.1 7.376
-7.089 8.768 5.267
-6.967 5.013 4.625
-10.723 4.657 3.976
-10.494 7.56 1.505
-7.848 5.96 -0.715
-9.658 2.627 -0.363
-12.899 4.138 -1.689
-10.989 5.097 -4.873
-8.972 1.872 -5.183
-11.976 -0.197 -4.162
-13.395 0.681 -7.557

-12.944 -2.906 -8.736
-14.981 -4.093 -5.736
-12.26 -6.684 -4.927
-11.432 -5.132 -1.522
-7.795 -6.014 -2.414

-4.657 -4.172 -3.647
-1.857 -5.367 -5.98
1.813 -4.17 -5.821

1.616 -1.857 -8.906
-1.333 0.027 -7.367
0.623 -0.024 -4.093
3.454 1.812 -5.882
0.838 4.4 -6.903
-0.068 4.974 -3.233
3.498 5.745 -2.076
4.041 7.956 -5.142
0.983 10.041 -4.186
2.565 10.703 -0.782
6.246 11.063 -1.846

4.05119 14.0967 -2.48768
1.68198 16.874 -3.30389
0.558619 20.2451 -4.51119
-2.80096 21.3202 -5.77057
-1.58092 22.4605 -9.17627

-1.85981 26.2499 -9.10129
0.646372 26.4747 -6.25324
3.11366 24.2691 -8.12149
2.80838 26.4089 -11.2473
3.43291 29.583 -9.2527
6.53124 28.0791 -7.64592
7.90483 27.0443 -11.0349
7.35884 30.5366 -12.4308
9.15442 32.1052 -9.47132
12.1171 29.7648 -9.90452
12.3633 30.6043 -13.6029
12.3152 34.3309 -12.8593

10.1276 36.8782 -11.2986
7.41281 39.0013 -12.8984
6.97286 42.3727 -14.7567
7.24192 44.5945 -11.5976
7.58725 46.8039 -8.58261
11.1257 45.6905 -7.98997
10.5727 43.179 -5.32228
9.51904 41.0441 -2.30601
11.3103 43.4917 -0.0519233

11.7654 43.0082 3.69001
9.93425 39.6799 3.58072
12.1049 38.47 0.705421
15.2758 39.4242 2.57015
14.1236 37.5646 5.67776
13.3602 34.445 3.64596
16.795 34.5441 2.02275
18.492 34.869 5.40766
16.5492 31.9026 6.77469
17.5138 29.768 3.78201

16.5398 26.742 5.86801
17.2648 24.211 3.10001
17.6698 20.52 4.12001
21.2528 20.845 2.90901
24.0058 18.934 4.76101
27.5078 20.406 5.22801

28.8068 17.386 3.26801
26.6758 18.1 0.176011
27.9488 21.698 -0.00798932
31.5328 20.441 0.330011
30.9008 18.515 -2.91199
29.3588 21.569 -4.61399
32.4438 23.571 -3.48799
34.8668 21.085 -5.13899
33.6308 21.747 -8.71599
32.9138 25.423 -7.89499

34.6412 26.6712 -4.78391
35.2634 30.1234 -6.10072
38.2128 32.4201 -5.09769
36.0996 35.5923 -5.50522
33.3447 37.169 -3.43408
31.1938 38.3733 -6.27802
27.6297 39.0335 -7.30422

26.7306 35.5832 -8.45631
26.0207 34.1873 -11.9545
25.8726 31.744 -14.9746

24.1456 31.145 -18.3916

26.3116 28.001 -18.6386
25.5756 26.935 -15.0406
21.8626 27.744 -15.5516
21.4206 25.242 -18.4046
23.2816 22.667 -16.2756
20.9166 22.969 -13.2836
17.9696 22.525 -15.6686

19.1426 19.418 -17.5246
22.4886 18.664 -19.1456

End chain 1
