14.376 13.393 -9.434
11.305 12.496 -7.337
11.151 9.258 -9.32

11.004 6.006 -7.338
14.52 4.519 -7.198
14.967 0.776 -7.832

15.638 0.429 -4.087
12.514 2.285 -2.905
10.556 -0.102 -5.156
12.221 -3.075 -3.436
11.74 -1.711 0.112
7.991 -1.522 -0.555
8.139 -4.957 -2.2
9.527 -6.582 0.974
6.846 -4.901 3.105
4.21 -5.895 0.525
5.202 -9.589 0.585
5.112 -9.741 4.412
1.285 -9.811 3.999

1.012 -11.657 0.647
-0.051 -15.058 2.058
-1.977 -15.785 -1.16
1.187 -16.059 -3.293
-0.922 -13.94 -5.681
1.285 -10.852 -5.276
-1.689 -9.009 -3.672

-2.915 -8.068 -0.165
-6.302 -7.233 1.393
-7.428 -3.732 2.358

-7.469 -4.807 6.028
-3.672 -5.269 5.793
-3.13 -1.916 4.045
-2.604 0.156 7.219
-0.433 -2.7 8.539
1.967 -2.564 5.569
2.121 1.243 5.732
2.836 0.996 9.476
5.725 -1.371 8.686
7.397 1.46 6.732

6.862 3.75 9.759
3.84 5.572 8.229
0.705 6.206 10.37
-2.191 7.511 8.235
-5.494 7.975 10.111
-8.327 5.514 9.467

-10.202 8.1 7.376
-7.089 8.768 5.267
-6.967 5.013 4.625
-10.723 4.657 3.976
-10.494 7.56 1.505
-7.848 5.96 -0.715
-9.658 2.627 -0.363
-12.899 4.138 -1.689
-10.989 5.097 -4.873
-8.972 1.872 -5.183
-11.976 -0.197 -4.162
-13.395 0.681 -7.557

-12.944 -2.906 -8.736
-14.981 -4.093 -5.736
-12.26 -6.684 -4.927
-11.432 -5.132 -1.522
-7.795 -6.014 -2.414

-4.657 -4.172 -3.647
-1.857 -5.367 -5.98
1.813 -4.17 -5.821

1.616 -1.857 -8.906
-1.333 0.027 -7.367
0.623 -0.024 -4.093
3.454 1.812 -5.882
0.838 4.4 -6.903
-0.068 4.974 -3.233
3.498 5.745 -2.076
4.041 7.956 -5.142
0.983 10.041 -4.186
2.565 10.703 -0.782
6.246 11.063 -1.846

5.08817 13.3705 -4.64331
2.74703 12.5649 -7.54853
0.436152 11.8211 -10.4749
-0.112174 15.6559 -10.2824
-1.02885 19.2599 -10.0341

-2.76019 22.2128 -8.38327
0.12713 22.6725 -5.95532
2.65039 22.6296 -8.79683
0.671971 25.2414 -10.7222
0.504167 27.5028 -7.67246
4.25623 27.222 -7.13757
4.93808 28.1086 -10.7696
2.68663 31.1622 -10.5479
4.44797 32.3522 -7.39755
7.85315 31.9739 -9.0421
6.71733 33.9633 -12.0745
5.39684 36.76 -9.86598

3.20924 39.3073 -8.30529
0.494476 41.4304 -9.90502
0.0545221 44.8018 -11.7633
0.323585 47.0236 -8.6043
0.668917 49.2331 -5.58926
4.20735 48.1196 -4.99662
3.65437 45.6081 -2.32893
2.60071 43.4732 0.687334
4.39196 45.9208 2.94143

4.84708 45.4374 6.68336
3.01592 42.109 6.57407
5.18652 40.8991 3.69877
8.3575 41.8533 5.5635
7.20526 39.9937 8.67111
6.44184 36.8741 6.6393
9.87671 36.9732 5.0161
11.5737 37.2981 8.40101
9.63083 34.3317 9.76804
10.5955 32.1972 6.77536

9.62147 29.1712 8.86136
10.3465 26.6402 6.09336
10.7515 22.9492 7.11336
14.3345 23.2742 5.90236
17.0875 21.3632 7.75436
20.5895 22.8352 8.22136

21.8885 19.8152 6.26136
19.7575 20.5292 3.16936
21.0305 24.1272 2.98536
24.6145 22.8702 3.32336
23.9825 20.9442 0.0813598
22.4405 23.9982 -1.62064
25.5255 26.0002 -0.49464
27.9485 23.5142 -2.14564
26.7125 24.1762 -5.72264
25.9955 27.8522 -4.90164

27.7229 29.1003 -1.79056
28.3451 32.5525 -3.10737
31.2944 34.8492 -2.10434
29.1813 38.0214 -2.51187
26.4264 39.5981 -0.440732
24.2754 40.8024 -3.28467
20.7114 41.4626 -4.31087

19.8123 38.0124 -5.46296
19.1024 36.6165 -8.96119
18.9543 34.1731 -11.9812

17.2273 33.5741 -15.3982

19.3933 30.4301 -15.6452
18.6573 29.3641 -12.0472
14.9443 30.1731 -12.5582
14.5023 27.6711 -15.4112
16.3633 25.0961 -13.2822
13.9983 25.3981 -10.2902
11.0513 24.9541 -12.6752

12.2243 21.8471 -14.5312
15.5703 21.0931 -16.1522

End chain 1
