14.376 13.393 -9.434
11.305 12.496 -7.337
11.151 9.258 -9.32

11.004 6.006 -7.338
14.52 4.519 -7.198
14.967 0.776 -7.832

15.638 0.429 -4.087
12.514 2.285 -2.905
10.556 -0.102 -5.156
12.221 -3.075 -3.436
11.74 -1.711 0.112
7.991 -1.522 -0.555
8.139 -4.957 -2.2
9.527 -6.582 0.974
6.846 -4.901 3.105
4.21 -5.895 0.525
5.202 -9.589 0.585
5.112 -9.741 4.412
1.285 -9.811 3.999

1.012 -11.657 0.647
-0.051 -15.058 2.058
-1.977 -15.785 -1.16
1.187 -16.059 -3.293
-0.922 -13.94 -5.681
1.285 -10.852 -5.276
-1.689 -9.009 -3.672

-2.915 -8.068 -0.165
-6.302 -7.233 1.393
-7.428 -3.732 2.358

-7.469 -4.807 6.028
-3.672 -5.269 5.793
-3.13 -1.916 4.045
-2.604 0.156 7.219
-0.433 -2.7 8.539
1.967 -2.564 5.569
2.121 1.243 5.732
2.836 0.996 9.476
5.725 -1.371 8.686
7.397 1.46 6.732

6.862 3.75 9.759
3.84 5.572 8.229
0.705 6.206 10.37
-2.191 7.511 8.235
-5.494 7.975 10.111
-8.327 5.514 9.467

-10.202 8.1 7.376
-7.089 8.768 5.267
-6.967 5.013 4.625
-10.723 4.657 3.976
-10.494 7.56 1.505
-7.848 5.96 -0.715
-9.658 2.627 -0.363
-12.899 4.138 -1.689
-10.989 5.097 -4.873
-8.972 1.872 -5.183
-11.976 -0.197 -4.162
-13.395 0.681 -7.557

-12.944 -2.906 -8.736
-14.981 -4.093 -5.736
-12.26 -6.684 -4.927
-11.432 -5.132 -1.522
-7.795 -6.014 -2.414

-4.657 -4.172 -3.647
-1.857 -5.367 -5.98
1.813 -4.17 -5.821

1.616 -1.857 -8.906
-1.333 0.027 -7.367
0.623 -0.024 -4.093
3.454 1.812 -5.882
0.838 4.4 -6.903
-0.068 4.974 -3.233
3.498 5.745 -2.076
4.041 7.956 -5.142
0.983 10.041 -4.186
2.565 10.703 -0.782
6.246 11.063 -1.846

5.05836 14.4787 -3.12659
4.20241 18.1075 -3.79025
3.16964 21.7064 -3.99947
4.37779 24.2782 -6.3993
6.57841 27.3458 -5.64357

7.10125 28.7648 -2.15702
9.75991 26.1597 -1.3903
11.6001 26.946 -4.62111
11.5675 30.6667 -3.84756
12.9551 30.053 -0.363209
15.7592 27.8978 -1.75431
16.6879 30.5723 -4.28954
16.8027 33.2364 -1.58168
19.0545 31.0741 0.585528
21.4334 30.4731 -2.31663
21.6346 34.1968 -3.04917
22.4084 34.9695 0.590487

20.2208 37.5168 2.15118
17.506 39.6399 0.551451
17.066 43.0113 -1.30683
17.3351 45.2331 1.85217
17.6804 47.4425 4.86721
21.2189 46.3291 5.45985
20.6659 43.8176 8.12754
19.6122 41.6827 11.1438
21.4035 44.1303 13.3979

21.8586 43.6469 17.1398
20.0274 40.3185 17.0305
22.198 39.1086 14.1552
25.369 40.0628 16.02
24.2168 38.2032 19.1276
23.4534 35.0836 17.0958
26.8882 35.1827 15.4726
28.5852 35.5076 18.8575
26.6424 32.5412 20.2245
27.607 30.4067 17.2318

26.633 27.3807 19.3178
27.358 24.8497 16.5498
27.763 21.1587 17.5698
31.346 21.4837 16.3588
34.099 19.5727 18.2108
37.601 21.0447 18.6778

38.9 18.0247 16.7178
36.769 18.7387 13.6258
38.042 22.3367 13.4418
41.626 21.0797 13.7798
40.994 19.1537 10.5378
39.452 22.2077 8.83583
42.537 24.2097 9.96183
44.96 21.7237 8.31083
43.724 22.3857 4.73383
43.007 26.0617 5.55483

46.665 27.1237 5.49583
46.103 29.1997 8.63283
49.82 29.8487 8.84783
52.16 31.2657 6.24183
50.469 34.5927 7.16683
48.594 34.9287 10.4838
45.054 35.9897 9.46683

42.562 34.0967 7.24783
39.259 34.9797 5.55883
36.127 32.9877 6.50583

34.4 32.3887 3.08883

36.566 29.2447 2.84183
35.83 28.1787 6.43983
32.117 28.9877 5.92883
31.675 26.4857 3.07583
33.536 23.9107 5.20483
31.171 24.2127 8.19683
28.224 23.7687 5.81183

29.397 20.6617 3.95583
32.743 19.9077 2.33483

End chain 1
