14.376 13.393 -9.434
11.305 12.496 -7.337
11.151 9.258 -9.32

11.004 6.006 -7.338
14.52 4.519 -7.198
14.967 0.776 -7.832

15.638 0.429 -4.087
12.514 2.285 -2.905
10.556 -0.102 -5.156
12.221 -3.075 -3.436
11.74 -1.711 0.112
7.991 -1.522 -0.555
8.139 -4.957 -2.2
9.527 -6.582 0.974
6.846 -4.901 3.105
4.21 -5.895 0.525
5.202 -9.589 0.585
5.112 -9.741 4.412
1.285 -9.811 3.999

1.012 -11.657 0.647
-0.051 -15.058 2.058
-1.977 -15.785 -1.16
1.187 -16.059 -3.293
-0.922 -13.94 -5.681
1.285 -10.852 -5.276
-1.689 -9.009 -3.672

-2.915 -8.068 -0.165
-6.302 -7.233 1.393
-7.428 -3.732 2.358

-7.469 -4.807 6.028
-3.672 -5.269 5.793
-3.13 -1.916 4.045
-2.604 0.156 7.219
-0.433 -2.7 8.539
1.967 -2.564 5.569
2.121 1.243 5.732
2.836 0.996 9.476
5.725 -1.371 8.686
7.397 1.46 6.732

6.862 3.75 9.759
3.84 5.572 8.229
0.705 6.206 10.37
-2.191 7.511 8.235
-5.494 7.975 10.111
-8.327 5.514 9.467

-10.202 8.1 7.376
-7.089 8.768 5.267
-6.967 5.013 4.625
-10.723 4.657 3.976
-10.494 7.56 1.505
-7.848 5.96 -0.715
-9.658 2.627 -0.363
-12.899 4.138 -1.689
-10.989 5.097 -4.873
-8.972 1.872 -5.183
-11.976 -0.197 -4.162
-13.395 0.681 -7.557

-12.944 -2.906 -8.736
-14.981 -4.093 -5.736
-12.26 -6.684 -4.927
-11.432 -5.132 -1.522
-7.795 -6.014 -2.414

-4.657 -4.172 -3.647
-1.857 -5.367 -5.98
1.813 -4.17 -5.821

1.616 -1.857 -8.906
-1.333 0.027 -7.367
0.623 -0.024 -4.093
3.454 1.812 -5.882
0.838 4.4 -6.903
-0.068 4.974 -3.233
3.498 5.745 -2.076
4.041 7.956 -5.142
0.983 10.041 -4.186
2.565 10.703 -0.782
6.246 11.063 -1.846

4.70618 13.495 -4.46361
2.84996 13.4285 -7.68538
-0.841576 13.113 -7.34568
-0.638797 15.34 -4.3646
-1.08139 18.4571 -6.65824

-2.01365 20.3075 -9.84412
-1.7878 23.6639 -8.07589
1.64784 22.8129 -6.69203
2.89396 21.8079 -10.1388
1.63386 25.0597 -11.6489
3.36861 27.0977 -8.95072
6.64724 25.2689 -9.54144
6.4349 25.8965 -13.2836
5.80047 29.6016 -12.7242
8.79263 29.8613 -10.3956
11.0415 28.1507 -12.9371
9.90268 30.5186 -15.6829

7.71508 33.0658 -14.1222
5.00031 35.1889 -15.7219
4.56036 38.5604 -17.5802
4.82942 40.7822 -14.4212
5.17475 42.9916 -11.4061
8.71318 41.8781 -10.8135
8.16021 39.3667 -8.14582
7.10655 37.2317 -5.12955
8.89779 39.6793 -2.87546

9.35292 39.1959 0.86647
7.52176 35.8676 0.757187
9.69236 34.6576 -2.11812
12.8633 35.6118 -0.253384
11.7111 33.7523 2.85423
10.9477 30.6327 0.822418
14.3825 30.7318 -0.800788
16.0795 31.0566 2.58412
14.1367 28.0902 3.95115
15.1013 25.9557 0.958473

14.1273 22.9297 3.04447
14.8523 20.3987 0.276473
15.2573 16.7077 1.29647
18.8403 17.0327 0.0854728
21.5933 15.1217 1.93747
25.0953 16.5937 2.40447

26.3943 13.5737 0.444473
24.2633 14.2877 -2.64753
25.5363 17.8857 -2.83153
29.1203 16.6287 -2.49353
28.4883 14.7027 -5.73553
26.9463 17.7567 -7.43753
30.0313 19.7587 -6.31153
32.4543 17.2727 -7.96253
31.2183 17.9347 -11.5395
30.5013 21.6107 -10.7185

33.7983 22.7738 -9.25055
35.2331 24.632 -6.32708
35.2628 28.1987 -7.76024
32.0567 27.9342 -9.95968
29.0977 26.8523 -7.74885
28.9818 29.976 -5.6502
27.6832 30.5576 -9.13026

25.9484 30.5728 -12.401
25.6614 31.2139 -16.2349
24.8377 31.7697 -19.9284

23.1107 31.1707 -23.3454

25.2767 28.0267 -23.5924
24.5407 26.9607 -19.9944
20.8277 27.7697 -20.5054
20.3857 25.2677 -23.3584
22.2467 22.6927 -21.2294
19.8817 22.9947 -18.2374
16.9347 22.5507 -20.6224

18.1077 19.4437 -22.4784
21.4537 18.6897 -24.0994

End chain 1
