14.376 13.393 -9.434
11.305 12.496 -7.337
11.151 9.258 -9.32

11.004 6.006 -7.338
14.52 4.519 -7.198
14.967 0.776 -7.832

15.638 0.429 -4.087
12.514 2.285 -2.905
10.556 -0.102 -5.156
12.221 -3.075 -3.436
11.74 -1.711 0.112
7.991 -1.522 -0.555
8.139 -4.957 -2.2
9.527 -6.582 0.974
6.846 -4.901 3.105
4.21 -5.895 0.525
5.202 -9.589 0.585
5.112 -9.741 4.412
1.285 -9.811 3.999

1.012 -11.657 0.647
-0.051 -15.058 2.058
-1.977 -15.785 -1.16
1.187 -16.059 -3.293
-0.922 -13.94 -5.681
1.285 -10.852 -5.276
-1.689 -9.009 -3.672

-2.915 -8.068 -0.165
-6.302 -7.233 1.393
-7.428 -3.732 2.358

-7.469 -4.807 6.028
-3.672 -5.269 5.793
-3.13 -1.916 4.045
-2.604 0.156 7.219
-0.433 -2.7 8.539
1.967 -2.564 5.569
2.121 1.243 5.732
2.836 0.996 9.476
5.725 -1.371 8.686
7.397 1.46 6.732

6.862 3.75 9.759
3.84 5.572 8.229
0.705 6.206 10.37
-2.191 7.511 8.235
-5.494 7.975 10.111
-8.327 5.514 9.467

-10.202 8.1 7.376
-7.089 8.768 5.267
-6.967 5.013 4.625
-10.723 4.657 3.976
-10.494 7.56 1.505
-7.848 5.96 -0.715
-9.658 2.627 -0.363
-12.899 4.138 -1.689
-10.989 5.097 -4.873
-8.972 1.872 -5.183
-11.976 -0.197 -4.162
-13.395 0.681 -7.557

-12.944 -2.906 -8.736
-14.981 -4.093 -5.736
-12.26 -6.684 -4.927
-11.432 -5.132 -1.522
-7.795 -6.014 -2.414

-4.657 -4.172 -3.647
-1.857 -5.367 -5.98
1.813 -4.17 -5.821

1.616 -1.857 -8.906
-1.333 0.027 -7.367
0.623 -0.024 -4.093
3.454 1.812 -5.882
0.838 4.4 -6.903
-0.068 4.974 -3.233
3.498 5.745 -2.076
4.041 7.956 -5.142
0.983 10.041 -4.186
2.565 10.703 -0.782
6.246 11.063 -1.846

4.51261 14.1981 -3.38574
0.858182 14.7625 -4.45416
-1.43195 13.7076 -1.51078
1.08363 16.1735 -0.0714764
1.48884 19.5049 -1.74387

0.622908 20.8858 -5.17698
0.0662337 24.3619 -3.74523
3.41612 24.2656 -1.95306
5.20144 23.2221 -5.14157
3.58294 26.0553 -7.09002
4.62278 28.5901 -4.45627
8.21222 27.344 -4.53501
8.32404 27.6113 -8.32433
7.00375 31.1731 -8.20882
9.62126 32.1629 -5.63748
12.4055 30.6847 -7.76013
11.1984 32.5715 -10.8302

9.0108 35.1187 -9.26955
6.29604 37.2419 -10.8693
5.85608 40.6133 -12.7276
6.12515 42.8351 -9.56856
6.47048 45.0445 -6.55352
10.0089 43.9311 -5.96088
9.45593 41.4196 -3.2932
8.40227 39.2846 -0.27693
10.1935 41.7323 1.97716

10.6486 41.2488 5.71909
8.81748 37.9205 5.60981
10.9881 36.7105 2.73451
14.1591 37.6648 4.59924
13.0068 35.8052 7.70685
12.2434 32.6856 5.67504
15.6783 32.7847 4.05183
17.3752 33.1096 7.43675
15.4324 30.1432 8.80377
16.397 28.0086 5.8111

15.423 24.9826 7.8971
16.148 22.4516 5.1291
16.553 18.7606 6.1491
20.136 19.0856 4.9381
22.889 17.1746 6.7901
26.391 18.6466 7.2571

27.69 15.6266 5.2971
25.559 16.3406 2.2051
26.832 19.9386 2.0211
30.416 18.6816 2.3591
29.784 16.7556 -0.882905
28.242 19.8096 -2.5849
31.327 21.8116 -1.4589
33.75 19.3256 -3.1099
32.514 19.9876 -6.6869
31.797 23.6636 -5.8659

35.0941 24.8267 -4.39792
36.5289 26.6849 -1.47446
36.5586 30.2516 -2.90762
33.3524 29.9871 -5.10706
30.3934 28.9053 -2.89623
30.2775 32.029 -0.797575
28.9789 32.6105 -4.27764

27.2442 32.6257 -7.54836
26.9571 33.2668 -11.3822
26.1334 33.8227 -15.0758

24.4064 33.2237 -18.4928

26.5724 30.0797 -18.7398
25.8364 29.0137 -15.1418
22.1234 29.8227 -15.6528
21.6814 27.3207 -18.5058
23.5424 24.7457 -16.3768
21.1774 25.0477 -13.3848
18.2304 24.6037 -15.7698

19.4034 21.4967 -17.6258
22.7494 20.7427 -19.2468

End chain 1
