14.376 13.393 -9.434
11.305 12.496 -7.337
11.151 9.258 -9.32

11.004 6.006 -7.338
14.52 4.519 -7.198
14.967 0.776 -7.832

15.638 0.429 -4.087
12.514 2.285 -2.905
10.556 -0.102 -5.156
12.221 -3.075 -3.436
11.74 -1.711 0.112
7.991 -1.522 -0.555
8.139 -4.957 -2.2
9.527 -6.582 0.974
6.846 -4.901 3.105
4.21 -5.895 0.525
5.202 -9.589 0.585
5.112 -9.741 4.412
1.285 -9.811 3.999

1.012 -11.657 0.647
-0.051 -15.058 2.058
-1.977 -15.785 -1.16
1.187 -16.059 -3.293
-0.922 -13.94 -5.681
1.285 -10.852 -5.276
-1.689 -9.009 -3.672

-2.915 -8.068 -0.165
-6.302 -7.233 1.393
-7.428 -3.732 2.358

-7.469 -4.807 6.028
-3.672 -5.269 5.793
-3.13 -1.916 4.045
-2.604 0.156 7.219
-0.433 -2.7 8.539
1.967 -2.564 5.569
2.121 1.243 5.732
2.836 0.996 9.476
5.725 -1.371 8.686
7.397 1.46 6.732

6.862 3.75 9.759
3.84 5.572 8.229
0.705 6.206 10.37
-2.191 7.511 8.235
-5.494 7.975 10.111
-8.327 5.514 9.467

-10.202 8.1 7.376
-7.089 8.768 5.267
-6.967 5.013 4.625
-10.723 4.657 3.976
-10.494 7.56 1.505
-7.848 5.96 -0.715
-9.658 2.627 -0.363
-12.899 4.138 -1.689
-10.989 5.097 -4.873
-8.972 1.872 -5.183
-11.976 -0.197 -4.162
-13.395 0.681 -7.557

-12.944 -2.906 -8.736
-14.981 -4.093 -5.736
-12.26 -6.684 -4.927
-11.432 -5.132 -1.522
-7.795 -6.014 -2.414

-4.657 -4.172 -3.647
-1.857 -5.367 -5.98
1.813 -4.17 -5.821

1.616 -1.857 -8.906
-1.333 0.027 -7.367
0.623 -0.024 -4.093
3.454 1.812 -5.882
0.838 4.4 -6.903
-0.068 4.974 -3.233
3.498 5.745 -2.076
4.041 7.956 -5.142
0.983 10.041 -4.186
2.565 10.703 -0.782
6.246 11.063 -1.846

4.65639 13.571 -4.28509
2.82082 16.1159 -6.36785
-0.764811 15.125 -6.6778
-0.309535 14.8907 -2.82115
2.43114 17.4116 -1.95591

0.176872 20.4548 -2.27272
1.95916 22.1944 0.597845
5.35293 21.5258 -0.976384
4.19231 22.9346 -4.30972
2.8837 26.084 -2.633
6.17703 26.5967 -0.807075
8.13959 26.2161 -4.03916
5.92783 28.7593 -5.79512
6.3882 31.2562 -2.96741
10.1642 30.8443 -3.08872
10.2027 31.4132 -6.84607
8.12651 34.5759 -6.48602

5.93891 37.1232 -4.92532
3.22414 39.2463 -6.52505
2.78419 42.6177 -8.38334
3.05325 44.8395 -5.22433
3.39859 47.049 -2.20929
6.93702 45.9355 -1.61665
6.38404 43.4241 1.05103
5.33038 41.2891 4.0673
7.12162 43.7367 6.32139

7.57675 43.2533 10.0633
5.74559 39.9249 9.95404
7.91619 38.715 7.07874
11.0872 39.6692 8.94347
9.93493 37.8096 12.0511
9.17151 34.6901 10.0193
12.6064 34.7892 8.39607
14.3034 35.114 11.781
12.3605 32.1476 13.148
13.3251 30.0131 10.1553

12.3511 26.9871 12.2413
13.0761 24.4561 9.47333
13.4811 20.7651 10.4933
17.0641 21.0901 9.28233
19.8171 19.1791 11.1343
23.3191 20.6511 11.6013

24.6181 17.6311 9.64133
22.4871 18.3451 6.54933
23.7601 21.9431 6.36533
27.3441 20.6861 6.70333
26.7121 18.7601 3.46133
25.1701 21.8141 1.75933
28.2551 23.8161 2.88533
30.6781 21.3301 1.23433
29.4421 21.9921 -2.34267
28.7251 25.6681 -1.52167

30.4526 26.9162 1.58941
31.0747 30.3684 0.272597
34.0241 32.6651 1.27563
31.9109 35.8373 0.868099
29.1561 37.414 2.93924
27.0051 38.6183 0.095296
23.4411 39.2785 -0.930902

22.5419 35.8283 -2.083
21.832 34.4324 -5.58122
21.684 31.989 -8.60125

19.957 31.39 -12.0182

22.123 28.246 -12.2652
21.387 27.18 -8.66725
17.674 27.989 -9.17825
17.232 25.487 -12.0312
19.093 22.912 -9.90225
16.728 23.214 -6.91025
13.781 22.77 -9.29525

14.954 19.663 -11.1512
18.3 18.909 -12.7722

End chain 1
