14.376 13.393 -9.434
11.305 12.496 -7.337
11.151 9.258 -9.32

11.004 6.006 -7.338
14.52 4.519 -7.198
14.967 0.776 -7.832

15.638 0.429 -4.087
12.514 2.285 -2.905
10.556 -0.102 -5.156
12.221 -3.075 -3.436
11.74 -1.711 0.112
7.991 -1.522 -0.555
8.139 -4.957 -2.2
9.527 -6.582 0.974
6.846 -4.901 3.105
4.21 -5.895 0.525
5.202 -9.589 0.585
5.112 -9.741 4.412
1.285 -9.811 3.999

1.012 -11.657 0.647
-0.051 -15.058 2.058
-1.977 -15.785 -1.16
1.187 -16.059 -3.293
-0.922 -13.94 -5.681
1.285 -10.852 -5.276
-1.689 -9.009 -3.672

-2.915 -8.068 -0.165
-6.302 -7.233 1.393
-7.428 -3.732 2.358

-7.469 -4.807 6.028
-3.672 -5.269 5.793
-3.13 -1.916 4.045
-2.604 0.156 7.219
-0.433 -2.7 8.539
1.967 -2.564 5.569
2.121 1.243 5.732
2.836 0.996 9.476
5.725 -1.371 8.686
7.397 1.46 6.732

6.862 3.75 9.759
3.84 5.572 8.229
0.705 6.206 10.37
-2.191 7.511 8.235
-5.494 7.975 10.111
-8.327 5.514 9.467

-10.202 8.1 7.376
-7.089 8.768 5.267
-6.967 5.013 4.625
-10.723 4.657 3.976
-10.494 7.56 1.505
-7.848 5.96 -0.715
-9.658 2.627 -0.363
-12.899 4.138 -1.689
-10.989 5.097 -4.873
-8.972 1.872 -5.183
-11.976 -0.197 -4.162
-13.395 0.681 -7.557

-12.944 -2.906 -8.736
-14.981 -4.093 -5.736
-12.26 -6.684 -4.927
-11.432 -5.132 -1.522
-7.795 -6.014 -2.414

-4.657 -4.172 -3.647
-1.857 -5.367 -5.98
1.813 -4.17 -5.821

1.616 -1.857 -8.906
-1.333 0.027 -7.367
0.623 -0.024 -4.093
3.454 1.812 -5.882
0.838 4.4 -6.903
-0.068 4.974 -3.233
3.498 5.745 -2.076
4.041 7.956 -5.142
0.983 10.041 -4.186
2.565 10.703 -0.782
6.246 11.063 -1.846

6.44279 11.847 -5.56183
7.57884 12.0809 -9.27394
7.12392 10.6641 -12.7165
6.53942 14.2835 -13.6863
8.25873 17.1854 -11.8944

6.02994 19.0616 -9.45411
9.04472 20.279 -7.48636
10.7363 21.5159 -10.6568
7.60942 23.4053 -11.7036
7.35415 25.0656 -8.29459
10.9945 26.1469 -8.44105
10.5115 27.6434 -11.9008
7.45785 29.5855 -10.7404
9.3536 30.9691 -7.75135
12.2296 32.0867 -9.97005
9.84116 33.8482 -12.344
8.16417 35.6689 -9.46026

5.97656 38.2161 -7.89956
3.2618 40.3393 -9.4993
2.82184 43.7107 -11.3576
3.09091 45.9325 -8.19857
3.43624 48.1419 -5.18354
6.97467 47.0285 -4.5909
6.4217 44.517 -1.92321
5.36803 42.382 1.09306
7.15928 44.8297 3.34715

7.6144 44.3462 7.08908
5.78324 41.0179 6.9798
7.95384 39.8079 4.10449
11.1248 40.7622 5.96923
9.97258 38.9026 9.07683
9.20917 35.783 7.04503
12.644 35.8821 5.42182
14.341 36.207 8.80673
12.3982 33.2406 10.1738
13.3628 31.106 7.18108

12.3888 28.08 9.26708
13.1138 25.549 6.49908
13.5188 21.858 7.51908
17.1018 22.183 6.30808
19.8548 20.272 8.16008
23.3568 21.744 8.62708

24.6558 18.724 6.66708
22.5248 19.438 3.57508
23.7978 23.036 3.39108
27.3818 21.779 3.72908
26.7498 19.853 0.487082
25.2078 22.907 -1.21492
28.2928 24.909 -0.0889178
30.7158 22.423 -1.73992
29.4798 23.085 -5.31692
28.7628 26.761 -4.49592

32.4208 27.823 -4.55492
31.8588 29.899 -1.41792
35.5758 30.548 -1.20292
37.9158 31.965 -3.80892
36.2248 35.292 -2.88392
34.3498 35.628 0.433082
30.8098 36.689 -0.583918

28.3178 34.796 -2.80292
25.0148 35.679 -4.49192
21.8828 33.687 -3.54492

20.1558 33.088 -6.96192

22.3218 29.944 -7.20892
21.5858 28.878 -3.61092
17.8728 29.687 -4.12192
17.4308 27.185 -6.97492
19.2918 24.61 -4.84592
16.9268 24.912 -1.85392
13.9798 24.468 -4.23892

15.1528 21.361 -6.09492
18.4988 20.607 -7.71592

End chain 1
