14.376 13.393 -9.434
11.305 12.496 -7.337
11.151 9.258 -9.32

11.004 6.006 -7.338
14.52 4.519 -7.198
14.967 0.776 -7.832

15.638 0.429 -4.087
12.514 2.285 -2.905
10.556 -0.102 -5.156
12.221 -3.075 -3.436
11.74 -1.711 0.112
7.991 -1.522 -0.555
8.139 -4.957 -2.2
9.527 -6.582 0.974
6.846 -4.901 3.105
4.21 -5.895 0.525
5.202 -9.589 0.585
5.112 -9.741 4.412
1.285 -9.811 3.999

1.012 -11.657 0.647
-0.051 -15.058 2.058
-1.977 -15.785 -1.16
1.187 -16.059 -3.293
-0.922 -13.94 -5.681
1.285 -10.852 -5.276
-1.689 -9.009 -3.672

-2.915 -8.068 -0.165
-6.302 -7.233 1.393
-7.428 -3.732 2.358

-7.469 -4.807 6.028
-3.672 -5.269 5.793
-3.13 -1.916 4.045
-2.604 0.156 7.219
-0.433 -2.7 8.539
1.967 -2.564 5.569
2.121 1.243 5.732
2.836 0.996 9.476
5.725 -1.371 8.686
7.397 1.46 6.732

6.862 3.75 9.759
3.84 5.572 8.229
0.705 6.206 10.37
-2.191 7.511 8.235
-5.494 7.975 10.111
-8.327 5.514 9.467

-10.202 8.1 7.376
-7.089 8.768 5.267
-6.967 5.013 4.625
-10.723 4.657 3.976
-10.494 7.56 1.505
-7.848 5.96 -0.715
-9.658 2.627 -0.363
-12.899 4.138 -1.689
-10.989 5.097 -4.873
-8.972 1.872 -5.183
-11.976 -0.197 -4.162
-13.395 0.681 -7.557

-12.944 -2.906 -8.736
-14.981 -4.093 -5.736
-12.26 -6.684 -4.927
-11.432 -5.132 -1.522
-7.795 -6.014 -2.414

-4.657 -4.172 -3.647
-1.857 -5.367 -5.98
1.813 -4.17 -5.821

1.616 -1.857 -8.906
-1.333 0.027 -7.367
0.623 -0.024 -4.093
3.454 1.812 -5.882
0.838 4.4 -6.903
-0.068 4.974 -3.233
3.498 5.745 -2.076
4.041 7.956 -5.142
0.983 10.041 -4.186
2.565 10.703 -0.782
6.246 11.063 -1.846

4.67798 13.6035 -4.07147
3.97398 17.0798 -5.44426
3.25309 20.4597 -6.85312
-0.0494873 19.7891 -4.99069
-3.43807 21.41 -4.95263

-4.11787 22.7201 -8.45469
-4.59102 26.2561 -7.14476
-1.31801 26.085 -5.22094
0.544576 24.8793 -8.30637
-0.885772 27.7131 -10.396
0.152434 30.2835 -7.79644
3.69034 28.8991 -7.69943
3.95645 29.0488 -11.4875
2.77421 32.6604 -11.5246
5.32917 33.6254 -8.8819
8.13158 31.979 -10.8513
7.11728 33.8183 -14.0185

4.92967 36.3656 -12.4578
2.21491 38.4887 -14.0575
1.77496 41.8602 -15.9158
2.04402 44.082 -12.7568
2.38935 46.2914 -9.74177
5.92778 45.1779 -9.14913
5.37481 42.6665 -6.48144
4.32114 40.5315 -3.46517
6.11239 42.9791 -1.21108

6.56751 42.4957 2.53085
4.73635 39.1674 2.42157
6.90695 37.9574 -0.453737
10.0779 38.9116 1.411
8.92569 37.0521 4.5186
8.16228 33.9325 2.4868
11.5971 34.0316 0.863591
13.2941 34.3564 4.2485
11.3513 31.39 5.61553
12.3159 29.2555 2.62285

11.3419 26.2295 4.70885
12.0669 23.6985 1.94085
12.4719 20.0075 2.96085
16.0549 20.3325 1.74985
18.8079 18.4215 3.60185
22.3099 19.8935 4.06885

23.6089 16.8735 2.10885
21.4779 17.5875 -0.983148
22.7509 21.1855 -1.16715
26.3349 19.9285 -0.829148
25.7029 18.0025 -4.07115
24.1609 21.0565 -5.77315
27.2459 23.0585 -4.64715
29.6689 20.5725 -6.29815
28.4329 21.2345 -9.87515
27.7159 24.9105 -9.05415

31.0129 26.0735 -7.58617
32.4477 27.9318 -4.6627
32.4774 31.4985 -6.09586
29.2712 31.234 -8.29531
26.3123 30.1521 -6.08447
26.1964 33.2758 -3.98582
24.8978 33.8574 -7.46588

23.163 33.8726 -10.7366
22.876 34.5137 -14.5705
22.0523 35.0695 -18.264

20.3253 34.4705 -21.681

22.4913 31.3265 -21.928
21.7553 30.2605 -18.33
18.0423 31.0695 -18.841
17.6003 28.5675 -21.694
19.4613 25.9925 -19.565
17.0963 26.2945 -16.573
14.1493 25.8505 -18.958

15.3223 22.7435 -20.814
18.6683 21.9895 -22.435

End chain 1
