14.376 13.393 -9.434
11.305 12.496 -7.337
11.151 9.258 -9.32

11.004 6.006 -7.338
14.52 4.519 -7.198
14.967 0.776 -7.832

15.638 0.429 -4.087
12.514 2.285 -2.905
10.556 -0.102 -5.156
12.221 -3.075 -3.436
11.74 -1.711 0.112
7.991 -1.522 -0.555
8.139 -4.957 -2.2
9.527 -6.582 0.974
6.846 -4.901 3.105
4.21 -5.895 0.525
5.202 -9.589 0.585
5.112 -9.741 4.412
1.285 -9.811 3.999

1.012 -11.657 0.647
-0.051 -15.058 2.058
-1.977 -15.785 -1.16
1.187 -16.059 -3.293
-0.922 -13.94 -5.681
1.285 -10.852 -5.276
-1.689 -9.009 -3.672

-2.915 -8.068 -0.165
-6.302 -7.233 1.393
-7.428 -3.732 2.358

-7.469 -4.807 6.028
-3.672 -5.269 5.793
-3.13 -1.916 4.045
-2.604 0.156 7.219
-0.433 -2.7 8.539
1.967 -2.564 5.569
2.121 1.243 5.732
2.836 0.996 9.476
5.725 -1.371 8.686
7.397 1.46 6.732

6.862 3.75 9.759
3.84 5.572 8.229
0.705 6.206 10.37
-2.191 7.511 8.235
-5.494 7.975 10.111
-8.327 5.514 9.467

-10.202 8.1 7.376
-7.089 8.768 5.267
-6.967 5.013 4.625
-10.723 4.657 3.976
-10.494 7.56 1.505
-7.848 5.96 -0.715
-9.658 2.627 -0.363
-12.899 4.138 -1.689
-10.989 5.097 -4.873
-8.972 1.872 -5.183
-11.976 -0.197 -4.162
-13.395 0.681 -7.557

-12.944 -2.906 -8.736
-14.981 -4.093 -5.736
-12.26 -6.684 -4.927
-11.432 -5.132 -1.522
-7.795 -6.014 -2.414

-4.657 -4.172 -3.647
-1.857 -5.367 -5.98
1.813 -4.17 -5.821

1.616 -1.857 -8.906
-1.333 0.027 -7.367
0.623 -0.024 -4.093
3.454 1.812 -5.882
0.838 4.4 -6.903
-0.068 4.974 -3.233
3.498 5.745 -2.076
4.041 7.956 -5.142
0.983 10.041 -4.186
2.565 10.703 -0.782
6.246 11.063 -1.846

6.035 12.924 -5.182
6.131 16.722 -5.217
6.989 16.305 -1.507
9.858 13.78 -1.634
11.538 13.045 1.688

14.643 14.548 0.171
13.064 18.006 0.615
12.862 17.279 4.359
16.524 16.32 4.829
17.819 19.048 2.483
15.769 21.685 4.333
17.343 20.368 7.548
20.838 20.55 6.134
19.766 24.108 5.257
19.121 24.841 8.95
22.77 23.781 9.254
24.133 25.977 6.444

21.9454 28.5243 8.0047
19.2306 30.6474 6.40496
18.7907 34.0188 4.54668
19.0597 36.2406 7.70569
19.4051 38.45 10.7207
22.9435 37.3366 11.3134
22.3905 34.8251 13.9811
21.3369 32.6902 16.9973
23.1281 35.1378 19.2514

23.5832 34.6544 22.9933
21.7521 31.326 22.8841
23.9227 30.1161 20.0088
27.0937 31.0703 21.8735
25.9414 29.2107 24.9811
25.178 26.0911 22.9493
28.6129 26.1902 21.3261
30.3098 26.5151 24.711
28.367 23.5487 26.078
29.3316 21.4142 23.0853

28.3576 18.3882 25.1713
29.0826 15.8572 22.4033
29.4876 12.1662 23.4233
33.0706 12.4912 22.2123
35.8236 10.5802 24.0643
39.3256 12.0522 24.5313

40.6246 9.03215 22.5713
38.4936 9.74615 19.4793
39.7666 13.3442 19.2953
43.3506 12.0872 19.6333
42.7186 10.1612 16.3913
41.1766 13.2152 14.6893
44.2616 15.2172 15.8153
46.6846 12.7312 14.1643
45.4486 13.3932 10.5873
44.7316 17.0692 11.4083

48.3896 18.1312 11.3493
47.8276 20.2072 14.4863
51.5446 20.8562 14.7013
53.8846 22.2732 12.0953
52.1936 25.6002 13.0203
50.3186 25.9362 16.3373
46.7786 26.9972 15.3203

44.2866 25.1042 13.1013
40.9836 25.9872 11.4123
37.8516 23.9952 12.3593

36.1246 23.3962 8.94234

38.2906 20.2522 8.69534
37.5546 19.1862 12.2933
33.8416 19.9952 11.7823
33.3996 17.4932 8.92934
35.2606 14.9182 11.0583
32.8956 15.2202 14.0503
29.9486 14.7762 11.6653

31.1216 11.6692 9.80934
34.4676 10.9152 8.18834

End chain 1
