14.376 13.393 -9.434
11.305 12.496 -7.337
11.151 9.258 -9.32

11.004 6.006 -7.338
14.52 4.519 -7.198
14.967 0.776 -7.832

15.638 0.429 -4.087
12.514 2.285 -2.905
10.556 -0.102 -5.156
12.221 -3.075 -3.436
11.74 -1.711 0.112
7.991 -1.522 -0.555
8.139 -4.957 -2.2
9.527 -6.582 0.974
6.846 -4.901 3.105
4.21 -5.895 0.525
5.202 -9.589 0.585
5.112 -9.741 4.412
1.285 -9.811 3.999

1.012 -11.657 0.647
-0.051 -15.058 2.058
-1.977 -15.785 -1.16
1.187 -16.059 -3.293
-0.922 -13.94 -5.681
1.285 -10.852 -5.276
-1.689 -9.009 -3.672

-2.915 -8.068 -0.165
-6.302 -7.233 1.393
-7.428 -3.732 2.358

-7.469 -4.807 6.028
-3.672 -5.269 5.793
-3.13 -1.916 4.045
-2.604 0.156 7.219
-0.433 -2.7 8.539
1.967 -2.564 5.569
2.121 1.243 5.732
2.836 0.996 9.476
5.725 -1.371 8.686
7.397 1.46 6.732

6.862 3.75 9.759
3.84 5.572 8.229
0.705 6.206 10.37
-2.191 7.511 8.235
-5.494 7.975 10.111
-8.327 5.514 9.467

-10.202 8.1 7.376
-7.089 8.768 5.267
-6.967 5.013 4.625
-10.723 4.657 3.976
-10.494 7.56 1.505
-7.848 5.96 -0.715
-9.658 2.627 -0.363
-12.899 4.138 -1.689
-10.989 5.097 -4.873
-8.972 1.872 -5.183
-11.976 -0.197 -4.162
-13.395 0.681 -7.557

-12.944 -2.906 -8.736
-14.981 -4.093 -5.736
-12.26 -6.684 -4.927
-11.432 -5.132 -1.522
-7.795 -6.014 -2.414

-4.657 -4.172 -3.647
-1.857 -5.367 -5.98
1.813 -4.17 -5.821

1.616 -1.857 -8.906
-1.333 0.027 -7.367
0.623 -0.024 -4.093
3.454 1.812 -5.882
0.838 4.4 -6.903
-0.068 4.974 -3.233
3.498 5.745 -2.076
4.041 7.956 -5.142
0.983 10.041 -4.186
2.565 10.703 -0.782
6.246 11.063 -1.846

4.58847 13.8125 -3.84548
2.72849 16.8951 -4.95294
0.987672 20.1547 -6.17118
-1.83391 21.6217 -3.94473
-4.57723 22.2568 -6.61006

-5.1345 25.4067 -8.66198
-3.27914 27.5177 -6.10386
-0.334185 25.1156 -6.11415
-0.151979 25.2027 -9.90917
-0.171603 29.003 -9.91959
2.63638 29.121 -7.36143
4.73758 26.7089 -9.41323
4.23829 28.7922 -12.5523
5.28141 31.961 -10.732
8.42939 30.2857 -9.41807
9.35859 29.0814 -12.9008
8.89591 32.5699 -14.3358

6.7083 35.1171 -12.7751
3.99354 37.2403 -14.3748
3.55358 40.6117 -16.2331
3.82265 42.8335 -13.0741
4.16798 45.0429 -10.059
7.70641 43.9295 -9.46641
7.15344 41.418 -6.79872
6.09977 39.283 -3.78245
7.89102 41.7307 -1.52836

8.34614 41.2472 2.21357
6.51498 37.9189 2.10429
8.68558 36.7089 -0.771018
11.8566 37.6632 1.09371
10.7043 35.8036 4.20132
9.94091 32.684 2.16952
13.3758 32.7831 0.54631
15.0727 33.108 3.93122
13.1299 30.1416 5.29825
14.0945 28.007 2.30557

13.1205 24.981 4.39157
13.8455 22.45 1.62357
14.2505 18.759 2.64357
17.8335 19.084 1.43257
20.5865 17.173 3.28457
24.0885 18.645 3.75157

25.3875 15.625 1.79157
23.2565 16.339 -1.30043
24.5295 19.937 -1.48443
28.1135 18.68 -1.14643
27.4815 16.754 -4.38843
25.9395 19.808 -6.09043
29.0245 21.81 -4.96443
31.4475 19.324 -6.61543
30.2115 19.986 -10.1924
29.4945 23.662 -9.37143

32.7916 24.8251 -7.90345
34.2264 26.6833 -4.97998
34.2561 30.25 -6.41315
31.0499 29.9855 -8.61259
28.0909 28.9037 -6.40175
27.975 32.0274 -4.3031
26.6764 32.6089 -7.78316

24.9417 32.6241 -11.0539
24.6546 33.2652 -14.8878
23.8309 33.8211 -18.5813

22.1039 33.2221 -21.9983

24.2699 30.0781 -22.2453
23.5339 29.0121 -18.6473
19.8209 29.8211 -19.1583
19.3789 27.3191 -22.0113
21.2399 24.7441 -19.8823
18.8749 25.0461 -16.8903
15.9279 24.6021 -19.2753

17.1009 21.4951 -21.1313
20.4469 20.7411 -22.7523

End chain 1
