14.376 13.393 -9.434
11.305 12.496 -7.337
11.151 9.258 -9.32

11.004 6.006 -7.338
14.52 4.519 -7.198
14.967 0.776 -7.832

15.638 0.429 -4.087
12.514 2.285 -2.905
10.556 -0.102 -5.156
12.221 -3.075 -3.436
11.74 -1.711 0.112
7.991 -1.522 -0.555
8.139 -4.957 -2.2
9.527 -6.582 0.974
6.846 -4.901 3.105
4.21 -5.895 0.525
5.202 -9.589 0.585
5.112 -9.741 4.412
1.285 -9.811 3.999

1.012 -11.657 0.647
-0.051 -15.058 2.058
-1.977 -15.785 -1.16
1.187 -16.059 -3.293
-0.922 -13.94 -5.681
1.285 -10.852 -5.276
-1.689 -9.009 -3.672

-2.915 -8.068 -0.165
-6.302 -7.233 1.393
-7.428 -3.732 2.358

-7.469 -4.807 6.028
-3.672 -5.269 5.793
-3.13 -1.916 4.045
-2.604 0.156 7.219
-0.433 -2.7 8.539
1.967 -2.564 5.569
2.121 1.243 5.732
2.836 0.996 9.476
5.725 -1.371 8.686
7.397 1.46 6.732

6.862 3.75 9.759
3.84 5.572 8.229
0.705 6.206 10.37
-2.191 7.511 8.235
-5.494 7.975 10.111
-8.327 5.514 9.467

-10.202 8.1 7.376
-7.089 8.768 5.267
-6.967 5.013 4.625
-10.723 4.657 3.976
-10.494 7.56 1.505
-7.848 5.96 -0.715
-9.658 2.627 -0.363
-12.899 4.138 -1.689
-10.989 5.097 -4.873
-8.972 1.872 -5.183
-11.976 -0.197 -4.162
-13.395 0.681 -7.557

-10.854 -1.80759 -8.60506
-9.53411 -4.41724 -6.03145
-8.25411 -7.37114 -3.84905
-9.11233 -9.0143 -7.16624
-8.73957 -7.40477 -10.5807

-6.53727 -5.34064 -8.40206
-3.66499 -4.66312 -5.91463
-0.383465 -2.94154 -4.69966

-0.580465 -0.628542 -7.78466
-3.52946 1.25546 -6.24566
-1.57346 1.20446 -2.97166
1.25754 3.04046 -4.76066
-1.35846 5.62846 -5.78166
-2.26446 6.20246 -2.11166
1.30154 6.97346 -0.954662
1.84454 9.18446 -4.02066
-1.21346 11.2695 -3.06466
0.368535 11.9315 0.339338
4.04954 12.2915 -0.724662

3.89064 13.3662 -4.4226
4.59556 16.0202 -6.92455
4.95614 17.305 -10.512
4.45271 21.0667 -10.7499
3.93832 24.7876 -11.0358

5.14083 28.3317 -10.3751
7.46659 27.1323 -7.6192
8.93879 24.464 -9.8898
9.56201 27.0112 -12.6405
11.3116 29.3513 -10.2104
13.5482 26.5425 -8.96498
14.502 25.5953 -12.5197
15.3809 29.1988 -13.3473
17.5668 29.4785 -10.251
19.4075 26.2754 -11.1428
20.0522 27.5154 -14.6769
21.4264 30.8103 -13.3739

24.3285 30.8887 -10.8566
26.0222 32.869 -8.11931
24.5945 35.8103 -6.28817
22.4911 37.8937 -8.67988
19.5814 35.4384 -8.81467
19.5587 35.4979 -4.92109
19.3562 35.6077 -1.21679
17.397 38.7682 -2.20667
14.3508 36.771 -3.57861

13.7935 36.3274 -7.31164
11.6967 33.2123 -6.72663
9.55345 35.0191 -4.16054
8.96464 37.9158 -6.54908
7.92275 35.5404 -9.3266
5.47203 33.7692 -7.0245
3.92709 37.076 -5.96568
3.49993 38.1468 -9.58697
1.80779 34.8581 -10.4611
-0.595629 35.2063 -7.53787

-1.76113 31.8526 -6.26791
-1.54471 28.1947 -5.11698
-2.2051 26.2963 -1.92638
-0.19122 23.1353 -2.59837
3.40682 21.9848 -3.32326
3.05273 22.8409 0.46245

2.41685 24.0362 4.01347
6.14115 24.458 4.64165
6.54958 26.4773 1.44811
3.66334 28.7567 2.40546
5.15166 29.3551 5.8507
8.52895 30.2335 4.3456
6.92469 32.703 1.94333
5.03221 34.3812 4.7797
8.2139 34.7226 6.82988
10.0533 36.2847 3.89405

7.7187 39.2238 3.58061
6.79894 38.8815 -0.123988
3.52144 39.4307 -2.1614
1.40582 36.2618 -1.34509
-1.35784 38.673 -0.813088
-1.31762 40.4749 -4.21908
-3.25869 42.2312 -7.09731

-1.0645 41.5742 -10.2115
0.0154133 43.0227 -13.5515
2.07964 44.0969 -16.5386

0.352639 43.4979 -19.9556

2.51864 40.3539 -20.2026
1.78264 39.2879 -16.6046
-1.93036 40.0969 -17.1156
-2.37236 37.5949 -19.9686
-0.511361 35.0199 -17.8396
-2.87636 35.3219 -14.8476
-5.82336 34.8779 -17.2326

-4.65036 31.7709 -19.0886
-1.30436 31.0169 -20.7096

End chain 1
