14.376 13.393 -9.434
11.305 12.496 -7.337
11.151 9.258 -9.32

11.004 6.006 -7.338
14.52 4.519 -7.198
14.967 0.776 -7.832

15.638 0.429 -4.087
12.514 2.285 -2.905
10.556 -0.102 -5.156
12.221 -3.075 -3.436
11.74 -1.711 0.112
7.991 -1.522 -0.555
8.139 -4.957 -2.2
9.527 -6.582 0.974
6.846 -4.901 3.105
4.21 -5.895 0.525
5.202 -9.589 0.585
5.112 -9.741 4.412
1.285 -9.811 3.999

1.012 -11.657 0.647
-0.051 -15.058 2.058
-1.977 -15.785 -1.16
1.187 -16.059 -3.293
-0.922 -13.94 -5.681
1.285 -10.852 -5.276
-1.689 -9.009 -3.672

-2.915 -8.068 -0.165
-6.302 -7.233 1.393
-7.428 -3.732 2.358

-7.469 -4.807 6.028
-3.672 -5.269 5.793
-3.13 -1.916 4.045
-2.604 0.156 7.219
-0.433 -2.7 8.539
1.967 -2.564 5.569
2.121 1.243 5.732
2.836 0.996 9.476
5.725 -1.371 8.686
7.397 1.46 6.732

6.862 3.75 9.759
3.84 5.572 8.229
0.705 6.206 10.37
-2.191 7.511 8.235
-5.494 7.975 10.111
-8.327 5.514 9.467

-10.202 8.1 7.376
-7.089 8.768 5.267
-6.967 5.013 4.625
-10.723 4.657 3.976
-10.494 7.56 1.505
-7.848 5.96 -0.715
-9.658 2.627 -0.363
-12.899 4.138 -1.689
-10.989 5.097 -4.873
-8.972 1.872 -5.183
-11.976 -0.197 -4.162
-13.395 0.681 -7.557

-12.944 -2.906 -8.736
-14.981 -4.093 -5.736
-12.26 -6.684 -4.927
-11.432 -5.132 -1.522
-7.795 -6.014 -2.414

-4.657 -4.172 -3.647
-1.857 -5.367 -5.98
1.813 -4.17 -5.821

1.616 -1.857 -8.906
-1.333 0.027 -7.367
0.623 -0.024 -4.093
3.454 1.812 -5.882
0.838 4.4 -6.903
-0.068 4.974 -3.233
3.498 5.745 -2.076
4.041 7.956 -5.142
0.983 10.041 -4.186
2.565 10.703 -0.782
6.246 11.063 -1.846

6.08711 12.1378 -5.54394
6.79202 14.7918 -8.04589
7.1526 16.0766 -11.6333
6.64917 19.8383 -11.8713
6.13479 23.5592 -12.1571

7.33729 27.1032 -11.4965
9.66306 25.9038 -8.74054
11.1353 23.2355 -11.0111
11.7585 25.7827 -13.7619
13.5081 28.1229 -11.3318
15.7447 25.3141 -10.0863
16.6984 24.3668 -13.641
17.5774 27.9704 -14.4686
19.7633 28.25 -11.3724
21.604 25.047 -12.2641
22.2487 26.2869 -15.7982
23.6229 29.5819 -14.4952

26.525 29.6602 -11.978
28.2187 31.6406 -9.24065
26.791 34.5818 -7.4095
24.6876 36.6653 -9.80122
21.7778 34.2099 -9.93601
21.7552 34.2694 -6.04243
21.5527 34.3792 -2.33813
19.5935 37.5398 -3.32801
16.5473 35.5425 -4.69995

15.99 35.0989 -8.43298
13.8931 31.9838 -7.84797
11.7499 33.7906 -5.28188
11.1611 36.6874 -7.67042
10.1192 34.3119 -10.4479
7.66849 32.5407 -8.14584
6.12356 35.8475 -7.08702
5.69639 36.9184 -10.7083
4.00426 33.6297 -11.5824
1.60084 33.9778 -8.65921

0.43533 30.6242 -7.38925
0.651756 26.9662 -6.23832
-0.00863899 25.0678 -3.04771
2.00524 21.9068 -3.71971
5.60328 20.7564 -4.4446
5.24919 21.6125 -0.658887

4.61331 22.8078 2.89213
8.33761 23.2296 3.52031
8.74604 25.2488 0.32677
5.85981 27.5283 1.28412
7.34813 28.1267 4.72936
10.7254 29.005 3.22427
9.12115 31.4745 0.821995
7.22868 33.1527 3.65836
10.4104 33.4941 5.70854
12.2498 35.0563 2.77271

15.9078 36.1183 2.71371
15.3458 38.1943 5.85071
19.0628 38.8433 6.06571
21.4028 40.2603 3.45971
19.7118 43.5873 4.38471
17.8368 43.9233 7.70171
14.2968 44.9843 6.68471

11.8048 43.0913 4.46571
8.50175 43.9743 2.77671
5.36975 41.9823 3.72371

3.64275 41.3833 0.30671

5.80875 38.2393 0.0597096
5.07275 37.1733 3.65771
1.35975 37.9823 3.14671
0.917754 35.4803 0.29371
2.77875 32.9053 2.42271
0.413754 33.2073 5.41471
-2.53325 32.7633 3.02971

-1.36025 29.6563 1.17371
1.98575 28.9023 -0.44729

End chain 1
