14.376 13.393 -9.434
11.305 12.496 -7.337
11.151 9.258 -9.32

11.004 6.006 -7.338
14.52 4.519 -7.198
14.967 0.776 -7.832

15.638 0.429 -4.087
12.514 2.285 -2.905
10.556 -0.102 -5.156
12.221 -3.075 -3.436
11.74 -1.711 0.112
7.991 -1.522 -0.555
8.139 -4.957 -2.2
9.527 -6.582 0.974
6.846 -4.901 3.105
4.21 -5.895 0.525
5.202 -9.589 0.585
5.112 -9.741 4.412
1.285 -9.811 3.999

1.012 -11.657 0.647
-0.051 -15.058 2.058
-1.977 -15.785 -1.16
1.187 -16.059 -3.293
-0.922 -13.94 -5.681
1.285 -10.852 -5.276
-1.689 -9.009 -3.672

-2.915 -8.068 -0.165
-6.302 -7.233 1.393
-7.428 -3.732 2.358

-7.469 -4.807 6.028
-3.672 -5.269 5.793
-3.13 -1.916 4.045
-2.604 0.156 7.219
-0.433 -2.7 8.539
1.967 -2.564 5.569
2.121 1.243 5.732
2.836 0.996 9.476
5.725 -1.371 8.686
7.397 1.46 6.732

6.862 3.75 9.759
3.84 5.572 8.229
0.705 6.206 10.37
-2.191 7.511 8.235
-5.494 7.975 10.111
-8.327 5.514 9.467

-10.202 8.1 7.376
-7.089 8.768 5.267
-6.967 5.013 4.625
-10.723 4.657 3.976
-10.494 7.56 1.505
-7.848 5.96 -0.715
-9.658 2.627 -0.363
-12.899 4.138 -1.689
-10.989 5.097 -4.873
-8.972 1.872 -5.183
-11.976 -0.197 -4.162
-13.395 0.681 -7.557

-12.944 -2.906 -8.736
-14.981 -4.093 -5.736
-12.26 -6.684 -4.927
-11.432 -5.132 -1.522
-7.795 -6.014 -2.414

-4.657 -4.172 -3.647
-1.857 -5.367 -5.98
1.813 -4.17 -5.821

1.616 -1.857 -8.906
-1.333 0.027 -7.367
0.623 -0.024 -4.093
3.454 1.812 -5.882
0.838 4.4 -6.903
-0.068 4.974 -3.233
3.498 5.745 -2.076
4.041 7.956 -5.142
0.983 10.041 -4.186
2.565 10.703 -0.782
6.246 11.063 -1.846

4.78354 13.9552 -3.91478
5.70213 17.57 -3.78767
7.42986 20.9751 -4.15292
5.37729 23.4486 -6.16571
7.13017 24.0265 -9.4537

7.02852 27.7058 -8.50748
9.66794 27.1879 -5.82268
11.9452 25.3841 -8.27284
11.5978 28.1908 -10.8115
12.456 30.8018 -8.18683
15.5514 28.8653 -7.13277
16.7224 28.5857 -10.7374
16.2745 32.3212 -11.2744
18.2712 33.1096 -8.13843
21.1013 30.8299 -9.25037
21.2189 32.4832 -12.6703
21.3748 35.9407 -11.1006

21.1861 38.5192 -8.40989
21.6534 41.7193 -6.39479
21.7954 45.5105 -5.72692
18.4234 44.4369 -6.80891
16.4342 41.5262 -5.36934
17.4208 43.4855 -2.38129
15.779 47.021 -2.30928
13.0876 44.346 -2.90031
13.0107 41.2711 -0.58397

13.1959 38.0941 -2.66124
11.1141 36.1917 -0.113764
8.46661 38.9181 -0.0973472
8.26792 38.8825 -3.89236
7.848 35.1056 -3.93157
5.05037 35.293 -1.36621
3.23801 37.9477 -3.39361
3.48676 35.8454 -6.54975
2.08793 32.8043 -4.75043
-0.842586 34.8219 -3.41474

-2.00809 31.4683 -2.14478
-1.79167 27.8103 -0.993851
-2.45206 25.9119 2.19675
-0.438177 22.7509 1.52476
3.15986 21.6004 0.799867
2.80577 22.4565 4.58558

2.16989 23.6519 8.1366
5.89419 24.0736 8.76478
6.30262 26.0929 5.57124
3.41638 28.3724 6.52859
4.90471 28.9707 9.97383
8.282 29.8491 8.46873
6.67773 32.3186 6.06646
4.78526 33.9968 8.90283
7.96694 34.3382 10.953
9.80633 35.9004 8.01718

13.4643 36.9624 7.95818
12.9023 39.0384 11.0952
16.6193 39.6874 11.3102
18.9593 41.1044 8.70418
17.2683 44.4314 9.62918
15.3933 44.7674 12.9462
11.8533 45.8284 11.9292

9.36133 43.9354 9.71018
6.05833 44.8184 8.02118
2.92633 42.8264 8.96818

1.19933 42.2274 5.55118

3.36533 39.0834 5.30418
2.62933 38.0174 8.90218
-1.08367 38.8264 8.39118
-1.52567 36.3244 5.53818
0.335333 33.7494 7.66718
-2.02967 34.0514 10.6592
-4.97667 33.6074 8.27418

-3.80367 30.5004 6.41818
-0.457667 29.7464 4.79718

End chain 1
