14.376 13.393 -9.434
11.305 12.496 -7.337
11.151 9.258 -9.32

11.004 6.006 -7.338
14.52 4.519 -7.198
14.967 0.776 -7.832

15.638 0.429 -4.087
12.514 2.285 -2.905
10.556 -0.102 -5.156
12.221 -3.075 -3.436
11.74 -1.711 0.112
7.991 -1.522 -0.555
8.139 -4.957 -2.2
9.527 -6.582 0.974
6.846 -4.901 3.105
4.21 -5.895 0.525
5.202 -9.589 0.585
5.112 -9.741 4.412
1.285 -9.811 3.999

1.012 -11.657 0.647
-0.051 -15.058 2.058
-1.977 -15.785 -1.16
1.187 -16.059 -3.293
-0.922 -13.94 -5.681
1.285 -10.852 -5.276
-1.689 -9.009 -3.672

-2.915 -8.068 -0.165
-6.302 -7.233 1.393
-7.428 -3.732 2.358

-7.469 -4.807 6.028
-3.672 -5.269 5.793
-3.13 -1.916 4.045
-2.604 0.156 7.219
-0.433 -2.7 8.539
1.967 -2.564 5.569
2.121 1.243 5.732
2.836 0.996 9.476
5.725 -1.371 8.686
7.397 1.46 6.732

6.862 3.75 9.759
3.84 5.572 8.229
0.705 6.206 10.37
-2.191 7.511 8.235
-5.494 7.975 10.111
-8.327 5.514 9.467

-10.202 8.1 7.376
-7.089 8.768 5.267
-6.967 5.013 4.625
-10.723 4.657 3.976
-10.494 7.56 1.505
-7.848 5.96 -0.715
-9.658 2.627 -0.363
-12.899 4.138 -1.689
-10.989 5.097 -4.873
-8.972 1.872 -5.183
-11.976 -0.197 -4.162
-13.395 0.681 -7.557

-12.944 -2.906 -8.736
-14.981 -4.093 -5.736
-12.26 -6.684 -4.927
-11.432 -5.132 -1.522
-7.795 -6.014 -2.414

-4.657 -4.172 -3.647
-1.857 -5.367 -5.98
1.813 -4.17 -5.821

1.616 -1.857 -8.906
-1.333 0.027 -7.367
0.623 -0.024 -4.093
3.454 1.812 -5.882
0.838 4.4 -6.903
-0.068 4.974 -3.233
3.498 5.745 -2.076
4.041 7.956 -5.142
0.983 10.041 -4.186
2.565 10.703 -0.782
6.246 11.063 -1.846

6.035 12.924 -5.182
6.131 16.722 -5.217
6.989 16.305 -1.507
9.858 13.78 -1.634
11.538 13.045 1.688

14.643 14.548 0.171
13.064 18.006 0.615
12.862 17.279 4.359
16.524 16.32 4.829
17.819 19.048 2.483
15.769 21.685 4.333
17.343 20.368 7.548
20.838 20.55 6.134
19.766 24.108 5.257
19.121 24.841 8.95
22.77 23.781 9.254
24.133 25.977 6.444

23.9443 28.5555 9.13473
24.4115 31.7555 11.1498
24.5535 35.5468 11.8177
21.1816 34.4732 10.7357
19.1923 31.5625 12.1753
20.179 33.5218 15.1633
18.5371 37.0572 15.2353
15.8458 34.3823 14.6443
15.7689 31.3074 16.9606

15.9541 28.1304 14.8834
13.8723 26.228 17.4309
11.2248 28.9544 17.4473
11.0261 28.9188 13.6523
10.6062 25.1419 13.6131
7.80853 25.3292 16.1784
5.99617 27.984 14.151
6.24493 25.8817 10.9949
4.84609 22.8405 12.7942
1.91558 24.8582 14.1299

0.750072 21.5045 15.3998
0.966498 17.8466 16.5508
0.306103 15.9482 19.7414
2.31999 12.7872 19.0694
5.91802 11.6367 18.3445
5.56393 12.4928 22.1302

4.92806 13.6881 25.6812
8.65235 14.1099 26.3094
9.06078 16.1292 23.1159
6.17455 18.4086 24.0732
7.66287 19.007 27.5184
11.0402 19.8854 26.0134
9.4359 22.3549 23.6111
7.54342 24.0331 26.4474
10.7251 24.3744 28.4976
12.5645 25.9366 25.5618

16.2225 26.9986 25.5028
15.6605 29.0746 28.6398
19.3775 29.7236 28.8548
21.7175 31.1406 26.2488
20.0265 34.4676 27.1738
18.1515 34.8036 30.4908
14.6115 35.8646 29.4738

12.1195 33.9716 27.2548
8.8165 34.8546 25.5658
5.6845 32.8626 26.5128

3.9575 32.2636 23.0958

6.1235 29.1196 22.8488
5.3875 28.0536 26.4468
1.6745 28.8626 25.9358
1.2325 26.3606 23.0828
3.0935 23.7856 25.2118
0.728496 24.0876 28.2038
-2.2185 23.6436 25.8188

-1.0455 20.5366 23.9628
2.3005 19.7826 22.3418

End chain 1
