14.376 13.393 -9.434
11.305 12.496 -7.337
11.151 9.258 -9.32

11.004 6.006 -7.338
14.52 4.519 -7.198
14.967 0.776 -7.832

15.638 0.429 -4.087
12.514 2.285 -2.905
10.556 -0.102 -5.156
12.221 -3.075 -3.436
11.74 -1.711 0.112
7.991 -1.522 -0.555
8.139 -4.957 -2.2
9.527 -6.582 0.974
6.846 -4.901 3.105
4.21 -5.895 0.525
5.202 -9.589 0.585
5.112 -9.741 4.412
1.285 -9.811 3.999

1.012 -11.657 0.647
-0.051 -15.058 2.058
-1.977 -15.785 -1.16
1.187 -16.059 -3.293
-0.922 -13.94 -5.681
1.285 -10.852 -5.276
-1.689 -9.009 -3.672

-2.915 -8.068 -0.165
-6.302 -7.233 1.393
-7.428 -3.732 2.358

-7.469 -4.807 6.028
-3.672 -5.269 5.793
-3.13 -1.916 4.045
-2.604 0.156 7.219
-0.433 -2.7 8.539
1.967 -2.564 5.569
2.121 1.243 5.732
2.836 0.996 9.476
5.725 -1.371 8.686
7.397 1.46 6.732

6.862 3.75 9.759
3.84 5.572 8.229
0.705 6.206 10.37
-2.191 7.511 8.235
-5.494 7.975 10.111
-8.327 5.514 9.467

-10.202 8.1 7.376
-7.089 8.768 5.267
-6.967 5.013 4.625
-10.723 4.657 3.976
-10.494 7.56 1.505
-7.848 5.96 -0.715
-9.658 2.627 -0.363
-12.899 4.138 -1.689
-10.989 5.097 -4.873
-8.972 1.872 -5.183
-11.976 -0.197 -4.162
-13.395 0.681 -7.557

-10.3703 1.5027 -9.6177
-7.2966 2.66346 -11.6224
-4.91525 3.84406 -14.4359
-3.16344 0.53224 -15.2536
-4.61182 -2.95834 -14.7299

-2.21606 -4.5036 -12.1421
-0.416116 -4.93322 -8.83826
-1.87189 -2.8566 -5.99663

-2.06889 -0.5436 -9.08163
-5.01789 1.3404 -7.54263
-3.06189 1.2894 -4.26863
-0.230889 3.1254 -6.05763
-2.84689 5.7134 -7.07863
-3.75289 6.2874 -3.40863
-0.186889 7.0584 -2.25163
0.356111 9.2694 -5.31763
-2.70189 11.3544 -4.36163
-1.11989 12.0164 -0.957628
2.56111 12.3764 -2.02163

2.40222 13.4512 -5.71956
3.10714 16.1052 -8.22152
3.46771 17.39 -11.8089
2.96428 21.1517 -12.0469
2.4499 24.8726 -12.3327

3.65241 28.4166 -11.6721
5.97817 27.2172 -8.91617
7.45037 24.5489 -11.1868
8.07359 27.0961 -13.9375
9.82318 29.4363 -11.5074
12.0598 26.6275 -10.2619
13.0136 25.6802 -13.8167
13.8925 29.2838 -14.6442
16.0784 29.5634 -11.548
17.9191 26.3604 -12.4398
18.5638 27.6003 -15.9738
19.938 30.8953 -14.6709

22.8401 30.9736 -12.1536
24.5338 32.954 -9.41628
23.1061 35.8952 -7.58513
21.0027 37.9787 -9.97685
18.093 35.5233 -10.1116
18.0703 35.5828 -6.21806
17.8678 35.6926 -2.51376
15.9086 38.8532 -3.50364
12.8624 36.8559 -4.87558

12.3051 36.4123 -8.60861
10.2083 33.2972 -8.0236
8.06503 35.104 -5.45751
7.47622 38.0008 -7.84605
6.43432 35.6253 -10.6236
3.9836 33.8541 -8.32147
2.43867 37.1609 -7.26265
2.0115 38.2318 -10.8839
0.319367 34.9431 -11.7581
-2.08405 35.2912 -8.83484

-3.24956 31.9376 -7.56487
-3.03313 28.2796 -6.41395
-3.69353 26.3812 -3.22334
-1.67964 23.2202 -3.89534
1.91839 22.0698 -4.62023
1.5643 22.9259 -0.834516

0.928426 24.1212 2.7165
4.65272 24.543 3.34469
5.06115 26.5622 0.151142
2.17492 28.8417 1.10849
3.66324 29.4401 4.55374
7.04053 30.3184 3.04864
5.43626 32.7879 0.646367
3.54379 34.4661 3.48273
6.72547 34.8075 5.53291
8.56487 36.3697 2.59708

6.23027 39.3088 2.28364
5.31052 38.9664 -1.42095
2.03302 39.5156 -3.45836
-0.0826048 36.3467 -2.64206
-2.84626 38.7579 -2.11005
-2.80604 40.5598 -5.51605
-4.74711 42.3161 -8.39427

-2.55293 41.6592 -11.5085
-1.47301 43.1076 -14.8485
0.591215 44.1818 -17.8356

-1.13579 43.5828 -21.2526

1.03021 40.4388 -21.4996
0.294215 39.3728 -17.9016
-3.41879 40.1818 -18.4126
-3.86079 37.6798 -21.2656
-1.99979 35.1048 -19.1366
-4.36479 35.4068 -16.1446
-7.31179 34.9628 -18.5296

-6.13879 31.8558 -20.3856
-2.79279 31.1018 -22.0066

End chain 1
