14.376 13.393 -9.434
11.305 12.496 -7.337
11.151 9.258 -9.32

11.004 6.006 -7.338
14.52 4.519 -7.198
14.967 0.776 -7.832

15.638 0.429 -4.087
12.514 2.285 -2.905
10.556 -0.102 -5.156
12.221 -3.075 -3.436
11.74 -1.711 0.112
7.991 -1.522 -0.555
8.139 -4.957 -2.2
9.527 -6.582 0.974
6.846 -4.901 3.105
4.21 -5.895 0.525
5.202 -9.589 0.585
5.112 -9.741 4.412
1.285 -9.811 3.999

1.012 -11.657 0.647
-0.051 -15.058 2.058
-1.977 -15.785 -1.16
1.187 -16.059 -3.293
-0.922 -13.94 -5.681
1.285 -10.852 -5.276
-1.689 -9.009 -3.672

-2.915 -8.068 -0.165
-6.302 -7.233 1.393
-7.428 -3.732 2.358

-7.469 -4.807 6.028
-3.672 -5.269 5.793
-3.13 -1.916 4.045
-2.604 0.156 7.219
-0.433 -2.7 8.539
1.967 -2.564 5.569
2.121 1.243 5.732
2.836 0.996 9.476
5.725 -1.371 8.686
7.397 1.46 6.732

6.862 3.75 9.759
3.84 5.572 8.229
0.705 6.206 10.37
-2.191 7.511 8.235
-5.494 7.975 10.111
-8.327 5.514 9.467

-10.202 8.1 7.376
-7.089 8.768 5.267
-6.967 5.013 4.625
-10.723 4.657 3.976
-10.494 7.56 1.505
-7.848 5.96 -0.715
-9.658 2.627 -0.363
-12.899 4.138 -1.689
-10.989 5.097 -4.873
-8.972 1.872 -5.183
-11.976 -0.197 -4.162
-13.395 0.681 -7.557

-12.944 -2.906 -8.736
-14.981 -4.093 -5.736
-12.26 -6.684 -4.927
-11.432 -5.132 -1.522
-7.795 -6.014 -2.414

-4.657 -4.172 -3.647
-1.857 -5.367 -5.98
1.813 -4.17 -5.821

1.616 -1.857 -8.906
-1.333 0.027 -7.367
0.623 -0.024 -4.093
3.454 1.812 -5.882
0.838 4.4 -6.903
-0.068 4.974 -3.233
3.498 5.745 -2.076
4.041 7.956 -5.142
0.983 10.041 -4.186
2.565 10.703 -0.782
6.246 11.063 -1.846

4.78354 13.9552 -3.91478
5.70213 17.57 -3.78767
7.42986 20.9751 -4.15292
5.37729 23.4486 -6.16571
7.13017 24.0265 -9.4537

7.02852 27.7058 -8.50748
9.66794 27.1879 -5.82268
11.9452 25.3841 -8.27284
11.5978 28.1908 -10.8115
12.456 30.8018 -8.18683
15.5514 28.8653 -7.13277
16.7224 28.5857 -10.7374
16.2745 32.3212 -11.2744
18.2712 33.1096 -8.13843
21.1013 30.8299 -9.25037
21.2189 32.4832 -12.6703
21.3748 35.9407 -11.1006

23.9901 34.8774 -8.59568
26.7301 34.788 -5.90822
29.3289 34.0909 -3.17396
29.9931 35.5616 0.24043
26.691 34.2227 1.41508
26.0127 31.0413 -0.633319
27.2229 28.2673 1.68323
29.8907 28.0756 -1.08684
32.9137 29.0822 -3.32024

34.6762 26.6417 -5.63983
34.1197 23.7764 -3.20603
30.4211 24.604 -2.92671
30.051 24.6697 -6.70846
31.7536 21.2874 -7.03077
29.4615 19.7749 -4.40364
26.3805 21.1096 -6.18372
27.5476 19.6596 -9.49704
28.1386 16.2572 -7.91047
24.6666 16.2669 -6.36517

23.5011 12.9133 -5.09521
23.7175 9.25528 -3.94428
23.0571 7.35688 -0.75368
25.071 4.19589 -1.42568
28.669 3.04543 -2.15057
28.3149 3.90152 1.63515

27.679 5.09685 5.18616
31.4033 5.51863 5.81435
31.8118 7.53788 2.6208
28.9255 9.81736 3.57815
30.4139 10.4157 7.0234
33.7911 11.2941 5.5183
32.1869 13.7636 3.11603
30.2944 15.4418 5.95239
33.4761 15.7832 8.00257
35.3155 17.3454 5.06674

38.9735 18.4074 5.00774
38.4115 20.4834 8.14474
42.1285 21.1324 8.35974
44.4685 22.5494 5.75374
42.7775 25.8764 6.67874
40.9025 26.2124 9.99574
37.3625 27.2734 8.97874

34.8705 25.3804 6.75974
31.5675 26.2634 5.07074
28.4355 24.2714 6.01774

26.7085 23.6724 2.60074

28.8745 20.5284 2.35374
28.1385 19.4624 5.95174
24.4255 20.2714 5.44074
23.9835 17.7694 2.58774
25.8445 15.1944 4.71674
23.4795 15.4964 7.70874
20.5325 15.0524 5.32374

21.7055 11.9454 3.46774
25.0515 11.1914 1.84674

End chain 1
