14.376 13.393 -9.434
11.305 12.496 -7.337
11.151 9.258 -9.32

11.004 6.006 -7.338
14.52 4.519 -7.198
14.967 0.776 -7.832

15.638 0.429 -4.087
12.514 2.285 -2.905
10.556 -0.102 -5.156
12.221 -3.075 -3.436
11.74 -1.711 0.112
7.991 -1.522 -0.555
8.139 -4.957 -2.2
9.527 -6.582 0.974
6.846 -4.901 3.105
4.21 -5.895 0.525
5.202 -9.589 0.585
5.112 -9.741 4.412
1.285 -9.811 3.999

1.012 -11.657 0.647
-0.051 -15.058 2.058
-1.977 -15.785 -1.16
1.187 -16.059 -3.293
-0.922 -13.94 -5.681
1.285 -10.852 -5.276
-1.689 -9.009 -3.672

-2.915 -8.068 -0.165
-6.302 -7.233 1.393
-7.428 -3.732 2.358

-7.469 -4.807 6.028
-3.672 -5.269 5.793
-3.13 -1.916 4.045
-2.604 0.156 7.219
-0.433 -2.7 8.539
1.967 -2.564 5.569
2.121 1.243 5.732
2.836 0.996 9.476
5.725 -1.371 8.686
7.397 1.46 6.732

6.862 3.75 9.759
3.84 5.572 8.229
0.705 6.206 10.37
-2.191 7.511 8.235
-5.494 7.975 10.111
-8.327 5.514 9.467

-10.202 8.1 7.376
-7.089 8.768 5.267
-6.967 5.013 4.625
-10.723 4.657 3.976
-10.494 7.56 1.505
-7.848 5.96 -0.715
-9.658 2.627 -0.363
-12.899 4.138 -1.689
-10.989 5.097 -4.873
-8.972 1.872 -5.183
-11.976 -0.197 -4.162
-13.395 0.681 -7.557

-12.944 -2.906 -8.736
-14.981 -4.093 -5.736
-12.26 -6.684 -4.927
-11.432 -5.132 -1.522
-7.795 -6.014 -2.414

-4.657 -4.172 -3.647
-1.857 -5.367 -5.98
1.813 -4.17 -5.821

1.616 -1.857 -8.906
-1.333 0.027 -7.367
0.623 -0.024 -4.093
3.454 1.812 -5.882
0.838 4.4 -6.903
-0.068 4.974 -3.233
3.498 5.745 -2.076
4.041 7.956 -5.142
0.983 10.041 -4.186
2.565 10.703 -0.782
6.246 11.063 -1.846

6.035 12.924 -5.182
6.131 16.722 -5.217
6.989 16.305 -1.507
9.858 13.78 -1.634
11.538 13.045 1.688

14.643 14.548 0.171
13.064 18.006 0.615
12.862 17.279 4.359
16.524 16.32 4.829
17.819 19.048 2.483
15.769 21.685 4.333
17.343 20.368 7.548
20.838 20.55 6.134
19.766 24.108 5.257
19.121 24.841 8.95
22.77 23.781 9.254
24.133 25.977 6.444

24.556 29.058 8.681
26.896 30.492 6.029
24.445 29.96 3.139
27.524 28.5 1.388
26.163 24.944 0.823
28.921 23.377 2.972
29.181 22.451 6.688
31.729 20.559 8.83
31.236 16.746 8.792

30.27 17.105 12.466
27.406 19.485 11.721
26.524 16.992 8.956
26.473 13.891 11.138
24.545 16.051 13.611
21.946 17.066 10.979
21.314 13.336 10.537
21.051 12.596 14.308
19.027 15.66 15.431
16.489 14.834 12.71

15.3235 11.4804 13.98
15.5399 7.82238 15.1309
14.8795 5.92398 18.3215
16.8934 2.76298 17.6495
20.4914 1.61252 16.9246
20.1374 2.46861 20.7103

19.5015 3.66395 24.2613
23.2258 4.08573 24.8895
23.6342 6.10497 21.696
20.748 8.38445 22.6533
22.2363 8.98284 26.0986
25.6136 9.86119 24.5935
24.0093 12.3307 22.1912
22.1168 14.0089 25.0276
25.2985 14.3503 27.0777
27.1379 15.9125 24.1419

30.7959 16.9745 24.0829
30.2339 19.0505 27.2199
33.9509 19.6995 27.4349
36.2909 21.1165 24.8289
34.5999 24.4435 25.7539
32.7249 24.7795 29.0709
29.1849 25.8405 28.0539

26.6929 23.9475 25.8349
23.3899 24.8305 24.1459
20.2579 22.8385 25.0929

18.5309 22.2395 21.6759

20.6969 19.0955 21.4289
19.9609 18.0295 25.0269
16.2479 18.8385 24.5159
15.8059 16.3365 21.6629
17.6669 13.7615 23.7919
15.3019 14.0635 26.7839
12.3549 13.6195 24.3989

13.5279 10.5125 22.5429
16.8739 9.75845 20.9219

End chain 1
