14.376 13.393 -9.434
11.305 12.496 -7.337
11.151 9.258 -9.32

11.004 6.006 -7.338
14.52 4.519 -7.198
14.967 0.776 -7.832

15.638 0.429 -4.087
12.514 2.285 -2.905
10.556 -0.102 -5.156
12.221 -3.075 -3.436
11.74 -1.711 0.112
7.991 -1.522 -0.555
8.139 -4.957 -2.2
9.527 -6.582 0.974
6.846 -4.901 3.105
4.21 -5.895 0.525
5.202 -9.589 0.585
5.112 -9.741 4.412
1.285 -9.811 3.999

1.012 -11.657 0.647
-0.051 -15.058 2.058
-1.977 -15.785 -1.16
1.187 -16.059 -3.293
-0.922 -13.94 -5.681
1.285 -10.852 -5.276
-1.689 -9.009 -3.672

-2.915 -8.068 -0.165
-6.302 -7.233 1.393
-7.428 -3.732 2.358

-7.469 -4.807 6.028
-3.672 -5.269 5.793
-3.13 -1.916 4.045
-2.604 0.156 7.219
-0.433 -2.7 8.539
1.967 -2.564 5.569
2.121 1.243 5.732
2.836 0.996 9.476
5.725 -1.371 8.686
7.397 1.46 6.732

6.862 3.75 9.759
3.84 5.572 8.229
0.705 6.206 10.37
-2.191 7.511 8.235
-5.494 7.975 10.111
-8.327 5.514 9.467

-10.202 8.1 7.376
-7.089 8.768 5.267
-6.967 5.013 4.625
-10.723 4.657 3.976
-10.494 7.56 1.505
-7.848 5.96 -0.715
-9.658 2.627 -0.363
-12.899 4.138 -1.689
-10.989 5.097 -4.873
-8.972 1.872 -5.183
-11.976 -0.197 -4.162
-13.395 0.681 -7.557

-12.944 -2.906 -8.736
-14.981 -4.093 -5.736
-12.26 -6.684 -4.927
-11.432 -5.132 -1.522
-7.795 -6.014 -2.414

-4.657 -4.172 -3.647
-1.857 -5.367 -5.98
1.813 -4.17 -5.821

1.616 -1.857 -8.906
-1.333 0.027 -7.367
0.623 -0.024 -4.093
3.454 1.812 -5.882
0.838 4.4 -6.903
-0.068 4.974 -3.233
3.498 5.745 -2.076
4.041 7.956 -5.142
0.983 10.041 -4.186
2.565 10.703 -0.782
6.246 11.063 -1.846

4.94481 13.863 -4.22645
7.82575 14.5992 -6.54477
11.0106 16.7507 -6.61655
8.83804 18.6377 -9.24097
7.82011 18.9264 -12.868

7.62044 22.6818 -13.4158
10.028 23.326 -10.5466
12.5121 20.8089 -11.9382
12.3644 22.4188 -15.3775
12.9858 25.8639 -13.8982
15.9919 24.5922 -11.9516
17.4625 23.0011 -15.0738
17.042 26.2293 -17.0345
18.7645 28.2284 -14.2996
21.6896 25.803 -14.2351
22.0852 26.0286 -18.0081
22.091 29.8268 -17.8776

24.9931 29.9051 -15.3603
26.6868 31.8854 -12.623
25.2591 34.8267 -10.7919
23.1557 36.9101 -13.1836
20.246 34.4548 -13.3184
20.2233 34.5143 -9.42478
20.0208 34.6241 -5.72049
18.0616 37.7846 -6.71037
15.0154 35.7874 -8.08231

14.4581 35.3438 -11.8153
12.3613 32.2287 -11.2303
10.2181 34.0355 -8.66423
9.62927 36.9323 -11.0528
8.58737 34.5568 -13.8303
6.13665 32.7856 -11.5282
4.59172 36.0924 -10.4694
4.16455 37.1632 -14.0907
2.47241 33.8746 -14.9648
0.0689922 34.2227 -12.0416

-1.09651 30.8691 -10.7716
-0.880087 27.2111 -9.62067
-1.54048 25.3127 -6.43007
0.473401 22.1517 -7.10207
4.07144 21.0012 -7.82696
3.71735 21.8573 -4.04124

3.08147 23.0527 -0.490225
6.80577 23.4744 0.137958
7.2142 25.4937 -3.05559
4.32796 27.7732 -2.09824
5.81629 28.3716 1.34701
9.19357 29.2499 -0.158089
7.58931 31.7194 -2.56036
5.69683 33.3976 0.276004
8.87852 33.739 2.32618
10.7179 35.3012 -0.609646

14.3759 36.3632 -0.668646
13.8139 38.4392 2.46835
17.5309 39.0882 2.68335
19.8709 40.5052 0.0773541
18.1799 43.8322 1.00235
16.3049 44.1682 4.31935
12.7649 45.2292 3.30235

10.2729 43.3362 1.08335
6.96991 44.2192 -0.605646
3.83791 42.2272 0.341354

2.11091 41.6282 -3.07565

4.27691 38.4842 -3.32265
3.54091 37.4182 0.275354
-0.172089 38.2272 -0.235646
-0.614089 35.7252 -3.08865
1.24691 33.1502 -0.959646
-1.11809 33.4522 2.03235
-4.06509 33.0082 -0.352646

-2.89209 29.9012 -2.20865
0.453911 29.1472 -3.82965

End chain 1
