14.376 13.393 -9.434
11.305 12.496 -7.337
11.151 9.258 -9.32

11.004 6.006 -7.338
14.52 4.519 -7.198
14.967 0.776 -7.832

15.638 0.429 -4.087
12.514 2.285 -2.905
10.556 -0.102 -5.156
12.221 -3.075 -3.436
11.74 -1.711 0.112
7.991 -1.522 -0.555
8.139 -4.957 -2.2
9.527 -6.582 0.974
6.846 -4.901 3.105
4.21 -5.895 0.525
5.202 -9.589 0.585
5.112 -9.741 4.412
1.285 -9.811 3.999

1.012 -11.657 0.647
-0.051 -15.058 2.058
-1.977 -15.785 -1.16
1.187 -16.059 -3.293
-0.922 -13.94 -5.681
1.285 -10.852 -5.276
-1.689 -9.009 -3.672

-2.915 -8.068 -0.165
-6.302 -7.233 1.393
-7.428 -3.732 2.358

-7.469 -4.807 6.028
-3.672 -5.269 5.793
-3.13 -1.916 4.045
-2.604 0.156 7.219
-0.433 -2.7 8.539
1.967 -2.564 5.569
2.121 1.243 5.732
2.836 0.996 9.476
5.725 -1.371 8.686
7.397 1.46 6.732

6.862 3.75 9.759
3.84 5.572 8.229
0.705 6.206 10.37
-2.191 7.511 8.235
-5.494 7.975 10.111
-8.327 5.514 9.467

-10.202 8.1 7.376
-7.089 8.768 5.267
-6.967 5.013 4.625
-10.723 4.657 3.976
-10.494 7.56 1.505
-7.848 5.96 -0.715
-9.658 2.627 -0.363
-12.899 4.138 -1.689
-10.989 5.097 -4.873
-8.972 1.872 -5.183
-11.976 -0.197 -4.162
-13.395 0.681 -7.557

-12.944 -2.906 -8.736
-14.981 -4.093 -5.736
-12.26 -6.684 -4.927
-11.432 -5.132 -1.522
-7.795 -6.014 -2.414

-4.657 -4.172 -3.647
-1.857 -5.367 -5.98
1.813 -4.17 -5.821

1.616 -1.857 -8.906
-1.333 0.027 -7.367
0.623 -0.024 -4.093
3.454 1.812 -5.882
0.838 4.4 -6.903
-0.068 4.974 -3.233
3.498 5.745 -2.076
4.041 7.956 -5.142
0.983 10.041 -4.186
2.565 10.703 -0.782
6.246 11.063 -1.846

4.94481 13.863 -4.22645
7.82575 14.5992 -6.54477
11.0106 16.7507 -6.61655
8.83804 18.6377 -9.24097
7.82011 18.9264 -12.868

7.62044 22.6818 -13.4158
10.028 23.326 -10.5466
12.5121 20.8089 -11.9382
12.3644 22.4188 -15.3775
12.9858 25.8639 -13.8982
15.9919 24.5922 -11.9516
17.4625 23.0011 -15.0738
17.042 26.2293 -17.0345
18.7645 28.2284 -14.2996
21.6896 25.803 -14.2351
22.0852 26.0286 -18.0081
22.091 29.8268 -17.8776

24.7062 28.7634 -15.3727
27.4463 28.6741 -12.6852
30.0451 27.977 -9.95094
30.7093 29.4476 -6.53655
27.4072 28.1088 -5.3619
26.7289 24.9273 -7.4103
27.9391 22.1533 -5.09375
30.6069 21.9617 -7.86382
33.6299 22.9683 -10.0972

35.3924 20.5277 -12.4168
34.8359 17.6625 -9.98301
31.1372 18.4901 -9.70369
30.7672 18.5558 -13.4854
32.4697 15.1734 -13.8077
30.1777 13.6609 -11.1806
27.0967 14.9957 -12.9607
28.2638 13.5456 -16.274
28.8547 10.1432 -14.6875
25.3827 10.1529 -13.1422

24.2172 6.7993 -11.8722
24.4337 3.14132 -10.7213
23.7733 1.24292 -7.53066
25.7871 -1.91807 -8.20266
29.3852 -3.06853 -8.92755
29.0311 -2.21244 -5.14183

28.3952 -1.01711 -1.59082
32.1195 -0.595325 -0.962632
32.5279 1.42392 -4.15618
29.6417 3.7034 -3.19883
31.13 4.30179 0.246418
34.5073 5.18014 -1.25868
32.903 7.64962 -3.66095
31.0106 9.32785 -0.824586
34.1923 9.66921 1.22559
36.0317 11.2314 -1.71024

39.6897 12.2934 -1.76924
39.1277 14.3694 1.36776
42.8447 15.0184 1.58276
45.1847 16.4354 -1.02324
43.4937 19.7624 -0.0982359
41.6187 20.0984 3.21876
38.0787 21.1594 2.20176

35.5867 19.2664 -0.0172359
32.2837 20.1494 -1.70624
29.1517 18.1574 -0.759236

27.4247 17.5584 -4.17624

29.5907 14.4144 -4.42324
28.8547 13.3484 -0.825236
25.1417 14.1574 -1.33624
24.6997 11.6554 -4.18924
26.5607 9.0804 -2.06024
24.1957 9.3824 0.931764
21.2487 8.9384 -1.45324

22.4217 5.8314 -3.30924
25.7677 5.0774 -4.93024

End chain 1
