14.376 13.393 -9.434
11.305 12.496 -7.337
11.151 9.258 -9.32

11.004 6.006 -7.338
14.52 4.519 -7.198
14.967 0.776 -7.832

15.638 0.429 -4.087
12.514 2.285 -2.905
10.556 -0.102 -5.156
12.221 -3.075 -3.436
11.74 -1.711 0.112
7.991 -1.522 -0.555
8.139 -4.957 -2.2
9.527 -6.582 0.974
6.846 -4.901 3.105
4.21 -5.895 0.525
5.202 -9.589 0.585
5.112 -9.741 4.412
1.285 -9.811 3.999

0.889863 -12.753 1.52041
-1.01871 -14.398 -1.44615
-0.883513 -18.0896 -1.85621
0.722768 -19.6204 -4.85863
2.66192 -21.6796 -7.29735
1.42966 -21.9598 -10.8881
1.16708 -18.1768 -10.0108

4.25584 -17.0161 -8.26909
7.54272 -18.67 -9.37714
11.1955 -19.8958 -9.59156

11.1545 -20.9708 -5.92156
14.9515 -21.4328 -6.15656
15.4935 -18.0798 -7.90456
16.0195 -16.0078 -4.73056
18.1905 -18.8638 -3.41056
20.5905 -18.7278 -6.38056
20.7445 -14.9208 -6.21756
21.4595 -15.1678 -2.47356
24.3485 -17.5348 -3.26356
26.0205 -14.7038 -5.21756

25.4855 -12.4138 -2.19056
22.4635 -10.5918 -3.72056
19.3285 -9.95779 -1.57956
16.4325 -8.65279 -3.71456
13.1295 -8.18879 -1.83856
10.2965 -10.6498 -2.48256

8.42148 -8.06379 -4.57356
11.5345 -7.39579 -6.68256
11.6565 -11.1508 -7.32456
7.90048 -11.5068 -7.97356
8.12948 -8.60379 -10.4446
10.7755 -10.2038 -12.6646
8.96548 -13.5368 -12.3126
5.72448 -12.0258 -13.6386
7.63448 -11.0668 -16.8226
9.65148 -14.2918 -17.1326
6.64748 -16.3608 -16.1116
5.22848 -15.4828 -19.5066

8.13661 -16.6162 -21.8347
11.2675 -16.2886 -24.088
13.3361 -18.2845 -26.5076
17.067 -18.5358 -26.2924
15.2863 -19.4684 -23.0828

17.6418 -19.363 -20.1549
16.8011 -16.8896 -17.3277
18.2106 -13.3914 -17.0559

18.0136 -11.0784 -20.1409
15.0646 -9.19438 -18.6019
17.0206 -9.24538 -15.3279
19.8516 -7.40938 -17.1169
17.2356 -4.82138 -18.1379
16.3296 -4.24738 -14.4679
19.8956 -3.47638 -13.3109
20.4386 -1.26538 -16.3769
17.3806 0.819621 -15.4209
18.9626 1.48162 -12.0169
22.6436 1.84162 -13.0809

21.0569 4.10134 -15.6642
18.8732 3.19919 -18.5892
16.4249 3.16024 -21.5241
14.1384 0.0329379 -21.268
11.3644 2.34563 -20.2929

7.58128 2.50252 -19.9671
7.83228 5.04083 -17.1498
10.1748 7.22458 -19.1959
7.81118 7.14083 -22.1707
4.86823 8.14028 -19.9836
6.81766 11.0592 -18.5267
7.77427 12.2781 -21.9968
4.15754 12.1238 -23.1537
3.00319 14.1107 -20.1267
5.63095 16.7828 -20.7575
4.58098 17.0935 -24.3967
0.930709 17.4779 -23.4115

0.449262 19.8543 -20.3861
0.956272 22.8516 -18.2459
1.96119 26.4269 -18.9946
-0.802556 27.1646 -21.5316
-3.12741 29.4661 -19.6036
-6.87845 30.1317 -19.175
-9.82381 31.8863 -17.531
-8.1039 35.0347 -16.5022
-6.11015 36.6451 -13.601

-4.50888 38.8923 -16.2143
-1.52999 39.5637 -13.9519
-1.0394 35.8464 -13.3326
-1.12686 35.115 -17.0609
1.45973 37.8129 -17.7492
3.76511 36.4229 -15.0666
3.48679 32.9172 -16.5073
4.31993 34.1793 -19.9938
7.37961 36.025 -18.6998
8.61237 32.9154 -16.896

7.63837 29.8894 -14.81
8.36337 27.3584 -17.578
8.76837 23.6674 -16.558
12.3514 23.9924 -17.769
15.1044 22.0814 -15.917
18.6064 23.5534 -15.45

19.9054 20.5334 -17.41
17.7744 21.2474 -20.502
19.0474 24.8454 -20.686
22.6314 23.5884 -20.348
21.9994 21.6624 -23.59
20.4574 24.7164 -25.292
23.5424 26.7184 -24.166
25.9654 24.2324 -25.817
24.7294 24.8944 -29.394
24.0124 28.5704 -28.573

23.3603 31.5321 -26.3358
22.6496 34.9543 -24.966
19.7141 36.9578 -26.4593
18.7749 33.3704 -25.9022
19.0119 31.2264 -22.7271
16.2231 33.3587 -21.2847
12.7739 32.5617 -22.4397

11.5254 29.6963 -24.7361
9.57642 28.0841 -27.6095
7.85255 25.418 -29.6928

6.12555 24.819 -33.1098

8.29155 21.675 -33.3568
7.55555 20.609 -29.7588
3.84255 21.418 -30.2698
3.40055 18.916 -33.1228
5.26155 16.341 -30.9938
2.89655 16.643 -28.0018
-0.0504523 16.199 -30.3868

1.12255 13.092 -32.2428
4.46855 12.338 -33.8638

End chain 1
