14.376 13.393 -9.434
11.305 12.496 -7.337
11.151 9.258 -9.32

11.004 6.006 -7.338
14.52 4.519 -7.198
14.967 0.776 -7.832

15.638 0.429 -4.087
12.514 2.285 -2.905
10.556 -0.102 -5.156
12.221 -3.075 -3.436
11.74 -1.711 0.112
7.991 -1.522 -0.555
8.139 -4.957 -2.2
9.527 -6.582 0.974
6.846 -4.901 3.105
4.21 -5.895 0.525
5.202 -9.589 0.585
5.112 -9.741 4.412
1.285 -9.811 3.999

0.889863 -12.753 1.52041
-1.01871 -14.398 -1.44615
-0.883513 -18.0896 -1.85621
0.722768 -19.6204 -4.85863
2.66192 -21.6796 -7.29735
1.42966 -21.9598 -10.8881
1.16708 -18.1768 -10.0108

4.25584 -17.0161 -8.26909
7.54272 -18.67 -9.37714
11.1955 -19.8958 -9.59156

11.1545 -20.9708 -5.92156
14.9515 -21.4328 -6.15656
15.4935 -18.0798 -7.90456
16.0195 -16.0078 -4.73056
18.1905 -18.8638 -3.41056
20.5905 -18.7278 -6.38056
20.7445 -14.9208 -6.21756
21.4595 -15.1678 -2.47356
24.3485 -17.5348 -3.26356
26.0205 -14.7038 -5.21756

25.4855 -12.4138 -2.19056
22.4635 -10.5918 -3.72056
19.3285 -9.95779 -1.57956
16.4325 -8.65279 -3.71456
13.1295 -8.18879 -1.83856
10.2965 -10.6498 -2.48256

8.42148 -8.06379 -4.57356
11.5345 -7.39579 -6.68256
11.6565 -11.1508 -7.32456
7.90048 -11.5068 -7.97356
8.12948 -8.60379 -10.4446
10.7755 -10.2038 -12.6646
8.96548 -13.5368 -12.3126
5.72448 -12.0258 -13.6386
7.63448 -11.0668 -16.8226
9.65148 -14.2918 -17.1326
6.64748 -16.3608 -16.1116
5.22848 -15.4828 -19.5066

8.13661 -16.6162 -21.8347
11.2675 -16.2886 -24.088
13.3361 -18.2845 -26.5076
17.067 -18.5358 -26.2924
15.2863 -19.4684 -23.0828

17.6418 -19.363 -20.1549
16.8011 -16.8896 -17.3277
18.2106 -13.3914 -17.0559

18.0136 -11.0784 -20.1409
15.0646 -9.19438 -18.6019
17.0206 -9.24538 -15.3279
19.8516 -7.40938 -17.1169
17.2356 -4.82138 -18.1379
16.3296 -4.24738 -14.4679
19.8956 -3.47638 -13.3109
20.4386 -1.26538 -16.3769
17.3806 0.819621 -15.4209
18.9626 1.48162 -12.0169
22.6436 1.84162 -13.0809

22.1856 2.95155 -16.5927
22.4114 5.56072 -19.2204
23.147 7.46445 -22.4256
26.1013 8.79735 -20.3661
25.9275 8.74664 -16.5288

26.744 8.70386 -12.8174
26.499 4.91295 -12.7084
28.8211 4.58014 -15.6983
31.3799 6.88424 -14.0901
31.2955 4.88291 -10.8605
31.8238 1.62816 -12.75
34.7984 3.0816 -14.616
36.3742 4.27556 -11.3704
35.9532 0.844705 -9.79088
37.5726 -0.840546 -12.7876
40.5333 1.53809 -12.6477
41.0224 0.86525 -8.93944

40.541 3.24171 -5.91402
41.048 6.239 -3.77385
42.0529 9.81423 -4.52252
39.2892 10.552 -7.05953
36.9643 12.8535 -5.13153
33.2133 13.5191 -4.70289
30.2679 15.2737 -3.05888
31.9878 18.4221 -2.03016
33.9816 20.0325 0.871063

35.5828 22.2796 -1.74221
38.5617 22.9511 0.520144
39.0523 19.2337 1.13949
38.9649 18.5024 -2.58882
41.5515 21.2003 -3.27708
43.8568 19.8102 -0.594545
43.5785 16.3046 -2.03523
44.4117 17.5666 -5.52177
47.4713 19.4123 -4.22768
48.7041 16.3027 -2.42393

47.7301 13.2767 -0.337925
48.4551 10.7457 -3.10593
48.8601 7.05473 -2.08593
52.4431 7.37973 -3.29693
55.1961 5.46873 -1.44493
58.6981 6.94073 -0.977925

59.9971 3.92073 -2.93793
57.8661 4.63473 -6.02993
59.1391 8.23273 -6.21393
62.7231 6.97573 -5.87593
62.0911 5.04973 -9.11793
60.5491 8.10373 -10.8199
63.6341 10.1057 -9.69393
66.0571 7.61973 -11.3449
64.8211 8.28173 -14.9219
64.1041 11.9577 -14.1009

67.7621 13.0197 -14.1599
67.2001 15.0957 -11.0229
70.9171 15.7447 -10.8079
73.2571 17.1617 -13.4139
71.5661 20.4887 -12.4889
69.6911 20.8247 -9.17193
66.1511 21.8857 -10.1889

63.6591 19.9927 -12.4079
60.3561 20.8757 -14.0969
57.2241 18.8837 -13.1499

55.4971 18.2847 -16.5669

57.6631 15.1407 -16.8139
56.9271 14.0747 -13.2159
53.2141 14.8837 -13.7269
52.7721 12.3817 -16.5799
54.6331 9.80673 -14.4509
52.2681 10.1087 -11.4589
49.3211 9.66473 -13.8439

50.4941 6.55773 -15.6999
53.8401 5.80373 -17.3209

End chain 1
