14.376 13.393 -9.434
11.305 12.496 -7.337
11.151 9.258 -9.32

11.004 6.006 -7.338
14.52 4.519 -7.198
14.967 0.776 -7.832

15.638 0.429 -4.087
12.514 2.285 -2.905
10.556 -0.102 -5.156
12.221 -3.075 -3.436
11.74 -1.711 0.112
7.991 -1.522 -0.555
8.139 -4.957 -2.2
9.527 -6.582 0.974
6.846 -4.901 3.105
4.21 -5.895 0.525
5.202 -9.589 0.585
5.112 -9.741 4.412
1.285 -9.811 3.999

0.889863 -12.753 1.52041
-1.01871 -14.398 -1.44615
-0.883513 -18.0896 -1.85621
0.722768 -19.6204 -4.85863
2.66192 -21.6796 -7.29735
1.42966 -21.9598 -10.8881
1.16708 -18.1768 -10.0108

4.25584 -17.0161 -8.26909
7.54272 -18.67 -9.37714
11.1955 -19.8958 -9.59156

11.1545 -20.9708 -5.92156
14.9515 -21.4328 -6.15656
15.4935 -18.0798 -7.90456
16.0195 -16.0078 -4.73056
18.1905 -18.8638 -3.41056
20.5905 -18.7278 -6.38056
20.7445 -14.9208 -6.21756
21.4595 -15.1678 -2.47356
24.3485 -17.5348 -3.26356
26.0205 -14.7038 -5.21756

25.4855 -12.4138 -2.19056
22.4635 -10.5918 -3.72056
19.3285 -9.95779 -1.57956
16.4325 -8.65279 -3.71456
13.1295 -8.18879 -1.83856
10.2965 -10.6498 -2.48256

8.42148 -8.06379 -4.57356
11.5345 -7.39579 -6.68256
11.6565 -11.1508 -7.32456
7.90048 -11.5068 -7.97356
8.12948 -8.60379 -10.4446
10.7755 -10.2038 -12.6646
8.96548 -13.5368 -12.3126
5.72448 -12.0258 -13.6386
7.63448 -11.0668 -16.8226
9.65148 -14.2918 -17.1326
6.64748 -16.3608 -16.1116
5.22848 -15.4828 -19.5066

8.13661 -16.6162 -21.8347
11.2675 -16.2886 -24.088
13.3361 -18.2845 -26.5076
17.067 -18.5358 -26.2924
15.2863 -19.4684 -23.0828

17.6418 -19.363 -20.1549
16.8011 -16.8896 -17.3277
18.2106 -13.3914 -17.0559

18.0136 -11.0784 -20.1409
15.0646 -9.19438 -18.6019
17.0206 -9.24538 -15.3279
19.8516 -7.40938 -17.1169
17.2356 -4.82138 -18.1379
16.3296 -4.24738 -14.4679
19.8956 -3.47638 -13.3109
20.4386 -1.26538 -16.3769
17.3806 0.819621 -15.4209
18.9626 1.48162 -12.0169
22.6436 1.84162 -13.0809

21.3893 4.30173 -15.7585
20.4445 5.22723 -19.3586
20.1038 4.23894 -23.0505
16.8103 2.61755 -22.3682
13.9805 2.96564 -19.9679

11.0676 3.19173 -17.5375
12.8026 5.93617 -15.5625
13.4683 7.92822 -18.7298
9.82969 7.64369 -19.7892
8.64355 8.84309 -16.3837
10.9736 11.8422 -16.5208
9.72134 12.7791 -19.9844
6.10398 12.5789 -18.8366
6.82896 14.8064 -15.844
8.52366 17.3908 -18.0557
5.56443 17.4329 -20.4398
3.13094 17.935 -17.5642

2.64949 20.3115 -14.5388
3.1565 23.3088 -12.3986
4.16142 26.884 -13.1473
1.39767 27.6218 -15.6843
-0.92718 29.9232 -13.7563
-4.67822 30.5888 -13.3277
-7.62358 32.3434 -11.6836
-5.90367 35.4918 -10.6549
-3.90992 37.1022 -7.7537

-2.30865 39.3494 -10.367
0.670243 40.0208 -8.10462
1.16083 36.3035 -7.48527
1.07337 35.5721 -11.2136
3.65996 38.27 -11.9018
5.96534 36.88 -9.21931
5.68702 33.3743 -10.66
6.52016 34.6364 -14.1465
9.57984 36.4821 -12.8524
10.8126 33.3725 -11.0487

9.8386 30.3465 -8.96269
10.5636 27.8155 -11.7307
10.9686 24.1245 -10.7107
14.5516 24.4495 -11.9217
17.3046 22.5385 -10.0697
20.8066 24.0105 -9.60269

22.1056 20.9905 -11.5627
19.9746 21.7045 -14.6547
21.2476 25.3025 -14.8387
24.8316 24.0455 -14.5007
24.1996 22.1195 -17.7427
22.6576 25.1735 -19.4447
25.7426 27.1755 -18.3187
28.1656 24.6895 -19.9697
26.9296 25.3515 -23.5467
26.2126 29.0275 -22.7257

28.7421 29.3544 -19.9243
31.5173 29.1116 -17.4111
32.5323 32.638 -16.5692
29.0656 33.769 -17.4639
29.7312 35.6381 -20.6149
29.3281 34.062 -24.1374
25.5755 34.5934 -23.7802

22.8581 32.0739 -22.778
20.8462 29.0546 -21.6223
18.1041 29.5985 -24.1106

16.3771 28.9995 -27.5276

18.5431 25.8555 -27.7746
17.8071 24.7895 -24.1766
14.0941 25.5985 -24.6876
13.6521 23.0965 -27.5406
15.5131 20.5215 -25.4116
13.1481 20.8235 -22.4196
10.2011 20.3795 -24.8046

11.3741 17.2725 -26.6606
14.7201 16.5185 -28.2816

End chain 1
