14.376 13.393 -9.434
11.305 12.496 -7.337
11.151 9.258 -9.32

11.004 6.006 -7.338
14.52 4.519 -7.198
14.967 0.776 -7.832

15.638 0.429 -4.087
12.514 2.285 -2.905
10.556 -0.102 -5.156
12.221 -3.075 -3.436
11.74 -1.711 0.112
7.991 -1.522 -0.555
8.139 -4.957 -2.2
9.527 -6.582 0.974
6.846 -4.901 3.105
4.21 -5.895 0.525
5.202 -9.589 0.585
5.112 -9.741 4.412
1.285 -9.811 3.999

1.012 -11.657 0.647
-0.051 -15.058 2.058
-1.977 -15.785 -1.16
1.187 -16.059 -3.293
-0.922 -13.94 -5.681
1.285 -10.852 -5.276
-1.689 -9.009 -3.672

-2.915 -8.068 -0.165
-6.302 -7.233 1.393
-7.428 -3.732 2.358

-7.469 -4.807 6.028
-3.672 -5.269 5.793
-3.13 -1.916 4.045
-2.604 0.156 7.219
-0.433 -2.7 8.539
1.967 -2.564 5.569
2.121 1.243 5.732
2.836 0.996 9.476
5.725 -1.371 8.686
7.397 1.46 6.732

6.862 3.75 9.759
3.84 5.572 8.229
0.705 6.206 10.37
-2.191 7.511 8.235
-5.494 7.975 10.111
-8.327 5.514 9.467

-10.202 8.1 7.376
-7.089 8.768 5.267
-6.967 5.013 4.625
-10.723 4.657 3.976
-10.494 7.56 1.505
-7.848 5.96 -0.715
-9.658 2.627 -0.363
-12.899 4.138 -1.689
-10.989 5.097 -4.873
-8.972 1.872 -5.183
-11.976 -0.197 -4.162
-13.395 0.681 -7.557

-12.944 -2.906 -8.736
-14.981 -4.093 -5.736
-12.26 -6.684 -4.927
-11.432 -5.132 -1.522
-7.795 -6.014 -2.414

-4.657 -4.172 -3.647
-1.857 -5.367 -5.98
1.813 -4.17 -5.821

1.616 -1.857 -8.906
-1.333 0.027 -7.367
0.623 -0.024 -4.093
3.454 1.812 -5.882
0.838 4.4 -6.903
-0.068 4.974 -3.233
3.498 5.745 -2.076
4.041 7.956 -5.142
0.983 10.041 -4.186
2.565 10.703 -0.782
6.246 11.063 -1.846

6.035 12.924 -5.182
6.131 16.722 -5.217
6.989 16.305 -1.507
9.858 13.78 -1.634
11.538 13.045 1.688

14.643 14.548 0.171
13.064 18.006 0.615
12.862 17.279 4.359
16.524 16.32 4.829
17.819 19.048 2.483
15.769 21.685 4.333
17.343 20.368 7.548
20.838 20.55 6.134
19.766 24.108 5.257
19.121 24.841 8.95
22.77 23.781 9.254
24.133 25.977 6.444

23.6516 28.3535 9.46942
24.1586 31.3508 11.6096
25.1635 34.926 10.8609
22.3997 35.6638 8.32392
20.0749 37.9652 10.2519
16.3238 38.6308 10.6805
13.3785 40.3854 12.3246
15.0984 43.5338 13.3533
17.0921 45.1442 16.2545

18.6934 47.3914 13.6412
21.6723 48.0628 15.9036
22.1629 44.3455 16.5229
22.0754 43.6141 12.7946
24.662 46.312 12.1064
26.9674 44.922 14.7889
26.6891 41.4163 13.3482
27.5222 42.6784 9.86168
30.5819 44.5241 11.1558
31.8147 41.4145 12.9595

30.8407 38.3885 15.0455
31.5657 35.8575 12.2775
31.9707 32.1665 13.2975
35.5537 32.4915 12.0865
38.3067 30.5805 13.9385
41.8087 32.0525 14.4055

43.1077 29.0325 12.4455
40.9767 29.7465 9.35352
42.2497 33.3445 9.16952
45.8337 32.0875 9.50752
45.2017 30.1615 6.26552
43.6597 33.2155 4.56352
46.7447 35.2175 5.68952
49.1677 32.7315 4.03852
47.9317 33.3935 0.461518
47.2147 37.0695 1.28252

50.8727 38.1315 1.22352
50.3107 40.2075 4.36052
54.0277 40.8565 4.57552
56.3677 42.2735 1.96952
54.6767 45.6005 2.89452
52.8017 45.9365 6.21152
49.2617 46.9975 5.19452

46.7697 45.1045 2.97552
43.4667 45.9875 1.28652
40.3347 43.9955 2.23352

38.6077 43.3965 -1.18348

40.7737 40.2525 -1.43048
40.0377 39.1865 2.16752
36.3247 39.9955 1.65652
35.8827 37.4935 -1.19648
37.7437 34.9185 0.932518
35.3787 35.2205 3.92452
32.4317 34.7765 1.53952

33.6047 31.6695 -0.316482
36.9507 30.9155 -1.93748

End chain 1
