14.376 13.393 -9.434
11.305 12.496 -7.337
11.151 9.258 -9.32

11.004 6.006 -7.338
14.52 4.519 -7.198
14.967 0.776 -7.832

15.638 0.429 -4.087
12.514 2.285 -2.905
10.556 -0.102 -5.156
12.221 -3.075 -3.436
11.74 -1.711 0.112
7.991 -1.522 -0.555
8.139 -4.957 -2.2
9.527 -6.582 0.974
6.846 -4.901 3.105
4.21 -5.895 0.525
5.202 -9.589 0.585
5.112 -9.741 4.412
1.285 -9.811 3.999

0.889863 -12.753 1.52041
-1.01871 -14.398 -1.44615
-0.883513 -18.0896 -1.85621
0.722768 -19.6204 -4.85863
2.66192 -21.6796 -7.29735
1.42966 -21.9598 -10.8881
1.16708 -18.1768 -10.0108

4.25584 -17.0161 -8.26909
7.54272 -18.67 -9.37714
11.1955 -19.8958 -9.59156

11.1545 -20.9708 -5.92156
14.9515 -21.4328 -6.15656
15.4935 -18.0798 -7.90456
16.0195 -16.0078 -4.73056
18.1905 -18.8638 -3.41056
20.5905 -18.7278 -6.38056
20.7445 -14.9208 -6.21756
21.4595 -15.1678 -2.47356
24.3485 -17.5348 -3.26356
26.0205 -14.7038 -5.21756

25.4855 -12.4138 -2.19056
22.4635 -10.5918 -3.72056
19.3285 -9.95779 -1.57956
16.4325 -8.65279 -3.71456
13.1295 -8.18879 -1.83856
10.2965 -10.6498 -2.48256

8.42148 -8.06379 -4.57356
11.5345 -7.39579 -6.68256
11.6565 -11.1508 -7.32456
7.90048 -11.5068 -7.97356
8.12948 -8.60379 -10.4446
10.7755 -10.2038 -12.6646
8.96548 -13.5368 -12.3126
5.72448 -12.0258 -13.6386
7.63448 -11.0668 -16.8226
9.65148 -14.2918 -17.1326
6.64748 -16.3608 -16.1116
5.22848 -15.4828 -19.5066

5.67948 -19.0698 -20.6856
3.64248 -20.2568 -17.6856
6.36348 -22.8478 -16.8766
7.19148 -21.2958 -13.4716
10.8285 -22.1778 -14.3636

13.9665 -20.3358 -15.5966
16.7665 -21.5308 -17.9296
20.4365 -20.3338 -17.7706

20.2395 -18.0208 -20.8556
17.2905 -16.1368 -19.3166
19.2465 -16.1878 -16.0426
22.0775 -14.3518 -17.8316
19.4615 -11.7638 -18.8526
18.5555 -11.1898 -15.1826
22.1215 -10.4188 -14.0256
22.6645 -8.20779 -17.0916
19.6065 -6.12279 -16.1356
21.1885 -5.46079 -12.7316
24.8695 -5.10079 -13.7956

24.6585 -3.23979 -17.1316
24.7545 0.558212 -17.1666
25.6125 0.141212 -13.4566
28.4815 -2.38379 -13.5836
30.1615 -3.11879 -10.2616

33.2665 -1.61579 -11.7786
31.6875 1.84221 -11.3346
31.4855 1.11521 -7.59056
35.1475 0.156212 -7.12056
36.4425 2.88421 -9.46656
34.3925 5.52121 -7.61656
35.9665 4.20421 -4.40156
39.4615 4.38621 -5.81556
38.3895 7.94421 -6.69256
37.7445 8.67721 -2.99956
41.3935 7.61721 -2.69556
42.7565 9.81321 -5.50556

42.275 12.1897 -2.48014
42.782 15.187 -0.339962
43.787 18.7622 -1.08863
41.0232 19.5 -3.62564
38.6984 21.8015 -1.69764
34.9473 22.467 -1.26901
32.002 24.2217 0.375008
33.7219 27.37 1.40372
35.7156 28.9804 4.30495

37.3169 31.2276 1.69168
40.2958 31.899 3.95403
40.7864 28.1817 4.57338
40.6989 27.4503 0.845064
43.2855 30.1482 0.156809
45.5909 28.7582 2.83934
45.3126 25.2525 1.39866
46.1457 26.5146 -2.08788
49.2054 28.3603 -0.793791
50.4381 25.2507 1.00996

49.4641 22.2247 3.09596
50.1891 19.6937 0.327961
50.5941 16.0027 1.34796
54.1771 16.3277 0.136961
56.9301 14.4167 1.98896
60.4321 15.8887 2.45596

61.7311 12.8687 0.495961
59.6001 13.5827 -2.59604
60.8731 17.1807 -2.78004
64.4571 15.9237 -2.44204
63.8251 13.9977 -5.68404
62.2831 17.0517 -7.38604
65.3681 19.0537 -6.26004
67.7911 16.5677 -7.91104
66.5551 17.2297 -11.488
65.8381 20.9057 -10.667

69.4961 21.9677 -10.726
68.9341 24.0437 -7.58904
72.6511 24.6927 -7.37404
74.9911 26.1097 -9.98004
73.3001 29.4367 -9.05504
71.4251 29.7727 -5.73804
67.8851 30.8337 -6.75504

65.3931 28.9407 -8.97404
62.0901 29.8237 -10.663
58.9581 27.8317 -9.71604

57.2311 27.2327 -13.133

59.3971 24.0887 -13.38
58.6611 23.0227 -9.78204
54.9481 23.8317 -10.293
54.5061 21.3297 -13.146
56.3671 18.7547 -11.017
54.0021 19.0567 -8.02504
51.0551 18.6127 -10.41

52.2281 15.5057 -12.266
55.5741 14.7517 -13.887

End chain 1
