14.376 13.393 -9.434
11.305 12.496 -7.337
11.151 9.258 -9.32

11.004 6.006 -7.338
14.52 4.519 -7.198
14.967 0.776 -7.832

15.638 0.429 -4.087
12.514 2.285 -2.905
10.556 -0.102 -5.156
12.221 -3.075 -3.436
11.74 -1.711 0.112
7.991 -1.522 -0.555
8.139 -4.957 -2.2
9.527 -6.582 0.974
6.846 -4.901 3.105
4.21 -5.895 0.525
5.202 -9.589 0.585
5.112 -9.741 4.412
1.285 -9.811 3.999

0.889863 -12.753 1.52041
-1.01871 -14.398 -1.44615
-0.883513 -18.0896 -1.85621
0.722768 -19.6204 -4.85863
2.66192 -21.6796 -7.29735
1.42966 -21.9598 -10.8881
1.16708 -18.1768 -10.0108

4.25584 -17.0161 -8.26909
7.54272 -18.67 -9.37714
11.1955 -19.8958 -9.59156

11.1545 -20.9708 -5.92156
14.9515 -21.4328 -6.15656
15.4935 -18.0798 -7.90456
16.0195 -16.0078 -4.73056
18.1905 -18.8638 -3.41056
20.5905 -18.7278 -6.38056
20.7445 -14.9208 -6.21756
21.4595 -15.1678 -2.47356
24.3485 -17.5348 -3.26356
26.0205 -14.7038 -5.21756

25.4855 -12.4138 -2.19056
22.4635 -10.5918 -3.72056
19.3285 -9.95779 -1.57956
16.4325 -8.65279 -3.71456
13.1295 -8.18879 -1.83856
10.2965 -10.6498 -2.48256

8.42148 -8.06379 -4.57356
11.5345 -7.39579 -6.68256
11.6565 -11.1508 -7.32456
7.90048 -11.5068 -7.97356
8.12948 -8.60379 -10.4446
10.7755 -10.2038 -12.6646
8.96548 -13.5368 -12.3126
5.72448 -12.0258 -13.6386
7.63448 -11.0668 -16.8226
9.65148 -14.2918 -17.1326
6.64748 -16.3608 -16.1116
5.22848 -15.4828 -19.5066

8.13661 -16.6162 -21.8347
11.2675 -16.2886 -24.088
13.3361 -18.2845 -26.5076
17.067 -18.5358 -26.2924
15.2863 -19.4684 -23.0828

17.6418 -19.363 -20.1549
16.8011 -16.8896 -17.3277
18.2106 -13.3914 -17.0559

18.0136 -11.0784 -20.1409
15.0646 -9.19438 -18.6019
17.0206 -9.24538 -15.3279
19.8516 -7.40938 -17.1169
17.2356 -4.82138 -18.1379
16.3296 -4.24738 -14.4679
19.8956 -3.47638 -13.3109
20.4386 -1.26538 -16.3769
17.3806 0.819621 -15.4209
18.9626 1.48162 -12.0169
22.6436 1.84162 -13.0809

20.941 4.14451 -15.6507
19.3117 4.95023 -19.0616
18.338 7.04196 -22.0327
15.0763 8.52378 -21.0439
12.0831 6.33969 -21.0295

8.66835 5.12638 -19.8847
8.4669 7.86747 -17.2601
9.35179 10.5254 -19.8283
6.67432 9.25558 -22.2077
4.05523 9.3311 -19.455
4.97973 12.902 -18.5401
4.70718 14.0044 -22.1669
1.27569 12.4046 -22.4964
0.0563284 14.1417 -19.3438
1.28507 17.5086 -20.6074
-0.48498 17.0151 -23.934
-3.73951 16.1321 -22.1815

-4.22096 18.5086 -19.1561
-3.71395 21.5058 -17.0159
-2.70903 25.0811 -17.7646
-5.47278 25.8188 -20.3016
-7.79763 28.1203 -18.3736
-11.5487 28.7859 -17.9449
-14.494 30.5405 -16.3009
-12.7741 33.6889 -15.2722
-10.7804 35.2993 -12.371

-9.17911 37.5465 -14.9843
-6.20021 38.2179 -12.7219
-5.70962 34.5006 -12.1025
-5.79708 33.7692 -15.8309
-3.21049 36.4671 -16.5191
-0.905113 35.0771 -13.8366
-1.18343 31.5714 -15.2773
-0.350293 32.8335 -18.7638
2.70939 34.6792 -17.4697
3.94214 31.5696 -15.666

2.96814 28.5436 -13.58
3.69314 26.0126 -16.348
4.09814 22.3216 -15.328
7.68114 22.6466 -16.539
10.4341 20.7356 -14.687
13.9361 22.2076 -14.22

15.2351 19.1876 -16.18
13.1041 19.9016 -19.272
14.3771 23.4996 -19.456
17.9611 22.2426 -19.118
17.3291 20.3166 -22.36
15.7871 23.3706 -24.062
18.8721 25.3726 -22.936
21.2951 22.8866 -24.587
20.0591 23.5486 -28.164
19.3421 27.2246 -27.343

23.0001 28.2866 -27.402
22.4381 30.3626 -24.265
26.1551 31.0116 -24.05
28.4951 32.4286 -26.656
26.8041 35.7556 -25.731
24.9291 36.0916 -22.414
21.3891 37.1526 -23.431

18.8971 35.2596 -25.65
15.5941 36.1426 -27.339
12.4621 34.1506 -26.392

10.7351 33.5516 -29.809

12.9011 30.4076 -30.056
12.1651 29.3416 -26.458
8.45214 30.1506 -26.969
8.01014 27.6486 -29.822
9.87114 25.0736 -27.693
7.50614 25.3756 -24.701
4.55914 24.9316 -27.086

5.73214 21.8246 -28.942
9.07814 21.0706 -30.563

End chain 1
