14.376 13.393 -9.434
11.305 12.496 -7.337
11.151 9.258 -9.32

11.004 6.006 -7.338
14.52 4.519 -7.198
14.967 0.776 -7.832

15.638 0.429 -4.087
12.514 2.285 -2.905
10.556 -0.102 -5.156
12.221 -3.075 -3.436
11.74 -1.711 0.112
7.991 -1.522 -0.555
8.139 -4.957 -2.2
9.527 -6.582 0.974
6.846 -4.901 3.105
4.21 -5.895 0.525
5.202 -9.589 0.585
5.112 -9.741 4.412
1.285 -9.811 3.999

0.889863 -12.753 1.52041
-1.01871 -14.398 -1.44615
-0.883513 -18.0896 -1.85621
0.722768 -19.6204 -4.85863
2.66192 -21.6796 -7.29735
1.42966 -21.9598 -10.8881
1.16708 -18.1768 -10.0108

4.25584 -17.0161 -8.26909
7.54272 -18.67 -9.37714
11.1955 -19.8958 -9.59156

11.1545 -20.9708 -5.92156
14.9515 -21.4328 -6.15656
15.4935 -18.0798 -7.90456
16.0195 -16.0078 -4.73056
18.1905 -18.8638 -3.41056
20.5905 -18.7278 -6.38056
20.7445 -14.9208 -6.21756
21.4595 -15.1678 -2.47356
24.3485 -17.5348 -3.26356
26.0205 -14.7038 -5.21756

25.4855 -12.4138 -2.19056
22.4635 -10.5918 -3.72056
19.3285 -9.95779 -1.57956
16.4325 -8.65279 -3.71456
13.1295 -8.18879 -1.83856
10.2965 -10.6498 -2.48256

8.42148 -8.06379 -4.57356
11.5345 -7.39579 -6.68256
11.6565 -11.1508 -7.32456
7.90048 -11.5068 -7.97356
8.12948 -8.60379 -10.4446
10.7755 -10.2038 -12.6646
8.96548 -13.5368 -12.3126
5.72448 -12.0258 -13.6386
7.63448 -11.0668 -16.8226
9.65148 -14.2918 -17.1326
6.64748 -16.3608 -16.1116
5.22848 -15.4828 -19.5066

8.13661 -16.6162 -21.8347
11.2675 -16.2886 -24.088
13.3361 -18.2845 -26.5076
17.067 -18.5358 -26.2924
15.2863 -19.4684 -23.0828

17.6418 -19.363 -20.1549
16.8011 -16.8896 -17.3277
18.2106 -13.3914 -17.0559

18.0136 -11.0784 -20.1409
15.0646 -9.19438 -18.6019
17.0206 -9.24538 -15.3279
19.8516 -7.40938 -17.1169
17.2356 -4.82138 -18.1379
16.3296 -4.24738 -14.4679
19.8956 -3.47638 -13.3109
20.4386 -1.26538 -16.3769
17.3806 0.819621 -15.4209
18.9626 1.48162 -12.0169
22.6436 1.84162 -13.0809

21.0286 4.13212 -15.5325
19.3644 6.49772 -17.9272
15.9223 6.09965 -19.2627
12.3267 6.33717 -20.7469
11.6116 6.27215 -16.9776

7.95881 5.40269 -17.564
6.86464 7.64356 -14.6963
8.90721 10.5454 -16.0565
7.38318 10.1245 -19.5124
3.8685 10.1103 -18.0668
4.56008 13.2882 -16.1007
5.89069 15.0336 -19.2032
2.8097 14.0473 -21.1976
0.507276 15.3712 -18.4794
2.36628 18.6845 -18.3837
2.10949 19.0483 -22.1579
-1.62884 18.3705 -22.066

-2.11028 20.747 -19.0406
-1.60327 23.7443 -16.9004
-0.598354 27.3195 -17.6491
-3.3621 28.0573 -20.1861
-5.68696 30.3588 -18.2581
-9.43799 31.0244 -17.8294
-12.3834 32.779 -16.1854
-10.6634 35.9274 -15.1567
-8.66969 37.5378 -12.2555

-7.06843 39.7849 -14.8688
-4.08953 40.4564 -12.6064
-3.59894 36.739 -11.9871
-3.68641 36.0077 -15.7154
-1.09981 38.7056 -16.4036
1.20556 37.3155 -13.7211
0.927248 33.8099 -15.1618
1.76038 35.0719 -18.6483
4.82006 36.9176 -17.3542
6.05282 33.808 -15.5505

5.07882 30.782 -13.4645
5.80382 28.251 -16.2325
6.20882 24.56 -15.2125
9.79182 24.885 -16.4235
12.5448 22.974 -14.5715
16.0468 24.446 -14.1045

17.3458 21.426 -16.0645
15.2148 22.14 -19.1565
16.4878 25.738 -19.3405
20.0718 24.481 -19.0025
19.4398 22.555 -22.2445
17.8978 25.609 -23.9465
20.9828 27.611 -22.8205
23.4058 25.125 -24.4715
22.1698 25.787 -28.0485
21.4528 29.463 -27.2275

23.9823 29.79 -24.4261
26.7575 29.5471 -21.9129
27.7725 33.0736 -21.071
24.3059 34.2046 -21.9657
24.9714 36.0737 -25.1167
24.5683 34.4975 -28.6392
20.8158 35.029 -28.282

18.0983 32.5094 -27.2798
16.0865 29.4901 -26.1241
13.3444 30.0341 -28.6124

11.6174 29.4351 -32.0294

13.7834 26.2911 -32.2764
13.0474 25.2251 -28.6784
9.33437 26.0341 -29.1894
8.89237 23.5321 -32.0424
10.7534 20.9571 -29.9134
8.38837 21.2591 -26.9214
5.44137 20.8151 -29.3064

6.61437 17.7081 -31.1624
9.96037 16.9541 -32.7834

End chain 1
