14.376 13.393 -9.434
11.305 12.496 -7.337
11.151 9.258 -9.32

11.004 6.006 -7.338
14.52 4.519 -7.198
14.967 0.776 -7.832

15.638 0.429 -4.087
12.514 2.285 -2.905
10.556 -0.102 -5.156
12.221 -3.075 -3.436
11.74 -1.711 0.112
7.991 -1.522 -0.555
8.139 -4.957 -2.2
9.527 -6.582 0.974
6.846 -4.901 3.105
4.21 -5.895 0.525
5.202 -9.589 0.585
5.112 -9.741 4.412
1.285 -9.811 3.999

1.31894 -12.9873 2.08771
-0.0826999 -15.2667 -0.487024
-3.03871 -17.0482 1.26489
-0.921038 -20.1746 0.814868
2.18436 -19.4051 2.96867
5.43687 -21.1551 2.64162
4.00343 -20.6882 -0.92822

6.94096 -20.7581 -3.47119
8.87615 -20.2234 -6.67863
10.5851 -23.3226 -8.07014

10.5441 -24.3976 -4.40014
14.3411 -24.8596 -4.63514
14.8831 -21.5066 -6.38314
15.4091 -19.4346 -3.20914
17.5801 -22.2906 -1.88914
19.9801 -22.1546 -4.85914
20.1341 -18.3476 -4.69614
20.8491 -18.5946 -0.952143
23.7381 -20.9616 -1.74214
25.4101 -18.1306 -3.69614

24.8751 -15.8406 -0.669143
21.8531 -14.0186 -2.19914
18.7181 -13.3846 -0.0581429
15.8221 -12.0796 -2.19314
12.5191 -11.6156 -0.317143
9.68607 -14.0766 -0.961143

7.81107 -11.4906 -3.05214
10.9241 -10.8226 -5.16114
11.0461 -14.5776 -5.80314
7.29007 -14.9336 -6.45214
7.51907 -12.0306 -8.92314
10.1651 -13.6306 -11.1431
8.35507 -16.9636 -10.7911
5.11407 -15.4526 -12.1171
7.02407 -14.4936 -15.3011
9.04107 -17.7186 -15.6111
6.03707 -19.7876 -14.5901
4.61807 -18.9096 -17.9851

7.52621 -20.043 -20.3133
10.6571 -19.7154 -22.5666
12.7257 -21.7113 -24.9862
16.4566 -21.9626 -24.771
14.6759 -22.8952 -21.5614

17.0314 -22.7899 -18.6335
16.1907 -20.3165 -15.8063
17.6002 -16.8182 -15.5345

17.4032 -14.5052 -18.6195
14.4542 -12.6212 -17.0805
16.4102 -12.6722 -13.8065
19.2412 -10.8362 -15.5955
16.6252 -8.2482 -16.6165
15.7192 -7.6742 -12.9465
19.2852 -6.9032 -11.7895
19.8282 -4.6922 -14.8555
16.7702 -2.6072 -13.8995
18.3522 -1.9452 -10.4955
22.0332 -1.5852 -11.5595

20.4465 0.67452 -14.1428
18.2628 -0.227624 -17.0678
15.8145 -0.266583 -20.0027
13.528 -3.39388 -19.7465
10.754 -1.08118 -18.7715

6.97087 -0.924299 -18.4457
7.22187 1.61402 -15.6284
9.56444 3.79776 -17.6745
7.20077 3.71402 -20.6493
4.25783 4.71346 -18.4622
6.20725 7.63234 -17.0052
7.16386 8.85123 -20.4754
3.54713 8.69697 -21.6323
2.39279 10.6839 -18.6053
5.02054 13.356 -19.2361
3.97058 13.6667 -22.8753
0.320305 14.0511 -21.8901

-0.161142 16.4275 -18.8647
0.345868 19.4248 -16.7245
1.35079 23.0001 -17.4732
-1.41296 23.7378 -20.0102
-3.73781 26.0393 -18.0822
-7.48885 26.7049 -17.6536
-10.4342 28.4595 -16.0095
-8.7143 31.6079 -14.9808
-6.72055 33.2183 -12.0796

-5.11929 35.4654 -14.6929
-2.14039 36.1369 -12.4305
-1.6498 32.4195 -11.8112
-1.73727 31.6882 -15.5395
0.84933 34.3861 -16.2277
3.15471 32.9961 -13.5452
2.87639 29.4904 -14.9859
3.70953 30.7525 -18.4724
6.7692 32.5982 -17.1783
8.00196 29.4885 -15.3746

7.02796 26.4625 -13.2886
7.75296 23.9315 -16.0566
8.15796 20.2405 -15.0366
11.741 20.5655 -16.2476
14.494 18.6545 -14.3956
17.996 20.1265 -13.9286

19.295 17.1065 -15.8886
17.164 17.8205 -18.9806
18.437 21.4185 -19.1646
22.021 20.1615 -18.8266
21.389 18.2355 -22.0686
19.847 21.2895 -23.7706
22.932 23.2915 -22.6446
25.355 20.8055 -24.2956
24.119 21.4675 -27.8726
23.402 25.1435 -27.0516

22.7499 28.1053 -24.8144
22.0392 31.5275 -23.4446
19.1036 33.531 -24.9379
18.1645 29.9436 -24.3808
18.4015 27.7996 -21.2057
15.6127 29.9318 -19.7633
12.1634 29.1349 -20.9183

10.915 26.2695 -23.2147
8.96602 24.6573 -26.0881
7.24214 21.9912 -28.1713

5.51514 21.3922 -31.5883

7.68114 18.2482 -31.8353
6.94514 17.1822 -28.2373
3.23214 17.9912 -28.7483
2.79014 15.4892 -31.6013
4.65114 12.9142 -29.4723
2.28614 13.2162 -26.4803
-0.660857 12.7722 -28.8653

0.512143 9.66516 -30.7213
3.85814 8.91116 -32.3423

End chain 1
