14.376 13.393 -9.434
11.305 12.496 -7.337
11.151 9.258 -9.32

11.004 6.006 -7.338
14.52 4.519 -7.198
14.967 0.776 -7.832

15.638 0.429 -4.087
12.514 2.285 -2.905
10.556 -0.102 -5.156
12.221 -3.075 -3.436
11.74 -1.711 0.112
7.991 -1.522 -0.555
8.139 -4.957 -2.2
9.527 -6.582 0.974
6.846 -4.901 3.105
4.21 -5.895 0.525
5.202 -9.589 0.585
5.112 -9.741 4.412
1.285 -9.811 3.999

0.889863 -12.753 1.52041
-1.01871 -14.398 -1.44615
-0.883513 -18.0896 -1.85621
0.722768 -19.6204 -4.85863
2.66192 -21.6796 -7.29735
1.42966 -21.9598 -10.8881
1.16708 -18.1768 -10.0108

4.25584 -17.0161 -8.26909
7.54272 -18.67 -9.37714
11.1955 -19.8958 -9.59156

11.1545 -20.9708 -5.92156
14.9515 -21.4328 -6.15656
15.4935 -18.0798 -7.90456
16.0195 -16.0078 -4.73056
18.1905 -18.8638 -3.41056
20.5905 -18.7278 -6.38056
20.7445 -14.9208 -6.21756
21.4595 -15.1678 -2.47356
24.3485 -17.5348 -3.26356
26.0205 -14.7038 -5.21756

25.4855 -12.4138 -2.19056
22.4635 -10.5918 -3.72056
19.3285 -9.95779 -1.57956
16.4325 -8.65279 -3.71456
13.1295 -8.18879 -1.83856
10.2965 -10.6498 -2.48256

8.42148 -8.06379 -4.57356
11.5345 -7.39579 -6.68256
11.6565 -11.1508 -7.32456
7.90048 -11.5068 -7.97356
8.12948 -8.60379 -10.4446
10.7755 -10.2038 -12.6646
8.96548 -13.5368 -12.3126
5.72448 -12.0258 -13.6386
7.63448 -11.0668 -16.8226
9.65148 -14.2918 -17.1326
6.64748 -16.3608 -16.1116
5.22848 -15.4828 -19.5066

5.67948 -19.0698 -20.6856
3.64248 -20.2568 -17.6856
6.36348 -22.8478 -16.8766
7.19148 -21.2958 -13.4716
10.8285 -22.1778 -14.3636

13.9665 -20.3358 -15.5966
16.7665 -21.5308 -17.9296
20.4365 -20.3338 -17.7706

20.2395 -18.0208 -20.8556
17.2905 -16.1368 -19.3166
19.2465 -16.1878 -16.0426
22.0775 -14.3518 -17.8316
19.4615 -11.7638 -18.8526
18.5555 -11.1898 -15.1826
22.1215 -10.4188 -14.0256
22.6645 -8.20779 -17.0916
19.6065 -6.12279 -16.1356
21.1885 -5.46079 -12.7316
24.8695 -5.10079 -13.7956

24.4115 -3.99086 -17.3073
24.6372 -1.38169 -19.9351
25.3728 0.522037 -23.1403
28.3271 1.85494 -21.0807
28.1533 1.80423 -17.2435

28.9698 1.76145 -13.5321
28.7248 -2.02946 -13.4231
31.047 -2.36227 -16.413
33.6058 -0.0581722 -14.8048
33.5213 -2.0595 -11.5751
34.0496 -5.31425 -13.4647
37.0243 -3.86081 -15.3307
38.6001 -2.66685 -12.085
38.179 -6.0977 -10.5055
39.7985 -7.78295 -13.5022
42.7591 -5.40432 -13.3623
43.2483 -6.07716 -9.65409

42.7668 -3.7007 -6.62867
43.2738 -0.703407 -4.4885
44.2788 2.87183 -5.23717
41.515 3.60959 -7.77418
39.1901 5.91109 -5.84618
35.4391 6.57668 -5.41754
32.4937 8.33129 -3.77353
34.2137 11.4797 -2.74482
36.2074 13.0901 0.156412

37.8087 15.3372 -2.45686
40.7876 16.0086 -0.194507
41.2782 12.2913 0.424844
41.1907 11.5599 -3.30347
43.7773 14.2579 -3.99173
46.0827 12.8678 -1.3092
45.8044 9.36215 -2.74988
46.6375 10.6242 -6.23642
49.6972 12.4699 -4.94233
50.9299 9.36032 -3.13858

49.9559 6.33432 -1.05258
50.6809 3.80332 -3.82058
51.0859 0.112317 -2.80058
54.6689 0.437317 -4.01158
57.4219 -1.47368 -2.15958
60.9239 -0.00168267 -1.69258

62.2229 -3.02168 -3.65258
60.0919 -2.30768 -6.74458
61.3649 1.29032 -6.92858
64.9489 0.0333173 -6.59058
64.3169 -1.89268 -9.83258
62.7749 1.16132 -11.5346
65.8599 3.16332 -10.4086
68.2829 0.677317 -12.0596
67.0469 1.33932 -15.6366
66.3299 5.01532 -14.8156

69.9879 6.07732 -14.8746
69.4259 8.15332 -11.7376
73.1429 8.80232 -11.5226
75.4829 10.2193 -14.1286
73.7919 13.5463 -13.2036
71.9169 13.8823 -9.88658
68.3769 14.9433 -10.9036

65.8849 13.0503 -13.1226
62.5819 13.9333 -14.8116
59.4499 11.9413 -13.8646

57.7229 11.3423 -17.2816

59.8889 8.19832 -17.5286
59.1529 7.13232 -13.9306
55.4399 7.94132 -14.4416
54.9979 5.43932 -17.2946
56.8589 2.86432 -15.1656
54.4939 3.16632 -12.1736
51.5469 2.72232 -14.5586

52.7199 -0.384683 -16.4146
56.0659 -1.13868 -18.0356

End chain 1
