14.376 13.393 -9.434
11.305 12.496 -7.337
11.151 9.258 -9.32

11.004 6.006 -7.338
14.52 4.519 -7.198
14.967 0.776 -7.832

15.638 0.429 -4.087
12.514 2.285 -2.905
10.556 -0.102 -5.156
12.221 -3.075 -3.436
11.74 -1.711 0.112
7.991 -1.522 -0.555
8.139 -4.957 -2.2
9.527 -6.582 0.974
6.846 -4.901 3.105
4.21 -5.895 0.525
5.202 -9.589 0.585
5.112 -9.741 4.412
1.285 -9.811 3.999

0.889863 -12.753 1.52041
-1.01871 -14.398 -1.44615
-0.883513 -18.0896 -1.85621
0.722768 -19.6204 -4.85863
2.66192 -21.6796 -7.29735
1.42966 -21.9598 -10.8881
1.16708 -18.1768 -10.0108

4.25584 -17.0161 -8.26909
7.54272 -18.67 -9.37714
11.1955 -19.8958 -9.59156

11.1545 -20.9708 -5.92156
14.9515 -21.4328 -6.15656
15.4935 -18.0798 -7.90456
16.0195 -16.0078 -4.73056
18.1905 -18.8638 -3.41056
20.5905 -18.7278 -6.38056
20.7445 -14.9208 -6.21756
21.4595 -15.1678 -2.47356
24.3485 -17.5348 -3.26356
26.0205 -14.7038 -5.21756

25.4855 -12.4138 -2.19056
22.4635 -10.5918 -3.72056
19.3285 -9.95779 -1.57956
16.4325 -8.65279 -3.71456
13.1295 -8.18879 -1.83856
10.2965 -10.6498 -2.48256

8.42148 -8.06379 -4.57356
11.5345 -7.39579 -6.68256
11.6565 -11.1508 -7.32456
7.90048 -11.5068 -7.97356
8.12948 -8.60379 -10.4446
10.7755 -10.2038 -12.6646
8.96548 -13.5368 -12.3126
5.72448 -12.0258 -13.6386
7.63448 -11.0668 -16.8226
9.65148 -14.2918 -17.1326
6.64748 -16.3608 -16.1116
5.22848 -15.4828 -19.5066

8.13661 -16.6162 -21.8347
11.2675 -16.2886 -24.088
13.3361 -18.2845 -26.5076
17.067 -18.5358 -26.2924
15.2863 -19.4684 -23.0828

17.6418 -19.363 -20.1549
16.8011 -16.8896 -17.3277
18.2106 -13.3914 -17.0559

18.0136 -11.0784 -20.1409
15.0646 -9.19438 -18.6019
17.0206 -9.24538 -15.3279
19.8516 -7.40938 -17.1169
17.2356 -4.82138 -18.1379
16.3296 -4.24738 -14.4679
19.8956 -3.47638 -13.3109
20.4386 -1.26538 -16.3769
17.3806 0.819621 -15.4209
18.9626 1.48162 -12.0169
22.6436 1.84162 -13.0809

21.0987 4.91255 -14.8326
19.2601 8.20344 -15.3881
16.7799 8.2926 -18.2493
15.8145 4.58838 -18.2955
13.6723 4.04833 -15.2925

10.8428 3.19205 -17.6807
8.25948 4.61406 -15.2833
10.2272 7.84574 -14.9269
10.4863 8.21761 -18.7001
6.74343 7.69877 -19.1055
5.99517 10.326 -16.4633
8.28664 12.8329 -18.1684
6.60668 12.2325 -21.524
3.16315 12.7508 -20.002
4.25775 16.017 -18.3969
5.65766 17.2815 -21.696
2.42133 16.4413 -23.5024

1.93988 18.8178 -20.477
2.44689 21.815 -18.3368
3.45181 25.3903 -19.0855
0.688064 26.128 -21.6225
-1.63679 28.4295 -19.6945
-5.38783 29.0951 -19.2659
-8.33319 30.8497 -17.6218
-6.61328 33.9981 -16.5931
-4.61953 35.6085 -13.6919

-3.01826 37.8557 -16.3052
-0.039366 38.5271 -14.0428
0.451222 34.8098 -13.4235
0.363759 34.0784 -17.1518
2.95036 36.7763 -17.84
5.25573 35.3863 -15.1575
4.97741 31.8806 -16.5982
5.81055 33.1427 -20.0847
8.87023 34.9884 -18.7906
10.103 31.8788 -16.9869

9.12899 28.8528 -14.9009
9.85399 26.3218 -17.6689
10.259 22.6308 -16.6489
13.842 22.9558 -17.8599
16.595 21.0448 -16.0079
20.097 22.5168 -15.5409

21.396 19.4968 -17.5009
19.265 20.2108 -20.5929
20.538 23.8088 -20.7769
24.122 22.5518 -20.4389
23.49 20.6258 -23.6809
21.948 23.6798 -25.3829
25.033 25.6818 -24.2569
27.456 23.1958 -25.9079
26.22 23.8578 -29.4849
25.503 27.5338 -28.6639

28.0325 27.8607 -25.8625
30.8076 27.6179 -23.3493
31.8227 31.1443 -22.5074
28.356 32.2753 -23.4021
29.0216 34.1444 -26.5531
28.6185 32.5683 -30.0756
24.8659 33.0997 -29.7184

22.1485 30.5802 -28.7162
20.1366 27.5609 -27.5605
17.3945 28.1048 -30.0488

15.6675 27.5058 -33.4658

17.8335 24.3618 -33.7128
17.0975 23.2958 -30.1148
13.3845 24.1048 -30.6258
12.9425 21.6028 -33.4788
14.8035 19.0278 -31.3498
12.4385 19.3298 -28.3578
9.49154 18.8858 -30.7428

10.6645 15.7788 -32.5988
14.0105 15.0248 -34.2198

End chain 1
