-37.930911266970064 -23.28271505934633 -25.926250033368323
-35.21216134900912 -23.054728061628644 -23.422919689115083
-35.52377245865291 -22.310856871446244 -19.769256983176945
-35.985493829603165 -18.636803815265747 -19.188091330390606
-33.910499547003596 -17.537269861327104 -16.253031226863737
-35.960013091476334 -15.951152193216133 -13.57098984501874
-34.965005654584246 -13.157318884360937 -11.319003023818258
-35.632504707468485 -13.965814457459187 -7.739009878199238
-36.15591895669377 -11.677928518626414 -4.801368740381476
-38.07221349455064 -11.544329305927878 -1.5476212863607737
-39.930649254058444 -8.927899982023831 0.4363454776747764
-38.703437941785765 -8.206648390874218 3.944080435919785
-40.44317826798465 -6.227006610699454 6.631628764710151
-38.504955931129984 -3.1631634608851433 7.651517644075725
-40.5598155111706 -1.0056351053589718 9.911941609046863
-44.08443188195588 -1.489957086302468 11.027284452107846
-45.492047151195464 0.16554540102689885 8.022600647071142
-42.944514898705606 -0.4288061796023259 5.298661840649917
-41.578950141085286 -3.4827237991660285 3.5544703185791002
-38.766417329133176 -3.7646873904153875 1.0365835628050206
-38.50934946417126 -5.5211761711242655 -2.311197385233208
-35.014638578922174 -7.093274325618838 -2.129664409836729
-34.87199830072412 -8.009689488608537 -5.81404251205129
-32.481825818606865 -7.810674740531601 -8.770222079631257
-32.71834489556559 -4.996048559797836 -11.328807272460029
-35.468081514718286 -6.211781551753284 -13.741939638817453
-36.56101670128136 -3.304643671759419 -15.917882658447585
-40.13780176965056 -4.471543423774339 -16.132990871769955
-40.426830886742536 -4.730112284831448 -12.408865428989515
-38.95263446063588 -1.3000214100880771 -11.89152561005363
-41.621279031970076 0.06186259845170028 -14.1671200596804
-44.16231428301275 -1.593966896290221 -11.953824883410132
-42.538620232348 -0.1540679462667096 -8.863707467589645
-42.88723322043498 3.235626984635963 -10.450924610878417
-46.58685847715322 2.824804876637661 -10.499185935273683
-47.086658697586124 2.4564394589029828 -6.793067661571084
-48.60249554046115 5.07512001947054 -4.5604848999498495
-46.2455704825412 4.600521009605401 -1.6748762897630654
-42.94140143925874 4.222541628250566 -3.363121686820185
-39.64189368940544 4.759878450687137 -1.7270300793874656
-36.25017922223214 4.582675140850336 -3.2404876969473984
-33.20806349306239 4.592149204027403 -1.0778106215464058
-30.216778824253936 6.147637321842992 -2.624395163524631
-27.722935717073092 4.167322637581235 -0.677077955655343
-29.19176423196285 0.7898301277539697 -0.7765019965481867
-30.63591204913616 0.6112850672301282 -4.217228190757205
-33.66933265584697 -1.0734977496078277 -2.6628050556779117
-37.289790399406634 -0.124163626195686 -3.12749468244422
-39.93676194585729 0.12316266152569177 -0.43870232532874365
-43.67935703921501 0.3624392801330869 -0.09266523633026225
-46.31692123520738 0.8043008211879802 2.506157476083124
-47.57378712390922 -2.306415353598643 4.219304877137278
-51.118007698325826 -2.000219715209721 2.98291143210706
-49.73047824429849 -2.0015414840613515 -0.5183600893739149
-48.317456510145654 -5.486778346008352 -0.08137542724312219
-51.2895794361768 -7.183256442278294 -1.6673503266146037
-51.62145191473417 -5.017034137099789 -4.653306719886834
-47.90427758629518 -5.2433681487765496 -5.303061232878053
-47.816506558085464 -9.015793401756932 -5.128702529961026
-50.7273778666573 -9.1706226547301 -7.519679344436029
-49.15530609938247 -6.80316934393672 -10.008661501814998
-46.04450661068506 -8.882101225608759 -9.78558803300378
-46.87441405975105 -12.502606869550856 -10.555639010646317
-48.164110580810686 -11.031391006142863 -13.759678299859754
-44.7032551197955 -10.3409335872881 -15.098710051055274
-43.45386564424508 -13.60832794139423 -16.440095183349214
-39.75189332962602 -13.782692471291538 -15.60210473441336
-39.804384213853695 -12.12222810924751 -12.197222385571521
-40.42085712595452 -13.946523970346867 -8.970169897646716
-40.99161211088907 -11.971682186214876 -5.811659540719146
-41.50728262624171 -13.852265167593675 -2.599051321570042
-44.1454721955688 -12.26231306501879 -0.4851787833569565
-44.00461271993836 -11.86943494630763 3.23657381346663
-44.66151430692012 -15.067840330978969 5.036510840233458
-48.08758281902417 -15.84576633563667 6.417840519074286
-46.58362456591261 -15.63675408204765 9.85670609521233
-45.7323960386543 -12.025295996025438 9.117887113805912
-49.116710879949544 -11.266780763391917 7.721299595298152
-50.68177468502084 -12.743315113743954 10.83531558727479
-48.681711313262525 -10.65640552085919 13.266733251946224
-49.0467015290648 -7.5772145755948355 11.12985251943666
-52.76840924541937 -8.003484981065837 10.546055281136823
-54.303383452914794 -4.697807632133167 11.487803361611242
-51.635184009530825 -2.903531262515312 9.671598516403405
-52.059726960921545 -4.4328382846348795 6.259403722063517
-55.64493295608025 -3.367998464871997 6.649030634025799
-55.49646160794165 0.2868974403684694 7.553867183154077
-54.95231732956341 3.120692539816685 5.149445144773228
-53.89525601841833 5.539498448133863 7.81013328177278
-51.06950575279592 5.581922912477806 10.246909348866355
-52.11348749138333 5.286234537166089 13.791539162288563
-49.71202834269349 4.055902379105132 16.34152577755049
-50.45909267068471 1.1524950955467586 18.58383798498799
-53.97977363787263 1.1154578831113708 19.900667424276048
-53.02258298714542 1.854057428937443 23.4903590223198
-54.09648948633956 -1.259168785512031 25.20856226077942
-56.34560444015856 -0.7135910436302082 28.071415531918372
-56.30697464820124 -1.0385583749592422 31.794168944749018
-58.15014362525138 -4.208200226731055 31.175111068992162
-54.94424919639348 -5.847735765589144 30.189362050306734
-54.163004066861 -7.446567706597566 26.91823954083189
-52.14103467385517 -10.10135754047155 25.15316823583965
-49.11535575797879 -7.93102114941518 25.496190170528315
-48.607800196521374 -6.3733887372558655 28.853035359187512
-49.70503272008383 -3.2174225791142073 27.143643538129105
-50.026319987110554 -0.1967729877672375 29.44523506104143
-47.07518225691204 -1.2736999352436105 31.50632056319753
-45.06193347377858 -1.9106767499254829 28.395736876046627
-45.76852391056234 1.6322291882432456 27.47288072911229
-45.10243929580127 4.230762775667556 30.10686335642901
-41.92088467402354 2.2227580743015976 30.225050952804448
-41.70447541235432 0.17803527733029556 27.058129148432002
-42.635545209532 -0.4935347701154231 23.43860891721941
-42.5441036457511 0.4665597153469445 19.88900555636371
-43.208750999018434 4.055254994152015 20.677251134643047
-40.371958351539845 4.344491456543103 23.06679476137073
-38.120287199551015 2.840332278869607 20.440745410821137
-38.99862508361433 5.3957554341355545 17.870523619039382
-38.65039978801004 8.12041342655639 20.447725195912753
-35.13928578515269 7.104935031831884 21.35950975861749
-34.178929951295025 7.064476003025694 17.73900748139633
-35.60602437672219 10.535759476165927 17.491844478464653
-33.46366232647631 11.691333461103941 20.345038234766655
-30.24430875361847 10.38538218691774 18.94349913706766
-30.591130525489696 11.661158831670601 15.420353722631972
-28.452869763924042 8.99962578074618 13.872946945347602
-30.76013070960355 6.3096956714422845 15.118284223197433
-28.216978373359993 4.892336884904981 17.480459547953078
-25.82243267300648 3.7281702350841988 14.827541173716215
-22.519766817675688 5.557825627486766 15.02766211985712
-18.810215873912668 5.411803909822048 15.420535450075835
-18.127686515706195 7.926530782242052 18.06538108495039
-14.50894398794671 8.526648496369043 17.447559713536375
-13.744309587508708 11.455157020044958 19.61864010367036
-10.233510255144685 11.870164955366528 20.92603654755892
-9.23440467063559 10.061129191568 24.05064270454905
-10.025290478921674 13.183997966281227 26.01817218442293
-13.739619485839475 13.376154625832028 25.325841449470825
-15.87041903181026 11.33740455736184 27.67450095080419
-16.39086472068842 8.319728603827846 25.48533624151646
-18.041947328890437 6.302812630028886 28.162543961423047
-20.519828598225523 8.884907675145817 29.263806688051396
-21.832084084572664 9.574487441313076 25.82784477256913
-22.175508235792385 5.893008048716063 25.24594586877007
-24.03404452239819 5.237655100792567 28.438632102181913
-26.45321995579137 8.036292026581037 27.74943867499314
-27.24159199702285 6.99449119307654 24.23629285565773
-27.709460493812074 3.437672752038539 25.397362469076405
-29.84956343686114 4.384629159880504 28.34026290143897
-32.232012094442226 6.327704160334324 26.208577902054326
-32.68704589104216 3.1541696145302462 24.285851522524478
-33.37355731530948 1.4077039810762952 27.575912442251457
-36.66142566947726 0.03722375949783485 26.399139461628472
-34.7353962793418 -1.8892831294223391 23.81741678185098
-32.35987988900815 -3.9135316028436717 25.930425299843172
-30.58212337888103 -6.414761590941875 26.702714324327488
-27.556195555317622 -4.094535320739818 26.207633662567094
-24.409836057378584 -6.057690664077028 25.364526903220835
-21.099837524254184 -4.296422692295918 25.983324804229238
-17.766137680353964 -5.2969432607812825 24.500477562326903
-14.659547378634587 -4.156013778852243 26.316776715695706
-10.981254366405532 -4.730936688161203 26.60647684434364
-10.244357779259785 -7.2997922910578765 29.29068516549148
-9.070959014978909 -4.955701721010769 32.01040054387215
-11.725941364181955 -2.2947734607318804 31.67791066572629
-14.67435630620209 -4.4847540299951865 32.602042385732474
-15.091390159721618 -3.3691541870555266 36.18215338337649
-14.588534920288511 0.21782428556875066 35.32875778630286
-17.55228454313488 -0.07687979260116662 33.028466787453354
-19.779161869761168 -1.536604450706734 35.66564601812319
-18.651280576850645 1.2363795533184536 37.93269420960985
-19.513047633979333 3.8137296693753955 35.32869940959411
-22.95352239442417 2.332867810228726 34.94441881306763
-23.51764971237649 2.5262269582552714 38.68479400935668
-22.010652743595784 6.011130402961574 38.96447081776222
-24.085279451651317 7.560439624130026 36.30878089621169
-27.52680785958703 6.109182743991802 36.18837040986231
-28.425391426151712 5.714495010533987 39.70779112454787
-31.470588897251652 3.576905096257815 39.512182534779086
-30.156287145662056 0.3074486471767577 38.40330362645286
-29.251580326480642 -1.9882171687411565 41.22463257447586
-26.221562527496133 -4.055213572030812 40.88770527278501
-28.1643113947108 -7.06988706608386 39.737390723111716
-28.95474170922354 -5.40387578103712 36.50121113662456
-25.32066841573385 -5.680680909346698 35.555843896613354
-23.583456307682 -8.899985636948754 34.57403833415351
-19.764719438898055 -8.892734809032907 34.540301818554546
-18.994587428213705 -12.022101952119543 32.51833842376001
-15.587373550928563 -13.000308351861023 33.773697668733476
-15.484476190535341 -16.475450292816696 32.335205533393506
-16.584745367710376 -18.375073900469125 29.265377054958904
-18.75235730428529 -20.505802079418753 31.50274021722111
-21.006446281744857 -17.652888122968996 32.60733871386572
-24.388943401745756 -16.834992768267053 31.106411859571143
-24.20233518981734 -13.86339892544817 28.807305857543003
-27.82666849867998 -12.846229567039273 28.811250801510134
-28.206984801862717 -12.795302218734804 32.56953390882497
-28.151782293556323 -9.12566970757341 33.389201473209475
-30.036474252978778 -6.307728405016558 31.724439618338778
-26.55828842892531 -5.024979261893194 31.06045391881669
-23.98858785679611 -7.543701433096858 29.899827108043347
-20.318982542908714 -6.58465673571475 30.019192549912567
-17.97945969443832 -8.9311660805813 28.210292680948292
-14.495102761698417 -9.050097817692663 26.783557594404506
-13.246022848315965 -9.340882656846818 23.225931342631768
-11.532064237604141 -12.524904478203455 24.28493649931966
-14.672395583925761 -14.099646558922794 25.657298847433875
-16.94028550047858 -13.446732282675748 22.70558116542721
-15.36607462579776 -16.252249523291876 20.752468486997646
-15.83532324118111 -18.615564789848307 23.624875959453828
-19.426772102402154 -17.621275566302153 24.096804997736108
-20.16360958165894 -17.757690404906626 20.408381144520344
-22.72467042177785 -20.291004723695135 21.26608443554267
-24.909460040807865 -17.856092517251014 23.10188340805794
-24.636509242513 -14.591215703139705 21.225054633132373
-27.338380700378686 -16.210806480889495 19.103450679092276
-29.795955219626613 -14.280763504211803 21.157278225533428
-30.26840689919483 -10.95668895084962 19.630731870468125
-29.085858550663325 -7.9546168662612615 21.511527341092375
-30.652170631765536 -4.920583131395943 19.935536617676636
-28.288121679037054 -2.467702197416534 21.55660838438646
-24.577710732140254 -3.0504320671574456 21.344932915661033
-21.71961664180789 -1.052803271300496 22.774563065304754
-18.209558550669996 -1.7533351451828938 21.711940229811265
-15.388389744100573 -0.022329306408598093 23.41740859684976
-12.19781951921266 0.3914797528344722 21.508901142699518
-13.67697836506891 -1.142474366007616 18.385524144959316
-10.268743476857368 -1.0013884841509546 16.73150669622475
-9.719535404023999 -4.458593960481789 18.13750590929805
-12.082649494614595 -5.579980222469304 15.439275814165715
-10.07246826458316 -4.1633762674943515 12.57450834416424
-9.36108666855523 -7.5689059708199125 11.096027818556927
-11.962321698389127 -9.776352709646268 9.526276814477004
-10.171788031112191 -13.009414203255933 9.98810748137371
-9.720490576865481 -12.992164165934502 13.695938659300076
-11.712715242159481 -14.516760525481379 16.37569477198097
-13.290507715969477 -11.593755450814163 18.084967787931966
-14.269654440232435 -10.35235007470344 14.672093722788555
-15.913781786617305 -13.452158851974504 13.437855571853852
-17.6826099192459 -13.447218802168692 16.719629426513794
-18.797786053625508 -9.908608158227109 16.77303260894211
-20.100659540834215 -9.457090110784666 13.316684517507689
-22.688180836136226 -11.044115063400634 12.938867966609102
-24.216489253303095 -9.521223108026168 16.049904365347096
-23.55133629208185 -6.0467141151974415 14.908684054920176
-25.232440344361407 -6.4427013846052485 11.54303534362005
-28.274015361486008 -7.73043873701133 13.275970116316849
-28.52994059097861 -5.277175316959506 16.08850364833825
-30.83059728417063 -2.3006823962108287 16.038039078551304
-28.398641157940176 0.08536340083261007 17.597990633729076
-24.658996226543984 -0.10722158274035754 17.368641966445058
-22.39503585302934 2.226526208094989 19.26328195228052
-18.7690985396113 2.059560971001144 18.465122063057198
-16.084714994534224 3.705533690085249 20.508162882754714
-12.684882173840874 5.091858526478429 19.548755649440444
-9.177679391947391 6.00989735911375 20.698047756979765
-5.978471576838212 7.9758335146404065 20.09586639880152
-3.4882811944387466 5.303228070283543 19.0594292332197
-6.150175423506541 4.447454970649669 16.522068889240426
-9.231712867772783 5.300657197089906 14.514445184363813
-7.609708162709159 7.6458573442284425 12.08271246742866
-7.922405156449079 6.0683223336649466 8.651268182502495
-6.639974103530159 3.928812758258756 7.074861391330085
-7.727174389622663 1.1529785811766287 9.362918899187605
-11.345097452079573 1.996635319762481 9.276010777696476
-11.047422666175889 1.9105749117915172 5.604133964945666
-10.058897420432602 -1.741398654011755 5.1665063684640335
-12.30908062118859 -2.60476407130151 8.051698687749457
-15.040357315860389 -1.3702065420999372 5.805484244684322
-13.822632169032827 -3.0845713136163706 2.6967266315907583
-13.704011194365078 -6.328223114621851 4.590079493104631
-17.311289021093017 -5.978859536638855 5.4275798042543535
-18.673762930176565 -4.839947445789014 2.1078743811207534
-20.8581308001906 -5.647345984832193 -0.8283336509507597
-20.341049272640248 -9.147485400232569 -1.9884598365990724
-21.739659232960634 -8.290316444206331 -5.380310888711695
-18.84990123401353 -6.0682510910518195 -6.377947232191391
-16.221594610269896 -7.998567181315151 -8.371987874519384
-17.724571232901333 -11.402127191286292 -8.273959662515708
-14.385690236389722 -12.756215552470787 -9.362492345184577
-10.836223373552778 -12.0002171574568 -8.437364561384545
-9.78096685296841 -11.430561756999122 -12.00437625193079
-11.688865986498813 -8.49822852695094 -13.248218976807678
-10.51097396984367 -6.638342541548164 -10.236456117882295
-6.903835477397903 -7.593010973203974 -10.30016704250226
-6.817714842389224 -6.504153339328662 -13.88266020919179
-8.132807107743611 -3.062802779710652 -13.118908509081166
-6.349441466610804 -2.503423734727522 -9.823989530705411
-3.288961407285756 -4.567645475289646 -9.910195170105798
-1.2154150140639732 -4.448939193442055 -12.99392265057596
-2.1381865636439326 -8.001824322052094 -13.70540977638176
-0.2783150574699569 -9.916124238693929 -16.330676964625123
-0.24406723138795172 -13.439868373560238 -17.450313226276172
2.9521050712101626 -15.159845978532177 -16.694344542731898
3.666363207407205 -18.712113931752913 -17.477709530076428
2.6190175885159146 -20.5264908130543 -14.35625687350958
0.23855485610824978 -18.3207411490214 -12.453401492973
-1.1232692537743372 -14.828775253076815 -12.674239160281886
0.7826540135589681 -11.94748982355923 -11.210864713092374
-1.4011843844864966 -9.48334340758621 -9.338208500150575
1.6140953812357157 -8.047987412111512 -7.66270854471009
1.3747135573881692 -4.588244623663951 -9.057879208176221
-0.6686677751173278 -1.4482839201841895 -9.04161542722224
-2.9923951328701577 0.4383561088445165 -11.320707695582083
-5.509539008386886 3.222277816965395 -11.507845700813402
-5.335209054948068 3.906486532415677 -7.778079957360348
-7.171071998918249 7.197256607601287 -8.065208087678567
-10.180580259457907 5.293258617164522 -9.19465825574989
-9.589271908582896 2.7975104469902976 -6.467086715852635
-9.665285441124217 5.50912464520753 -3.834160134480249
-12.829350564628482 7.097293438910238 -5.0907689745465765
-14.602123805713928 3.7957848754572625 -5.45142288224491
-13.700093289265796 2.863497786534096 -1.9210542426799835
-14.693021530109837 6.1571579208512235 -0.3801102371611451
-18.030423617892787 6.342729707916098 -2.1513616073250583
-19.067252707647015 2.7889850249794153 -1.5450175077094306
-18.086407961720127 3.0468184608003863 2.0560508759456697
-19.58468210571474 6.423609089047614 2.804136861925155
-19.81989321021141 9.8041258676162 1.2034744846145147
-17.757723925649145 12.957181094239356 1.6044091172821489
-17.892996345652705 16.702640360593602 1.8252648540594798
-15.931867018659881 19.889491513489617 1.6696226615342864
-15.374830396457872 20.07856492697042 5.372768141506748
-14.507017593165438 16.419437235965802 5.558680699890986
-12.509929229050838 16.777129640931605 2.4068297818829913
-10.079898613147966 19.441754268980485 3.40694017447478
-7.803015637881385 20.44731938388734 6.247990634537669
-5.77598794489643 23.59088353584703 5.795982720463056
-4.4146724871418765 22.959830816328193 9.25368639337466
-2.2953740133860165 19.934094197723912 8.51923360798053
1.323471676463999 20.914448522400665 8.755382440587246
2.907470272455452 19.632284545389865 5.525116664532133
4.7344096456535425 16.50041757915399 4.660804317947267
8.33513489320565 17.14147321089491 3.892302939513861
10.019583160791258 14.463497466828386 1.8828530277173154
13.672545415509354 14.080662801034169 1.072567038531326
16.15222890435882 11.610282480354424 -0.24237435420280118
19.250759989624598 11.238823735383882 1.8607921904214217
22.134478104470105 9.5147695508633 0.22926223269801227
23.81776073094299 6.635731557116909 1.9779614149415687
27.58079630198926 6.593786423858485 1.4941692107501012
27.814150894467346 3.663203146729585 -0.027694216099308555
31.27807778522952 3.8870502540950156 1.4798534508017633
31.14203064594497 1.492430851115717 4.358805185507917
30.115854064734854 -0.9303629237699911 1.659812605201151
32.4996362325861 -3.8432519970586627 1.8637754031569038
34.3902645424036 -4.8829907497037475 -1.2081166718295586
32.86399204776927 -8.31648141615481 -0.9043715228704938
29.41961455974438 -6.919635225265006 -0.5366101342174696
29.80726316142124 -4.662685963247799 -3.525218772078566
31.315747892269982 -7.450402036531411 -5.5889171297734075
28.1257800483596 -9.178634546866748 -4.7218724106050045
25.3096097156838 -6.98801846195267 -5.873345738942386
27.341177676648464 -6.6847844455923955 -8.98110083728972
27.263544907607965 -10.425825842967784 -9.346721427922525
23.56492302874061 -10.460585454517894 -8.898061237390088
22.78483859422216 -7.6670238884518955 -11.248468659864098
24.55202720590171 -8.92670582021051 -14.311779424633315
23.132077697886224 -12.299404408425321 -13.362878677589443
19.607587323671392 -11.058098374983784 -13.79617295796779
20.48431979019649 -9.813001406632601 -17.22709699116111
21.99018869929872 -13.005351187300574 -18.569264531548068
20.24500001952527 -14.22429958550647 -21.6743789053678
20.56904392725592 -17.86403053953573 -20.877427759974346
18.195847241804227 -18.12332395967188 -17.988533436113535
14.758271035309626 -19.36716882396626 -17.229857103208207
12.118898270904909 -17.090013082858874 -15.905292970649775
12.490622984866624 -18.652318946931413 -12.498928761685228
16.225095744473187 -18.220833001195682 -12.223961333815861
15.736173448929847 -14.651417926184882 -13.184178502588793
13.194425880165605 -14.221875127280736 -10.435127888178311
15.666126815631117 -15.663630457689377 -8.044377994764705
18.34804661561353 -13.288896283241877 -9.153537941378993
16.100302705515546 -10.348990858669916 -8.550446398419098
15.05082236710768 -11.417382505390826 -5.107381439910136
18.76480883817578 -12.034177337227687 -4.515565904339744
19.572418708118448 -8.514025563634702 -5.737932784143578
17.030477938408048 -7.340343481862041 -3.2993812685487383
17.93987413616896 -8.667468542359291 0.08745436804453988
21.57147579175473 -8.146420825487418 -0.7216640978733482
20.6404595963183 -4.520227818420746 -0.9777951567784653
19.06351166810315 -4.751191074555592 2.398639235596649
22.12619417329774 -6.223384068275044 3.946397828407023
24.52611651831105 -3.77530064434501 2.4434735830157894
22.525408610311672 -0.8738950532869907 3.7884417845157303
22.76353228661042 -1.6607642259406747 7.434319459357997
25.360455081457886 -0.56260042716229 8.972546448021983
24.942367480864853 2.731934906098161 7.123291274680883
21.342237806235108 2.6882878156435663 8.280363985164186
22.828933215660573 2.1482166184149465 11.734295348338225
24.66541647801715 5.313626732468218 11.341966357651327
22.16140817739805 7.934597410196125 10.164826120924555
20.27463983250648 6.392870406790799 13.013056283619616
22.299551720560927 7.1946782817715755 16.06080594152044
23.27103778804736 10.400270660224173 14.371801109115758
19.65750528922753 11.4169696283273 14.612049081492131
19.607682519471954 10.37649261848929 18.209060519284957
22.76814662454447 12.25156371496643 18.98992415892006
21.078156520994998 15.252693738855125 17.591444259308112
18.151201566383108 16.372625008472593 19.591699154316732
15.269636816372715 14.342119088786138 18.376801915199035
12.860431487433251 13.018441001869673 20.931126875971813
10.654185220538803 10.906086966236249 18.696359139056522
10.790108448092413 9.198555240019969 15.335609627388589
9.871257953555528 6.161380989663509 13.257793143273352
12.132485974149184 3.754455746708947 11.483531969232104
10.796966458692268 1.8116567641489967 8.528795477225115
12.156171786947715 -1.4831874166998034 7.2980267338907785
10.83857500917998 -4.55534761401651 5.579707656059467
13.456982772754042 -7.25072172634712 5.723544988602311
13.675871500378214 -9.006709853349204 9.055664047511641
17.438315007815522 -8.821281622432865 9.286696998672538
17.320615978473807 -5.051942356566583 8.973659561150038
14.872001735108743 -4.915043451328488 11.825529119340658
16.86037165541061 -7.280173970609214 13.975021079503723
20.025417772006648 -5.325166754075785 13.429164996710327
18.658995729140553 -1.9726655141140401 14.285334510781343
17.03200257601668 -3.275821879260329 17.3769489381747
20.176178154493797 -4.891121821096527 18.63828078571208
22.15518702180249 -1.6738238706757447 18.204780149805046
19.476015571618056 0.3527245774095136 19.975068467588294
19.694982841312612 -2.042039936521192 22.857860561656256
23.44390717235293 -2.0522557258802703 23.00273291161208
23.39934775589671 1.68220587986054 23.105625932040343
20.60672353013687 1.7133518127411937 25.629441468993125
17.976500213063993 3.751210973422094 23.948841473885693
14.41813743644099 2.8670982985386115 24.65470344910055
12.46414321037414 1.6445317410691636 21.721045054356075
9.406844057394872 -0.12076841922394976 20.439677334588875
9.197796380864801 -2.8603222692004557 17.86163684382534
6.36341338449317 -3.8808774628418714 15.586513962174568
6.653039384207533 -6.656246811077239 13.042705250583808
4.397344256881484 -9.217116055666159 11.446672918619287
5.159376369236207 -11.537688864226567 14.306009362605941
3.7640738935713287 -9.16797510366104 16.879819319535525
0.3310020873006483 -10.107986733966705 18.09391202929019
-2.659140856751664 -7.920889474660784 17.575783905684936
-3.0315782604593338 -6.872947226734285 21.15428043709729
0.5884484478990419 -6.23394244406715 21.82559371605171
0.6365941166652345 -3.8752564426437432 18.908904438588593
-1.9084646542217225 -1.5977654345468408 20.492616710678796
-0.08904249256638685 -1.66212726646017 23.78803148764848
3.1717429350063906 -0.7501346505925379 22.14118788125109
1.596960093536465 1.9835714322905331 20.197695392297245
0.18402365283153088 3.471643022482203 23.351496837694928
3.4974924465207415 3.0248795207302672 25.124769497708087
5.212127411394014 5.071366346452392 22.457792255701733
2.5716926603119568 7.746891480357025 22.36760033187919
2.242114661532069 8.266102574750391 26.1022200156193
5.860975910138447 7.687986989693554 27.092810058800367
8.380103786547561 10.38840963687969 26.30620833692152
11.29709310314121 7.9983801181911325 26.768910429715454
10.601928122710689 5.633013108612578 23.8708337295606
12.437404283107163 7.553239917562344 21.168264162129116
12.498762561420733 4.984543473027898 18.376124706887225
9.653380128746647 3.036156931045025 16.805446288225486
11.179422656196634 0.21949119431969777 14.72730352797738
8.45182237940953 -0.7770285926550831 12.318360804656908
7.847311153148525 -3.219123748181966 9.510764425424929
6.469092074330097 -1.5830063643146672 6.4048181803994115
4.111036636936229 -4.426265590519833 5.699433514577682
2.9279981309174428 -4.993293388210842 9.20859315328358
2.6348165376082058 -1.5499802954686392 10.760102256929052
0.9561238285534515 -0.17840141880215898 7.633085280056569
-2.5058667861034483 -0.6322414344685312 9.072714824143347
-4.371491199413649 0.2692786184709992 12.24100397486947
-1.7581305176436626 2.210037926389094 14.175699882682375
-1.4140578935481862 5.876593737726773 15.09679027547449
1.9011700544948766 7.56200691774966 15.733158144807412
1.156985314045821 11.258755087384278 16.141907508581674
3.8414158059711863 11.527020343335998 18.735264731655754
6.771235681822026 11.646979139080788 16.375625059503918
7.604214353627589 14.206530367148403 13.720141291296212
10.043276810794113 12.258964275132824 11.604992916530996
9.887380883224571 9.042616968375686 9.650116843199664
12.87434840852912 7.1333955997873835 8.349051215146325
12.685943602707374 4.816791060866895 5.404862185991391
15.60395213753429 2.48890511763748 5.889223854574039
14.369183495351159 0.5000875935502764 2.9639925378804604
12.576394901612286 1.1960410332837554 -0.27456545417139644
9.364568651568296 -0.5825552463196055 -1.075140506061854
8.074030616276927 -0.765300567328502 -4.585468372104521
4.467730147910341 0.1842036290557627 -4.058587253722361
4.134423814989384 3.277619885899094 -3.4171266155439985
0.727486657132113 2.6056876558802937 -1.8989674405319095
2.4131752582274046 1.0893752396539038 1.1000289910323415
4.777209274147474 3.94926561562238 1.5733863708371976
2.025502493100703 6.511328684664621 1.717471836415963
0.28923081063643075 4.321772245167653 4.2387818615675785
3.3806813746757935 4.349787236046208 6.425444517394211
3.690939280150909 8.096633773361342 6.127993583793723
0.07397330571446759 8.476597447874452 7.076127406531595
0.7069873112053191 6.917031965611985 10.426229759503496
2.4293616714059727 10.050773167508437 11.546964626838317
0.3619373196579634 12.518443253360026 9.588168849532131
-2.8447763367162615 12.117515667061486 11.498243873338229
-5.216198715339976 14.371498204814628 13.427019552795684
-3.363625405870927 15.53006005339409 16.492852812459205
-0.20281960563358226 16.03009734473953 14.496153686288743
0.9533784571175765 19.563064805186745 15.243922342432874
4.391625182216519 19.775786171236714 13.654159442572569
5.497299375120996 19.419825097506646 10.091752209656324
6.236820456141546 15.852888065485942 9.165994800652475
9.64451638962529 14.925190723570863 7.884402015590831
10.260516126057102 11.98736639256435 5.659846436410564
13.696103986712929 10.549816900559364 5.025062607260418
14.437660581713411 8.025998323395127 2.3066946031130824
17.803983863087463 6.37680695599315 2.804932898475675
18.697444753654427 5.489976647848555 -0.7820175669731322
18.677960330782376 3.385011912998309 -3.8437629551956993
22.27517002392983 3.755499562117203 -4.53471687940221
25.63799404922554 2.694530125766817 -5.637463192034594
24.092647307081165 1.431055259629824 -8.761906135854161
23.017294974363367 3.082060993127099 -11.954276168992163
19.975309705025847 0.9009201979703045 -11.916494522173465
18.665993768729653 2.8885561531509283 -8.973423322111522
19.013838244222875 6.0269570784560536 -11.024893978229418
17.208403138149183 4.504536147770755 -13.962494799915032
14.335129349940996 3.099714132550056 -11.971082024133224
13.439660572165861 6.444364992157188 -10.559322379094741
13.747770878010725 7.83944902745282 -14.06971161305377
11.146415516952098 5.47277101781485 -15.348444769027921
8.95359776906567 6.113619373217491 -12.35187861592333
9.049527563653896 9.811166717831943 -13.072880078366268
8.044507501405695 9.195419299856642 -16.62534665691917
5.109723427618236 7.2144097685001585 -15.398074202686505
3.7217123029503867 9.979292031504196 -13.3005715949351
4.179079487763394 12.708002998870827 -15.768302883959354
2.3366058328932198 10.829908044025348 -18.43754175893726
-0.3956570968871187 10.025780095906654 -16.030469777129777
-0.9601893872957099 13.529100881699524 -14.942428985193356
-3.742171040198601 12.055529491150311 -13.028613048415064
-5.025721007519353 14.468838614325225 -10.503606997453673
-3.8102167637168147 11.996900702643867 -7.9674448586915565
-0.4376541215746439 13.392705610830976 -7.012009940391086
0.985246261709813 16.757717667915024 -6.276359646482413
4.49303720699919 15.70643984271086 -5.654511901146095
7.1186338234186515 16.786841031951194 -8.043572946438736
10.257718164041245 14.758886807436259 -7.5341024706208986
11.917074388138433 16.862158293603166 -10.164627508902637
13.35464054444413 19.711614253238153 -8.225280897194168
15.307718556600062 17.872728514004177 -5.666582494397349
17.488618696648217 16.495380019737574 -8.395973581156344
18.13557775231226 20.03991964450733 -9.509003602643357
20.613466707308646 20.480679261718144 -6.730181318555522
23.16918065033198 18.403003450090747 -4.921956923405815
