-15.709 -15.0786 -70.6543
-20.8186 -15.6249 -68.6937
-21.8775 -19.3333 -64.7723
-17.827 -22.4954 -62.8117
-12.7174 -21.9491 -64.7723
-11.6585 -18.2407 -68.6937
-10.4565 -3.89036 -58.0717
-14.9684 -1.51128 -56.0143
-17.7129 -3.91692 -51.8997
-15.9455 -8.70164 -49.8423
-11.4336 -11.0807 -51.8997
-8.68909 -8.67508 -56.0143
-11.0661 0.864431 -56.738
-5.77543 -5.13765 -51.5675
-6.13855 -0.867221 -55.0145
-14.5161 -3.77937 -47.4008
-10.1291 -6.2279 -45.1627
-5.15306 -5.53553 -47.4008
-4.56394 -2.39463 -51.8772
-10.6149 5.1974 -51.1522
-15.9693 -1.72126 -47.3824
-6.07066 2.36526 -49.8956
-8.52853 4.24892 -52.4635
-4.35347 -3.10092 -45.4245
-1.25565 1.08916 -47.1842
-3.34319 4.76408 -50.7038
-8.51333 11.5227 -24.1536
-8.58606 4.36661 -29.183
-6.71565 2.22585 -35.3618
-8.74266 17.5445 -17.6275
-10.8131 20.6262 -21.6853
-13.4514 21.5705 -16.0444
-15.7604 17.1902 -13.6504
-13.2433 18.6924 -12.93
-21.9778 15.0723 -14.0932
-18.706 19.2257 -12.5783
-3.28884 5.53471 -34.1963
-13.4438 14.5505 -35.7323
-7.41337 9.19658 -28.251
-2.83737 8.38811 -41.6615
-1.93381 13.539 -39.9581
-0.820185 17.8852 -40.4583
-0.497549 12.6379 -42.0744
-17.1104 26.6378 -40.0213
-19.3322 22.0395 -44.3304
-14.8875 24.2596 -41.9713
-12.9576 22.1948 -37.253
-17.1093 19.6613 -46.2804
-12.6646 21.8814 -43.9213
-10.7347 19.8166 -39.203
-19.6241 15.3764 -43.9213
-14.8864 17.2831 -48.2304
-10.4417 19.5032 -45.8712
-24.5427 25.1112 -41.1448
-25.8601 19.9949 -39.6159
-26.0493 22.8573 -35.1776
-20.8659 29.2797 -32.7881
-22.4918 26.5653 -28.2894
-23.5192 28.9916 -29.9407
-22.2219 28.2052 -24.654
-4.87998 22.6886 -23.8317
-3.90436 27.3989 -26.4982
-8.72801 22.9353 -36.1478
-11.4113 23.1074 -25.4815
-10.4357 27.8177 -28.1481
-9.09405 27.7317 -33.4812
-0.684227 22.5474 -36.4677
1.48112 25.1309 -32.1218
-1.71765 26.5024 -27.8631
3.29929 20.4186 -32.0634
1.10212 17.8161 -27.7449
-3.52516 19.7115 -25.4545
0.580979 13.3019 -27.5234
-3.06344 13.9394 -23.4538
-4.81642 18.9724 -22.0954
-8.60614 17.8954 -25.9157
-23.9569 15.0506 -40.3633
-27.5152 11.0318 -39.1644
-24.4663 16.3759 -37.4326
-28.0245 12.357 -36.2337
-26.2489 7.7367 -33.8358
-28.5338 13.6823 -33.3029
-26.7582 9.06195 -30.9051
-25.4849 19.0264 -31.5711
-29.0432 15.0075 -30.3722
-27.2675 10.3872 -27.9743
-25.9942 20.3516 -28.6404
-29.5525 16.3328 -27.4415
-21.682 2.01234 -41.9512
-26.0083 5.3318 -42.6685
-26.2477 5.94393 -46.3954
-24.8481 11.19 -47.2727
-21.5624 13.7921 -43.7113
-20.1422 9.69332 -49.4076
-18.6631 12.4787 -49.2904
-23.5429 3.37331 -45.5116
-13.5379 1.03044 -26.7234
-17.7813 1.07073 -37.1055
-21.7865 2.55465 -31.6236
-26.958 6.02811 -12.8393
-26.3858 3.47763 -16.2203
-25.8135 0.927154 -19.6013
-26.7661 5.17287 -22.9653
-28.9926 7.5705 -24.4751
-30.9047 6.84824 -19.369
-33.9493 15.6299 -17.514
-33.6551 10.8042 -20.1362
-32.0082 10.62 -25.3806
-34.253 20.3246 -20.101
-31.1852 18.9559 -15.746
-32.0818 20.1707 -25.1519
-26.6489 25.5609 -26.7271
-31.1082 26.5001 -23.6477
-32.9813 22.5951 -20.2576
-28.4915 29.1947 -19.8667
-32.5181 25.5693 -18.9216
-23.4674 27.4284 -21.241
-19.3336 26.3652 -18.5352
-23.5202 29.478 -16.7936
-28.2973 26.5733 -10.6666
-31.1676 22.5509 -13.0816
-23.1598 27.6524 -12.307
-21.0807 25.0478 -7.93881
-25.3234 27.3322 -10.5904
-18.9523 20.3026 -9.72838
-23.258 13.9925 -9.20701
-19.3705 17.5068 -7.5375
-27.6185 15.8407 -12.0035
-32.6844 19.4168 -8.0786
-30.1717 14.9901 -10.1618
-24.2663 23.7939 -7.22615
-29.7317 23.8188 -6.61075
-24.2516 23.0029 -0.993643
-29.0193 24.8419 -3.02767
-22.0303 18.369 -2.95397
-30.902 14.306 -4.93614
-34.9343 18.8596 -0.0643555
-34.0723 14.3048 -3.02421
-30.676 21.5538 2.13985
-28.9433 20.9799 6.67987
-33.17 20.8246 3.16404
-34.3158 17.17 5.37556
-35.5689 12.0483 3.81091
-31.1086 18.3577 8.50989
-36.4605 17.2356 7.92022
-38.0789 12.128 6.67833
-34.3454 8.14232 6.02611
-30.6412 15.3936 14.1746
-33.8295 12.2268 18.2313
-36.8327 8.78356 15.1695
-36.0802 8.57575 9.7252
-36.0623 5.62359 16.8463
-22.9085 19.947 17.748
-27.926 19.2812 15.596
-23.4786 17.3128 19.8922
-28.4961 16.647 17.7402
-24.0487 14.6785 22.0364
-29.0663 14.0128 19.8843
-19.4342 19.6277 18.5149
-15.1487 16.1808 18.5697
-15.4525 11.373 15.9158
-30.8891 11.4951 -4.75479
-32.8964 9.4764 -0.0488849
-22.3899 13.2875 -3.57463
-20.3309 15.3582 -1.80807
-18.2719 17.429 -0.0415171
-22.6531 19.7781 2.31144
-24.6604 17.7593 7.01734
-15.8979 13.0611 2.31144
-16.2129 19.4997 1.72504
-20.5941 21.8488 4.07799
-22.6014 19.8301 8.7839
-13.8389 15.1319 4.07799
-29.8565 4.60203 -6.9028
-33.5579 1.57955 -4.80094
-31.4438 3.29327 -9.58048
-28.802 8.10972 -9.84954
-6.36333 5.70547 9.99074
-6.77813 7.91623 13.8584
-35.0355 0.282326 2.171
-36.86 4.68695 4.91332
-37.2458 4.54628 10.398
-35.8071 0.000986658 13.1403
-31.6142 1.52977 2.44365
-33.4388 5.93439 5.18598
-32.3858 1.24843 13.4129
-30.0175 7.18184 5.45863
-28.9646 2.49588 13.6856
-23.7188 -0.661299 11.2159
-15.2796 7.48566 14.7762
-35.0634 -7.10047 4.06386
-3.08124 -6.90362 5.80116
-2.05446 -7.61321 10.7851
-4.94611 -13.7802 11.1395
-4.06293 -13.0554 16.5195
-18.587 9.48597 22.469
-16.4377 7.25943 21.7173
-19.4139 3.48438 24.3896
-14.2884 5.03288 20.9657
-17.2646 1.25784 23.638
-22.044 -0.64925 15.6211
-13.0407 3.74032 14.8694
-12.1391 2.80634 20.214
-15.1153 -0.968707 22.8863
-14.7692 -1.32729 11.4455
-10.8914 1.51378 14.1178
-9.98986 0.579796 19.4624
-12.9661 -3.19525 22.1347
-7.84059 -1.64675 18.7107
-10.8168 -5.4218 21.383
-26.0343 2.59304 27.253
-29.764 5.2177 24.1787
-32.056 2.83045 25.0461
-33.3721 0.589332 20.1989
-29.7042 0.549884 16.1008
-31.963 -6.53729 19.105
-26.8247 -11.4093 22.6284
-12.6136 -11.425 20.8468
-20.7951 -13.6725 19.4142
-18.7624 -9.33276 22.1133
-18.1818 -15.1648 18.4963
-7.53292 -16.5441 16.9049
-12.1651 -17.8658 19.5593
-8.2253 -21.5498 14.6245
-9.25214 -19.684 9.55358
-15.4436 -24.784 9.61962
-11.8999 -24.1287 13.7745
-18.8581 -26.2117 11.8781
-17.8552 -24.8967 17.1236
-14.7661 -20.505 18.3155
-21.5712 -22.7339 13.5924
-22.0462 -19.1958 17.7764
-25.5432 -21.4283 13.7543
-30.308 -14.3566 11.122
-27.4836 -17.7942 14.3555
-29.9095 -16.011 13.734
-28.8015 -14.768 18.9758
-8.01659 -17.1591 8.03783
-11.1503 -22.9016 2.58242
-15.0924 -25.2242 5.8577
-20.6633 -22.2869 -1.20426
-17.4526 -24.2451 2.80905
-24.8635 -22.2961 6.56479
-26.7363 -21.0556 7.7777
-22.8829 -16.7533 -2.36364
-26.12 -17.2432 -4.1177
-29.6421 -19.7505 -0.717967
-28.5931 -19.9403 4.67773
-31.556 -14.8831 7.11858
-32.1984 -14.7833 1.65714
-33.466 -12.2045 0.874085
-31.7954 -12.4368 6.10909
-2.81734 -9.93485 0.00736849
-4.19542 -3.78959 1.30147
-3.25588 -8.22502 -4.06323
-5.38999 -8.22316 -12.8661
-1.63637 -9.71029 -9.13126
-11.1128 -15.5194 -11.605
-6.39074 -12.8533 -12.5236
-13.953 -15.6464 -13.1298
-10.2709 -19.7178 -13.4705
-4.91993 -18.6514 -12.7777
-3.25103 -13.5136 -11.7442
-23.8659 -13.5636 -7.26591
-18.3996 -10.9122 -9.30466
-17.812 -5.90724 -1.22043
-20.3757 -9.95893 1.47432
-20.9632 -14.9639 -6.60992
-15.4969 -12.3126 -8.64867
-14.9093 -7.30756 -0.564438
-18.0605 -16.3643 -5.95393
-15.1578 -17.7646 -5.29793
-12.2551 -19.1649 -4.64194
-30.9074 -9.44917 -7.28251
-0.945807 -4.37933 -4.70161
-15.9679 -7.27941 -10.9781
-6.57076 -5.97393 -14.371
-26.8195 -0.626288 -8.41731
-24.9086 3.56201 -11.4268
-24.8548 -7.40468 -14.841
-27.1005 -2.88566 -12.6535
-25.0201 -6.71302 -18.6334
-19.271 -2.90982 -22.7304
-23.2724 -10.6186 -17.0803
-23.26 -6.84251 -21.0791
-6.42072 3.37416 -26.6772
-8.32916 0.105419 -26.3319
-12.3166 2.72278 -23.5932
-10.2376 -3.16333 -25.9865
-14.225 -0.54596 -23.2479
-12.146 -6.43207 -25.6411
-7.90667 -8.61786 -22.9025
-7.6547 -8.18628 -17.4253
-16.1334 -3.8147 -22.9025
0.107863 5.94621 -26.1513
3.22989 4.6788 -21.8042
-0.850281 -4.25968 -30.9319
-5.69841 -5.22557 -28.521
7.22428 -9.73179 -24.3721
1.30084 -12.3754 -31.3488
6.41612 -11.6922 -29.4469
6.7579 -8.29074 -28.4133
2.38122 -7.14348 -31.5404
-0.221677 -11.1827 -34.2161
1.5521 -16.3693 -33.7647
5.92878 -17.5165 -30.6376
8.53168 -13.4773 -27.9619
5.58812 -5.183 -21.3419
4.633 -7.82193 -16.6118
-2.33545 -13.0796 -17.7546
-6.3367 -10.1391 -20.1196
-1.26077 -5.8552 -13.1953
4.2468 -1.29237 -13.2127
5.47187 -2.08436 -18.5157
4.54153 2.9793 -19.5211
2.54438 -0.306557 -23.4536
1.84147 6.76907 -18.1618
-24.0688 11.7491 -10.1277
-21.5113 12.2921 -11.9595
-18.4241 12.9476 -7.45514
-15.8667 13.4906 -9.28697
-16.9754 3.51657 -13.7914
-13.3092 14.0336 -11.1188
-11.3307 4.71504 -11.1188
-14.4179 4.05957 -15.6232
-10.7518 14.5766 -12.9506
-8.19433 15.1196 -14.7825
-20.2374 10.8739 -5.84375
-11.8987 14.2688 -7.53002
-15.5187 15.9544 -3.74781
-15.4095 18.6743 -3.87335
-13.8156 21.5628 -3.42926
-12.1228 26.0157 -0.680429
-12.2717 26.0752 4.81723
-6.04044 23.5854 -0.48933
-12.0807 23.3592 8.44661
-10.4405 18.9218 11.2518
-1.50454 26.4721 4.22373
-4.27889 27.8847 8.75779
-8.68935 24.9825 10.2991
-2.4842 27.3498 12.5348
-4.36734 22.7195 14.829
1.60309 26.2995 10.5457
20.7673 9.90054 -6.50844
18.0914 16.4875 3.65857
7.0484 16.5409 -1.99541
5.67597 11.9135 0.641425
11.2319 19.8077 5.91509
9.82638 20.4881 0.641425
31.9192 4.12272 -4.9218
33.825 0.993464 8.44507
19.6319 -6.13324 -19.3413
15.7356 -7.8278 -15.8488
21.4353 -5.34893 -16.9488
17.539 -7.04349 -13.4563
21.3383 -15.7793 -13.4563
27.0865 -8.08527 -16.3025
23.2387 -4.56462 -14.5563
19.3424 -6.25917 -11.0639
27.038 -13.3005 -14.5563
28.8899 -7.30096 -13.9101
25.042 -3.78031 -12.1638
24.9451 -14.2107 -8.67139
28.8414 -12.5162 -12.1638
30.6933 -6.51665 -11.5176
26.7484 -13.4264 -6.27891
30.6448 -11.7318 -9.77136
32.4966 -5.73233 -9.1251
28.5518 -12.6421 -3.88643
32.4481 -10.9475 -7.37888
34.3 -4.94802 -6.73263
30.4522 -1.42737 -4.9864
30.3552 -11.8578 -1.49396
34.2515 -10.1632 -4.9864
36.1034 -4.16371 -4.34015
28.3108 -7.55282 2.64475
32.1586 -11.0735 0.898522
36.0549 -9.37891 -2.59393
27.0192 -13.0573 -21.1367
26.4823 -15.5412 -16.259
22.7539 -10.3741 -23.3407
16.1103 -10.7613 -20.3436
15.6092 -14.5117 -24.3353
19.8859 -17.7064 -25.6597
24.6637 -17.1507 -22.9924
17.2115 -16.6466 -25.3832
19.0806 -21.7586 -24.5933
22.397 -22.848 -20.3431
23.8445 -18.8254 -16.8828
23.3821 -17.8554 -13.0095
22.6179 -21.9131 -16.6429
26.8105 16.5075 15.9626
30.6601 13.0809 17.8832
29.3642 9.36391 21.7243
24.2186 9.0735 23.6449
26.0914 14.4449 13.7241
29.941 11.0183 15.6447
28.6451 7.30136 19.4859
25.3723 12.3824 11.4856
29.2219 8.9558 13.4062
27.926 5.23881 17.2474
18.9308 8.37498 17.2474
24.6532 10.3198 9.24716
28.5028 6.89325 11.1677
27.2069 3.17626 15.0089
18.2117 6.31243 15.0089
19.5076 10.0294 11.1677
27.7837 4.8307 8.92927
26.4878 1.11371 12.7704
17.4926 4.24988 12.7704
18.7885 7.96687 8.92927
25.7687 -0.948836 10.532
25.0496 -3.01138 8.2935
24.3305 -5.07393 6.05503
24.9073 -3.4195 -0.0246177
23.6114 -7.13648 3.81656
22.8923 -9.19903 1.57808
22.1732 -11.2616 -0.660391
17.0276 -11.552 1.2602
13.178 -8.12541 -0.660391
21.4541 -13.3241 -2.89886
16.3085 -13.6145 -0.978278
12.4589 -10.188 -2.89886
13.7548 -6.47098 -6.74004
20.735 -15.3867 -5.13734
15.5894 -15.6771 -3.21675
11.7398 -12.2505 -5.13734
13.0357 -8.53353 -8.97851
20.0159 -17.4492 -7.37581
14.8703 -17.7396 -5.45522
11.0207 -14.3131 -7.37581
12.3166 -10.5961 -11.217
19.2968 -19.5118 -9.61428
14.1512 -19.8022 -7.6937
10.3016 -16.3756 -9.61428
11.5975 -12.6586 -13.4555
18.5777 -21.5743 -11.8528
13.4321 -21.8647 -9.93217
9.58246 -18.4382 -11.8528
10.8784 -14.7212 -15.6939
19.7871 20.5734 15.9029
19.8432 16.7593 11.9406
21.18 19.215 21.0473
20.21 13.1769 24.8814
18.2198 18.3008 24.6922
16.7659 20.5098 19.8698
12.5739 18.4096 16.6858
14.5858 14.9354 12.9265
13.5751 17.5632 22.0273
12.6211 19.865 20.7542
17.6709 11.105 25.0858
10.0935 16.8584 24.6041
24.2243 -5.10663 25.9463
19.1164 -3.63892 27.3625
26.3369 -2.78993 20.4853
23.1602 -6.2735 23.3178
18.0523 -4.80579 24.734
25.2728 -3.9568 17.8568
22.0961 -7.44036 20.6893
16.9882 -5.97265 22.1056
18.2339 2.46219 17.8568
24.2087 -5.12366 15.2283
21.032 -8.60723 18.0608
15.9241 -7.13952 19.4771
17.1698 1.29532 15.2283
23.1446 -6.29053 12.5998
19.9679 -9.77409 15.4323
14.86 -8.30638 16.8486
22.0805 -7.45739 9.97131
18.9038 -10.941 12.8038
13.796 -9.47325 14.2201
17.8397 -12.1078 10.1753
12.7319 -10.6401 11.5916
25.01 6.61053 25.2236
24.1298 2.16376 28.3383
19.5971 0.618646 31.0286
20.9282 5.65825 29.2734
20.4072 7.38409 26.7761
12.1777 -5.57813 20.9079
6.84953 -8.74416 7.71902
-0.253357 -12.0868 10.9924
4.09788 -15.2551 12.1232
9.09924 -13.0073 12.5518
4.16533 -17.04 15.721
7.52532 -14.2835 19.0918
8.68599 -8.99945 18.1007
3.8299 -11.7232 21.8281
-2.75138 -14.4205 19.2429
1.35602 -13.1243 22.6632
-1.77499 -14.238 15.5218
-6.54631 -11.6457 16.3961
-0.699588 10.2452 27.9159
-0.204705 11.9382 22.7064
-1.51881 7.44258 26.9272
-1.02393 9.13561 21.7177
6.80561 1.9672 25.9386
1.98634 2.45706 28.5433
-2.33804 4.63995 25.9386
-1.84316 6.33297 20.7291
5.98639 -0.835434 24.9499
1.16712 -0.345574 27.5547
-3.15727 1.83731 24.9499
-2.66239 3.53034 19.7404
5.16716 -3.63807 23.9613
0.34789 -3.14821 26.566
-3.9765 -0.965317 23.9613
4.34793 -6.4407 22.9726
-4.30084 -2.07492 17.7631
6.28006 8.65235 32.5613
6.35457 3.42547 30.8513
6.00249 12.7419 28.894
13.7081 11.3347 28.4215
10.2662 8.15707 31.3036
16.3709 9.95579 27.9188
9.47542 -1.72715 25.8052
-1.2552 -4.47462 4.07337
0.819701 -8.63003 7.01911
-2.91925 -0.547686 3.40572
-7.98001 1.0491 9.10801
-6.54483 3.47321 8.1508
-6.14102 4.53694 16.9773
-6.1145 7.68365 17.4394
0.895808 14.295 20.7085
2.96788 16.5691 20.9728
9.44822 5.9646 -0.146968
7.99751 -5.91752 0.0392944
10.8905 -4.65813 -4.46563
8.45542 -5.62589 -8.29793
9.34079 -6.42057 -2.92815
6.69241 7.63665 0.62447
7.63903 2.95348 3.34878
-3.24279 5.0955 9.91304
-7.14112 19.494 12.6831
-7.62086 17.0318 17.5778
-6.06374 11.7918 18.1846
-4.54998 17.3789 21.4562
0.972548 25.0671 15.3524
4.51266 22.2704 18.4982
8.54148 20.0726 19.0163
6.05407 24.1503 16.2895
16.9158 13.056 6.94013
12.7086 16.8658 10.0069
26.2807 3.55464 -10.1534
24.5753 0.618754 -12.2008
-2.35229 15.331 -14.7452
-1.13665 9.55848 -16.8878
0.356425 14.1101 -14.1854
3.06514 12.8892 -13.6256
4.28078 7.11667 -15.7682
5.77386 11.6683 -13.0658
6.98949 5.89577 -15.2084
8.48257 10.4474 -12.506
4.56804 1.76257 -12.506
9.69821 4.67486 -14.6487
11.1913 9.22651 -11.9462
7.27675 0.541668 -11.9462
12.4069 3.45396 -14.0889
13.9 8.0056 -11.3864
12.9716 8.42405 -5.98151
9.98547 -0.679236 -11.3864
15.1156 2.23305 -13.5291
16.6087 6.7847 -10.8266
15.6803 7.20315 -5.42172
12.6942 -1.90014 -10.8266
17.8244 1.01215 -12.9693
19.3174 5.56379 -10.2668
-6.50294 17.012 -8.52349
-1.85722 19.5129 -6.75842
-0.208968 18.9183 -1.54501
0.238254 13.8914 0.641413
3.61792 17.1966 -0.586384
2.28336 15.4381 -11.3465
3.75514 19.4467 -7.88027
16.5095 15.4415 -14.8743
17.0294 10.4974 -12.5214
18.7877 19.86 -12.5214
13.2554 20.899 -9.11591
15.2201 22.6079 -9.83887
19.3963 15.5262 -12.7412
