0.0647527 -0.542501
0.0145093 0.521932
0.0825102 -0.518497
0.0693588 -0.498958
0.0826784 -0.506263
0.0601826 0.526915
0.0669744 0.63727
0.0855035 -0.503403
0.0754463 -0.454004
0.0470745 -0.509629
0.0513939 -0.520842
0.154739 -0.339548
0.150196 -0.475791
0.149425 -0.443817
0.138228 -0.293524
0.0779295 0.505659
0.0814377 -0.489497
0.12002 -0.487211
0.153179 -0.445025
0.00339865 -nan
0.0453888 0.520781
0.129529 -0.513228
0.0534983 0.527823
0.108699 -0.422564
0.0891546 -0.513776
0.353472 -0.200717
0.0218852 -0.520961
0.0443881 -0.524932
0.087906 0.518927
0.300568 0.0473426
0.0717594 0.541322
0.323362 0.0340628
0.0678953 -0.534675
0.0508831 -0.523078
0.107314 0.622522
0.0444304 -0.524011
0.0672471 0.530234
0.0759844 0.509993
0.265183 0.306995
0.306816 0.00373272
0.102782 -0.496783
0.0864269 -0.482692
0.146216 -0.415484
0.169576 -0.451524
0.0637829 -0.51369
0.0353544 0.532638
0.0705569 -0.536571
0.100036 -0.491626
0.0693935 0.509404
0.0975721 0.450697
0.264484 -0.264714
0.0902516 0.505005
0.102083 -0.522061
0.0412513 0.537711
0.10857 -0.502384
0.0164378 0.525521
0.0536514 -0.543005
0.132317 -0.390879
0.053662 -0.518174
0.136593 -0.515146
0.037626 -0.517082
0.0582516 0.531613
0.303997 -0.0030718
0.0370809 -0.528308
0.125502 -0.499503
0.0551515 0.50805
0.0474373 0.542135
0.14114 -0.500748
0.0918989 0.522033
0.0518938 0.522075
0.076632 -0.511939
0.0622829 -0.518655
0.0153163 0.670474
0.0740209 -0.520976
0.0160142 0.516855
0.0803959 -0.514093
0.0868047 0.528537
0.0691225 0.528738
0.32028 0.146165
0.0532445 -0.514916
0.113054 0.510984
0.0421576 -0.518063
0.0460902 0.539401
0.123105 0.511544
0.0404063 -0.520972
0.118973 -0.503292
0.0232353 0.540848
0.0605384 0.536054
0.0386122 -0.522085
0.149854 -0.444807
0.0590074 -0.541461
0.0761036 -0.451173
0.058659 -0.526983
0.107974 -0.50035
0.0904797 -0.481917
0.0624656 -0.518371
0.00511823 0.552978
0.143933 0.455037
0.127547 -0.487426
0.0418234 0.534686
0.0461936 -0.513703
0.0626596 -0.522845
0.10449 -0.490008
0.0413082 0.541402
0.340786 -0.228522
0.12732 -0.484269
0.0422164 -0.507678
0.204323 -0.360366
0.0670263 -0.511621
0.0370575 -0.519962
0.0306976 -0.542401
0.027725 -0.50685
0.111252 0.493217
0.0993576 -0.51068
0.112741 -0.484838
0.0564551 -0.537594
0.0502928 -0.515706
0.11552 -0.487545
0.0898192 -0.500516
0.0812745 0.520681
0.346563 0.173197
0.0813176 -0.493482
0.137909 0.464988
0.104616 -0.489704
0.106002 0.505899
0.0481411 0.522707
0.0417018 -0.509091
0.0733612 -0.503895
0.0863789 0.520263
0.254709 -0.128487
0.126164 -0.503114
0.102478 -0.49306
0.120848 0.47856
0.0587562 -0.51415
0.0643504 -0.526678
0.112021 -0.499093
0.0446659 -0.528553
0.0923313 -0.510192
0.0287183 0.536125
0.056186 -0.520463
0.338462 0.109589
0.173774 -0.459486
0.0560363 -0.527054
0.014633 -0.521659
0.0921638 0.527909
0.0279125 -0.527569
0.113864 -0.49988
0.0996131 0.505646
0.0912892 0.525834
0.107949 -0.456019
0.05657 -0.514354
0.0917645 -0.461225
0.0613529 0.5357
0.151291 -0.396239
0.0549376 -0.503865
0.0561151 -0.503661
0.0645645 0.528979
0.053225 0.520805
0.106515 -0.521599
0.263141 -0.118414
0.0367648 -0.540893
0.0540717 0.52588
0.089617 -0.51735
0.0215602 0.526942
0.0886428 0.456875
0.0194696 0.526384
0.195307 -0.308515
0.213572 -0.306461
0.0553259 -0.521676
0.126014 -0.467061
0.0651471 0.502691
0.016371 -0.534854
0.01538 0.537955
0.0632069 -0.536391
0.0443247 -0.50426
0.113594 0.513354
0.149976 -0.421062
0.0530955 0.504422
0.309882 -0.00306006
0.337703 0.109362
0.0653105 -0.527345
0.0497889 -0.52135
0.230477 -0.129742
0.0583114 0.512205
0.159788 -0.472058
0.122192 -0.485227
0.144621 -0.366015
0.0821155 -0.491211
0.0416881 0.530541
0.159094 -0.448345
0.0860957 -0.506083
0.020571 0.539744
0.0882632 -0.474722
0.0527338 -0.527942
0.116924 0.49798
0.0660356 -0.517178
0.0975991 0.514711
0.119258 -0.508252
0.08218 -0.483176
0.0333791 -0.525542
0.11554 0.49042
0.0920399 -0.506746
0.0703041 -0.509564
0.0914424 -0.497998
0.0267978 0.519711
0.0524031 0.518364
0.0297514 0.520206
0.0288827 -0.541474
0.110966 -0.497309
0.00901218 0.55363
0.113344 -0.483701
0.116685 -0.512011
0.228119 -0.4293
0.127115 -0.501968
0.0486186 -0.533261
0.170582 -0.0360727
0.0428819 0.532038
0.0768634 0.5025
0.0593904 0.517831
0.017322 0.536984
0.0542236 0.527025
0.0476255 0.513772
0.0722944 0.514321
0.0609097 -0.528343
0.0808569 0.525591
0.0309549 -0.508933
0.115568 -0.477306
0.0375168 -0.513181
0.0665992 -0.482414
0.0996403 0.488082
0.277283 0.283423
0.307362 0.0594747
0.101664 -0.498762
0.0658109 0.529804
0.0600831 -0.524385
0.0995651 0.499501
0.0428842 -0.528353
0.0749493 -0.528312
0.103055 -0.515095
0.0468968 0.512241
0.0302934 0.517041
0.0956238 -0.497393
0.0568041 0.510519
0.151336 -0.322605
0.0929819 -0.50503
0.0303675 0.505227
0.0498282 0.517263
0.0650524 -0.527207
0.0284018 0.533295
0.0458707 -0.522439
0.112741 -0.482754
0.100732 0.620259
0.105703 0.48207
0.0386318 0.519646
0.108185 -0.496082
0.0124138 0.54745
0.155066 -0.476885
0.0447717 0.527901
0.102535 -0.447129
0.0532897 0.520312
0.193677 0.49044
0.116232 -0.508745
0.0770205 -0.501359
0.0842266 -0.513055
0.0627268 -0.523062
0.1077 -0.513558
0.109804 -0.431521
0.025793 0.526816
0.214911 -0.159752
0.0518893 -0.525072
0.0401368 -0.527216
0.0608727 0.52155
0.0764747 -0.50008
0.0317928 0.530069
0.0531053 -0.532249
0.0370086 0.52793
0.069325 0.528286
0.0505654 0.526285
0.000778365 -nan
0.0982496 0.50905
0.0689604 0.509917
0.124118 -0.495262
0.0833957 -0.502881
0.050505 -0.51471
0.0105027 0.553735
0.0511424 -0.506032
0.0266579 -0.522019
0.323624 0.132619
0.0242011 0.512906
0.100973 0.619587
0.0474925 -0.523598
0.064064 0.528329
0.0652791 0.520876
0.109522 -0.462309
0.20124 -0.371842
0.0927359 -0.503299
0.0219377 0.540012
0.0987444 -0.485469
0.111191 0.526366
0.109088 0.513522
0.118078 -0.464784
0.0676395 0.523452
0.0154692 0.517848
0.0714226 -0.526847
0.0494111 -0.527418
0.0898056 -0.511718
0.0419177 -0.506297
0.0325645 0.511683
0.129053 -0.483577
0.064928 -0.503706
0.121439 -0.514853
0.153499 -0.387942
0.314892 0.0419112
0.335113 0.0944903
0.179114 0.465188
0.0395406 0.535151
0.0729479 0.527808
0.0299365 0.530602
0.120369 0.440717
0.0550285 -0.535543
0.100145 -0.486472
0.0222811 0.510445
0.129367 0.395478
0.0689617 -0.514832
0.0548356 0.529932
0.289245 -0.0978314
0.0619221 0.520052
0.0570384 -0.507464
0.0762137 0.514825
0.0394187 0.525106
0.0562378 0.528829
0.110071 0.513292
0.0892762 0.528681
0.103395 -0.518184
0.0957911 -0.510268
0.133583 -0.469378
0.121484 -0.474653
0.0850949 -0.51605
0.0585945 0.533355
0.192867 -0.469922
0.0749841 -0.502977
0.00375129 -nan
0.0315923 0.528353
0.0972274 -0.505482
0.0540411 0.525329
0.148111 -0.50124
0.0803565 0.532541
0.0113271 0.646605
0.0372121 -0.507381
0.0333283 -0.518778
0.156589 -0.463637
0.146234 -0.456498
0.0155276 -0.505309
0.0952525 -0.505715
0.142124 -0.495075
0.0465453 -0.510232
0.0671775 0.509038
0.100183 -0.489493
0.0351838 0.525101
0.031258 0.517413
0.216201 -0.441091
0.129484 0.384771
0.109447 -0.514952
0.141007 -0.490634
0.0765407 -0.516449
0.0733077 0.516166
0.0834014 0.536022
0.118498 0.490327
0.130497 -0.483597
0.0580515 0.520921
0.0375782 -0.511469
0.115736 -0.433182
0.0703706 0.523335
0.063442 0.511985
0.0785368 -0.488395
0.0736944 -0.489778
0.0884462 -0.492701
0.100684 -0.494149
0.0904273 -0.513425
0.0468149 -0.526273
0.141566 -0.496118
0.237019 -0.20189
0.0412423 0.532596
0.12891 -0.503254
0.0750029 0.538292
0.0603699 -0.516744
0.15242 -0.439908
0.0218413 -0.521171
0.145642 -0.315342
0.052034 0.516282
0.300716 -0.104949
0.0372213 0.535913
0.0556314 0.525386
0.107488 -0.492009
0.0481221 0.508734
0.0467359 -0.519612
0.0732341 0.632554
0.149151 -0.500453
0.00156606 -nan
0.0498699 0.507708
0.0611956 0.522909
0.0329415 0.530126
0.118681 0.493091
0.0736272 -0.513729
0.0957078 -0.500155
0.307899 0.0195574
0.0483821 -0.518173
0.133878 -0.508087
0.164249 -0.396467
0.0786899 -0.48808
0.0888595 -0.502152
0.0922277 -0.471734
0.0281709 0.534272
0.0323497 -0.526356
0.019019 0.537869
0.0750362 -0.522675
0.264159 0.264553
0.118458 0.499391
0.00808314 0.55559
0.0246349 -0.525417
0.0713095 0.48317
0.108035 -0.502969
0.107205 -0.509003
0.125737 -0.493526
0.0621603 -0.52371
0.0462097 0.524933
0.252136 -0.170895
0.0973344 -0.508843
0.341352 -0.213155
0.124132 -0.502303
0.312546 0.122578
0.115629 -0.490353
0.0522065 -0.524806
0.108246 0.624898
0.260142 0.250981
0.0592852 0.520045
0.028482 0.535135
0.137418 0.399591
0.0847764 -0.502807
0.312099 0.017222
0.122257 0.483311
0.0473942 0.524608
0.0604951 -0.515787
0.0450102 0.511747
0.069673 -0.525994
0.0504455 -0.51469
0.101117 -0.500069
0.0615093 -0.519895
0.00722814 0.556663
0.0629989 0.538779
0.0837915 -0.507853
0.12924 -0.462463
0.0918269 0.530698
0.077139 0.497592
0.365761 0.225721
0.152647 -0.331504
0.0604868 -0.509653
0.0694373 0.53779
0.0294172 0.531906
0.0436994 -0.516251
0.0490756 -0.528039
0.0716178 0.522221
0.284985 -0.0895089
0.0747504 -0.508566
0.046219 0.521464
0.0698357 -0.524605
0.0642319 0.522467
0.116204 -0.518944
0.0366765 0.647814
0.286227 -0.106901
0.0682456 -0.538808
0.106261 -0.442359
0.0807638 -0.521236
0.0863014 -0.494801
0.153021 -0.36807
0.0668119 -0.541189
0.037209 -0.540428
0.136551 -0.469745
0.105469 -0.490054
0.0820359 -0.502547
0.130224 -0.500137
0.103556 0.49668
0.0584682 0.527418
0.0407627 0.527066
0.00120109 -nan
0.0192718 0.542648
0.033357 0.524744
0.0642233 0.527089
0.298183 -0.157554
0.00946297 0.555807
0.325125 0.045267
0.103144 -0.493998
0.0283191 -0.529592
0.125506 -0.496923
0.0914954 -0.52852
0.0355172 -0.526722
0.0614765 0.524294
0.351366 -0.215537
0.0910955 -0.515755
0.0764735 -0.493412
0.146735 0.455765
0.0296774 0.541339
0.0076744 0.555444
0.0646032 -0.530379
0.0771431 0.516835
0.0248785 -0.537064
0.0610179 0.512247
0.0872505 -0.51662
0.0800018 -0.503519
0.0770519 -0.508619
0.105292 -0.49586
0.292756 -0.0877072
0.160001 -0.428262
0.0857554 -0.508172
0.26618 -0.351665
0.111401 0.528836
0.0597024 -0.511341
0.115619 -0.493792
0.316948 0.0391832
0.0579779 0.65096
0.0527105 -0.503102
0.0474359 -0.51326
0.069838 0.506142
0.112312 0.512788
0.152357 -0.327607
0.0685344 0.51435
0.0382228 0.505926
0.115827 0.478412
0.113713 -0.511227
0.111958 -0.524411
0.0306009 0.53015
0.0725043 0.506133
0.316053 0.0338967
0.102578 -0.492445
0.0806605 0.536081
0.31333 0.134788
0.0559785 -0.521654
0.12965 -0.499904
0.0615241 -0.517094
0.12979 -0.492601
0.0597261 0.539533
0.0515818 0.539984
0.0785026 0.51462
0.066316 -0.523432
0.0271142 0.541214
0.0339675 0.543406
0.175378 -0.420625
0.102058 -0.486697
0.0738354 -0.47577
0.0719185 -0.517325
0.147606 -0.464427
0.117385 0.512317
0.0617383 -0.507584
0.0474834 -0.519685
0.266325 -0.0867016
0.0573987 -0.523029
0.0797641 -0.523556
0.115834 -0.506928
0.0301657 0.5328
0.0990832 -0.526348
0.0944574 0.516605
0.169494 -0.0456879
0.10814 -0.439252
0.0227061 0.524059
0.131609 -0.478898
0.32588 0.037915
0.0271168 -0.526893
0.141696 -0.492641
0.160707 -0.0389576
0.031821 -0.539689
0.0325511 -0.52014
0.100032 -0.500692
0.017359 0.540212
0.0677616 0.512204
0.0410212 -0.505094
0.119968 -0.483676
0.173509 0.46613
0.107502 0.478606
0.0727293 0.511852
0.111863 0.481962
0.211348 -0.158332
0.0513122 -0.517552
0.142388 -0.50063
0.0615955 0.514593
0.0754166 -0.508
0.108012 -0.525561
0.102452 -0.494943
0.0309869 0.53645
0.0359928 0.514123
0.0366998 -0.528414
0.0426224 0.516929
0.100703 -0.515216
0.127089 -0.486779
0.030546 -0.52725
0.107399 0.507509
0.0234913 0.5161
0.104973 -0.495686
0.16011 -0.478272
0.0322405 0.52805
0.170762 -0.465601
0.0176807 0.523175
0.109344 -0.51555
0.0775694 -0.518795
0.0715871 0.509015
0.118015 -0.493563
0.110745 -0.480099
0.0418862 0.537821
0.321198 -0.137405
0.03693 0.525313
0.0932417 0.51636
0.0303056 -0.533026
0.061264 -0.53444
0.296695 -0.159779
0.109412 -0.514616
0.0894896 -0.518993
0.233792 -0.121341
0.154852 -0.422011
0.042857 -0.449228
0.167944 -0.447141
0.100484 0.474937
0.0873626 -0.454493
0.0769623 0.505745
0.0428229 0.533472
0.0608254 -0.522586
0.107023 0.494704
0.0791957 -0.530298
0.126365 -0.491347
0.00736739 0.555828
0.0556127 -0.531456
0.100885 -0.490338
0.0654475 -0.525274
0.0994807 0.500107
0.075404 0.502177
0.0460984 0.539348
0.0801622 0.517813
0.0704558 0.50858
0.0535026 0.508222
0.0110418 0.545089
0.109081 -0.498697
0.0887532 -0.48788
0.0653369 -0.524664
0.0531411 -0.504355
0.0499101 -0.514709
0.305441 0.130286
0.0488419 0.633662
0.109298 0.453777
0.0685118 -0.516331
0.159076 -0.383915
0.177657 -0.464227
0.0576105 0.515222
0.0280427 0.542955
0.0482732 0.517794
0.0757911 0.534394
0.0340288 0.526183
0.205113 -0.316592
0.158781 -0.421546
0.215786 -0.258882
0.00836657 0.554878
0.0411664 -0.540125
0.110078 -0.477291
0.0545967 0.516944
0.0107584 0.650465
0.0398049 -0.514664
0.0650028 0.535245
0.230574 -0.120133
0.225337 -0.431129
0.0531631 -0.520865
0.0492467 0.52167
0.155023 -0.448444
0.272627 0.29329
0.0231314 0.53069
0.0573295 0.527311
0.169711 -0.464506
0.0384577 0.531142
0.0554002 0.51896
0.0698235 0.525597
0.121451 0.514802
0.153973 -0.388236
0.0908116 -0.502193
0.0247713 -0.537764
0.0515994 -0.524828
0.108026 -0.490386
0.0325656 -0.542424
0.0611258 0.527712
0.0475689 0.503477
0.051993 -0.507993
0.0755952 0.513345
0.0541022 0.52628
0.0758472 -0.536961
0.0154289 0.533596
0.191475 0.49279
0.0499125 0.526448
0.0725706 0.53833
0.0497953 0.517976
0.0662786 0.524895
0.198218 -0.321228
0.0608637 0.526075
0.0795765 -0.526376
0.0503374 -0.52049
0.0891138 0.504972
0.0906671 -0.513756
0.158474 -0.462595
0.0260187 -0.527721
0.0724765 -0.520028
0.0624454 -0.529528
0.0758961 0.538368
0.0787666 0.517359
0.0084233 0.553903
0.075145 -0.519005
0.305766 0.0159661
0.315898 0.027136
0.0197666 0.517838
0.0809357 0.528039
0.0520142 0.524642
0.0931067 -0.510593
0.0293179 0.525632
0.0740308 -0.514751
0.0737088 -0.509149
0.121752 -0.474822
0.0528275 -0.526176
0.106345 -0.430784
0.0952125 0.504423
0.0383441 0.523556
0.055751 0.506316
0.00853925 0.550482
0.182634 -0.459687
0.0453811 0.525188
0.0841591 -0.522264
0.125052 -0.369825
0.0222714 0.541465
0.0439254 -0.50904
0.0116055 0.553629
0.144288 -0.443285
0.0138986 -0.542314
0.0874716 -0.511688
0.166113 -0.47365
0.0168941 0.526792
0.0858126 0.524097
0.00583156 0.553629
0.149716 -0.327793
0.146915 -0.344087
0.136583 -0.494007
0.130728 -0.507418
0.104942 0.482959
0.296554 0.314398
0.0292131 -0.53883
0.0293878 -0.508851
0.0858866 -0.488796
0.000222407 -nan
0.0122108 0.546076
0.0633734 -0.529439
0.0487141 0.539554
0.0762988 0.526982
0.102575 -0.489602
0.318359 0.36676
0.196327 0.476228
0.0454262 0.539671
0.0917452 0.459613
0.167177 -0.362839
0.0511469 0.528644
0.0497408 0.507819
0.0626829 -0.517108
0.135765 -0.49193
0.100596 -0.503831
0.0906745 -0.508534
0.153931 -0.304547
0.0564089 -0.516359
0.0525699 0.638389
0.092561 0.626191
0.0193799 0.520593
0.0553626 -0.504326
0.0403215 0.543167
0.0366721 -0.523853
0.0842136 -0.502459
0.113395 -0.458105
0.265028 -0.256914
0.0725106 -0.52368
0.0353202 -0.506583
0.00843124 0.555716
0.0604049 -0.512658
0.0809646 -0.518773
0.153378 -0.481401
0.0712609 -0.540328
0.142405 -0.296619
0.0336904 0.532314
0.0345907 -0.52633
0.0764305 -0.529475
0.116904 -0.496321
0.105943 -0.478698
0.114632 -0.506491
0.198225 -0.386136
0.048991 -0.517131
0.0302574 0.541421
0.130722 -0.51318
0.105077 -0.516785
0.0342473 -0.512839
0.0774645 0.528759
0.244675 -0.130004
0.0714056 -0.525784
0.0502877 -0.507468
0.160743 -0.464666
0.0552033 0.482496
0.063646 -0.513433
0.0940366 0.473353
0.00263099 -nan
0.059911 -0.528808
0.0975825 -0.473364
0.136189 -0.37006
0.117837 -0.508838
0.0420289 0.52986
0.140337 -0.478267
0.115573 0.507609
0.085161 -0.493058
0.0564114 -0.510673
0.126824 0.542005
0.0611456 0.512086
0.0930197 -0.497933
0.11807 0.506942
0.108877 -0.492568
0.145543 -0.488051
0.0193274 -0.528754
0.0647296 -0.527589
0.0732626 0.518766
0.0840287 -0.503173
0.0369809 0.539864
0.0312048 -0.541103
0.0121544 0.541053
0.142993 -0.307714
0.0313491 0.539149
0.0288901 0.536462
0.032667 0.516529
0.0725424 -0.517066
0.0299443 0.666326
0.0209136 0.52196
0.0482226 0.543119
0.1459 -0.376204
0.0741744 0.50599
0.0917862 -0.504217
0.104594 -0.500773
0.0868861 0.49588
0.0640155 -0.525491
0.074036 -0.521079
0.101058 0.488448
0.0312184 0.532679
0.0636576 0.509582
0.118867 0.485727
0.0269212 -0.527943
0.0392074 -0.527861
0.0503753 0.537653
0.0675282 0.521121
0.0826082 0.539964
0.316544 -0.113387
0.0663183 0.522696
0.151944 -0.385601
0.0574004 0.512808
0.0644941 -0.514803
0.108972 -0.497955
0.242366 -0.124898
0.0427661 -0.518503
0.0855888 0.456857
0.0803496 -0.523111
0.0575465 -0.518423
0.0694634 0.503363
0.042016 0.51332
0.169895 -0.384982
0.0685671 0.504715
0.143898 -0.449585
0.151788 -0.488674
0.0329718 -0.529664
0.109597 0.529615
0.164438 -0.382282
0.123849 -0.505438
0.0537922 -0.525525
0.12329 -0.510921
0.0980113 -0.498174
0.0488249 0.538853
0.0412825 -0.540958
0.0572644 -0.527746
0.311056 0.0378087
0.080885 -0.51167
0.0315153 0.522652
0.0630673 -0.541068
0.115159 -0.52699
0.111792 0.496902
0.0904678 -0.487184
0.0207623 -0.520318
0.121167 -0.468032
0.130682 -0.513633
0.194027 0.498751
0.0904714 -0.493772
0.027188 0.52116
0.04795 -0.507719
0.12814 0.460443
0.1277 -0.507893
0.11224 0.502626
0.0170925 -0.521924
0.0581591 -0.534383
0.0769953 -0.5118
0.142951 -0.498404
0.123179 -0.491207
0.0854 -0.464382
0.0380994 0.543091
0.0816339 -0.482782
0.265447 -0.270292
0.0639119 -0.524452
0.139646 -0.475116
0.138574 -0.377988
0.111139 -0.473315
0.0417017 0.529106
0.0906666 -0.49344
0.0286567 0.523353
0.050919 -0.512762
0.120276 -0.494596
0.320739 0.0863026
0.00180316 -nan
0.044728 0.539272
0.139799 -0.465548
0.0104149 0.547824
0.06101 0.517302
0.0776108 0.525527
0.0944554 0.508637
0.106323 -0.452707
0.0151435 0.521966
0.0599981 0.523127
0.079318 -0.503467
0.0588979 -0.504709
0.0630783 0.516864
0.107305 -0.502912
0.124838 -0.472231
0.112338 -0.489597
0.116762 -0.476481
0.0656184 0.538264
0.0264825 0.541153
0.148753 -0.336237
0.0254709 0.520744
0.33413 -0.192255
0.12033 -0.496429
0.042493 0.521575
0.0477581 0.524339
0.257127 -0.144749
0.0800665 -0.517841
0.0475199 -0.510031
0.0514773 0.515732
0.0866079 -0.469953
0.0702211 0.532622
0.0627539 -0.539037
0.0216177 0.52771
0.16077 -0.0421999
0.0578689 -0.511316
0.0561055 -0.522656
0.0304728 -0.536359
0.029906 -0.520315
0.0831117 -0.507147
0.0756695 -0.505107
0.0972996 -0.453634
0.0774788 -0.49867
0.320184 -0.0931459
0.0444624 -0.519018
0.0459684 0.527914
0.0657434 -0.514638
0.116381 -0.488534
0.0261168 -0.524379
0.0456964 0.525505
0.0746669 -0.510685
0.0628223 0.510432
0.110157 0.488544
0.0789906 -0.48634
0.0847231 0.524201
0.0569593 -0.510395
0.0571765 -0.522005
0.28118 -0.0883532
0.113686 -0.511453
0.127133 -0.468921
0.0452933 -0.530728
0.0860136 -0.520541
0.0556912 0.52238
0.125644 -0.439975
0.0130109 0.542681
0.105078 -0.502739
0.0766378 0.52905
0.0382339 -0.521704
0.0817309 -0.482805
0.201905 -0.313576
0.129611 -0.435525
0.164353 -0.443227
0.0380394 -0.534021
0.106987 0.497804
0.0759947 -0.541818
0.0635065 -0.516979
0.0477673 -0.504097
0.21871 -0.423471
0.138427 0.486562
0.110253 0.501389
0.0664031 0.619005
0.216296 -0.158151
0.0648411 -0.528304
0.0718229 -0.468346
0.146203 -0.315279
0.0313119 0.508943
0.0838886 -0.513784
0.036362 -0.529279
0.205381 -0.374989
0.0628551 -0.465289
0.051117 -0.51865
0.108017 -0.503573
0.108598 -0.477823
0.0292524 0.527197
0.0968614 0.493031
0.137672 -0.4812
0.0391945 0.53126
0.0204737 -0.517711
0.0168241 0.521592
0.0507493 0.526991
0.112448 -0.51264
0.0491009 -0.51527
0.0331469 0.520121
0.137698 -0.495739
0.0768422 0.510766
0.0318247 0.526396
0.264924 -0.115486
0.0742436 -0.483006
0.164896 -0.463748
0.0274405 0.520092
0.0518421 0.522131
0.13029 -0.470193
0.106328 0.632843
0.0430863 -0.540698
0.19822 0.48931
0.105319 -0.500923
0.0417714 -0.524758
0.0965667 -0.503523
0.0691119 -0.528351
0.0839283 0.520131
0.0453906 -0.523285
0.0888061 -0.476547
0.270991 0.301126
0.0984561 0.500678
0.114478 -0.488369
0.0468332 0.525659
0.0694537 -0.510715
0.163707 -0.405868
0.00966356 0.556711
0.0481742 -0.527048
0.0328966 0.526779
0.0742256 -0.528552
0.0747205 0.517764
0.11668 -0.499952
0.026733 0.535627
0.154517 -0.292081
0.0497245 -0.542601
0.147011 -0.367879
0.0619948 0.509869
0.152746 -0.412253
0.040415 0.52664
0.0428896 0.523272
0.028774 0.530834
0.0874627 -0.527578
0.0114189 0.548676
0.0191906 -0.524381
0.0622392 -0.518426
0.327209 0.0363554
0.0616412 -0.516562
0.106083 0.514463
0.14656 -0.319476
0.036668 -0.482985
0.306171 0.138936
0.0346056 -0.520493
0.0416001 -0.511338
0.0928277 0.501791
0.0535035 -0.528731
0.0355049 -0.503209
0.0287034 -0.516937
0.01422 -0.524776
0.0150558 -0.539366
0.0760962 0.516564
0.0326291 -0.529246
0.0685855 -0.524717
0.0711716 -0.471373
0.120149 -0.466504
0.0610905 -0.512851
0.064901 -0.51097
0.059857 0.616242
0.0755689 -0.507867
0.109322 -0.482139
0.104064 0.514873
0.0101356 0.547516
0.0343592 0.525506
0.0876461 -0.497372
0.0853242 -0.525294
0.166187 -0.447434
0.0600294 -0.529294
0.0878012 -0.511611
0.111485 0.479133
0.225442 -0.442708
0.17715 0.482982
0.0552218 -0.516997
0.00761063 0.644774
0.154321 -0.451465
0.0614154 -0.525827
0.0855844 0.5107
0.0346354 0.526851
0.161985 -0.450018
0.216108 -0.351554
0.027494 -0.505954
0.0460634 -0.524003
0.0582316 0.503451
0.0543614 0.512075
0.026372 0.529146
0.0967698 -0.49136
0.129236 -0.498259
0.073061 0.517217
0.0272272 -0.518815
0.0728083 -0.501935
0.0446253 0.529329
0.0224873 0.515566
0.0900504 -0.489561
0.122802 -0.490918
0.152181 0.446907
0.326195 0.248716
0.0250251 0.517648
0.0932122 -0.493518
0.161117 -0.307386
0.0366978 0.537002
0.236001 -0.298331
0.0756663 -0.491072
0.0483013 -0.540666
0.0631145 -0.521575
0.0424905 -0.504703
0.316652 0.0451981
0.017336 0.541758
0.12904 -0.491929
0.110855 0.537377
0.0614143 0.528579
0.237142 -0.118091
0.0288622 -0.512557
0.072513 -0.525487
0.077582 -0.519897
0.0968732 -0.51043
0.0565997 -0.460679
0.075303 0.510381
0.0406716 -0.518453
0.0524462 0.51897
0.03892 0.533263
0.0121615 0.546205
0.100739 0.528683
0.032183 0.528406
0.195229 -0.328248
0.00766883 0.556173
0.112128 -0.489133
0.155346 -0.394582
0.0514309 -0.542435
0.177108 -0.456493
0.0713656 -0.503263
0.114467 0.50456
0.297567 -0.149863
0.082027 -0.486236
0.114831 0.490131
0.0590655 -0.508372
0.0336454 0.521146
0.0585679 0.534824
0.0563962 0.52096
0.0293044 -0.534124
0.162574 -0.461831
0.0639935 0.461477
0.0354547 0.540578
0.0160205 0.532781
0.102432 -0.50286
0.112594 -0.499605
0.0676225 0.53117
0.0832726 0.51429
0.323432 0.0393912
0.0537538 0.516578
0.0288335 -0.539611
0.0705321 -0.49411
0.06545 0.522009
0.036055 0.532409
0.10288 -0.46749
0.0323242 0.528134
0.1099 -0.511103
0.102301 -0.504974
0.0732646 0.520065
0.193598 0.494965
0.0835057 -0.502456
0.105036 -0.47918
0.110592 -0.488616
0.0832893 -0.508243
0.0370896 0.517487
0.039125 -0.520291
0.154254 -0.487868
0.0609453 -0.509247
0.0878138 -0.52727
0.0604629 0.528842
0.0745393 0.509818
0.0247916 0.523302
0.0297673 -0.528556
0.0415347 0.535475
0.0783814 0.511432
0.0941776 -0.485821
0.044867 0.525999
0.106669 -0.506242
0.0365055 0.525103
0.0597378 -0.525503
0.0926928 -0.486652
0.0632923 -0.517312
0.0485502 0.519963
0.0854714 -0.527989
0.0543227 -0.521348
0.0598052 -0.527489
0.125023 0.616728
0.0881983 -0.527568
0.0548442 0.503658
0.0744898 -0.509852
0.0868251 0.51327
0.167018 0.453212
0.0715999 -0.529109
0.1068 -0.502254
0.0725695 -0.518548
0.0849887 -0.525879
0.0967629 -0.513887
0.0530363 -0.520375
0.136985 -0.474956
0.105157 -0.494262
0.0911896 -0.50154
0.0637167 0.519809
0.0582609 -0.529503
0.0641518 -0.45373
0.0329795 0.531295
0.085596 -0.49166
0.143083 -0.370111
0.0765977 0.514648
0.0110347 0.544975
0.0717205 0.504195
0.0487769 0.53685
0.0963866 -0.461997
0.126125 -0.509135
0.0920668 -0.52314
0.0394923 -0.522443
0.117746 0.46223
0.153084 -0.487075
0.145811 -0.476084
0.154556 -0.443288
0.129701 -0.525154
0.115385 -0.480526
0.0643819 -0.511892
0.0804573 -0.508729
0.0469504 0.537691
0.109467 -0.489133
0.109896 0.497591
0.0377047 0.516972
0.0635267 -0.525179
0.100086 -0.508272
0.140634 -0.484515
0.108506 0.541752
0.111062 -0.507207
0.020846 0.529459
0.16775 -0.0364151
0.0945259 -0.527532
0.224355 -0.421834
0.0874761 -0.474711
0.119507 0.486879
0.024159 0.530964
0.00970011 0.549181
0.0525496 0.524423
0.111878 0.491075
0.0873884 -0.450804
0.0782811 -0.514647
0.101771 0.509326
0.0956263 -0.489548
0.052242 -0.52593
0.0902993 -0.493358
0.00742571 0.553853
0.0156003 -0.526158
0.0438949 -0.508414
0.0895971 -0.444078
0.103081 0.505634
0.16124 -0.449398
0.169856 -0.466482
0.0487175 -0.470762
0.0980932 -0.494187
0.105878 -0.436732
0.0888693 -0.523971
0.0313075 0.536193
0.0540658 -0.541866
0.0043743 0.554408
0.0693007 0.52786
0.0800041 -0.517351
0.0238411 0.534345
0.0543116 0.524743
0.0443274 0.53323
0.0529457 0.504958
0.0769054 -0.527164
0.100554 -0.507109
0.0766898 0.53907
0.0618727 -0.528556
0.000211591 -nan
0.128258 0.449416
0.0109465 0.546772
0.0744647 -0.527454
0.0848109 0.526389
0.0302571 -0.52646
0.0894875 -0.489455
0.151854 -0.493737
0.0585201 -0.537693
0.364321 0.212645
0.106169 0.472792
0.115845 0.499914
0.0987977 -0.519316
0.160881 -0.417993
0.0577548 -0.533155
0.148045 -0.48567
0.0769396 0.514408
0.150451 -0.346484
0.10981 -0.475824
0.287462 0.308289
0.0199921 0.518052
0.0327882 0.52097
0.000816393 -nan
0.316275 0.000365766
0.0151386 0.529653
0.0269247 0.534332
0.0841245 -0.43516
0.0242094 -0.526052
0.0557108 0.522343
0.0942541 -0.487462
0.0273602 -0.534192
0.0222298 0.52405
0.107984 -0.492824
0.0729013 -0.495654
0.0650932 0.520093
0.0439664 0.509215
0.0610083 0.540013
0.0880502 -0.503526
0.0219213 -0.528489
0.0938242 -0.467279
0.0744703 0.525041
0.183685 -0.467817
0.113294 -0.474979
0.00409364 -nan
0.166755 -0.443231
0.0475605 0.517998
0.0507898 -0.505772
0.192452 0.499065
0.159304 -0.434358
0.231012 -0.249349
0.316074 0.141652
0.264567 0.284291
0.0411017 -0.472718
0.0466012 -0.502998
0.105466 -0.481397
0.0194037 -0.517614
0.02883 0.530054
0.134733 -0.474686
0.0995494 -0.491625
0.00959284 0.54856
0.104816 -0.449619
0.106824 0.477295
0.101499 -0.514628
0.152268 -0.4843
0.0363036 -0.528096
0.205586 -0.354862
0.0728637 -0.514282
0.00744084 0.554471
0.142045 -0.360955
0.0877357 -0.491308
0.116382 0.513349
0.0760351 -0.50347
0.00838248 0.55676
0.0646601 0.508582
0.109435 -0.488996
0.0707394 0.512133
0.0455479 -0.539775
0.0477499 0.535844
0.0607077 -0.542411
0.063733 0.52823
0.103538 -0.463882
0.100577 -0.481345
0.0319325 0.511314
0.160727 -0.394123
0.0204595 -0.535911
0.0754815 -0.49364
0.0670823 -0.518975
0.0228231 0.543093
0.154082 -0.401305
0.0608195 -0.510234
0.178262 0.486728
0.0526709 0.526099
0.0605377 0.524181
0.0578238 0.528163
0.0272199 0.533212
0.0426681 -0.510966
0.07824 -0.517464
0.00281344 -nan
0.0911729 -0.47836
0.305184 0.0294647
0.0609372 0.623947
0.114591 0.46387
0.0549793 0.525948
0.0228259 0.534831
0.0496553 0.52528
0.311666 -0.147969
0.0620431 0.51941
0.0784079 -0.517803
0.139648 -0.423714
0.0118093 0.551144
0.0429666 -0.50752
0.110185 -0.5096
0.105986 -0.434717
0.101227 0.518706
0.0683662 0.526792
0.0807953 0.526822
0.124546 0.522983
0.0615452 -0.532712
0.126412 -0.515813
0.131904 -0.436654
0.120912 0.486935
0.0892475 -0.514227
0.00274097 0.55228
0.0726129 -0.493983
0.0859583 0.515309
0.0693999 -0.506308
0.175599 -0.451774
0.153694 -0.465684
0.115273 0.48238
0.0491411 -0.53508
0.101661 -0.432708
0.0191801 0.51891
0.0458916 0.508946
0.259608 0.266977
0.159256 -0.45408
0.0347205 0.524398
0.0353552 0.508595
0.0459769 -0.520802
0.161787 -0.47226
0.120091 -0.506076
0.0272381 -0.506307
0.0382229 0.527217
0.0404758 -0.507839
0.00696683 0.552972
0.0247492 -0.517631
0.0620671 -0.524627
0.31337 0.0460285
0.111757 0.500445
0.0710839 0.502474
0.0207006 0.530225
0.0275249 -0.518298
0.0294303 0.534164
0.168672 0.611738
0.0662741 0.543877
0.0744307 -0.460236
0.0849837 -0.490823
0.143103 -0.479634
0.0888591 0.502614
0.0834432 -0.44029
0.0972802 0.465343
0.099594 -0.501647
0.0620578 -0.537876
0.098229 0.498997
0.157438 -0.455847
0.0629384 0.528109
0.0636941 -0.525176
0.125867 -0.487888
0.0432514 0.534714
0.147558 -0.491766
0.0470593 -0.526536
0.00810654 0.550795
0.154787 -0.332121
0.152988 -0.459738
0.0514792 -0.519996
0.0429006 0.521464
0.0686427 -0.532404
0.113744 -0.508311
0.225635 -0.435697
0.103195 -0.517548
0.00232655 -nan
0.129594 -0.497744
0.146398 -0.422837
0.0287929 0.530889
0.0676123 -0.527801
0.129759 -0.373025
0.173655 -0.294069
0.0507531 0.514708
0.249554 -0.284787
0.102892 -0.5094
0.0225657 0.517405
0.0714001 -0.518323
0.059913 0.521045
0.0496057 -0.529144
0.0342609 -0.51047
0.0866024 -0.467481
0.0540245 -0.516599
0.0813706 -0.506277
0.0719564 -0.516227
0.0413127 -0.504978
0.129059 0.617115
0.0392348 0.506692
0.111412 0.493231
0.0295859 0.520564
0.157821 -0.333131
0.103281 0.50024
0.0529536 0.518463
0.0813129 -0.497145
0.0507064 0.5301
0.0564447 0.526329
0.0521154 -0.525519
0.0353982 0.525797
0.0745551 -0.529024
0.10013 0.507448
0.0265415 -0.542961
0.140766 -0.481158
0.0426266 0.532088
0.00595037 0.554417
0.0866104 0.516956
0.0281375 -0.513139
0.126659 -0.51008
0.0168231 0.508455
0.0831301 -0.501102
0.124221 -0.499477
0.0486077 0.51371
0.207515 -0.228581
0.0287536 0.518838
0.264405 0.273579
0.207119 -0.306731
0.0669533 0.503559
0.0589268 0.515643
0.0254604 -0.530312
0.0327583 0.521771
0.173272 -0.454976
0.118226 -0.475595
0.0179725 -0.511663
0.130243 -0.36181
0.114011 -0.494349
0.0405073 -0.519149
0.0994416 -0.46065
0.0388714 0.539777
0.0479573 -0.520261
0.311922 -0.148658
0.0591459 -0.518733
0.08186 -0.452793
0.0868252 0.505203
0.117857 -0.469553
0.0613199 0.506524
0.143905 -0.420902
0.0573986 0.642931
0.121866 0.521443
0.058578 0.521609
0.116696 0.348846
0.111143 -0.458537
0.158888 -0.390813
0.0290949 0.514526
0.0456369 0.519538
0.17129 -0.418695
0.00995827 0.632633
0.236894 -0.293341
0.0928018 0.488374
0.0795672 0.524053
0.239192 -0.124441
0.219944 -0.241498
0.21278 -0.257797
0.052191 0.526785
0.0736011 -0.510823
0.118158 -0.507715
0.13874 -0.495762
0.087265 -0.492969
0.055232 -0.527265
0.0377022 0.531105
0.078372 -0.447801
0.19758 0.493607
0.111153 -0.469304
0.0684735 -0.50565
0.105124 -0.476323
0.0174537 0.517203
0.0851432 -0.479913
0.110694 -0.46815
0.102314 -0.525334
0.0201114 0.521285
0.0619619 -0.530066
0.0555355 0.528462
0.042993 0.527655
0.0452927 -0.526833
0.0681065 -0.536623
0.2681 -0.0995265
0.0802809 0.508316
0.0320303 -0.539093
0.34096 -0.216139
0.106191 -0.516951
0.223127 -0.437999
0.152207 -0.328473
0.304356 0.00466052
0.0686105 -0.51358
0.118997 -0.419041
0.0190842 0.530825
0.131652 -0.506141
0.0762872 -0.50993
0.0649031 0.541144
0.0889443 -0.488974
0.0358257 0.509134
0.0931853 -0.513763
0.169898 -0.420806
0.185379 0.471523
0.041433 0.533845
0.125899 -0.485231
0.162037 -0.424029
0.0304709 0.541265
0.118695 -0.494568
0.141974 -0.494664
0.0354374 -0.542053
0.12913 0.501479
0.181029 -0.420053
0.263472 0.313243
0.161765 -0.336491
0.0570234 -0.504891
0.0593811 -0.515231
0.219644 -0.426885
0.0580668 -0.524204
0.0561236 0.522461
0.104999 -0.487469
0.053539 -0.513878
0.0246456 0.521297
0.0389495 0.530727
0.0928968 -0.466249
0.0700706 -0.509583
0.15062 -0.470441
0.0355167 -0.465278
0.278833 0.303919
0.04191 0.541733
0.164166 -0.47393
0.0814839 0.53109
0.0552539 -0.541361
0.0586001 -0.529792
0.342385 -0.222099
0.0887092 0.528996
0.0550877 -0.540097
0.0855053 0.504069
0.14291 -0.393111
0.11296 0.510051
0.261186 0.32003
0.110854 0.535154
0.195388 0.497317
0.118302 -0.50544
0.0869424 -0.498255
0.0148399 0.542729
0.0703739 -0.53017
0.0104552 0.548426
0.0865926 0.510793
0.1341 -0.529232
0.0739049 -0.499588
0.030481 0.532242
0.280377 0.277033
0.0775025 -0.51666
0.310046 -0.129629
0.110443 -0.501543
0.0930861 -0.511264
0.0360438 0.52407
0.0455753 -0.527337
0.0766644 0.524358
0.158155 -0.45068
0.189833 0.483266
0.304439 0.352737
0.0578134 0.517411
0.0470887 0.527357
0.100584 -0.464428
0.0224483 -0.518964
0.0432089 -0.52382
0.336563 0.0919395
0.054964 0.50788
0.0602314 -0.517587
0.0546748 -0.506415
0.061965 0.526893
0.0281167 -0.508895
0.069757 -0.51052
0.029787 -0.526289
0.0571338 -0.530218
0.142324 -0.453615
0.110108 -0.486428
0.150661 -0.411878
0.0844513 -0.486919
0.151716 -0.291614
0.0876708 -0.506439
0.118518 -0.51534
0.0587403 0.515592
0.306991 -0.109461
0.161245 -0.463201
0.129384 -0.360461
0.0807066 0.521239
0.033387 0.539872
0.066624 -0.520265
0.0915309 -0.502981
0.0365776 -0.530659
0.0184945 -0.538193
0.0192439 0.52437
0.0353684 -0.504182
0.154733 -0.297472
0.058745 -0.528887
0.0940808 -0.434814
0.116836 -0.477028
0.153845 -0.451823
0.151903 -0.487375
0.0771469 0.524381
0.0789581 -0.527397
0.12191 -0.480687
0.103442 -0.50189
0.144094 -0.48355
0.0396557 0.542378
0.11055 -0.445701
0.0540263 0.530236
0.126436 0.494404
0.0309325 -0.516231
0.0277791 -0.53944
0.0118683 0.550789
0.0244141 -0.53687
0.122888 0.529565
0.0544704 0.507366
0.0420054 -0.517329
0.16474 -0.451224
0.104979 0.503958
0.124983 -0.49095
0.102047 -0.508091
0.04122 0.530591
0.0523025 0.517716
0.124957 -0.503127
0.0617897 0.529363
0.0326129 0.645347
0.0228751 -0.520777
0.0417695 0.537978
0.0639126 -0.517093
0.067888 0.5234
0.0587096 0.518626
0.05389 -0.51564
0.0968154 -0.490372
0.152942 -0.437347
0.160392 -0.44772
0.0367343 0.54017
0.0706422 -0.503034
0.0514079 0.527892
0.0859027 0.445878
0.021173 0.518303
0.0591476 -0.51801
0.117994 0.486281
0.087749 -0.50338
0.133936 -0.385712
0.057661 -0.52153
0.0968017 -0.505887
0.0261789 0.524948
0.0808653 -0.477071
0.0109356 0.544693
0.0879592 -0.506457
0.317133 0.0298972
0.0692485 0.504851
0.0868246 -0.50686
0.11765 -0.482961
0.0403709 -0.515169
0.0411259 0.536525
0.0139978 -0.537211
0.0831588 -0.524994
0.0810045 0.526256
0.0710513 0.507585
0.259 -0.114899
0.0751896 0.527783
0.0957632 -0.504452
0.0630999 0.528932
0.0448205 0.520326
0.130854 -0.443883
0.0411012 -0.517969
0.1153 -0.486073
0.0501676 -0.506678
0.0342828 0.529463
0.110433 -0.474588
0.14601 -0.485465
0.201349 -0.207282
0.115287 0.511549
0.049793 -0.515828
0.0887557 -0.469905
0.0505897 0.507975
0.0898615 -0.495939
0.0432677 0.522844
0.0373372 0.519392
0.110291 -0.518632
0.0364204 -0.526545
0.109698 0.51598
0.105947 -0.481582
0.0463614 -0.521835
0.102759 -0.475306
0.202573 -0.388327
0.204149 -0.385468
0.0283142 -0.525643
0.126891 0.391651
0.0502096 -0.534935
0.0420312 0.540011
0.0333455 -0.504021
0.123202 0.45381
0.0182828 0.524426
0.0814997 0.538975
0.0986751 -0.518509
0.0706193 -0.529745
0.346948 -0.197683
0.126174 -0.440321
0.151884 0.43532
0.052386 0.526687
0.111494 -0.486145
0.0885202 -0.506555
0.0547717 -0.534264
0.159125 -0.44756
0.0319972 -0.521641
0.0298051 -0.523906
0.184983 -0.406507
0.159055 -0.458743
0.0307245 -0.53091
0.101711 0.509885
0.0425418 0.516259
0.0836766 -0.509689
0.119519 -0.481808
0.0353162 -0.527783
0.156335 -0.316221
0.11017 -0.500986
0.0559245 -0.509658
0.110913 -0.471709
0.042305 0.53353
0.0359796 0.527474
0.115868 -0.502855
0.100252 0.51384
0.104594 -0.497097
0.256562 -0.101454
0.00719884 0.553496
0.0691046 -0.540193
0.0946996 -0.48504
0.100446 -0.503012
0.0773344 -0.514235
0.0460869 -0.520594
0.0520816 -0.520377
0.0124085 0.544913
0.0407752 0.509783
0.0554901 -0.524836
0.0655587 -0.502128
0.0951734 0.615387
0.076247 0.534336
0.0598829 -0.516463
0.106187 -0.500461
0.0868394 -0.509228
0.126493 -0.501276
0.0337368 -0.522281
0.052793 -0.518315
0.150929 -0.462135
0.134072 0.460042
0.0768479 -0.514104
0.0686832 -0.508392
0.0740944 -0.510251
0.115514 -0.509809
0.0796228 -0.507859
0.0500078 -0.515543
0.213132 -0.25676
0.0964688 0.507634
0.0733751 0.508884
0.111627 -0.484996
0.0579027 0.638235
0.0317014 -0.542916
0.0850895 -0.504177
0.129367 -0.492424
0.059472 0.52559
0.0478018 -0.518062
0.123942 -0.499314
0.0243147 0.527824
0.0787176 -0.506462
0.0523294 -0.512111
0.105819 0.642795
0.100794 0.495793
0.0718318 -0.52706
0.0577914 -0.514739
0.105949 -0.488259
0.039946 0.526544
0.191573 -0.381242
0.0814041 0.525112
0.0655072 -0.513826
0.0919163 -0.510082
0.0330757 0.534869
0.0559011 0.538238
0.0283363 0.535126
0.0737565 0.541087
0.0427878 0.520132
0.122239 0.490186
0.0575054 -0.504456
0.0728083 -0.519329
0.0921423 -0.496769
0.0627504 0.527207
0.0871005 -0.512474
0.317105 -0.12453
0.0536084 0.516208
0.0435257 0.529391
0.138423 -0.342206
0.0523299 0.525392
0.020578 -0.51219
0.0884079 -0.508139
0.069639 0.511806
0.361546 0.170233
0.025796 0.526008
0.0511308 -0.514777
0.01692 0.517599
0.0730248 0.508841
0.0707435 -0.525831
0.0200077 0.540646
0.0612183 0.527479
0.0539801 0.529635
0.0659635 -0.516915
0.0191011 0.528786
0.0055076 0.55402
0.169027 -0.427106
0.0117112 0.5384
0.0607255 -0.502452
0.0439806 0.5274
0.0719702 0.510695
0.252792 -0.0925991
0.0638067 0.526899
0.153346 -0.461223
0.0417411 0.51329
0.0604832 0.515954
0.0612676 0.502973
0.212672 -0.346677
0.0445784 0.518734
0.172788 0.617194
0.0648343 -0.515474
0.104791 -0.480768
0.0587264 -0.53605
0.0633019 0.507419
0.0990245 -0.50539
0.124075 -0.500055
0.0424232 0.5278
0.0476159 -0.512997
0.103827 -0.510956
0.0630769 -0.511493
0.0583238 -0.520559
0.104996 -0.503366
0.127385 -0.501389
0.0733766 0.527019
0.128504 -0.509245
0.0683017 0.527731
0.109223 -0.479925
0.0368958 0.527982
0.0235657 0.53056
0.0917152 -0.482375
0.0603411 0.518899
0.0814713 -0.529497
0.070538 0.523473
0.0808293 -0.527562
0.0854628 0.517291
0.301476 -0.138063
0.208569 -0.309795
0.056143 -0.52163
0.0424532 0.510656
0.0783852 -0.518231
0.119823 -0.516635
0.0556262 -0.507691
0.0729076 -0.515405
0.0376016 -0.528042
0.0448084 -0.512894
0.0437325 0.526292
0.272811 0.30291
0.0402911 -0.516197
0.0241957 0.518911
0.0437999 -0.530008
0.0869602 -0.516224
0.0598763 -0.521191
0.125135 -0.481151
0.0932375 -0.501522
0.0142522 0.535945
0.0260987 -0.537378
0.140765 -0.319607
0.0618317 -0.513877
0.157536 -0.32596
0.160115 -0.467339
0.21201 -0.426588
0.13891 -0.477865
0.0220297 0.521346
0.127952 -0.495222
0.0570392 0.519598
0.155413 -0.441407
0.329958 0.044842
0.0225919 0.540031
0.090812 -0.503857
0.0763842 -0.446464
0.116819 -0.511337
0.111334 -0.488077
0.0624061 0.526601
0.0655802 -0.516698
0.0298813 0.51533
0.0914017 -0.486399
0.0643516 -0.506658
0.0837354 0.503755
0.151858 -0.371826
0.037025 -0.536903
0.0194006 -0.532332
0.0726 -0.538544
0.0734367 -0.52487
0.127388 -0.478195
0.0199196 -0.525076
0.0971888 -0.510363
0.0236674 0.528989
0.303923 -0.00503258
0.0903803 -0.505366
0.112293 0.51879
0.0235502 -0.517196
0.107612 -0.483833
