14.376 13.393 -9.434
11.305 12.496 -7.337
11.151 9.258 -9.32

11.004 6.006 -7.338
14.52 4.519 -7.198
14.967 0.776 -7.832

15.638 0.429 -4.087
12.514 2.285 -2.905
10.556 -0.102 -5.156
12.221 -3.075 -3.436
11.74 -1.711 0.112
7.991 -1.522 -0.555
8.139 -4.957 -2.2
9.527 -6.582 0.974
6.846 -4.901 3.105
4.21 -5.895 0.525
5.202 -9.589 0.585
5.112 -9.741 4.412
1.285 -9.811 3.999

1.012 -11.657 0.647
-0.051 -15.058 2.058
-1.977 -15.785 -1.16
1.187 -16.059 -3.293
-0.922 -13.94 -5.681
1.285 -10.852 -5.276
-1.689 -9.009 -3.672

-2.915 -8.068 -0.165
-6.302 -7.233 1.393
-7.428 -3.732 2.358

-7.469 -4.807 6.028
-3.672 -5.269 5.793
-3.13 -1.916 4.045
-2.604 0.156 7.219
-0.433 -2.7 8.539
1.967 -2.564 5.569
2.121 1.243 5.732
2.836 0.996 9.476
5.725 -1.371 8.686
7.397 1.46 6.732

6.78181 4.21227 9.41537
5.49543 7.87348 9.29516
8.24671 10.5689 9.03874
8.18473 13.0388 11.8472
6.84875 9.9965 13.8496
9.21135 7.98072 15.9976

10.6326 5.78418 18.7541
7.24533 5.57133 20.464
5.55628 4.57532 17.2085
8.13009 1.84729 16.5952
7.63585 0.458964 20.0982
3.86463 0.372177 19.6364
4.21447 -1.47256 16.3322
6.51704 -4.05393 17.9063
4.07107 -4.64065 20.7551
1.19824 -5.13168 18.3161
3.21112 -7.64812 16.3015
4.08091 -9.60941 19.4383

0.582636 -9.5137 20.7168
-2.11423 -9.64945 23.3312
-2.64756 -7.74855 26.5364
0.11248 -9.31714 28.7549
-2.48179 -10.0547 31.5359

-5.25504 -10.9362 29.1843
-6.51937 -12.3939 25.8374
-9.05377 -14.197 23.722

-9.25077 -11.884 20.637
-12.1998 -10 22.176
-10.2438 -10.051 25.45
-7.41277 -8.215 23.661
-10.0288 -5.627 22.64
-10.9348 -5.053 26.31
-7.36877 -4.282 27.467
-6.82577 -2.071 24.401
-9.88377 0.0140038 25.357
-8.30177 0.676004 28.761
-4.62077 1.036 27.697

-4.83177 2.897 24.361
-4.73577 6.695 24.326
-3.87777 6.278 28.036
-1.00877 3.753 27.909
0.67123 3.018 31.231

3.77623 4.521 29.714
2.19723 7.979 30.158
1.99523 7.252 33.902
5.65723 6.293 34.372
6.95223 9.021 32.026
4.90223 11.658 33.876
6.47623 10.341 37.091
9.97123 10.523 35.677
8.89923 14.081 34.8
8.25423 14.814 38.493
11.9032 13.754 38.797
13.2662 15.95 35.987

13.6892 19.031 38.224
16.0292 20.465 35.572
13.5782 19.933 32.682
16.6572 18.473 30.931
15.2962 14.917 30.366
18.0542 13.35 32.515
18.3142 12.424 36.231
20.8622 10.532 38.373
20.3692 6.719 38.335

19.4032 7.078 42.009
16.5392 9.458 41.264
15.6572 6.965 38.499
15.6062 3.864 40.681
13.6782 6.024 43.154
11.0792 7.039 40.522
10.4472 3.309 40.08
10.1842 2.569 43.851
8.16023 5.633 44.974
5.62223 4.807 42.253

4.64823 1.781 44.339
5.37323 -0.749996 41.571
5.77823 -4.441 42.591
9.36123 -4.116 41.38
12.1142 -6.027 43.232
15.6162 -4.555 43.699

16.9152 -7.575 41.739
14.7842 -6.861 38.647
16.0572 -3.263 38.463
19.6412 -4.52 38.801
19.0092 -6.446 35.559
17.4672 -3.392 33.857
20.5522 -1.39 34.983
22.9752 -3.876 33.332
21.7392 -3.214 29.755
21.0222 0.462004 30.576

24.6802 1.524 30.517
24.1182 3.6 33.654
27.8352 4.249 33.869
30.1752 5.666 31.263
28.4842 8.993 32.188
26.6092 9.329 35.505
23.0692 10.39 34.488

20.5772 8.497 32.269
17.2742 9.38 30.58
14.1422 7.388 31.527

12.4152 6.789 28.11

14.5812 3.645 27.863
13.8452 2.579 31.461
10.1322 3.388 30.95
9.69023 0.886004 28.097
11.5512 -1.689 30.226
9.18623 -1.387 33.218
6.23923 -1.831 30.833

7.41223 -4.938 28.977
10.7582 -5.692 27.356

End chain 1
