14.376 13.393 -9.434
11.305 12.496 -7.337
11.151 9.258 -9.32

11.004 6.006 -7.338
14.52 4.519 -7.198
14.967 0.776 -7.832

15.638 0.429 -4.087
12.514 2.285 -2.905
10.556 -0.102 -5.156
12.221 -3.075 -3.436
11.74 -1.711 0.112
7.991 -1.522 -0.555
8.139 -4.957 -2.2
9.527 -6.582 0.974
6.846 -4.901 3.105
4.21 -5.895 0.525
5.202 -9.589 0.585
5.112 -9.741 4.412
1.285 -9.811 3.999

1.11381 -12.8001 1.79667
-1.95352 -13.9526 -0.0703174
-4.31425 -16.6988 0.902195
-6.75949 -19.5885 0.816711
-9.77856 -18.1849 2.70265
-10.5081 -14.6703 3.88532
-10.0233 -13.3707 0.34554

-10.267 -9.621 0.205683
-10.6533 -5.92007 0.270155
-10.8737 -2.14646 0.536911

-10.9147 -3.22146 4.20691
-7.11773 -3.68346 3.97191
-6.57573 -0.330457 2.22391
-6.04973 1.74154 5.39791
-3.87873 -1.11446 6.71791
-1.47873 -0.978457 3.74791
-1.32473 2.82854 3.91091
-0.609729 2.58154 7.65491
2.27927 0.214543 6.86491
3.95127 3.04554 4.91091

3.33608 5.79781 7.59428
2.04971 9.45903 7.47407
4.80098 12.1545 7.21765
4.739 14.6243 10.0261
3.40302 11.582 12.0285
5.76562 9.56627 14.1765

7.18689 7.36972 16.933
3.7996 7.15687 18.6429
2.11056 6.16087 15.3875
4.68436 3.43283 14.7741
4.19012 2.04451 18.2771
0.418901 1.95772 17.8153
0.768737 0.112988 14.5111
3.07131 -2.46839 16.0852
0.625343 -3.05511 18.934
-2.24748 -3.54614 16.495
-0.234607 -6.06258 14.4804
0.635179 -8.02387 17.6172

-2.97674 -7.76334 18.9876
-6.52822 -7.66777 20.1171
-6.0794 -8.42176 23.7166
-3.4092 -5.66307 23.9679
-5.42311 -3.3026 21.8933

-9.10469 -4.20856 22.2592
-12.5254 -5.90978 21.8927
-16.2018 -7.00539 21.6438

-16.3988 -4.69239 18.5588
-19.3478 -2.80839 20.0978
-17.3918 -2.85939 23.3718
-14.5608 -1.02339 21.5828
-17.1768 1.56461 20.5618
-18.0828 2.13861 24.2318
-14.5168 2.90961 25.3888
-13.9738 5.12061 22.3228
-17.0318 7.20561 23.2788
-15.4498 7.86761 26.6828
-11.7688 8.22761 25.6188

-11.9798 10.0886 22.2828
-11.8838 13.8866 22.2478
-11.0258 13.4696 25.9578
-8.15684 10.9446 25.8308
-6.47684 10.2096 29.1528

-3.37184 11.7126 27.6358
-4.95084 15.1706 28.0798
-5.15284 14.4436 31.8238
-1.49084 13.4846 32.2938
-0.19584 16.2126 29.9478
-2.24584 18.8496 31.7978
-0.67184 17.5326 35.0128
2.82316 17.7146 33.5988
1.75116 21.2726 32.7218
1.10616 22.0056 36.4148
4.75516 20.9456 36.7188
6.11816 23.1416 33.9088

5.2211 26.1307 36.2121
8.77509 26.8172 37.0213
11.761 28.3234 38.9654
9.28847 26.8079 41.2797
6.92553 23.8958 40.6113
10.1284 22.0871 39.8671
13.7257 20.9109 40.5182
12.3387 20.9626 44.1087
8.72041 20.734 44.9611

9.34595 18.3225 42.0912
8.11791 15.384 44.1648
4.94375 17.25 45.106
4.24853 18.0991 41.4676
4.70286 14.4706 40.4332
2.30885 13.2976 43.1416
-0.319435 15.8133 42.0433
-0.0241 14.6881 38.4254
-0.433954 11.0442 39.4239
-3.54082 11.8506 41.4586

-4.51482 8.82459 43.5446
-3.78982 6.29359 40.7766
-3.38482 2.60259 41.7966
0.198177 2.92759 40.5856
2.95118 1.01659 42.4376
6.45318 2.48859 42.9046

7.75218 -0.531406 40.9446
5.62118 0.182594 37.8526
6.89418 3.78059 37.6686
10.4782 2.52359 38.0066
9.84618 0.597594 34.7646
8.30418 3.65159 33.0626
11.3892 5.65359 34.1886
13.8122 3.16759 32.5376
12.5762 3.82959 28.9606
11.8592 7.50559 29.7816

15.5172 8.56759 29.7226
14.9552 10.6436 32.8596
18.6722 11.2926 33.0746
21.0122 12.7096 30.4686
19.3212 16.0366 31.3936
17.4462 16.3726 34.7106
13.9062 17.4336 33.6936

11.4142 15.5406 31.4746
8.11118 16.4236 29.7856
4.97918 14.4316 30.7326

3.25218 13.8326 27.3156

5.41818 10.6886 27.0686
4.68218 9.62259 30.6666
0.969177 10.4316 30.1556
0.527177 7.92959 27.3026
2.38818 5.35459 29.4316
0.0231767 5.65659 32.4236
-2.92382 5.21259 30.0386

-1.75082 2.10559 28.1826
1.59518 1.35159 26.5616

End chain 1
