14.376 13.393 -9.434
11.305 12.496 -7.337
11.151 9.258 -9.32

11.004 6.006 -7.338
14.52 4.519 -7.198
14.967 0.776 -7.832

15.638 0.429 -4.087
12.514 2.285 -2.905
10.556 -0.102 -5.156
12.221 -3.075 -3.436
11.74 -1.711 0.112
7.991 -1.522 -0.555
8.139 -4.957 -2.2
9.527 -6.582 0.974
6.846 -4.901 3.105
4.21 -5.895 0.525
5.202 -9.589 0.585
5.112 -9.741 4.412
1.285 -9.811 3.999

1.012 -11.657 0.647
-0.051 -15.058 2.058
-1.977 -15.785 -1.16
1.187 -16.059 -3.293
-0.922 -13.94 -5.681
1.285 -10.852 -5.276
-1.689 -9.009 -3.672

-2.915 -8.068 -0.165
-6.302 -7.233 1.393
-7.428 -3.732 2.358

-7.469 -4.807 6.028
-3.672 -5.269 5.793
-3.13 -1.916 4.045
-2.604 0.156 7.219
-0.433 -2.7 8.539
1.967 -2.564 5.569
2.121 1.243 5.732
2.836 0.996 9.476
5.725 -1.371 8.686
7.397 1.46 6.732

6.78181 4.21227 9.41537
5.49543 7.87348 9.29516
8.24671 10.5689 9.03874
8.18473 13.0388 11.8472
6.84875 9.9965 13.8496
9.21135 7.98072 15.9976

10.6326 5.78418 18.7541
7.24533 5.57133 20.464
5.55628 4.57532 17.2085
8.13009 1.84729 16.5952
7.63585 0.458964 20.0982
3.86463 0.372177 19.6364
4.21447 -1.47256 16.3322
6.51704 -4.05393 17.9063
4.07107 -4.64065 20.7551
1.19824 -5.13168 18.3161
3.21112 -7.64812 16.3015
4.08091 -9.60941 19.4383

4.53191 -13.1964 18.2593
2.49491 -14.3834 21.2593
5.21591 -16.9744 22.0683
6.04391 -15.4224 25.4733
9.68091 -16.3044 24.5813

12.8189 -14.4624 23.3483
15.6189 -15.6574 21.0153
19.2889 -14.4604 21.1743

19.0919 -12.1474 18.0893
16.1429 -10.2634 19.6283
18.0989 -10.3144 22.9023
20.9299 -8.47841 21.1133
18.3139 -5.89041 20.0923
17.4079 -5.31641 23.7623
20.9739 -4.54541 24.9193
21.5169 -2.33441 21.8533
18.4589 -0.249412 22.8093
20.0409 0.412588 26.2133
23.7219 0.772588 25.1493

23.5109 2.63359 21.8133
23.6069 6.43159 21.7783
24.4649 6.01459 25.4883
27.3339 3.48959 25.3613
29.0139 2.75459 28.6833

32.1189 4.25759 27.1663
30.5399 7.71559 27.6103
30.3379 6.98859 31.3543
33.9999 6.02959 31.8243
35.2949 8.75759 29.4783
33.2449 11.3946 31.3283
34.8189 10.0776 34.5433
38.3139 10.2596 33.1293
37.2419 13.8176 32.2523
36.5969 14.5506 35.9453
40.2459 13.4906 36.2493
41.6089 15.6866 33.4393

42.0319 18.7676 35.6763
44.3719 20.2016 33.0243
41.9209 19.6696 30.1343
44.9999 18.2096 28.3833
43.6389 14.6536 27.8183
46.3969 13.0866 29.9673
46.6569 12.1606 33.6833
49.2049 10.2686 35.8253
48.7119 6.45559 35.7873

47.7459 6.81459 39.4613
44.8819 9.19459 38.7163
43.9999 6.70159 35.9513
43.9489 3.60059 38.1333
42.0209 5.76059 40.6063
39.4219 6.77559 37.9743
38.7899 3.04559 37.5323
38.5269 2.30559 41.3033
36.5029 5.36959 42.4263
33.9649 4.54359 39.7053

32.9909 1.51759 41.7913
33.7159 -1.01341 39.0233
34.1209 -4.70441 40.0433
37.7039 -4.37941 38.8323
40.4569 -6.29041 40.6843
43.9589 -4.81841 41.1513

45.2579 -7.83841 39.1913
43.1269 -7.12441 36.0993
44.3999 -3.52641 35.9153
47.9839 -4.78341 36.2533
47.3519 -6.70941 33.0113
45.8099 -3.65541 31.3093
48.8949 -1.65341 32.4353
51.3179 -4.13941 30.7843
50.0819 -3.47741 27.2073
49.3649 0.198588 28.0283

53.0229 1.26059 27.9693
52.4609 3.33659 31.1063
56.1779 3.98559 31.3213
58.5179 5.40259 28.7153
56.8269 8.72959 29.6403
54.9519 9.06559 32.9573
51.4119 10.1266 31.9403

48.9199 8.23359 29.7213
45.6169 9.11659 28.0323
42.4849 7.12459 28.9793

40.7579 6.52559 25.5623

42.9239 3.38159 25.3153
42.1879 2.31559 28.9133
38.4749 3.12459 28.4023
38.0329 0.622588 25.5493
39.8939 -1.95241 27.6783
37.5289 -1.65041 30.6703
34.5819 -2.09441 28.2853

35.7549 -5.20141 26.4293
39.1009 -5.95541 24.8083

End chain 1
