14.376 13.393 -9.434
11.305 12.496 -7.337
11.151 9.258 -9.32

11.004 6.006 -7.338
14.52 4.519 -7.198
14.967 0.776 -7.832

15.638 0.429 -4.087
12.514 2.285 -2.905
10.556 -0.102 -5.156
12.221 -3.075 -3.436
11.74 -1.711 0.112
7.991 -1.522 -0.555
8.139 -4.957 -2.2
9.527 -6.582 0.974
6.846 -4.901 3.105
4.21 -5.895 0.525
5.202 -9.589 0.585
5.112 -9.741 4.412
1.285 -9.811 3.999

1.012 -11.657 0.647
-0.051 -15.058 2.058
-1.977 -15.785 -1.16
1.187 -16.059 -3.293
-0.922 -13.94 -5.681
1.285 -10.852 -5.276
-1.689 -9.009 -3.672

-2.915 -8.068 -0.165
-6.302 -7.233 1.393
-7.428 -3.732 2.358

-7.469 -4.807 6.028
-3.672 -5.269 5.793
-3.13 -1.916 4.045
-2.604 0.156 7.219
-0.433 -2.7 8.539
1.967 -2.564 5.569
2.121 1.243 5.732
2.836 0.996 9.476
5.725 -1.371 8.686
7.397 1.46 6.732

6.78181 4.21227 9.41537
5.49543 7.87348 9.29516
8.24671 10.5689 9.03874
8.18473 13.0388 11.8472
6.84875 9.9965 13.8496
9.21135 7.98072 15.9976

10.6326 5.78418 18.7541
7.24533 5.57133 20.464
5.55628 4.57532 17.2085
8.13009 1.84729 16.5952
7.63585 0.458964 20.0982
3.86463 0.372177 19.6364
4.21447 -1.47256 16.3322
6.51704 -4.05393 17.9063
4.07107 -4.64065 20.7551
1.19824 -5.13168 18.3161
3.21112 -7.64812 16.3015
4.08091 -9.60941 19.4383

0.468992 -9.34888 20.8087
-3.08249 -9.25331 21.9382
-2.63368 -10.0073 25.5377
0.0365327 -7.24862 25.789
-1.97738 -4.88814 23.7144

-5.65896 -5.7941 24.0803
-9.07966 -7.49532 23.7138
-12.7561 -8.59093 23.4649

-12.9531 -6.27793 20.3799
-15.9021 -4.39393 21.9189
-13.9461 -4.44493 25.1929
-11.1151 -2.60893 23.4039
-13.7311 -0.0209318 22.3829
-14.6371 0.553068 26.0529
-11.0711 1.32407 27.2099
-10.5281 3.53507 24.1439
-13.5861 5.62007 25.0999
-12.0041 6.28207 28.5039
-8.32311 6.64207 27.4399

-8.53411 8.50307 24.1039
-8.43811 12.3011 24.0689
-7.58011 11.8841 27.7789
-4.71111 9.35907 27.6519
-3.03111 8.62407 30.9739

0.0738891 10.1271 29.4569
-1.50511 13.5851 29.9009
-1.70711 12.8581 33.6449
1.95489 11.8991 34.1149
3.24989 14.6271 31.7689
1.19989 17.2641 33.6189
2.77389 15.9471 36.8339
6.26889 16.1291 35.4199
5.19689 19.6871 34.5429
4.55189 20.4201 38.2359
8.20089 19.3601 38.5399
9.56389 21.5561 35.7299

9.98689 24.6371 37.9669
12.3269 26.0711 35.3149
9.87589 25.5391 32.4249
12.9549 24.0791 30.6739
11.5939 20.5231 30.1089
14.3519 18.9561 32.2579
14.6119 18.0301 35.9739
17.1599 16.1381 38.1159
16.6669 12.3251 38.0779

15.7009 12.6841 41.7519
12.8369 15.0641 41.0069
11.9549 12.5711 38.2419
11.9039 9.47007 40.4239
9.97589 11.6301 42.8969
7.37689 12.6451 40.2649
6.74489 8.91507 39.8229
6.48189 8.17507 43.5939
4.45789 11.2391 44.7169
1.91989 10.4131 41.9959

0.945889 7.38707 44.0819
1.67089 4.85607 41.3139
2.07589 1.16507 42.3339
5.65889 1.49007 41.1229
8.41189 -0.420932 42.9749
11.9139 1.05107 43.4419

13.2129 -1.96893 41.4819
11.0819 -1.25493 38.3899
12.3549 2.34307 38.2059
15.9389 1.08607 38.5439
15.3069 -0.839932 35.3019
13.7649 2.21407 33.5999
16.8499 4.21607 34.7259
19.2729 1.73007 33.0749
18.0369 2.39207 29.4979
17.3199 6.06807 30.3189

20.9779 7.13007 30.2599
20.4159 9.20607 33.3969
24.1329 9.85507 33.6119
26.4729 11.2721 31.0059
24.7819 14.5991 31.9309
22.9069 14.9351 35.2479
19.3669 15.9961 34.2309

16.8749 14.1031 32.0119
13.5719 14.9861 30.3229
10.4399 12.9941 31.2699

8.71289 12.3951 27.8529

10.8789 9.25107 27.6059
10.1429 8.18507 31.2039
6.42989 8.99407 30.6929
5.98789 6.49207 27.8399
7.84889 3.91707 29.9689
5.48389 4.21907 32.9609
2.53689 3.77507 30.5759

3.70989 0.668068 28.7199
7.05589 -0.0859318 27.0989

End chain 1
