14.376 13.393 -9.434
11.305 12.496 -7.337
11.151 9.258 -9.32

11.004 6.006 -7.338
14.52 4.519 -7.198
14.967 0.776 -7.832

15.638 0.429 -4.087
12.514 2.285 -2.905
10.556 -0.102 -5.156
12.221 -3.075 -3.436
11.74 -1.711 0.112
7.991 -1.522 -0.555
8.139 -4.957 -2.2
9.527 -6.582 0.974
6.846 -4.901 3.105
4.21 -5.895 0.525
5.202 -9.589 0.585
5.112 -9.741 4.412
1.285 -9.811 3.999

1.012 -11.657 0.647
-0.051 -15.058 2.058
-1.977 -15.785 -1.16
1.187 -16.059 -3.293
-0.922 -13.94 -5.681
1.285 -10.852 -5.276
-1.689 -9.009 -3.672

-2.915 -8.068 -0.165
-6.302 -7.233 1.393
-7.428 -3.732 2.358

-7.469 -4.807 6.028
-3.672 -5.269 5.793
-3.13 -1.916 4.045
-2.604 0.156 7.219
-0.433 -2.7 8.539
1.967 -2.564 5.569
2.121 1.243 5.732
2.836 0.996 9.476
5.725 -1.371 8.686
7.397 1.46 6.732

6.63403 4.92057 7.95187
9.98436 6.74418 7.82974
13.0696 8.41935 6.64009
15.3054 5.40249 6.47412
14.7933 1.67763 6.2569
13.9315 -1.55429 4.33223

17.4465 -2.14471 5.65119
16.1691 -4.6419 8.21542
14.2376 -6.53923 5.54852
17.3086 -6.72254 3.3173
19.4262 -8.05648 6.17721
16.8477 -10.7347 6.96547
16.7316 -11.8303 3.3283
20.5204 -12.0902 3.18483
20.592 -14.2013 6.34414
17.9532 -16.5532 4.94845
19.9025 -16.9766 1.71366
23.0879 -17.7788 3.62484

23.5389 -21.3658 2.44584
21.5019 -22.5528 5.44584
24.2229 -25.1438 6.25484
25.0509 -23.5918 9.65984
28.6879 -24.4738 8.76784

31.8259 -22.6318 7.53484
34.6259 -23.8268 5.20184
38.2959 -22.6298 5.36084

38.0989 -20.3168 2.27584
35.1499 -18.4328 3.81484
37.1059 -18.4838 7.08884
39.9369 -16.6478 5.29984
37.3209 -14.0598 4.27884
36.4149 -13.4858 7.94884
39.9809 -12.7148 9.10584
40.5239 -10.5038 6.03984
37.4659 -8.41877 6.99584
39.0479 -7.75677 10.3998
42.7289 -7.39677 9.33584

42.5179 -5.53577 5.99984
42.6139 -1.73777 5.96484
43.4719 -2.15477 9.67484
46.3409 -4.67977 9.54784
48.0209 -5.41477 12.8698

51.1259 -3.91177 11.3528
49.5469 -0.453773 11.7968
49.3449 -1.18077 15.5408
53.0069 -2.13977 16.0108
54.3019 0.588227 13.6648
52.2519 3.22523 15.5148
53.8259 1.90823 18.7298
57.3209 2.09023 17.3158
56.2489 5.64823 16.4388
55.6039 6.38123 20.1318
59.2529 5.32123 20.4358
60.6159 7.51723 17.6258

61.0389 10.5982 19.8628
63.3789 12.0322 17.2108
60.9279 11.5002 14.3208
64.0069 10.0402 12.5698
62.6459 6.48423 12.0048
65.4039 4.91723 14.1538
65.6639 3.99123 17.8698
68.2119 2.09923 20.0118
67.7189 -1.71377 19.9738

66.7529 -1.35477 23.6478
63.8889 1.02523 22.9028
63.0069 -1.46777 20.1378
62.9559 -4.56877 22.3198
61.0279 -2.40877 24.7928
58.4289 -1.39377 22.1608
57.7969 -5.12377 21.7188
57.5339 -5.86377 25.4898
55.5099 -2.79977 26.6128
52.9719 -3.62577 23.8918

51.9979 -6.65177 25.9778
52.7229 -9.18277 23.2098
53.1279 -12.8738 24.2298
56.7109 -12.5488 23.0188
59.4639 -14.4598 24.8708
62.9659 -12.9878 25.3378

64.2649 -16.0078 23.3778
62.1339 -15.2938 20.2858
63.4069 -11.6958 20.1018
66.9909 -12.9528 20.4398
66.3589 -14.8788 17.1978
64.8169 -11.8248 15.4958
67.9019 -9.82277 16.6218
70.3249 -12.3088 14.9708
69.0889 -11.6468 11.3938
68.3719 -7.97077 12.2148

72.0299 -6.90877 12.1558
71.4679 -4.83277 15.2928
75.1849 -4.18377 15.5078
77.5249 -2.76677 12.9018
75.8339 0.560227 13.8268
73.9589 0.896227 17.1438
70.4189 1.95723 16.1268

67.9269 0.0642265 13.9078
64.6239 0.947227 12.2188
61.4919 -1.04477 13.1658

59.7649 -1.64377 9.74884

61.9309 -4.78777 9.50184
61.1949 -5.85377 13.0998
57.4819 -5.04477 12.5888
57.0399 -7.54677 9.73584
58.9009 -10.1218 11.8648
56.5359 -9.81977 14.8568
53.5889 -10.2638 12.4718

54.7619 -13.3708 10.6158
58.1079 -14.1248 8.99484

End chain 1
