14.376 13.393 -9.434
11.305 12.496 -7.337
11.151 9.258 -9.32

11.004 6.006 -7.338
14.52 4.519 -7.198
14.967 0.776 -7.832

15.638 0.429 -4.087
12.514 2.285 -2.905
10.556 -0.102 -5.156
12.221 -3.075 -3.436
11.74 -1.711 0.112
7.991 -1.522 -0.555
8.139 -4.957 -2.2
9.527 -6.582 0.974
6.846 -4.901 3.105
4.21 -5.895 0.525
5.202 -9.589 0.585
5.112 -9.741 4.412
1.285 -9.811 3.999

0.560339 -11.348 0.673232
-1.22358 -12.4752 -2.40332
-1.51542 -9.45844 -4.59385
0.116956 -6.79062 -2.3966
-3.04459 -4.83899 -1.89125
-5.44724 -2.72033 -3.95211
-7.86184 -0.551327 -5.84803

-11.3679 -1.71197 -5.47813
-14.4323 0.333578 -4.52396
-14.5647 -0.0542617 -0.767339

-14.6057 -1.12926 2.90266
-10.8087 -1.59126 2.66766
-10.2667 1.76174 0.919661
-9.74075 3.83374 4.09366
-7.56975 0.977738 5.41366
-5.16975 1.11374 2.44366
-5.01575 4.92074 2.60666
-4.30075 4.67374 6.35066
-1.41175 2.30674 5.56066
0.260251 5.13774 3.60666

-0.354942 7.89001 6.29003
-1.64131 11.5512 6.16982
1.10996 14.2467 5.9134
1.04798 16.7165 8.72188
-0.288003 13.6742 10.7243
2.0746 11.6585 12.8723

3.49587 9.46192 15.6287
0.108583 9.24907 17.3387
-1.58046 8.25306 14.0832
0.99334 5.52502 13.4698
0.4991 4.1367 16.9729
-3.27212 4.04992 16.5111
-2.92228 2.20518 13.2069
-0.61971 -0.376195 14.7809
-3.06568 -0.962916 17.6298
-5.9385 -1.45395 15.1908
-3.92563 -3.97038 13.1761
-3.05584 -5.93167 16.313

-6.29219 -5.03777 18.0473
-8.35245 -6.26533 15.2164
-8.09519 -9.69049 13.5511
-7.97533 -9.7206 17.305
-10.7599 -8.02526 19.1978

-13.395 -5.20066 18.9559
-15.2006 -2.05079 18.1779
-18.915 -2.50642 19.1848

-19.112 -0.193423 16.0998
-22.061 1.69058 17.6388
-20.105 1.63958 20.9128
-17.274 3.47558 19.1238
-19.89 6.06358 18.1028
-20.796 6.63758 21.7728
-17.23 7.40858 22.9298
-16.687 9.61958 19.8638
-19.745 11.7046 20.8198
-18.163 12.3666 24.2238
-14.482 12.7266 23.1598

-14.693 14.5876 19.8238
-14.597 18.3856 19.7888
-13.739 17.9686 23.4988
-10.87 15.4436 23.3718
-9.18995 14.7086 26.6938

-6.08495 16.2116 25.1768
-7.66395 19.6696 25.6208
-7.86595 18.9426 29.3648
-4.20395 17.9836 29.8348
-2.90895 20.7116 27.4888
-4.95895 23.3486 29.3388
-3.38495 22.0316 32.5538
0.110046 22.2136 31.1398
-0.961954 25.7716 30.2628
-1.60695 26.5046 33.9558
2.04205 25.4446 34.2598
3.40505 27.6406 31.4498

2.50798 30.6296 33.7531
6.06197 31.3162 34.5624
9.04789 32.8223 36.5064
6.57536 31.3068 38.8207
4.21242 28.3948 38.1523
7.41526 26.5861 37.4081
11.0125 25.4099 38.0592
9.62559 25.4615 41.6498
6.0073 25.233 42.5021

6.63284 22.8215 39.6322
5.4048 19.883 41.7059
2.23063 21.7489 42.6471
1.53541 22.5981 39.0086
1.98974 18.9695 37.9742
-0.404267 17.7966 40.6827
-3.03255 20.3123 39.5844
-2.73721 19.1871 35.9664
-3.14707 15.5432 36.9649
-6.25394 16.3496 38.9996

-7.22794 13.3236 41.0856
-6.50294 10.7926 38.3176
-6.09794 7.10156 39.3376
-2.51494 7.42656 38.1266
0.238063 5.51556 39.9786
3.74006 6.98756 40.4456

5.03906 3.96756 38.4856
2.90806 4.68156 35.3936
4.18106 8.27956 35.2096
7.76506 7.02256 35.5476
7.13306 5.09656 32.3056
5.59106 8.15056 30.6036
8.67606 10.1526 31.7296
11.0991 7.66656 30.0786
9.86306 8.32856 26.5016
9.14606 12.0046 27.3226

12.8041 13.0666 27.2636
12.2421 15.1426 30.4006
15.9591 15.7916 30.6156
18.2991 17.2086 28.0096
16.6081 20.5356 28.9346
14.7331 20.8716 32.2516
11.1931 21.9326 31.2346

8.70106 20.0396 29.0156
5.39806 20.9226 27.3266
2.26606 18.9306 28.2736

0.539063 18.3316 24.8566

2.70506 15.1876 24.6096
1.96906 14.1216 28.2076
-1.74394 14.9306 27.6966
-2.18594 12.4286 24.8436
-0.324937 9.85356 26.9726
-2.68994 10.1556 29.9646
-5.63694 9.71156 27.5796

-4.46394 6.60456 25.7236
-1.11794 5.85056 24.1026

End chain 1
