14.376 13.393 -9.434
11.305 12.496 -7.337
11.151 9.258 -9.32

11.004 6.006 -7.338
14.52 4.519 -7.198
14.967 0.776 -7.832

15.638 0.429 -4.087
12.514 2.285 -2.905
10.556 -0.102 -5.156
12.221 -3.075 -3.436
11.74 -1.711 0.112
7.991 -1.522 -0.555
8.139 -4.957 -2.2
9.527 -6.582 0.974
6.846 -4.901 3.105
4.21 -5.895 0.525
5.202 -9.589 0.585
5.112 -9.741 4.412
1.285 -9.811 3.999

1.11381 -12.8001 1.79667
-1.95352 -13.9526 -0.0703174
-4.31425 -16.6988 0.902195
-6.75949 -19.5885 0.816711
-9.77856 -18.1849 2.70265
-10.5081 -14.6703 3.88532
-10.0233 -13.3707 0.34554

-10.267 -9.621 0.205683
-10.6533 -5.92007 0.270155
-10.8737 -2.14646 0.536911

-10.9147 -3.22146 4.20691
-7.11773 -3.68346 3.97191
-6.57573 -0.330457 2.22391
-6.04973 1.74154 5.39791
-3.87873 -1.11446 6.71791
-1.47873 -0.978457 3.74791
-1.32473 2.82854 3.91091
-0.609729 2.58154 7.65491
2.27927 0.214543 6.86491
3.95127 3.04554 4.91091

3.33608 5.79781 7.59428
2.04971 9.45903 7.47407
4.80098 12.1545 7.21765
4.739 14.6243 10.0261
3.40302 11.582 12.0285
5.76562 9.56627 14.1765

7.18689 7.36972 16.933
3.7996 7.15687 18.6429
2.11056 6.16087 15.3875
4.68436 3.43283 14.7741
4.19012 2.04451 18.2771
0.418901 1.95772 17.8153
0.768737 0.112988 14.5111
3.07131 -2.46839 16.0852
0.625343 -3.05511 18.934
-2.24748 -3.54614 16.495
-0.234607 -6.06258 14.4804
0.635179 -8.02387 17.6172

-2.97674 -7.76334 18.9876
-6.52822 -7.66777 20.1171
-6.0794 -8.42176 23.7166
-3.4092 -5.66307 23.9679
-5.42311 -3.3026 21.8933

-9.10469 -4.20856 22.2592
-12.5254 -5.90978 21.8927
-16.2018 -7.00539 21.6438

-16.3988 -4.69239 18.5588
-19.3478 -2.80839 20.0978
-17.3918 -2.85939 23.3718
-14.5608 -1.02339 21.5828
-17.1768 1.56461 20.5618
-18.0828 2.13861 24.2318
-14.5168 2.90961 25.3888
-13.9738 5.12061 22.3228
-17.0318 7.20561 23.2788
-15.4498 7.86761 26.6828
-11.7688 8.22761 25.6188

-11.9798 10.0886 22.2828
-11.8838 13.8866 22.2478
-11.0258 13.4696 25.9578
-8.15684 10.9446 25.8308
-6.47684 10.2096 29.1528

-3.37184 11.7126 27.6358
-4.95084 15.1706 28.0798
-5.15284 14.4436 31.8238
-1.49084 13.4846 32.2938
-0.19584 16.2126 29.9478
-2.24584 18.8496 31.7978
-0.67184 17.5326 35.0128
2.82316 17.7146 33.5988
1.75116 21.2726 32.7218
1.10616 22.0056 36.4148
4.75516 20.9456 36.7188
6.11816 23.1416 33.9088

6.54116 26.2226 36.1458
8.88116 27.6566 33.4938
6.43016 27.1246 30.6038
9.50916 25.6646 28.8528
8.14816 22.1086 28.2878
10.9062 20.5416 30.4368
11.1662 19.6156 34.1528
13.7142 17.7236 36.2948
13.2212 13.9106 36.2568

12.2552 14.2696 39.9308
9.39116 16.6496 39.1858
8.50916 14.1566 36.4208
8.45816 11.0556 38.6028
6.53016 13.2156 41.0758
3.93116 14.2306 38.4438
3.29916 10.5006 38.0018
3.03616 9.76061 41.7728
1.01216 12.8246 42.8958
-1.52584 11.9986 40.1748

-2.49984 8.97261 42.2608
-1.77484 6.44161 39.4928
-1.36984 2.75061 40.5128
2.21316 3.07561 39.3018
4.96616 1.16461 41.1538
8.46816 2.63661 41.6208

9.76716 -0.383388 39.6608
7.63616 0.330612 36.5688
8.90916 3.92861 36.3848
12.4932 2.67161 36.7228
11.8612 0.745612 33.4808
10.3192 3.79961 31.7788
13.4042 5.80161 32.9048
15.8272 3.31561 31.2538
14.5912 3.97761 27.6768
13.8742 7.65361 28.4978

17.5322 8.71561 28.4388
16.9702 10.7916 31.5758
20.6872 11.4406 31.7908
23.0272 12.8576 29.1848
21.3362 16.1846 30.1098
19.4612 16.5206 33.4268
15.9212 17.5816 32.4098

13.4292 15.6886 30.1908
10.1262 16.5716 28.5018
6.99416 14.5796 29.4488

5.26716 13.9806 26.0318

7.43316 10.8366 25.7848
6.69716 9.77061 29.3828
2.98416 10.5796 28.8718
2.54216 8.07761 26.0188
4.40316 5.50261 28.1478
2.03816 5.80461 31.1398
-0.90884 5.36061 28.7548

0.26416 2.25361 26.8988
3.61016 1.49961 25.2778

End chain 1
