14.376 13.393 -9.434
11.305 12.496 -7.337
11.151 9.258 -9.32

11.004 6.006 -7.338
14.52 4.519 -7.198
14.967 0.776 -7.832

15.638 0.429 -4.087
12.514 2.285 -2.905
10.556 -0.102 -5.156
12.221 -3.075 -3.436
11.74 -1.711 0.112
7.991 -1.522 -0.555
8.139 -4.957 -2.2
9.527 -6.582 0.974
6.846 -4.901 3.105
4.21 -5.895 0.525
5.202 -9.589 0.585
5.112 -9.741 4.412
1.285 -9.811 3.999

1.11381 -12.8001 1.79667
-1.95352 -13.9526 -0.0703174
-4.31425 -16.6988 0.902195
-6.75949 -19.5885 0.816711
-9.77856 -18.1849 2.70265
-10.5081 -14.6703 3.88532
-10.0233 -13.3707 0.34554

-10.267 -9.621 0.205683
-10.6533 -5.92007 0.270155
-10.8737 -2.14646 0.536911

-10.9147 -3.22146 4.20691
-7.11773 -3.68346 3.97191
-6.57573 -0.330457 2.22391
-6.04973 1.74154 5.39791
-3.87873 -1.11446 6.71791
-1.47873 -0.978457 3.74791
-1.32473 2.82854 3.91091
-0.609729 2.58154 7.65491
2.27927 0.214543 6.86491
3.95127 3.04554 4.91091

3.33608 5.79781 7.59428
2.04971 9.45903 7.47407
4.80098 12.1545 7.21765
4.739 14.6243 10.0261
3.40302 11.582 12.0285
5.76562 9.56627 14.1765

7.18689 7.36972 16.933
3.7996 7.15687 18.6429
2.11056 6.16087 15.3875
4.68436 3.43283 14.7741
4.19012 2.04451 18.2771
0.418901 1.95772 17.8153
0.768737 0.112988 14.5111
3.07131 -2.46839 16.0852
0.625343 -3.05511 18.934
-2.24748 -3.54614 16.495
-0.234607 -6.06258 14.4804
0.635179 -8.02387 17.6172

-2.60117 -7.12997 19.3515
-4.66143 -8.35753 16.5206
-4.40417 -11.7827 14.8553
-4.28431 -11.8128 18.6093
-7.06884 -10.1175 20.502

-9.704 -7.29285 20.2602
-11.5095 -4.14299 19.4822
-15.2239 -4.59862 20.4891

-15.4209 -2.28562 17.4041
-18.3699 -0.401618 18.9431
-16.4139 -0.452618 22.2171
-13.5829 1.38338 20.4281
-16.1989 3.97138 19.4071
-17.1049 4.54538 23.0771
-13.5389 5.31638 24.2341
-12.9959 7.52738 21.1681
-16.0539 9.61238 22.1241
-14.4719 10.2744 25.5281
-10.7909 10.6344 24.4641

-11.0019 12.4954 21.1281
-10.9059 16.2934 21.0931
-10.0479 15.8764 24.8031
-7.17893 13.3514 24.6761
-5.49893 12.6164 27.9981

-2.39393 14.1194 26.4811
-3.97293 17.5774 26.9251
-4.17493 16.8504 30.6691
-0.512933 15.8914 31.1391
0.782067 18.6194 28.7931
-1.26793 21.2564 30.6431
0.306067 19.9394 33.8581
3.80107 20.1214 32.4441
2.72907 23.6794 31.5671
2.08407 24.4124 35.2601
5.73307 23.3524 35.5641
7.09607 25.5484 32.7541

6.199 28.5374 35.0574
9.75299 29.224 35.8666
12.7389 30.7301 37.8107
10.2664 29.2146 40.125
7.90344 26.3026 39.4565
11.1063 24.4939 38.7124
14.7036 23.3177 39.3635
13.3166 23.3693 42.954
9.69832 23.1408 43.8064

10.3239 20.7293 40.9365
9.09582 17.7908 43.0101
5.92165 19.6568 43.9513
5.22643 20.5059 40.3128
5.68076 16.8773 39.2784
3.28675 15.7044 41.9869
0.658471 18.2201 40.8886
0.953806 17.0949 37.2707
0.543952 13.451 38.2692
-2.56292 14.2574 40.3039

-3.53692 11.2314 42.3899
-2.81192 8.70036 39.6219
-2.40692 5.00936 40.6419
1.17608 5.33436 39.4309
3.92908 3.42336 41.2829
7.43108 4.89536 41.7499

8.73008 1.87536 39.7899
6.59908 2.58936 36.6979
7.87208 6.18736 36.5139
11.4561 4.93036 36.8519
10.8241 3.00436 33.6099
9.28208 6.05836 31.9079
12.3671 8.06036 33.0339
14.7901 5.57436 31.3829
13.5541 6.23636 27.8059
12.8371 9.91236 28.6269

16.4951 10.9744 28.5679
15.9331 13.0504 31.7049
19.6501 13.6994 31.9199
21.9901 15.1164 29.3139
20.2991 18.4434 30.2389
18.4241 18.7794 33.5559
14.8841 19.8404 32.5389

12.3921 17.9474 30.3199
9.08908 18.8304 28.6309
5.95708 16.8384 29.5779

4.23008 16.2394 26.1609

6.39608 13.0954 25.9139
5.66008 12.0294 29.5119
1.94708 12.8384 29.0009
1.50508 10.3364 26.1479
3.36608 7.76136 28.2769
1.00108 8.06336 31.2689
-1.94592 7.61936 28.8839

-0.772917 4.51236 27.0279
2.57308 3.75836 25.4069

End chain 1
