14.376 13.393 -9.434
11.305 12.496 -7.337
11.151 9.258 -9.32

11.004 6.006 -7.338
14.52 4.519 -7.198
14.967 0.776 -7.832

15.638 0.429 -4.087
12.514 2.285 -2.905
10.556 -0.102 -5.156
12.221 -3.075 -3.436
11.74 -1.711 0.112
7.991 -1.522 -0.555
8.139 -4.957 -2.2
9.527 -6.582 0.974
6.846 -4.901 3.105
4.21 -5.895 0.525
5.202 -9.589 0.585
5.112 -9.741 4.412
1.285 -9.811 3.999

1.012 -11.657 0.647
-0.051 -15.058 2.058
-1.977 -15.785 -1.16
1.187 -16.059 -3.293
-0.922 -13.94 -5.681
1.285 -10.852 -5.276
-1.689 -9.009 -3.672

-2.915 -8.068 -0.165
-6.302 -7.233 1.393
-7.428 -3.732 2.358

-7.469 -4.807 6.028
-3.672 -5.269 5.793
-3.13 -1.916 4.045
-2.604 0.156 7.219
-0.433 -2.7 8.539
1.967 -2.564 5.569
2.121 1.243 5.732
2.836 0.996 9.476
5.725 -1.371 8.686
7.397 1.46 6.732

6.78181 4.21227 9.41537
5.49543 7.87348 9.29516
8.24671 10.5689 9.03874
8.18473 13.0388 11.8472
6.84875 9.9965 13.8496
9.21135 7.98072 15.9976

10.6326 5.78418 18.7541
7.24533 5.57133 20.464
5.55628 4.57532 17.2085
8.13009 1.84729 16.5952
7.63585 0.458964 20.0982
3.86463 0.372177 19.6364
4.21447 -1.47256 16.3322
6.51704 -4.05393 17.9063
4.07107 -4.64065 20.7551
1.19824 -5.13168 18.3161
3.21112 -7.64812 16.3015
4.08091 -9.60941 19.4383

0.275456 -9.91261 20.0291
-2.97288 -7.82961 20.3528
-2.79185 -5.52408 23.262
-3.72116 -6.26968 26.9196
-6.78556 -5.4212 29.0985

-6.5876 -1.87881 27.6463
-6.48374 1.55454 26.0722
-5.13565 3.91585 23.3507

-5.33265 6.22885 20.2657
-8.28165 8.11285 21.8047
-6.32565 8.06185 25.0787
-3.49465 9.89785 23.2897
-6.11065 12.4859 22.2687
-7.01665 13.0599 25.9387
-3.45065 13.8309 27.0957
-2.90765 16.0419 24.0297
-5.96565 18.1269 24.9857
-4.38365 18.7889 28.3897
-0.70265 19.1489 27.3257

-0.91365 21.0099 23.9897
-0.81765 24.8079 23.9547
0.04035 24.3909 27.6647
2.90935 21.8659 27.5377
4.58935 21.1309 30.8597

7.69435 22.6339 29.3427
6.11535 26.0919 29.7867
5.91335 25.3649 33.5307
9.57535 24.4059 34.0007
10.8703 27.1339 31.6547
8.82035 29.7709 33.5047
10.3943 28.4539 36.7197
13.8893 28.6359 35.3057
12.8173 32.1939 34.4287
12.1723 32.9269 38.1217
15.8213 31.8669 38.4257
17.1843 34.0629 35.6157

17.6073 37.1439 37.8527
19.9473 38.5779 35.2007
17.4963 38.0459 32.3107
20.5753 36.5859 30.5597
19.2143 33.0299 29.9947
21.9723 31.4629 32.1437
22.2323 30.5369 35.8597
24.7803 28.6449 38.0017
24.2873 24.8319 37.9637

23.3213 25.1909 41.6377
20.4573 27.5709 40.8927
19.5753 25.0779 38.1277
19.5243 21.9769 40.3097
17.5963 24.1369 42.7827
14.9973 25.1519 40.1507
14.3653 21.4219 39.7087
14.1023 20.6819 43.4797
12.0783 23.7459 44.6027
9.54035 22.9199 41.8817

8.56635 19.8939 43.9677
9.29135 17.3629 41.1997
9.69635 13.6719 42.2197
13.2793 13.9969 41.0087
16.0323 12.0859 42.8607
19.5343 13.5579 43.3277

20.8333 10.5379 41.3677
18.7023 11.2519 38.2757
19.9753 14.8499 38.0917
23.5593 13.5929 38.4297
22.9273 11.6669 35.1877
21.3853 14.7209 33.4857
24.4703 16.7229 34.6117
26.8933 14.2369 32.9607
25.6573 14.8989 29.3837
24.9403 18.5749 30.2047

28.5983 19.6369 30.1457
28.0363 21.7129 33.2827
31.7533 22.3619 33.4977
34.0933 23.7789 30.8917
32.4023 27.1059 31.8167
30.5273 27.4419 35.1337
26.9873 28.5029 34.1167

24.4953 26.6099 31.8977
21.1923 27.4929 30.2087
18.0603 25.5009 31.1557

16.3333 24.9019 27.7387

18.4993 21.7579 27.4917
17.7633 20.6919 31.0897
14.0503 21.5009 30.5787
13.6083 18.9989 27.7257
15.4693 16.4239 29.8547
13.1043 16.7259 32.8467
10.1573 16.2819 30.4617

11.3303 13.1749 28.6057
14.6763 12.4209 26.9847

End chain 1
