-43.252 6.341 3.591
-43.047 9.883 2.346
-39.755 10.994 0.884

-38.387 14.218 -0.528
-35.306 13.786 -2.653
-33.447 16.92 -3.602
-31.02 17.647 -6.403
-27.307 17.342 -5.697
-24.88 20.058 -4.814
-24.186 22.92 -7.179
-21.312 25.246 -7.887
-22.521 28.428 -9.515
-21.038 31.624 -10.863

-21.962 34.955 -9.525
-24.777 36.409 -11.57
-25.746 32.912 -12.635

-29.126 31.306 -12.047
-29.728 27.791 -10.717
-32.773 25.624 -10.26
-33.171 22.945 -7.612
-35.538 20.021 -7.674
-37.403 18.132 -4.992
-39.065 15.022 -6.249
-41.583 13.657 -3.833

-43.011 10.204 -3.302
-45.331 8.429 -0.901
-48.218 10.89 -0.933
-50.542 12.786 -3.251
-48.525 15.811 -4.293

-51.572 18.012 -4.877
-52.808 17.531 -1.312
-49.956 19.268 0.499

-48.193 22.635 0.39
-44.448 22.744 -0.162
-42.183 25.313 1.519
-38.51 26.14 1.008
-36.012 27.052 3.744
-32.458 28.427 3.587
-29.633 27.963 6.037
-26.25 29.582 5.713

-23.186 27.954 7.189
-23.276 28.1 10.955
-26.594 29.911 10.773
-30.297 29.633 11.481
-33.18 28.791 9.201

-34.832 31.424 7.024
-38.195 30.715 5.413
-38.125 31.541 1.702

-41.676 30.708 0.589
-44.36 28.13 -0.167
-46.45 26.926 -3.095
-49.777 25.187 -3.323
-49.462 22.445 -5.855
-53.078 22.265 -6.864
-53.183 25.814 -8.216
-49.513 26.821 -8.407
-50.217 29.779 -6.129

-47.237 30.961 -4.176
-46.3 33.017 -1.136
-42.871 34.539 -0.7
-40.84 35.936 2.133
-40.289 39.598 1.332

-36.526 39.301 1.548
-36.544 36.527 -1.091
-38.963 38.031 -3.596
-36.229 39.215 -5.943
-34.086 36.084 -5.466
-36.198 32.974 -5.764

-39.077 31.608 -7.731
-40.797 28.366 -6.889
-42.711 26.124 -9.271

-44.235 22.656 -9.497
-44.642 19.897 -12.086
-47.632 17.706 -11.278

-46.698 14.834 -13.559
-43.211 14.448 -12.089
-44.641 15.242 -8.679

-41.634 17.496 -8.34
-41.396 21.057 -7.021
-38.591 23.381 -8.051
-37.004 26.599 -6.908
-34.75 28.696 -9.038

-32.514 31.374 -7.658
-31.4 34.316 -9.749

-28.534 36.826 -9.56
-26.506 34.691 -7.184
-24.011 36.17 -4.741
-22.002 34.941 -1.743

-24.984 35.612 0.479
-26.628 32.92 -1.612
-24.106 30.271 -0.6

-26.151 28.056 1.658

-28.077 24.827 2.011
-31.653 24.869 0.762
-34.356 22.568 2.046
-37.709 21.716 0.572
-40.352 20.73 3.062
-43.919 19.384 3.389
-46.61 21.243 5.283

-49.226 19.173 7.071
-52.393 19.94 8.934
-52.609 17.983 12.098
-56.361 18.129 11.899

-56.89 18.816 15.528
-54.376 21.535 15.004
-52.354 23.912 12.93
-49.621 23.877 10.315
-46.125 22.456 10.636
-43.32 21.241 8.431
-43.623 17.446 8.852
-41.048 16.206 6.395

-37.796 17.705 5.24
-35.46 17.073 2.357
-31.758 16.251 2.677
-31.007 19.744 1.669
-28.973 20.922 -1.276
-25.729 22.784 -0.784
-25.215 25.658 -3.163
-21.891 27.435 -3.319
-21.529 30.647 -5.27

-17.996 31.292 -6.403
-15.738 32.238 -9.3
-13.257 29.413 -8.716
-13.479 26.244 -10.77
-14.395 22.756 -9.662

-11.562 20.517 -8.552
-11.883 16.8 -7.785
-10.475 15.319 -4.668
-7.278 13.355 -4.497
-7.748 10.319 -2.309

-4.82 8.891 -0.385
-4.725 5.939 1.901
-4.107 6.378 5.598
-2.43 3.226 6.764
-0.419 2.431 9.781
3.311 2.806 9.531
3.022 0.234 12.335
2.574 -2.019 9.201
0.249 -4.882 10.284
-2.071 -6.014 13.009
0.303 -5.109 15.725
-1.659 -2.782 17.957
-4.649 -3.675 20.072
-7.082 -1.936 17.785
-6.096 -0.856 14.338
-7.219 2.187 12.435
-6.975 3.158 8.789
-8.681 5.694 6.588

-8.645 7.879 3.522
-7.38 11.413 3.16
-9.511 13.386 0.737
-7.349 16.285 -0.351

-7.724 19.495 -2.34
-11.277 19.591 -3.618
-13.742 22.42 -4.177
-16.479 23.086 -3.51
-17.868 20.97 -0.753
-19.394 18.579 -0.176
-17.895 15.116 -0.571
-19.517 11.888 0.599
-17.531 9.011 1.951
-18.606 5.433 2.53
-16.686 2.297 3.308
-17.216 -1.028 1.573

-20.136 0.476 -0.301
-22.065 1.237 2.869
-21.409 -2.165 4.398

-18.987 -0.787 6.989

-20.723 1.86 9.117
-19.397 1.218 12.621
-16.13 2.621 13.898
-16.161 5.16 11.087

-15.483 8.85 11.536
-15.612 11.228 8.61
-14.14 14.511 9.805
-15.543 17.827 8.765
-13.612 19.556 6.01
-11.195 22.35 6.786
-10.563 25.147 4.339
-6.862 25.211 3.508
-4.985 28.486 3.112

-5.136 27.368 -0.44
-8.473 27.687 -2.056
-9.155 24.016 -1.429
-10.895 21.835 1.176
-9.38 18.731 2.799
-10.89 16.014 4.931

-10.026 12.603 6.345
-12.264 9.589 6.932
-11.213 6.875 9.328
-12.261 3.449 10.587
-11.117 1.641 13.681

-11.357 -2.061 14.193
-10.155 -4.556 16.703
-7.174 -6.436 15.417

-8.822 -9.793 15.832
-12.006 -8.794 14.147
-11.274 -7.797 10.662

-8.054 -8.912 9.111
-10.615 -11.173 7.612
-12.103 -8.216 5.747

-10.816 -5.602 3.296

-11.246 -1.843 3.587

-12.19 0.369 0.685
-13.376 3.971 0.932
-15.847 5.259 -1.63
-15.554 8.967 -2.317
-18.107 10.848 -4.372
-17.687 14.463 -5.391
-20.789 15.311 -7.404

-19.676 18.707 -8.562
-16.674 17.148 -10.308
-18.62 14.037 -11.248

-15.697 12.363 -9.529
-16.081 8.993 -7.871
-13.177 6.986 -6.549
-12.812 3.74 -4.647
-9.547 3.548 -2.763
-8.708 0.251 -1.154
-6.375 0.632 1.764
-3.635 -1.967 1.74
-3.383 -3.562 5.142
0.04 -5.017 4.563

0.363 -8.012 6.656
2.355 -10.92 5.617
5.506 -11.584 7.642
6.57 -9.983 10.855
10.319 -9.685 11.578
11.908 -12.914 12.62
14.388 -11.644 15.205

13.348 -11.834 18.86
15.289 -10.575 21.835
15.335 -12.796 24.882
16.252 -12.726 28.529

17.607 -15.968 29.958
14.71 -18.342 29.625
14.293 -21.996 30.463
15.134 -24.612 27.898
16.605 -28.034 27.548
19.761 -27.327 29.476
20.47 -25.822 32.853

End chain 1
-41.775 40.567 11.041
-41.847 38.45 14.17
-38.469 37.837 15.74

-37.714 34.604 17.567
-34.899 34.642 20.069
-33.203 31.73 21.65
-30.746 33.523 23.858

-28.743 30.487 24.853
-27.18 29.185 21.671
-25.076 26.595 23.447
-26.259 24.399 26.259
-24.563 21.465 27.971
-26.262 18.757 30.021
-25.518 15.395 31.6
-27.262 12.227 30.546
-30.451 11.573 32.493
-30.741 15.245 33.336

-33.721 17.461 32.532
-32.974 20.08 29.929
-34.992 23.093 28.928
-34.569 25.215 25.832
-36.384 28.516 25.739
-37.628 30.666 22.889
-39.339 34.055 23.036
-41.124 36.043 20.353
-41.178 39.796 19.843

-44.977 39.692 19.801
-47.553 37.172 21.031
-47.774 34.102 18.762
-50.841 32.476 20.357
-49.188 29.074 20.742
-48.525 28.819 17.036
-45.019 27.583 17.662

-43.237 24.453 16.476
-39.94 22.863 17.454
-37.489 21.106 15.148
-34.35 19.128 15.842
-31.534 19.1 13.349
-28.838 16.483 13.637

-25.252 17.009 12.757
-25.904 15.369 9.37
-28.199 18.248 8.612
-31.298 16.084 8.781

-34.298 17.89 10.258
-37.127 16.371 12.238
-40.339 17.95 13.528

-40.515 17.314 17.307
-43.493 19.324 18.511
-46.233 21.395 16.923
-48.791 23.851 18.304
-46.575 24.301 21.363
-47.357 21.02 23.017
-48.419 18.281 20.651

-45.872 15.536 20.194
-45.292 14.524 16.626
-45.735 10.842 15.986

-42.55 8.869 16.381
-41.033 11.125 19.022
-40.191 9.973 22.47
-42.32 11.154 25.38

-39.25 12.617 27.017
-39.904 15.587 24.756
-42.516 18.071 25.89

-43.389 21.636 24.881
-44.824 24.42 27.017
-45.64 28.131 27.197
-47.974 30.737 25.745
-47.84 34.325 24.605
-44.227 35.27 23.895
-42.369 32.568 25.799
-42.066 28.891 24.925

-39.836 26.045 26.081
-38.855 22.597 24.825
-38.063 20.201 27.662
-36.269 16.885 27.657
-37.22 14.943 30.755

-34.221 12.65 30.614
-31.338 13.3 28.227
-30.193 10.499 26.034
-27.229 10.343 23.759

-29.269 10.374 20.54
-30.555 13.779 21.645
-27.396 15.596 20.6

-28.608 18.195 18.125
-29.517 21.823 17.505
-33.1 22.715 18.355
-35.051 25.456 16.608
-38.372 27.139 17.365
-40.61 28.401 14.558
-43.645 30.678 14.701
-46.555 30.251 12.27

-48.598 33.157 13.657
-47.7 35.57 10.873
-45.895 35.355 7.586
-43.155 35.224 6.971

-42.602 32.179 9.113
-39.568 32.878 11.291
-37.185 30.655 13.281
-35.059 31.038 16.405
-31.25 31.176 16.388
-30.945 27.548 17.456
-29.64 25.87 20.594
-26.799 23.38 20.26
-26.955 20.734 22.929
-23.551 19.528 24.138
-23.739 16.451 26.263
-21.659 15.667 29.311

-20.596 12.164 30.196
-17.789 10.33 31.959
-14.226 11.031 30.941

-12.69 8.785 28.327
-9.138 8.991 27.001
-8.485 8.811 23.319
-6.77 5.94 21.604
-4.181 7.559 19.374

-2.991 6.686 15.871
-0.396 8.282 13.568
-0.284 7.849 9.779
2.585 8.678 7.464
2.079 10.158 4.049

1.345 7.833 1.124
3.807 7.562 -1.715

0.876 8.536 -3.867
0.817 11.928 -2.164
4.585 12.316 -2.028
4.957 11.914 -5.765
3.074 15.21 -6.119

5.306 17.188 -3.776
3.342 17.474 -0.547
3.397 15.312 2.57

0.502 15.143 5
0.98 13.381 8.305
-2.127 12.661 10.287
-2.669 11.865 13.937
-6.014 10.545 15.113
-7.622 10.799 18.547
-10.452 8.317 18.764

-13.575 8.351 20.947
-12.669 10.619 23.843
-14.469 12.972 26.225
-14.141 15.807 27.058
-13.45 17.702 23.851
-10.476 19.63 25.195
-7.235 17.973 24.172

-3.711 19.068 23.367
-1.982 17.642 20.378
1.621 18.618 19.832
3.726 17.566 16.874
7.406 16.905 17.245
9.764 16.26 14.376

13.074 14.779 15.333
12.012 15.927 18.794
11.567 19.522 17.721

8.275 21.089 18.677
6.378 22.362 15.659
4.07 25.323 15.235

1.882 26.771 12.504
2.208 23.783 10.212
-0.879 21.85 11.237

-4.669 22.061 11.253
-7.195 20.195 13.384
-10.792 19.042 12.863
-13.178 17.413 15.294
-16.331 15.41 14.717
-19.664 16.201 16.252
-20.394 14.329 19.43
-21.348 10.748 18.643
-24.96 9.754 19.044

-24.34 6.562 20.981
-21.175 7.19 23.046
-21.318 10.987 23.207

-17.606 11.017 22.48
-15.547 13.089 20.084
-12.872 12.194 17.588
-10.247 14.617 16.352
-7.771 14.649 13.486
-4.613 16.723 13.331
-2.842 17 10

0.716 18.234 9.742
1.511 19.402 6.242

5.103 19.589 4.994
6.699 19.876 1.6
8.027 16.595 0.304

11.548 17.922 0.592
11.042 18.885 4.21
9.454 15.546 5.007
12.549 13.716 3.724
14.867 15.827 5.868
13.802 14.255 9.148

13.486 10.767 10.663
10.915 10.821 13.4
7.425 12.192 13.38
5.409 12.037 16.554

2.19 13.373 18.025
1.872 13.812 21.761
-1.588 13.863 23.223

-2.494 15.358 26.564
-5.993 14.765 27.874
-7.779 14.637 31.218

-8.349 10.922 30.781
-4.707 10.156 30.394
-2.433 10.408 33.391

0.623 11.343 31.343
0.828 12.256 27.72
0.928 9.533 25.096
3.111 9.831 22.048
2.793 7.911 18.81
5.573 8.119 16.285

7.176 6.449 13.312
10.56 6.694 11.661
10.698 7.058 7.941

13.134 4.811 6.146
14.854 1.736 7.405
18.472 1.223 8.45

End chain 2
13.125 12.559 -39.197
10.852 10.44 -41.307
8.065 8.929 -39.293

4.897 6.937 -39.874
2.319 7.095 -37.111
-0.405 4.519 -37.337
-3.79 4.473 -35.65
-4.215 2.632 -32.362
-5.471 -0.847 -31.776
-8.966 -1.879 -32.757
-11.655 -4.298 -31.65
-13.813 -5.288 -34.55
-16.909 -7.404 -34.992

-17.011 -10.109 -37.523
-18.473 -8.779 -40.738
-17.476 -5.282 -39.7

-15.198 -2.985 -41.67
-12.278 -0.953 -40.295
-10.072 1.902 -41.528
-6.461 2.221 -40.451
-4.503 5.444 -40.799
-0.823 6.112 -41.443
-0.007 9.768 -40.964
3.427 10.521 -42.351

5.85 13.345 -41.715
9.403 14.318 -42.557
9.205 13.804 -46.311
7.202 14.75 -49.389
4.286 12.336 -49.368

3.845 12.369 -53.145
7.459 11.329 -53.764
7.255 7.839 -52.26

5.079 4.744 -52.659
3.433 3.277 -49.582
2.876 -0.446 -49.023
0.979 -2.382 -46.374
2.042 -5.651 -44.723
0.189 -8.115 -42.499
1.598 -10.173 -39.639
-0.475 -12.813 -37.872

0.478 -13.849 -34.374
3.652 -15.88 -34.387
3.674 -15.567 -38.134
5.59 -14.194 -41.113
4.943 -11.083 -43.142

2.474 -11.054 -46.02
2.495 -8.187 -48.509
-0.978 -6.64 -48.912
-0.388 -4.028 -51.612
0.951 -0.591 -52.517
-0.307 2.844 -53.518
1.336 5.626 -55.471
0.365 8.84 -53.81

0.779 11.105 -56.783
-1.897 9.364 -58.843
-3.701 7.163 -56.312
-2.909 4.095 -58.41

-2.738 0.841 -56.517
-1.395 -2.688 -56.761
-2.777 -5.497 -54.649
-1.732 -8.955 -53.628
-4.222 -11.316 -55.215

-5.137 -12.895 -51.904
-6.066 -9.482 -50.453
-8.067 -8.072 -53.357
-11.433 -8.827 -51.801
-10.34 -7.849 -48.282
-8.459 -4.563 -48.363

-8.654 -1.191 -50.014
-5.873 1.358 -49.904
-6.311 5.116 -50.202

-4.463 8.389 -49.664
-5.253 11.954 -48.595
-2.612 14.366 -49.856

-3.648 17.235 -47.615
-3.246 15.327 -44.365
-0.392 13.398 -45.979

-2.005 10.263 -44.635
-2.574 6.905 -46.321
-5.375 4.585 -45.257
-6.306 0.947 -45.58
-9.814 -0.383 -45.106

-10.466 -3.988 -44.378
-13.892 -5.406 -45.112

-15.789 -8.539 -44.066
-13.466 -9.216 -41.158
-12.944 -12.697 -39.739
-10.496 -14.371 -37.364

-7.958 -14.756 -40.135
-7.996 -10.964 -40.116
-6.773 -10.746 -36.544

-3.243 -9.514 -37.012
-0.899 -6.557 -36.875
-0.841 -4.339 -39.944
2.161 -2.288 -40.969
2.374 0.698 -43.252
5.744 1.168 -44.962
7.538 3.484 -47.365
9.401 2.381 -50.47
12.566 4.14 -51.443
14.825 3.939 -54.417
18.415 3.68 -53.414

19.706 4.898 -56.687
19.932 2.224 -59.31
16.671 0.319 -59.658
16.612 -1.181 -56.196
13.386 -0.928 -54.192
12.968 -1.633 -50.472
10.819 -0.684 -47.484
13.069 1.851 -45.732
10.722 2.932 -42.978

8.049 1.033 -41.131
5.185 2.03 -38.905
4.806 0.802 -35.346
1.991 -1.406 -36.575
-1.657 -1.616 -35.639
-3.057 -4.627 -33.844
-6.48 -5.546 -35.043
-8.455 -8.185 -33.249
-11.626 -9.606 -34.72

-13.966 -10.964 -32.105
-17.533 -11.097 -30.829
-16.543 -10.547 -27.197
-16.774 -7.086 -25.694
-13.978 -4.843 -24.552

-13.009 -5.076 -20.921
-10.595 -2.747 -19.137
-7.776 -4.021 -17.057
-7.737 -4.096 -13.303
-4.404 -2.907 -11.997
-3.088 -4.25 -8.715
0.117 -3.436 -6.951
2.849 -6.006 -6.513

4.749 -5.157 -3.387
6.899 -7.235 -1.152
5.365 -7.87 2.189

8.375 -6.312 3.992
9.098 -5.797 7.761
12.055 -8.082 8.182

15.643 -8.079 7.086
15.298 -5.628 4.19
16.46 -7.567 1.216

19.311 -5.983 -0.722

17.513 -5.621 -4.056
13.95 -4.493 -4.079
11.399 -5.307 -6.715
7.829 -4.134 -7.142
5.394 -4.036 -10.006

1.842 -3.909 -11.253
-0.422 -6.81 -12.12
-2.67 -5.948 -15.033
-5.511 -8.408 -14.846

-8.459 -9.476 -16.996
-8.533 -7.225 -20.028
-9.457 -7.846 -23.654
-8.271 -7.509 -26.254
-4.578 -6.848 -26.338
-2.63 -4.74 -26.225
-1.897 -2.77 -23.067
0.998 -0.351 -22.663
2.788 0.06 -19.393
5.181 2.785 -18.351
6.638 3.726 -15.008
6.828 7.257 -13.655

5.487 8.491 -16.982
8.429 7.127 -18.931
10.97 8.446 -16.459

11.906 4.991 -15.193
12.986 2.675 -18.003
15.8 0.712 -16.39
15.218 -2.418 -14.37
11.729 -2.816 -15.77

10.28 -5.912 -17.326
6.809 -5.951 -18.779
5.894 -9.585 -19.336
3.998 -10.761 -22.336
0.332 -11.444 -21.727
-0.99 -14.921 -21.18
-4.474 -15.906 -22.259
-6.422 -16.988 -19.207
-9.017 -19.757 -19.262

-11.482 -16.928 -18.768
-10.649 -15.736 -22.227
-9.185 -12.637 -20.617
-5.54 -11.536 -20.835
-3.316 -10.815 -17.844
0.253 -9.482 -17.492

2.598 -8.239 -14.852
5.089 -5.366 -15.106
7.976 -5.234 -12.697
10.835 -2.962 -11.651
13.961 -3.773 -9.653

16.043 -1.289 -7.707
18.872 -1.604 -5.3
17.791 -1.488 -1.689

19.201 1.827 -0.718
18.577 3.513 -3.987
15.127 4.184 -5.238
14.281 4.742 -1.578
14.485 8.29 -2.693
11.898 7.984 -5.423

8.316 6.713 -5.761
6.984 4.085 -8.146
3.891 4.465 -10.297

2.78 2.19 -13.113
0.945 3.899 -15.969
-1.315 1.536 -17.832
-3.25 2.446 -20.931
-5.764 0.211 -22.667
-6.852 2.168 -25.719

-9.625 -0.132 -26.793
-11.266 0.492 -23.419
-10.268 4.138 -23.339

-8.941 3.119 -19.977
-5.865 4.612 -18.45
-4.801 4.221 -14.859
-1.841 5.264 -12.762
-1.24 3.022 -9.821
1.309 4.004 -7.213
2.939 1.124 -5.415
3.22 1.918 -1.738
6.636 0.894 -0.54
5.904 1.042 3.172

8.91036 -0.397352 5.13216
11.9069 -2.01757 6.74208
14.7116 -4.14588 8.34608

15.9856 -2.04726 11.3003
16.0852 1.44598 12.7131
15.7409 5.11292 13.6119

15.0904 6.10164 17.1938
11.7862 5.30178 19.0839
8.52525 3.70667 20.0523

6.19317 1.11255 21.7582
4.97851 -1.87039 23.9551
4.34761 -4.51214 26.5621

6.29761 -2.27914 28.9651
5.22661 1.30186 29.3011
7.46661 4.28286 29.7951
7.00961 7.42386 31.7771
4.33661 8.84786 29.5291
0.923611 7.64986 28.5301

End chain 3
3.959 -16.653 -56.627
7.556 -16.847 -55.597
8.166 -18.703 -52.355

10.856 -17.734 -49.868
12.008 -20.435 -47.508
13.983 -19.868 -44.374
14.455 -23.454 -43.336

15.909 -22.8 -39.935
13.39 -20.784 -37.968
15.393 -20.788 -34.773
19.111 -20.231 -34.405
21.226 -19.882 -31.307
24.682 -18.333 -31.226
27.243 -17.103 -28.732
28.304 -13.46 -28.469
31.368 -12.859 -30.69
30.588 -15.743 -33.072

29.723 -15.366 -36.74
26.164 -16.258 -37.65
24.562 -16.902 -40.991
20.923 -17.019 -41.864
20.011 -18.326 -45.243
17.008 -18.134 -47.471
16.216 -19.578 -50.857
13.604 -18.719 -53.466
11.513 -21.09 -55.559

12.893 -19.435 -58.692
15.735 -17.038 -59.524
15.386 -13.621 -57.866
18.211 -11.845 -59.7
19.56 -10.446 -56.418
16.393 -8.488 -55.8
16.314 -9.557 -52.189

16.165 -7.483 -49.004
16.674 -8.344 -45.34
14.72 -6.935 -42.409
15.189 -7.221 -38.661
12.218 -7.129 -36.356
12.764 -6.576 -32.656

10.7 -8.145 -29.972
8.712 -4.922 -29.618
7.604 -5.356 -33.21
9.67 -2.576 -34.711

11.031 -3.387 -38.145
14.29 -2.115 -39.596
15.678 -2.651 -43.068

19.234 -3.925 -42.814
20.212 -4.845 -46.367
18.836 -4.204 -49.837
19.734 -5.58 -53.269
21.386 -8.524 -51.533
24.626 -6.73 -50.646
24.032 -3.099 -49.858

24.125 -1.981 -46.258
21.392 0.437 -45.328
22.646 3.61 -43.73

22.861 3.433 -39.97
23.591 -0.285 -39.96
26.736 -1.75 -38.52
29.315 -3.258 -40.875

28.987 -6.47 -38.898
26.003 -7.166 -41.136
26.653 -8.359 -44.673

24.511 -9.986 -47.36
25.528 -12.496 -50.019
24.288 -14.849 -52.723
22.661 -14.868 -56.145
20.054 -16.837 -58.016
17.937 -18.771 -55.529
20.118 -18.691 -52.434
20.887 -15.73 -50.201

22.414 -15.342 -46.746
22.67 -12.622 -44.138
25.777 -12.863 -42.024
26.736 -11.248 -38.738
30.506 -11.123 -38.414

30.381 -10.914 -34.648
27.14 -11.115 -32.67
26.248 -8.325 -30.301
23.488 -8.472 -27.753

21.49 -5.812 -29.627
21.208 -8.361 -32.441
18.484 -10.37 -30.692

15.699 -10.405 -33.272
13.869 -12.262 -36.021
15.314 -11.781 -39.495
13.265 -11.939 -42.682
14.192 -11.894 -46.335
11.964 -10.423 -49.018
12.035 -10.76 -52.794
11.11 -7.829 -55.058

11.624 -9.744 -58.317
7.943 -10.427 -58.912
4.703 -9.257 -57.424
3.385 -10.054 -55.061

6.347 -9.262 -52.884
6.915 -12.289 -50.686
8.825 -12.862 -47.423
10.612 -15.758 -45.744
9.331 -17.535 -42.627
11.734 -15.676 -40.364
14.709 -16.753 -38.281
14.605 -16.004 -34.562
18.06 -15.633 -33.154
18.598 -16.787 -29.577
21.802 -15.613 -27.941
24.116 -17.75 -25.835

25.851 -16.129 -22.926
27.454 -16.973 -19.599
25.232 -18.467 -16.934
23.551 -16.128 -14.503

21.24 -17.149 -11.671
18.047 -15.276 -11.103
17.333 -13.166 -8.094
13.885 -14.185 -6.903
10.997 -12.26 -5.425
7.545 -13.272 -4.194
4.52 -10.984 -3.94
1.31 -11.628 -2.082
-2.032 -10.596 -3.451
-3.22 -7.047 -2.848
-6.334 -6.46 -0.811

-7.7 -4.666 -3.825
-7.721 -7.997 -5.689
-8.895 -9.976 -2.68
-11.922 -7.764 -2.339
-13.144 -9.171 -5.676

-12.743 -12.843 -4.77
-9.535 -13.922 -6.479
-5.981 -14.104 -5.159

-2.988 -13.918 -7.454
0.418 -14.757 -6.004
3.395 -13.748 -8.108
6.899 -15.184 -8.262
9.592 -13.256 -10.128
12.835 -14.581 -11.594
14.999 -11.667 -12.602

17.808 -11.454 -15.172
18.937 -15.053 -15.568
20.497 -17.197 -18.292
19.822 -19.834 -19.534
16.066 -19.794 -20.071
15.443 -23.219 -18.575
14.293 -22.891 -14.99

12.056 -24.828 -12.649
9.62 -22.956 -10.522
7.631 -24.949 -8.014
4.953 -23.531 -5.753
4.477 -24.86 -2.25
1.571 -23.941 -0.013

2.108 -24.956 3.577
4.784 -27.164 2.054
2.359 -28.888 -0.275

3.581 -29.064 -3.835
1.107 -27.448 -6.238
-0.063 -28.498 -9.692

-2.36 -27.007 -12.382
-2.992 -23.714 -10.526
-0.208 -21.522 -11.964

0.815 -20.055 -15.316
4.148 -18.589 -16.347
5.408 -16.026 -18.844
8.928 -15.133 -19.99
10.334 -11.945 -21.45
12.259 -11.871 -24.683
16.003 -11.843 -24.26
17.31 -8.513 -23.021
19.111 -6.459 -25.637

22.025 -5.46 -23.426
22.155 -8.344 -20.928
20.924 -11.187 -23.124

19.155 -12.473 -20.032
15.583 -13.541 -19.444
13.064 -12.71 -16.788
10.173 -14.983 -15.845
6.946 -14.522 -13.935
4.916 -17.328 -12.369
1.436 -16.483 -11.185

-0.356 -18.819 -8.821
-4.033 -18.093 -8.805

-6.436 -19.232 -6.115
-9.873 -18.305 -4.863
-9.866 -15.875 -1.982

-11.277 -18.576 0.209
-8.514 -20.955 -0.727
-5.897 -18.267 -0.17
-7.084 -17.611 3.392
-6.943 -21.314 4.304
-3.15 -21.484 4.143

-0.312 -19.772 6.035
2.804 -20.017 3.905
3.28 -19.463 0.224
6.642 -20.168 -1.304

8.35 -20.535 -4.652
11.345 -22.751 -5.153
13.596 -21.947 -8.038

15.996 -24.436 -9.55
18.453 -23.159 -12.126
21.903 -24.023 -13.437

23.27 -20.864 -11.86
22.177 -21.87 -8.375
23.964 -24.712 -6.694

26.3384 -22.3913 -8.39323
27.619 -18.8968 -8.95386
25.2712 -16.2392 -7.66682
28.4021 -14.3426 -6.5793
32.1786 -15.1262 -7.14329
31.4387 -12.2938 -9.63378

29.3319 -9.43036 -11.0324
26.9272 -6.76583 -12.062
26.568 -4.44648 -15.0708

26.035 -2.08248 -12.1928
26.568 -3.53448 -8.77284
27.29 -0.596484 -6.56784

End chain 4
