-43.252 6.341 3.591
-43.047 9.883 2.346
-39.755 10.994 0.884

-38.387 14.218 -0.528
-35.306 13.786 -2.653
-33.447 16.92 -3.602
-31.02 17.647 -6.403
-27.307 17.342 -5.697
-24.88 20.058 -4.814
-24.186 22.92 -7.179
-21.312 25.246 -7.887
-22.521 28.428 -9.515
-21.038 31.624 -10.863

-21.962 34.955 -9.525
-24.777 36.409 -11.57
-25.746 32.912 -12.635

-29.126 31.306 -12.047
-29.728 27.791 -10.717
-32.773 25.624 -10.26
-33.171 22.945 -7.612
-35.538 20.021 -7.674
-37.403 18.132 -4.992
-39.065 15.022 -6.249
-41.583 13.657 -3.833

-43.011 10.204 -3.302
-45.331 8.429 -0.901
-48.218 10.89 -0.933
-50.542 12.786 -3.251
-48.525 15.811 -4.293

-51.572 18.012 -4.877
-52.808 17.531 -1.312
-49.956 19.268 0.499

-48.193 22.635 0.39
-44.448 22.744 -0.162
-42.183 25.313 1.519
-38.51 26.14 1.008
-36.012 27.052 3.744
-32.458 28.427 3.587
-29.633 27.963 6.037
-26.25 29.582 5.713

-23.186 27.954 7.189
-23.276 28.1 10.955
-26.594 29.911 10.773
-30.297 29.633 11.481
-33.18 28.791 9.201

-34.832 31.424 7.024
-38.195 30.715 5.413
-38.125 31.541 1.702

-41.676 30.708 0.589
-44.36 28.13 -0.167
-46.45 26.926 -3.095
-49.777 25.187 -3.323
-49.462 22.445 -5.855
-53.078 22.265 -6.864
-53.183 25.814 -8.216
-49.513 26.821 -8.407
-50.217 29.779 -6.129

-47.237 30.961 -4.176
-46.3 33.017 -1.136
-42.871 34.539 -0.7
-40.84 35.936 2.133
-40.289 39.598 1.332

-36.526 39.301 1.548
-36.544 36.527 -1.091
-38.963 38.031 -3.596
-36.229 39.215 -5.943
-34.086 36.084 -5.466
-36.198 32.974 -5.764

-39.077 31.608 -7.731
-40.797 28.366 -6.889
-42.711 26.124 -9.271

-44.235 22.656 -9.497
-44.642 19.897 -12.086
-47.632 17.706 -11.278

-46.698 14.834 -13.559
-43.211 14.448 -12.089
-44.641 15.242 -8.679

-41.634 17.496 -8.34
-41.396 21.057 -7.021
-38.591 23.381 -8.051
-37.004 26.599 -6.908
-34.75 28.696 -9.038

-32.514 31.374 -7.658
-31.4 34.316 -9.749

-28.534 36.826 -9.56
-26.506 34.691 -7.184
-24.011 36.17 -4.741
-22.002 34.941 -1.743

-24.984 35.612 0.479
-26.628 32.92 -1.612
-24.106 30.271 -0.6

-26.151 28.056 1.658

-28.077 24.827 2.011
-31.653 24.869 0.762
-34.356 22.568 2.046
-37.709 21.716 0.572
-40.352 20.73 3.062
-43.919 19.384 3.389
-46.61 21.243 5.283

-49.226 19.173 7.071
-52.393 19.94 8.934
-52.609 17.983 12.098
-56.361 18.129 11.899

-56.89 18.816 15.528
-54.376 21.535 15.004
-52.354 23.912 12.93
-49.621 23.877 10.315
-46.125 22.456 10.636
-43.32 21.241 8.431
-43.623 17.446 8.852
-41.048 16.206 6.395

-37.796 17.705 5.24
-35.46 17.073 2.357
-31.758 16.251 2.677
-31.007 19.744 1.669
-28.973 20.922 -1.276
-25.729 22.784 -0.784
-25.215 25.658 -3.163
-21.891 27.435 -3.319
-21.529 30.647 -5.27

-17.996 31.292 -6.403
-15.738 32.238 -9.3
-13.257 29.413 -8.716
-13.479 26.244 -10.77
-14.395 22.756 -9.662

-11.562 20.517 -8.552
-11.883 16.8 -7.785
-10.475 15.319 -4.668
-7.278 13.355 -4.497
-7.748 10.319 -2.309

-4.82 8.891 -0.385
-4.725 5.939 1.901
-4.107 6.378 5.598
-2.43 3.226 6.764
-0.419 2.431 9.781
3.311 2.806 9.531
3.022 0.234 12.335
2.574 -2.019 9.201
0.249 -4.882 10.284
-2.071 -6.014 13.009
0.303 -5.109 15.725
-1.659 -2.782 17.957
-4.649 -3.675 20.072
-7.082 -1.936 17.785
-6.096 -0.856 14.338
-7.219 2.187 12.435
-6.975 3.158 8.789
-8.681 5.694 6.588

-8.645 7.879 3.522
-7.38 11.413 3.16
-9.511 13.386 0.737
-7.349 16.285 -0.351

-7.724 19.495 -2.34
-11.277 19.591 -3.618
-13.742 22.42 -4.177
-16.479 23.086 -3.51
-17.868 20.97 -0.753
-19.394 18.579 -0.176
-17.895 15.116 -0.571
-19.517 11.888 0.599
-17.531 9.011 1.951
-18.606 5.433 2.53
-16.686 2.297 3.308
-17.216 -1.028 1.573

-20.136 0.476 -0.301
-22.065 1.237 2.869
-21.409 -2.165 4.398

-18.987 -0.787 6.989

-20.723 1.86 9.117
-19.397 1.218 12.621
-16.13 2.621 13.898
-16.161 5.16 11.087

-15.483 8.85 11.536
-15.612 11.228 8.61
-14.14 14.511 9.805
-15.543 17.827 8.765
-13.612 19.556 6.01
-11.195 22.35 6.786
-10.563 25.147 4.339
-6.862 25.211 3.508
-4.985 28.486 3.112

-5.136 27.368 -0.44
-8.473 27.687 -2.056
-9.155 24.016 -1.429
-10.895 21.835 1.176
-9.38 18.731 2.799
-10.89 16.014 4.931

-10.026 12.603 6.345
-12.264 9.589 6.932
-11.213 6.875 9.328
-12.261 3.449 10.587
-11.117 1.641 13.681

-11.357 -2.061 14.193
-10.155 -4.556 16.703
-7.174 -6.436 15.417

-8.822 -9.793 15.832
-12.006 -8.794 14.147
-11.274 -7.797 10.662

-8.054 -8.912 9.111
-10.615 -11.173 7.612
-12.103 -8.216 5.747

-10.816 -5.602 3.296

-11.246 -1.843 3.587

-12.19 0.369 0.685
-13.376 3.971 0.932
-15.847 5.259 -1.63
-15.554 8.967 -2.317
-18.107 10.848 -4.372
-17.687 14.463 -5.391
-20.789 15.311 -7.404

-19.676 18.707 -8.562
-16.674 17.148 -10.308
-18.62 14.037 -11.248

-15.697 12.363 -9.529
-16.081 8.993 -7.871
-13.177 6.986 -6.549
-12.812 3.74 -4.647
-9.547 3.548 -2.763
-8.708 0.251 -1.154
-6.375 0.632 1.764
-3.635 -1.967 1.74
-3.383 -3.562 5.142
0.04 -5.017 4.563

0.363 -8.012 6.656
2.355 -10.92 5.617
5.506 -11.584 7.642
6.57 -9.983 10.855
10.319 -9.685 11.578
11.908 -12.914 12.62
14.388 -11.644 15.205

13.348 -11.834 18.86
15.289 -10.575 21.835
15.335 -12.796 24.882
16.252 -12.726 28.529

17.607 -15.968 29.958
14.71 -18.342 29.625
14.293 -21.996 30.463
15.134 -24.612 27.898
16.605 -28.034 27.548
19.761 -27.327 29.476
20.47 -25.822 32.853

End chain 1
-41.775 40.567 11.041
-41.847 38.45 14.17
-38.469 37.837 15.74

-37.714 34.604 17.567
-34.899 34.642 20.069
-33.203 31.73 21.65
-30.746 33.523 23.858

-28.743 30.487 24.853
-27.18 29.185 21.671
-25.076 26.595 23.447
-26.259 24.399 26.259
-24.563 21.465 27.971
-26.262 18.757 30.021
-25.518 15.395 31.6
-27.262 12.227 30.546
-30.451 11.573 32.493
-30.741 15.245 33.336

-33.721 17.461 32.532
-32.974 20.08 29.929
-34.992 23.093 28.928
-34.569 25.215 25.832
-36.384 28.516 25.739
-37.628 30.666 22.889
-39.339 34.055 23.036
-41.124 36.043 20.353
-41.178 39.796 19.843

-44.977 39.692 19.801
-47.553 37.172 21.031
-47.774 34.102 18.762
-50.841 32.476 20.357
-49.188 29.074 20.742
-48.525 28.819 17.036
-45.019 27.583 17.662

-43.237 24.453 16.476
-39.94 22.863 17.454
-37.489 21.106 15.148
-34.35 19.128 15.842
-31.534 19.1 13.349
-28.838 16.483 13.637

-25.252 17.009 12.757
-25.904 15.369 9.37
-28.199 18.248 8.612
-31.298 16.084 8.781

-34.298 17.89 10.258
-37.127 16.371 12.238
-40.339 17.95 13.528

-40.515 17.314 17.307
-43.493 19.324 18.511
-46.233 21.395 16.923
-48.791 23.851 18.304
-46.575 24.301 21.363
-47.357 21.02 23.017
-48.419 18.281 20.651

-45.872 15.536 20.194
-45.292 14.524 16.626
-45.735 10.842 15.986

-42.55 8.869 16.381
-41.033 11.125 19.022
-40.191 9.973 22.47
-42.32 11.154 25.38

-39.25 12.617 27.017
-39.904 15.587 24.756
-42.516 18.071 25.89

-43.389 21.636 24.881
-44.824 24.42 27.017
-45.64 28.131 27.197
-47.974 30.737 25.745
-47.84 34.325 24.605
-44.227 35.27 23.895
-42.369 32.568 25.799
-42.066 28.891 24.925

-39.836 26.045 26.081
-38.855 22.597 24.825
-38.063 20.201 27.662
-36.269 16.885 27.657
-37.22 14.943 30.755

-34.221 12.65 30.614
-31.338 13.3 28.227
-30.193 10.499 26.034
-27.229 10.343 23.759

-29.269 10.374 20.54
-30.555 13.779 21.645
-27.396 15.596 20.6

-28.608 18.195 18.125
-29.517 21.823 17.505
-33.1 22.715 18.355
-35.051 25.456 16.608
-38.372 27.139 17.365
-40.61 28.401 14.558
-43.645 30.678 14.701
-46.555 30.251 12.27

-48.598 33.157 13.657
-47.7 35.57 10.873
-45.895 35.355 7.586
-43.155 35.224 6.971

-42.602 32.179 9.113
-39.568 32.878 11.291
-37.185 30.655 13.281
-35.059 31.038 16.405
-31.25 31.176 16.388
-30.945 27.548 17.456
-29.64 25.87 20.594
-26.799 23.38 20.26
-26.955 20.734 22.929
-23.551 19.528 24.138
-23.739 16.451 26.263
-21.659 15.667 29.311

-20.596 12.164 30.196
-17.789 10.33 31.959
-14.226 11.031 30.941

-12.69 8.785 28.327
-9.138 8.991 27.001
-8.485 8.811 23.319
-6.77 5.94 21.604
-4.181 7.559 19.374

-2.991 6.686 15.871
-0.396 8.282 13.568
-0.284 7.849 9.779
2.585 8.678 7.464
2.079 10.158 4.049

1.345 7.833 1.124
3.807 7.562 -1.715

0.876 8.536 -3.867
0.817 11.928 -2.164
4.585 12.316 -2.028
4.957 11.914 -5.765
3.074 15.21 -6.119

5.306 17.188 -3.776
3.342 17.474 -0.547
3.397 15.312 2.57

0.502 15.143 5
0.98 13.381 8.305
-2.127 12.661 10.287
-2.669 11.865 13.937
-6.014 10.545 15.113
-7.622 10.799 18.547
-10.452 8.317 18.764

-13.575 8.351 20.947
-12.669 10.619 23.843
-14.469 12.972 26.225
-14.141 15.807 27.058
-13.45 17.702 23.851
-10.476 19.63 25.195
-7.235 17.973 24.172

-3.711 19.068 23.367
-1.982 17.642 20.378
1.621 18.618 19.832
3.726 17.566 16.874
7.406 16.905 17.245
9.764 16.26 14.376

13.074 14.779 15.333
12.012 15.927 18.794
11.567 19.522 17.721

8.275 21.089 18.677
6.378 22.362 15.659
4.07 25.323 15.235

1.882 26.771 12.504
2.208 23.783 10.212
-0.879 21.85 11.237

-4.669 22.061 11.253
-7.195 20.195 13.384
-10.792 19.042 12.863
-13.178 17.413 15.294
-16.331 15.41 14.717
-19.664 16.201 16.252
-20.394 14.329 19.43
-21.348 10.748 18.643
-24.96 9.754 19.044

-24.34 6.562 20.981
-21.175 7.19 23.046
-21.318 10.987 23.207

-17.606 11.017 22.48
-15.547 13.089 20.084
-12.872 12.194 17.588
-10.247 14.617 16.352
-7.771 14.649 13.486
-4.613 16.723 13.331
-2.842 17 10

0.716 18.234 9.742
1.511 19.402 6.242

5.103 19.589 4.994
6.699 19.876 1.6
8.027 16.595 0.304

11.548 17.922 0.592
11.042 18.885 4.21
9.454 15.546 5.007
12.549 13.716 3.724
14.867 15.827 5.868
13.802 14.255 9.148

13.486 10.767 10.663
10.915 10.821 13.4
7.425 12.192 13.38
5.409 12.037 16.554

2.19 13.373 18.025
1.872 13.812 21.761
-1.588 13.863 23.223

-2.94873 15.0708 26.6489
-1.5201 15.387 30.2297
0.00479913 13.0416 32.8374

2.61947 15.5778 33.921
3.96671 13.2037 36.5651
4.23875 10.3831 34.0327

7.29475 11.3181 31.9847
7.49975 12.2311 28.3617
7.59975 9.5081 25.7377
9.78275 9.8061 22.6897
9.46475 7.8861 19.4517
12.2447 8.0941 16.9267

13.8477 6.4241 13.9537
17.2317 6.6691 12.3027
17.3697 7.0331 8.58266

19.8057 4.7861 6.78766
21.5257 1.7111 8.04666
25.1437 1.1981 9.09166

End chain 2
13.125 12.559 -39.197
10.852 10.44 -41.307
8.065 8.929 -39.293

4.897 6.937 -39.874
2.319 7.095 -37.111
-0.405 4.519 -37.337
-3.79 4.473 -35.65
-4.215 2.632 -32.362
-5.471 -0.847 -31.776
-8.966 -1.879 -32.757
-11.655 -4.298 -31.65
-13.813 -5.288 -34.55
-16.909 -7.404 -34.992

-17.011 -10.109 -37.523
-18.473 -8.779 -40.738
-17.476 -5.282 -39.7

-15.198 -2.985 -41.67
-12.278 -0.953 -40.295
-10.072 1.902 -41.528
-6.461 2.221 -40.451
-4.503 5.444 -40.799
-0.823 6.112 -41.443
-0.007 9.768 -40.964
3.427 10.521 -42.351

5.85 13.345 -41.715
9.403 14.318 -42.557
9.205 13.804 -46.311
7.202 14.75 -49.389
4.286 12.336 -49.368

3.845 12.369 -53.145
7.459 11.329 -53.764
7.255 7.839 -52.26

5.079 4.744 -52.659
3.433 3.277 -49.582
2.876 -0.446 -49.023
0.979 -2.382 -46.374
2.042 -5.651 -44.723
0.189 -8.115 -42.499
1.598 -10.173 -39.639
-0.475 -12.813 -37.872

0.478 -13.849 -34.374
3.652 -15.88 -34.387
3.674 -15.567 -38.134
5.59 -14.194 -41.113
4.943 -11.083 -43.142

2.474 -11.054 -46.02
2.495 -8.187 -48.509
-0.978 -6.64 -48.912
-0.388 -4.028 -51.612
0.951 -0.591 -52.517
-0.307 2.844 -53.518
1.336 5.626 -55.471
0.365 8.84 -53.81

0.779 11.105 -56.783
-1.897 9.364 -58.843
-3.701 7.163 -56.312
-2.909 4.095 -58.41

-2.738 0.841 -56.517
-1.395 -2.688 -56.761
-2.777 -5.497 -54.649
-1.732 -8.955 -53.628
-4.222 -11.316 -55.215

-5.137 -12.895 -51.904
-6.066 -9.482 -50.453
-8.067 -8.072 -53.357
-11.433 -8.827 -51.801
-10.34 -7.849 -48.282
-8.459 -4.563 -48.363

-8.654 -1.191 -50.014
-5.873 1.358 -49.904
-6.311 5.116 -50.202

-4.463 8.389 -49.664
-5.253 11.954 -48.595
-2.612 14.366 -49.856

-3.648 17.235 -47.615
-3.246 15.327 -44.365
-0.392 13.398 -45.979

-2.005 10.263 -44.635
-2.574 6.905 -46.321
-5.375 4.585 -45.257
-6.306 0.947 -45.58
-9.814 -0.383 -45.106

-10.466 -3.988 -44.378
-13.892 -5.406 -45.112

-15.789 -8.539 -44.066
-13.466 -9.216 -41.158
-12.944 -12.697 -39.739
-10.496 -14.371 -37.364

-7.958 -14.756 -40.135
-7.996 -10.964 -40.116
-6.773 -10.746 -36.544

-3.243 -9.514 -37.012
-0.899 -6.557 -36.875
-0.841 -4.339 -39.944
2.161 -2.288 -40.969
2.374 0.698 -43.252
5.744 1.168 -44.962
7.538 3.484 -47.365
9.401 2.381 -50.47
12.566 4.14 -51.443
14.825 3.939 -54.417
18.415 3.68 -53.414

19.706 4.898 -56.687
19.932 2.224 -59.31
16.671 0.319 -59.658
16.612 -1.181 -56.196
13.386 -0.928 -54.192
12.968 -1.633 -50.472
10.819 -0.684 -47.484
13.069 1.851 -45.732
10.722 2.932 -42.978

8.049 1.033 -41.131
5.185 2.03 -38.905
4.806 0.802 -35.346
1.991 -1.406 -36.575
-1.657 -1.616 -35.639
-3.057 -4.627 -33.844
-6.48 -5.546 -35.043
-8.455 -8.185 -33.249
-11.626 -9.606 -34.72

-13.966 -10.964 -32.105
-17.533 -11.097 -30.829
-16.543 -10.547 -27.197
-16.774 -7.086 -25.694
-13.978 -4.843 -24.552

-13.009 -5.076 -20.921
-10.595 -2.747 -19.137
-7.776 -4.021 -17.057
-7.737 -4.096 -13.303
-4.404 -2.907 -11.997
-3.088 -4.25 -8.715
0.117 -3.436 -6.951
2.849 -6.006 -6.513

4.749 -5.157 -3.387
6.899 -7.235 -1.152
5.365 -7.87 2.189

8.375 -6.312 3.992
9.098 -5.797 7.761
12.055 -8.082 8.182

15.643 -8.079 7.086
15.298 -5.628 4.19
16.46 -7.567 1.216

19.311 -5.983 -0.722

17.513 -5.621 -4.056
13.95 -4.493 -4.079
11.399 -5.307 -6.715
7.829 -4.134 -7.142
5.394 -4.036 -10.006

1.842 -3.909 -11.253
-0.422 -6.81 -12.12
-2.67 -5.948 -15.033
-5.511 -8.408 -14.846

-8.459 -9.476 -16.996
-8.533 -7.225 -20.028
-9.457 -7.846 -23.654
-8.271 -7.509 -26.254
-4.578 -6.848 -26.338
-2.63 -4.74 -26.225
-1.897 -2.77 -23.067
0.998 -0.351 -22.663
2.788 0.06 -19.393
5.181 2.785 -18.351
6.638 3.726 -15.008
6.828 7.257 -13.655

5.487 8.491 -16.982
8.429 7.127 -18.931
10.97 8.446 -16.459

11.906 4.991 -15.193
12.986 2.675 -18.003
15.8 0.712 -16.39
15.218 -2.418 -14.37
11.729 -2.816 -15.77

10.28 -5.912 -17.326
6.809 -5.951 -18.779
5.894 -9.585 -19.336
3.998 -10.761 -22.336
0.332 -11.444 -21.727
-0.99 -14.921 -21.18
-4.474 -15.906 -22.259
-6.422 -16.988 -19.207
-9.017 -19.757 -19.262

-11.482 -16.928 -18.768
-10.649 -15.736 -22.227
-9.185 -12.637 -20.617
-5.54 -11.536 -20.835
-3.316 -10.815 -17.844
0.253 -9.482 -17.492

2.598 -8.239 -14.852
5.089 -5.366 -15.106
7.976 -5.234 -12.697
10.835 -2.962 -11.651
13.961 -3.773 -9.653

16.043 -1.289 -7.707
18.872 -1.604 -5.3
17.791 -1.488 -1.689

19.201 1.827 -0.718
18.577 3.513 -3.987
15.127 4.184 -5.238
14.281 4.742 -1.578
14.485 8.29 -2.693
11.898 7.984 -5.423

8.316 6.713 -5.761
6.984 4.085 -8.146
3.891 4.465 -10.297

2.78 2.19 -13.113
0.945 3.899 -15.969
-1.315 1.536 -17.832
-3.25 2.446 -20.931
-5.764 0.211 -22.667
-6.852 2.168 -25.719

-9.625 -0.132 -26.793
-11.266 0.492 -23.419
-10.268 4.138 -23.339

-8.941 3.119 -19.977
-5.865 4.612 -18.45
-4.801 4.221 -14.859
-1.841 5.264 -12.762
-1.24 3.022 -9.821
1.309 4.004 -7.213
2.939 1.124 -5.415
3.22 1.918 -1.738
6.636 0.894 -0.54
5.904 1.042 3.172

8.13043 -0.173513 5.98875
8.91503 1.68498 9.10988
8.5499 4.20662 11.8562

8.87971 2.07242 14.8875
7.59554 -1.42714 15.7722
5.75409 -4.0087 17.9106

4.05857 -6.24191 20.4801
3.30931 -8.2154 23.6986
2.58056 -10.7606 26.4623

-0.848684 -9.69164 27.6745
-4.66706 -10.2549 27.9979
-7.64102 -8.35798 29.4763

-5.69102 -6.12498 31.8793
-6.76202 -2.54398 32.2153
-4.52202 0.43702 32.7093
-4.97902 3.57802 34.6913
-7.65202 5.00202 32.4433
-11.065 3.80402 31.4443

End chain 3
3.959 -16.653 -56.627
7.556 -16.847 -55.597
8.166 -18.703 -52.355

9.6614 -19.47 -49.054
11.9295 -20.7308 -46.4109
11.8613 -24.3683 -45.2647
12.9362 -26.7178 -42.4505

14.0333 -29.3717 -40.0985
17.0203 -27.652 -38.4149
19.8106 -25.8217 -36.4589
23.0853 -24.11 -37.168
23.6271 -20.3649 -37.8182
21.7297 -17.9415 -35.6596
25.1483 -17.5903 -33.8387
27.401 -18.9267 -31.0307
30.4722 -19.3982 -33.1436
30.085 -15.9322 -34.4933

29.22 -15.5552 -38.1613
25.661 -16.4472 -39.0713
24.059 -17.0912 -42.4123
20.42 -17.2082 -43.2853
19.508 -18.5152 -46.6643
16.505 -18.3232 -48.8923
15.713 -19.7672 -52.2783
13.101 -18.9082 -54.8873
11.01 -21.2792 -56.9803

12.39 -19.6242 -60.1133
15.232 -17.2272 -60.9453
14.883 -13.8102 -59.2873
17.708 -12.0342 -61.1213
19.057 -10.6352 -57.8393
15.89 -8.67715 -57.2213
15.811 -9.74615 -53.6103

15.662 -7.67215 -50.4253
16.171 -8.53315 -46.7613
14.217 -7.12415 -43.8303
14.686 -7.41015 -40.0823
11.715 -7.31815 -37.7773
12.261 -6.76515 -34.0773

10.197 -8.33415 -31.3933
8.20902 -5.11115 -31.0393
7.10102 -5.54515 -34.6313
9.16702 -2.76515 -36.1323

10.528 -3.57615 -39.5663
13.787 -2.30415 -41.0173
15.175 -2.84015 -44.4893

18.731 -4.11415 -44.2353
19.709 -5.03415 -47.7883
18.333 -4.39315 -51.2583
19.231 -5.76915 -54.6903
20.883 -8.71315 -52.9543
24.123 -6.91915 -52.0673
23.529 -3.28815 -51.2793

23.622 -2.17015 -47.6793
20.889 0.247847 -46.7493
22.143 3.42085 -45.1513

22.358 3.24385 -41.3913
23.088 -0.474153 -41.3813
26.233 -1.93915 -39.9413
28.812 -3.44715 -42.2963

28.484 -6.65915 -40.3193
25.5 -7.35515 -42.5573
26.15 -8.54815 -46.0943

24.008 -10.1752 -48.7813
25.025 -12.6852 -51.4403
23.785 -15.0382 -54.1443
22.158 -15.0572 -57.5663
19.551 -17.0262 -59.4373
17.434 -18.9602 -56.9503
19.615 -18.8802 -53.8553
20.384 -15.9192 -51.6223

21.911 -15.5312 -48.1673
22.167 -12.8112 -45.5593
25.274 -13.0522 -43.4453
26.233 -11.4372 -40.1593
30.003 -11.3122 -39.8353

29.878 -11.1032 -36.0693
26.637 -11.3042 -34.0913
25.745 -8.51415 -31.7223
22.985 -8.66115 -29.1743

20.987 -6.00115 -31.0483
20.705 -8.55015 -33.8623
17.981 -10.5592 -32.1133

15.196 -10.5942 -34.6933
13.366 -12.4512 -37.4423
14.811 -11.9702 -40.9163
12.762 -12.1282 -44.1033
13.689 -12.0832 -47.7563
11.461 -10.6122 -50.4393
11.532 -10.9492 -54.2153
10.607 -8.01815 -56.4793

11.121 -9.93315 -59.7383
7.44002 -10.6162 -60.3333
4.20002 -9.44615 -58.8453
2.88202 -10.2432 -56.4823

5.84402 -9.45115 -54.3053
6.41202 -12.4782 -52.1073
8.32202 -13.0512 -48.8443
10.109 -15.9472 -47.1653
8.82802 -17.7242 -44.0483
11.231 -15.8652 -41.7853
14.206 -16.9422 -39.7023
14.102 -16.1932 -35.9833
17.557 -15.8222 -34.5753
18.095 -16.9762 -30.9983
21.299 -15.8022 -29.3623
23.613 -17.9392 -27.2563

25.348 -16.3182 -24.3473
26.951 -17.1622 -21.0203
24.729 -18.6562 -18.3553
23.048 -16.3172 -15.9243

20.737 -17.3382 -13.0923
17.544 -15.4652 -12.5243
16.83 -13.3552 -9.51532
13.382 -14.3742 -8.32432
10.494 -12.4492 -6.84632
7.04202 -13.4612 -5.61532
4.01702 -11.1732 -5.36132
0.807024 -11.8172 -3.50332
-2.53498 -10.7852 -4.87232
-3.72298 -7.23615 -4.26932
-6.83698 -6.64915 -2.23232

-8.20298 -4.85515 -5.24632
-8.22398 -8.18615 -7.11032
-9.39798 -10.1652 -4.10132
-12.425 -7.95315 -3.76032
-13.647 -9.36015 -7.09732

-13.246 -13.0322 -6.19132
-10.038 -14.1112 -7.90032
-6.48398 -14.2932 -6.58032

-3.49098 -14.1072 -8.87532
-0.0849755 -14.9462 -7.42532
2.89202 -13.9372 -9.52932
6.39602 -15.3732 -9.68332
9.08902 -13.4452 -11.5493
12.332 -14.7702 -13.0153
14.496 -11.8562 -14.0233

17.305 -11.6432 -16.5933
18.434 -15.2422 -16.9893
19.994 -17.3862 -19.7133
19.319 -20.0232 -20.9553
15.563 -19.9832 -21.4923
14.94 -23.4082 -19.9963
13.79 -23.0802 -16.4113

11.553 -25.0172 -14.0703
9.11702 -23.1452 -11.9433
7.12802 -25.1382 -9.43532
4.45002 -23.7202 -7.17432
3.97402 -25.0492 -3.67132
1.06802 -24.1302 -1.43432

1.60502 -25.1452 2.15568
4.28102 -27.3532 0.632682
1.85602 -29.0772 -1.69632

3.07802 -29.2532 -5.25632
0.604024 -27.6372 -7.65932
-0.565976 -28.6872 -11.1133

-2.86298 -27.1962 -13.8033
-3.49498 -23.9032 -11.9473
-0.710976 -21.7112 -13.3853

0.312024 -20.2442 -16.7373
3.64502 -18.7782 -17.7683
4.90502 -16.2152 -20.2653
8.42502 -15.3222 -21.4113
9.83102 -12.1342 -22.8713
11.756 -12.0602 -26.1043
15.5 -12.0322 -25.6813
16.807 -8.70215 -24.4423
18.608 -6.64815 -27.0583

21.522 -5.64915 -24.8473
21.652 -8.53315 -22.3493
20.421 -11.3762 -24.5453

18.652 -12.6622 -21.4533
15.08 -13.7302 -20.8653
12.561 -12.8992 -18.2093
9.67002 -15.1722 -17.2663
6.44302 -14.7112 -15.3563
4.41302 -17.5172 -13.7903
0.933024 -16.6722 -12.6063

-0.858976 -19.0082 -10.2423
-4.53598 -18.2822 -10.2263

-6.93898 -19.4212 -7.53632
-10.376 -18.4942 -6.28432
-10.369 -16.0642 -3.40332

-11.78 -18.7652 -1.21232
-9.01698 -21.1442 -2.14832
-6.39998 -18.4562 -1.59132
-7.58698 -17.8002 1.97068
-7.44598 -21.5032 2.88268
-3.65298 -21.6732 2.72168

-0.814976 -19.9612 4.61368
2.30102 -20.2062 2.48368
2.77702 -19.6522 -1.19732
6.13902 -20.3572 -2.72532

7.84702 -20.7242 -6.07332
10.842 -22.9402 -6.57432
13.093 -22.1362 -9.45932

15.493 -24.6252 -10.9713
17.95 -23.3482 -13.5473
21.4 -24.2122 -14.8583

22.767 -21.0532 -13.2813
21.674 -22.0592 -9.79632
23.461 -24.9012 -8.11532

25.7555 -21.926 -7.61801
27.3832 -18.4339 -7.49484
28.9967 -15.0476 -7.54029
27.1301 -12.2909 -5.64512
25.2755 -15.6159 -4.84865
22.4629 -18.1479 -5.5681

21.115 -20.5726 -3.10148
19.9138 -22.9053 -0.403723
19.4944 -22.6277 3.27979

18.9614 -20.2637 6.15779
19.4944 -21.7157 9.57779
20.2164 -18.7777 11.7828

End chain 4
