-43.252 6.341 3.591
-43.047 9.883 2.346
-39.755 10.994 0.884

-38.387 14.218 -0.528
-35.306 13.786 -2.653
-33.447 16.92 -3.602
-31.02 17.647 -6.403
-27.307 17.342 -5.697
-24.88 20.058 -4.814
-24.186 22.92 -7.179
-21.312 25.246 -7.887
-22.521 28.428 -9.515
-21.038 31.624 -10.863

-21.962 34.955 -9.525
-24.777 36.409 -11.57
-25.746 32.912 -12.635

-29.126 31.306 -12.047
-29.728 27.791 -10.717
-32.773 25.624 -10.26
-33.171 22.945 -7.612
-35.538 20.021 -7.674
-37.403 18.132 -4.992
-39.065 15.022 -6.249
-41.583 13.657 -3.833

-43.011 10.204 -3.302
-45.331 8.429 -0.901
-48.218 10.89 -0.933
-50.542 12.786 -3.251
-48.525 15.811 -4.293

-51.572 18.012 -4.877
-52.808 17.531 -1.312
-49.956 19.268 0.499

-48.193 22.635 0.39
-44.448 22.744 -0.162
-42.183 25.313 1.519
-38.51 26.14 1.008
-36.012 27.052 3.744
-32.458 28.427 3.587
-29.633 27.963 6.037
-26.25 29.582 5.713

-23.186 27.954 7.189
-23.276 28.1 10.955
-26.594 29.911 10.773
-30.297 29.633 11.481
-33.18 28.791 9.201

-34.832 31.424 7.024
-38.195 30.715 5.413
-38.125 31.541 1.702

-41.676 30.708 0.589
-44.36 28.13 -0.167
-46.45 26.926 -3.095
-49.777 25.187 -3.323
-49.462 22.445 -5.855
-53.078 22.265 -6.864
-53.183 25.814 -8.216
-49.513 26.821 -8.407
-50.217 29.779 -6.129

-47.237 30.961 -4.176
-46.3 33.017 -1.136
-42.871 34.539 -0.7
-40.84 35.936 2.133
-40.289 39.598 1.332

-36.526 39.301 1.548
-36.544 36.527 -1.091
-38.963 38.031 -3.596
-36.229 39.215 -5.943
-34.086 36.084 -5.466
-36.198 32.974 -5.764

-39.077 31.608 -7.731
-40.797 28.366 -6.889
-42.711 26.124 -9.271

-44.235 22.656 -9.497
-44.642 19.897 -12.086
-47.632 17.706 -11.278

-46.698 14.834 -13.559
-43.211 14.448 -12.089
-44.641 15.242 -8.679

-41.634 17.496 -8.34
-41.396 21.057 -7.021
-38.591 23.381 -8.051
-37.004 26.599 -6.908
-34.75 28.696 -9.038

-32.514 31.374 -7.658
-31.4 34.316 -9.749

-28.534 36.826 -9.56
-26.506 34.691 -7.184
-24.011 36.17 -4.741
-22.002 34.941 -1.743

-24.984 35.612 0.479
-26.628 32.92 -1.612
-24.106 30.271 -0.6

-26.151 28.056 1.658

-28.077 24.827 2.011
-31.653 24.869 0.762
-34.356 22.568 2.046
-37.709 21.716 0.572
-40.352 20.73 3.062
-43.919 19.384 3.389
-46.61 21.243 5.283

-49.226 19.173 7.071
-52.393 19.94 8.934
-52.609 17.983 12.098
-56.361 18.129 11.899

-56.89 18.816 15.528
-54.376 21.535 15.004
-52.354 23.912 12.93
-49.621 23.877 10.315
-46.125 22.456 10.636
-43.32 21.241 8.431
-43.623 17.446 8.852
-41.048 16.206 6.395

-37.796 17.705 5.24
-35.46 17.073 2.357
-31.758 16.251 2.677
-31.007 19.744 1.669
-28.973 20.922 -1.276
-25.729 22.784 -0.784
-25.215 25.658 -3.163
-21.891 27.435 -3.319
-21.529 30.647 -5.27

-17.996 31.292 -6.403
-15.738 32.238 -9.3
-13.257 29.413 -8.716
-13.479 26.244 -10.77
-14.395 22.756 -9.662

-11.562 20.517 -8.552
-11.883 16.8 -7.785
-10.475 15.319 -4.668
-7.278 13.355 -4.497
-7.748 10.319 -2.309

-4.82 8.891 -0.385
-4.725 5.939 1.901
-4.107 6.378 5.598
-2.43 3.226 6.764
-0.419 2.431 9.781
3.311 2.806 9.531
3.022 0.234 12.335
2.574 -2.019 9.201
0.249 -4.882 10.284
-2.071 -6.014 13.009
0.303 -5.109 15.725
-1.659 -2.782 17.957
-4.649 -3.675 20.072
-7.082 -1.936 17.785
-6.096 -0.856 14.338
-7.219 2.187 12.435
-6.975 3.158 8.789
-8.681 5.694 6.588

-8.645 7.879 3.522
-7.38 11.413 3.16
-9.511 13.386 0.737
-7.349 16.285 -0.351

-7.724 19.495 -2.34
-11.277 19.591 -3.618
-13.742 22.42 -4.177
-16.479 23.086 -3.51
-17.868 20.97 -0.753
-19.394 18.579 -0.176
-17.895 15.116 -0.571
-19.517 11.888 0.599
-17.531 9.011 1.951
-18.606 5.433 2.53
-16.686 2.297 3.308
-17.216 -1.028 1.573

-20.136 0.476 -0.301
-22.065 1.237 2.869
-21.409 -2.165 4.398

-18.987 -0.787 6.989

-20.723 1.86 9.117
-19.397 1.218 12.621
-16.13 2.621 13.898
-16.161 5.16 11.087

-15.483 8.85 11.536
-15.612 11.228 8.61
-14.14 14.511 9.805
-15.543 17.827 8.765
-13.612 19.556 6.01
-11.195 22.35 6.786
-10.563 25.147 4.339
-6.862 25.211 3.508
-4.985 28.486 3.112

-5.136 27.368 -0.44
-8.473 27.687 -2.056
-9.155 24.016 -1.429
-10.895 21.835 1.176
-9.38 18.731 2.799
-10.89 16.014 4.931

-10.026 12.603 6.345
-12.264 9.589 6.932
-11.213 6.875 9.328
-12.261 3.449 10.587
-11.117 1.641 13.681

-11.357 -2.061 14.193
-10.155 -4.556 16.703
-7.174 -6.436 15.417

-8.822 -9.793 15.832
-12.006 -8.794 14.147
-11.274 -7.797 10.662

-8.054 -8.912 9.111
-10.615 -11.173 7.612
-12.103 -8.216 5.747

-10.816 -5.602 3.296

-11.246 -1.843 3.587

-12.19 0.369 0.685
-13.376 3.971 0.932
-15.847 5.259 -1.63
-15.554 8.967 -2.317
-18.107 10.848 -4.372
-17.687 14.463 -5.391
-20.789 15.311 -7.404

-19.676 18.707 -8.562
-16.674 17.148 -10.308
-18.62 14.037 -11.248

-15.697 12.363 -9.529
-16.081 8.993 -7.871
-13.177 6.986 -6.549
-12.812 3.74 -4.647
-9.547 3.548 -2.763
-8.708 0.251 -1.154
-6.375 0.632 1.764
-3.635 -1.967 1.74
-3.383 -3.562 5.142
0.04 -5.017 4.563

0.363 -8.012 6.656
2.355 -10.92 5.617
5.506 -11.584 7.642
6.57 -9.983 10.855
10.319 -9.685 11.578
11.908 -12.914 12.62
14.388 -11.644 15.205

13.348 -11.834 18.86
15.289 -10.575 21.835
15.335 -12.796 24.882
16.252 -12.726 28.529

17.607 -15.968 29.958
14.71 -18.342 29.625
14.293 -21.996 30.463
15.134 -24.612 27.898
16.605 -28.034 27.548
19.761 -27.327 29.476
20.47 -25.822 32.853

End chain 1
-41.775 40.567 11.041
-41.847 38.45 14.17
-38.469 37.837 15.74

-37.714 34.604 17.567
-34.899 34.642 20.069
-33.203 31.73 21.65
-30.746 33.523 23.858

-28.743 30.487 24.853
-27.18 29.185 21.671
-25.076 26.595 23.447
-26.259 24.399 26.259
-24.563 21.465 27.971
-26.262 18.757 30.021
-25.518 15.395 31.6
-27.262 12.227 30.546
-30.451 11.573 32.493
-30.741 15.245 33.336

-33.721 17.461 32.532
-32.974 20.08 29.929
-34.992 23.093 28.928
-34.569 25.215 25.832
-36.384 28.516 25.739
-37.628 30.666 22.889
-39.339 34.055 23.036
-41.124 36.043 20.353
-41.178 39.796 19.843

-44.977 39.692 19.801
-47.553 37.172 21.031
-47.774 34.102 18.762
-50.841 32.476 20.357
-49.188 29.074 20.742
-48.525 28.819 17.036
-45.019 27.583 17.662

-43.237 24.453 16.476
-39.94 22.863 17.454
-37.489 21.106 15.148
-34.35 19.128 15.842
-31.534 19.1 13.349
-28.838 16.483 13.637

-25.252 17.009 12.757
-25.904 15.369 9.37
-28.199 18.248 8.612
-31.298 16.084 8.781

-34.298 17.89 10.258
-37.127 16.371 12.238
-40.339 17.95 13.528

-40.515 17.314 17.307
-43.493 19.324 18.511
-46.233 21.395 16.923
-48.791 23.851 18.304
-46.575 24.301 21.363
-47.357 21.02 23.017
-48.419 18.281 20.651

-45.872 15.536 20.194
-45.292 14.524 16.626
-45.735 10.842 15.986

-42.55 8.869 16.381
-41.033 11.125 19.022
-40.191 9.973 22.47
-42.32 11.154 25.38

-39.25 12.617 27.017
-39.904 15.587 24.756
-42.516 18.071 25.89

-43.389 21.636 24.881
-44.824 24.42 27.017
-45.64 28.131 27.197
-47.974 30.737 25.745
-47.84 34.325 24.605
-44.227 35.27 23.895
-42.369 32.568 25.799
-42.066 28.891 24.925

-39.836 26.045 26.081
-38.855 22.597 24.825
-38.063 20.201 27.662
-36.269 16.885 27.657
-37.22 14.943 30.755

-34.221 12.65 30.614
-31.338 13.3 28.227
-30.193 10.499 26.034
-27.229 10.343 23.759

-29.269 10.374 20.54
-30.555 13.779 21.645
-27.396 15.596 20.6

-28.608 18.195 18.125
-29.517 21.823 17.505
-33.1 22.715 18.355
-35.051 25.456 16.608
-38.372 27.139 17.365
-40.61 28.401 14.558
-43.645 30.678 14.701
-46.555 30.251 12.27

-48.598 33.157 13.657
-47.7 35.57 10.873
-45.895 35.355 7.586
-43.155 35.224 6.971

-42.602 32.179 9.113
-39.568 32.878 11.291
-37.185 30.655 13.281
-35.059 31.038 16.405
-31.25 31.176 16.388
-30.945 27.548 17.456
-29.64 25.87 20.594
-26.799 23.38 20.26
-26.955 20.734 22.929
-23.551 19.528 24.138
-23.739 16.451 26.263
-21.659 15.667 29.311

-20.596 12.164 30.196
-17.789 10.33 31.959
-14.226 11.031 30.941

-12.69 8.785 28.327
-9.138 8.991 27.001
-8.485 8.811 23.319
-6.77 5.94 21.604
-4.181 7.559 19.374

-2.991 6.686 15.871
-0.396 8.282 13.568
-0.284 7.849 9.779
2.585 8.678 7.464
2.079 10.158 4.049

1.345 7.833 1.124
3.807 7.562 -1.715

0.876 8.536 -3.867
0.817 11.928 -2.164
4.585 12.316 -2.028
4.957 11.914 -5.765
3.074 15.21 -6.119

5.306 17.188 -3.776
3.342 17.474 -0.547
3.397 15.312 2.57

0.502 15.143 5
0.98 13.381 8.305
-2.127 12.661 10.287
-2.669 11.865 13.937
-6.014 10.545 15.113
-7.622 10.799 18.547
-10.452 8.317 18.764

-13.575 8.351 20.947
-12.669 10.619 23.843
-14.469 12.972 26.225
-14.141 15.807 27.058
-13.45 17.702 23.851
-10.476 19.63 25.195
-7.235 17.973 24.172

-3.711 19.068 23.367
-1.982 17.642 20.378
1.621 18.618 19.832
3.726 17.566 16.874
7.406 16.905 17.245
9.764 16.26 14.376

13.074 14.779 15.333
12.012 15.927 18.794
11.567 19.522 17.721

8.275 21.089 18.677
6.378 22.362 15.659
4.07 25.323 15.235

1.882 26.771 12.504
2.208 23.783 10.212
-0.879 21.85 11.237

-4.669 22.061 11.253
-7.195 20.195 13.384
-10.792 19.042 12.863
-13.178 17.413 15.294
-16.331 15.41 14.717
-19.664 16.201 16.252
-20.394 14.329 19.43
-21.348 10.748 18.643
-24.96 9.754 19.044

-24.34 6.562 20.981
-21.175 7.19 23.046
-21.318 10.987 23.207

-17.606 11.017 22.48
-15.547 13.089 20.084
-12.872 12.194 17.588
-10.247 14.617 16.352
-7.771 14.649 13.486
-4.613 16.723 13.331
-2.842 17 10

0.716 18.234 9.742
1.511 19.402 6.242

5.103 19.589 4.994
6.699 19.876 1.6
8.027 16.595 0.304

11.548 17.922 0.592
11.042 18.885 4.21
9.454 15.546 5.007
12.549 13.716 3.724
14.867 15.827 5.868
13.802 14.255 9.148

13.486 10.767 10.663
10.915 10.821 13.4
7.425 12.192 13.38
5.409 12.037 16.554

2.19 13.373 18.025
1.872 13.812 21.761
-1.588 13.863 23.223

-3.53146 14.9582 26.3545
-3.87118 13.2965 29.7684
-3.41494 11.17 32.7815

-2.30858 14.6349 33.8829
-0.00171915 13.1655 36.5215
1.57177 10.8201 33.9786

4.62777 11.7551 31.9306
4.83277 12.6681 28.3076
4.93277 9.94509 25.6836
7.11577 10.2431 22.6356
6.79777 8.32309 19.3976
9.57777 8.53109 16.8726

11.1808 6.86109 13.8996
14.5648 7.10609 12.2486
14.7028 7.47009 8.52859

17.1388 5.22309 6.73359
18.8588 2.14809 7.99259
22.4768 1.63509 9.03759

End chain 2
13.125 12.559 -39.197
10.852 10.44 -41.307
8.065 8.929 -39.293

5.01233 7.27546 -37.5342
2.56444 5.50037 -35.3739
0.385506 4.14435 -32.6221
-2.24814 5.8918 -34.6359
-4.49848 7.46519 -37.3253
-7.96207 6.32219 -38.1764
-11.6104 6.86451 -39.422
-13.0085 5.60828 -42.6761
-14.2872 2.09827 -41.8112
-17.7966 3.39978 -41.9347

-19.6075 0.280263 -40.7229
-20.4492 -3.50222 -40.364
-17.0463 -5.29295 -40.3918

-14.7683 -2.99595 -42.3618
-11.8483 -0.963947 -40.9868
-9.64228 1.89105 -42.2198
-6.03128 2.21005 -41.1428
-4.07328 5.43305 -41.4908
-0.393282 6.10105 -42.1348
0.422718 9.75705 -41.6558
3.85672 10.5101 -43.0428

6.27972 13.3341 -42.4068
9.83272 14.3071 -43.2488
9.63472 13.7931 -47.0028
7.63172 14.7391 -50.0808
4.71572 12.3251 -50.0598

4.27472 12.3581 -53.8368
7.88872 11.3181 -54.4558
7.68472 7.82805 -52.9518

5.50872 4.73305 -53.3508
3.86272 3.26605 -50.2738
3.30572 -0.456947 -49.7148
1.40872 -2.39295 -47.0658
2.47172 -5.66195 -45.4148
0.618718 -8.12595 -43.1908
2.02772 -10.1839 -40.3308
-0.0452815 -12.8239 -38.5638

0.907718 -13.8599 -35.0658
4.08172 -15.8909 -35.0788
4.10372 -15.5779 -38.8258
6.01972 -14.2049 -41.8048
5.37272 -11.0939 -43.8338

2.90372 -11.0649 -46.7118
2.92472 -8.19795 -49.2008
-0.548282 -6.65095 -49.6038
0.0417185 -4.03895 -52.3038
1.38072 -0.601947 -53.2088
0.122718 2.83305 -54.2098
1.76572 5.61505 -56.1628
0.794718 8.82905 -54.5018

1.20872 11.0941 -57.4748
-1.46728 9.35305 -59.5348
-3.27128 7.15205 -57.0038
-2.47928 4.08405 -59.1018

-2.30828 0.830053 -57.2088
-0.965282 -2.69895 -57.4528
-2.34728 -5.50795 -55.3408
-1.30228 -8.96595 -54.3198
-3.79228 -11.3269 -55.9068

-4.70728 -12.9059 -52.5958
-5.63628 -9.49295 -51.1448
-7.63728 -8.08295 -54.0488
-11.0033 -8.83795 -52.4928
-9.91028 -7.85995 -48.9738
-8.02928 -4.57395 -49.0548

-8.22428 -1.20195 -50.7058
-5.44328 1.34705 -50.5958
-5.88128 5.10505 -50.8938

-4.03328 8.37805 -50.3558
-4.82328 11.9431 -49.2868
-2.18228 14.3551 -50.5478

-3.21828 17.2241 -48.3068
-2.81628 15.3161 -45.0568
0.0377185 13.3871 -46.6708

-1.57528 10.2521 -45.3268
-2.14428 6.89405 -47.0128
-4.94528 4.57405 -45.9488
-5.87628 0.936053 -46.2718
-9.38428 -0.393947 -45.7978

-10.0363 -3.99895 -45.0698
-13.4623 -5.41695 -45.8038

-15.3593 -8.54995 -44.7578
-13.0363 -9.22695 -41.8498
-12.5143 -12.7079 -40.4308
-10.0663 -14.3819 -38.0558

-7.52828 -14.7669 -40.8268
-7.56628 -10.9749 -40.8078
-6.34328 -10.7569 -37.2358

-2.81328 -9.52495 -37.7038
-0.469282 -6.56795 -37.5668
-0.411282 -4.34995 -40.6358
2.59072 -2.29895 -41.6608
2.80372 0.687053 -43.9438
6.17372 1.15705 -45.6538
7.96772 3.47305 -48.0568
9.83072 2.37005 -51.1618
12.9957 4.12905 -52.1348
15.2547 3.92805 -55.1088
18.8447 3.66905 -54.1058

20.1357 4.88705 -57.3788
20.3617 2.21305 -60.0018
17.1007 0.308053 -60.3498
17.0417 -1.19195 -56.8878
13.8157 -0.938947 -54.8838
13.3977 -1.64395 -51.1638
11.2487 -0.694947 -48.1758
13.4987 1.84005 -46.4238
11.1517 2.92105 -43.6698

8.47872 1.02205 -41.8228
5.61472 2.01905 -39.5968
5.23572 0.791053 -36.0378
2.42072 -1.41695 -37.2668
-1.22728 -1.62695 -36.3308
-2.62728 -4.63795 -34.5358
-6.05028 -5.55695 -35.7348
-8.02528 -8.19595 -33.9408
-11.1963 -9.61695 -35.4118

-13.5363 -10.9749 -32.7968
-17.1033 -11.1079 -31.5208
-16.1133 -10.5579 -27.8888
-16.3443 -7.09695 -26.3858
-13.5483 -4.85395 -25.2438

-12.5793 -5.08695 -21.6128
-10.1653 -2.75795 -19.8288
-7.34628 -4.03195 -17.7488
-7.30728 -4.10695 -13.9948
-3.97428 -2.91795 -12.6888
-2.65828 -4.26095 -9.40676
0.546718 -3.44695 -7.64276
3.27872 -6.01695 -7.20476

5.17872 -5.16795 -4.07876
7.32872 -7.24595 -1.84376
5.79472 -7.88095 1.49724

8.80472 -6.32295 3.30024
9.52772 -5.80795 7.06924
12.4847 -8.09295 7.49024

16.0727 -8.08995 6.39424
15.7277 -5.63895 3.49824
16.8897 -7.57795 0.524239

19.7407 -5.99395 -1.41376

17.9427 -5.63195 -4.74776
14.3797 -4.50395 -4.77076
11.8287 -5.31795 -7.40676
8.25872 -4.14495 -7.83376
5.82372 -4.04695 -10.6978

2.27172 -3.91995 -11.9448
0.00771847 -6.82095 -12.8118
-2.24028 -5.95895 -15.7248
-5.08128 -8.41895 -15.5378

-8.02928 -9.48695 -17.6878
-8.10328 -7.23595 -20.7198
-9.02728 -7.85695 -24.3458
-7.84128 -7.51995 -26.9458
-4.14828 -6.85895 -27.0298
-2.20028 -4.75095 -26.9168
-1.46728 -2.78095 -23.7588
1.42772 -0.361947 -23.3548
3.21772 0.0490531 -20.0848
5.61072 2.77405 -19.0428
7.06772 3.71505 -15.6998
7.25772 7.24605 -14.3468

5.91672 8.48005 -17.6738
8.85872 7.11605 -19.6228
11.3997 8.43505 -17.1508

12.3357 4.98005 -15.8848
13.4157 2.66405 -18.6948
16.2297 0.701053 -17.0818
15.6477 -2.42895 -15.0618
12.1587 -2.82695 -16.4618

10.7097 -5.92295 -18.0178
7.23872 -5.96195 -19.4708
6.32372 -9.59595 -20.0278
4.42772 -10.7719 -23.0278
0.761718 -11.4549 -22.4188
-0.560282 -14.9319 -21.8718
-4.04428 -15.9169 -22.9508
-5.99228 -16.9989 -19.8988
-8.58728 -19.7679 -19.9538

-11.0523 -16.9389 -19.4598
-10.2193 -15.7469 -22.9188
-8.75528 -12.6479 -21.3088
-5.11028 -11.5469 -21.5268
-2.88628 -10.8259 -18.5358
0.682718 -9.49295 -18.1838

3.02772 -8.24995 -15.5438
5.51872 -5.37695 -15.7978
8.40572 -5.24495 -13.3888
11.2647 -2.97295 -12.3428
14.3907 -3.78395 -10.3448

16.4727 -1.29995 -8.39876
19.3017 -1.61495 -5.99176
18.2207 -1.49895 -2.38076

19.6307 1.81605 -1.40976
19.0067 3.50205 -4.67876
15.5567 4.17305 -5.92976
14.7107 4.73105 -2.26976
14.9147 8.27905 -3.38476
12.3277 7.97305 -6.11476

8.74572 6.70205 -6.45276
7.41372 4.07405 -8.83776
4.32072 4.45405 -10.9888

3.20972 2.17905 -13.8048
1.37472 3.88805 -16.6608
-0.885282 1.52505 -18.5238
-2.82028 2.43505 -21.6228
-5.33428 0.200053 -23.3588
-6.42228 2.15705 -26.4108

-9.19528 -0.142947 -27.4848
-10.8363 0.481053 -24.1108
-9.83828 4.12705 -24.0308

-8.51128 3.10805 -20.6688
-5.43528 4.60105 -19.1418
-4.37128 4.21005 -15.5508
-1.41128 5.25305 -13.4538
-0.810282 3.01105 -10.5128
1.73872 3.99305 -7.90476
3.36872 1.11305 -6.10676
3.64972 1.90705 -2.42976
7.06572 0.883053 -1.23176
6.33372 1.03105 2.48024

8.72552 2.11788 5.21665
8.65521 -0.820648 7.77503
8.752 -3.75451 10.2938

10.141 -1.54326 13.0245
11.4781 0.608074 15.7665
13.4348 1.35475 18.8291

10.9036 0.0551586 21.2576
8.33715 -1.2931 23.7584
5.53457 -3.85337 22.9765

2.99708 -6.2769 24.4256
0.443839 -8.48697 26.0921
0.564952 -11.9221 27.8413

2.51495 -9.68906 30.2443
1.44395 -6.10806 30.5803
3.68395 -3.12706 31.0743
3.22695 0.0139444 33.0563
0.553952 1.43794 30.8083
-2.85905 0.239944 29.8093

End chain 3
3.959 -16.653 -56.627
7.556 -16.847 -55.597
8.166 -18.703 -52.355

10.856 -17.734 -49.868
12.008 -20.435 -47.508
13.983 -19.868 -44.374
14.455 -23.454 -43.336

15.909 -22.8 -39.935
13.39 -20.784 -37.968
15.393 -20.788 -34.773
19.111 -20.231 -34.405
21.226 -19.882 -31.307
24.682 -18.333 -31.226
27.243 -17.103 -28.732
28.304 -13.46 -28.469
31.368 -12.859 -30.69
30.588 -15.743 -33.072

29.723 -15.366 -36.74
26.164 -16.258 -37.65
24.562 -16.902 -40.991
20.923 -17.019 -41.864
20.011 -18.326 -45.243
17.008 -18.134 -47.471
16.216 -19.578 -50.857
13.604 -18.719 -53.466
11.513 -21.09 -55.559

12.893 -19.435 -58.692
15.735 -17.038 -59.524
15.386 -13.621 -57.866
18.211 -11.845 -59.7
19.56 -10.446 -56.418
16.393 -8.488 -55.8
16.314 -9.557 -52.189

16.165 -7.483 -49.004
16.674 -8.344 -45.34
14.72 -6.935 -42.409
15.189 -7.221 -38.661
12.218 -7.129 -36.356
12.764 -6.576 -32.656

10.7 -8.145 -29.972
8.712 -4.922 -29.618
7.604 -5.356 -33.21
9.67 -2.576 -34.711

11.031 -3.387 -38.145
14.29 -2.115 -39.596
15.678 -2.651 -43.068

19.234 -3.925 -42.814
20.212 -4.845 -46.367
18.836 -4.204 -49.837
19.734 -5.58 -53.269
21.386 -8.524 -51.533
24.626 -6.73 -50.646
24.032 -3.099 -49.858

24.125 -1.981 -46.258
21.392 0.437 -45.328
22.646 3.61 -43.73

22.861 3.433 -39.97
23.591 -0.285 -39.96
26.736 -1.75 -38.52
29.315 -3.258 -40.875

28.987 -6.47 -38.898
26.003 -7.166 -41.136
26.653 -8.359 -44.673

24.511 -9.986 -47.36
25.528 -12.496 -50.019
24.288 -14.849 -52.723
22.661 -14.868 -56.145
20.054 -16.837 -58.016
17.937 -18.771 -55.529
20.118 -18.691 -52.434
20.887 -15.73 -50.201

22.414 -15.342 -46.746
22.67 -12.622 -44.138
25.777 -12.863 -42.024
26.736 -11.248 -38.738
30.506 -11.123 -38.414

30.381 -10.914 -34.648
27.14 -11.115 -32.67
26.248 -8.325 -30.301
23.488 -8.472 -27.753

21.49 -5.812 -29.627
21.208 -8.361 -32.441
18.484 -10.37 -30.692

15.699 -10.405 -33.272
13.869 -12.262 -36.021
15.314 -11.781 -39.495
13.265 -11.939 -42.682
14.192 -11.894 -46.335
11.964 -10.423 -49.018
12.035 -10.76 -52.794
11.11 -7.829 -55.058

11.624 -9.744 -58.317
7.943 -10.427 -58.912
4.703 -9.257 -57.424
3.385 -10.054 -55.061

6.347 -9.262 -52.884
6.915 -12.289 -50.686
8.825 -12.862 -47.423
10.612 -15.758 -45.744
9.331 -17.535 -42.627
11.734 -15.676 -40.364
14.709 -16.753 -38.281
14.605 -16.004 -34.562
18.06 -15.633 -33.154
18.598 -16.787 -29.577
21.802 -15.613 -27.941
24.116 -17.75 -25.835

25.851 -16.129 -22.926
27.454 -16.973 -19.599
25.232 -18.467 -16.934
23.551 -16.128 -14.503

21.24 -17.149 -11.671
18.047 -15.276 -11.103
17.333 -13.166 -8.094
13.885 -14.185 -6.903
10.997 -12.26 -5.425
7.545 -13.272 -4.194
4.52 -10.984 -3.94
1.31 -11.628 -2.082
-2.032 -10.596 -3.451
-3.22 -7.047 -2.848
-6.334 -6.46 -0.811

-7.7 -4.666 -3.825
-7.721 -7.997 -5.689
-8.895 -9.976 -2.68
-11.922 -7.764 -2.339
-13.144 -9.171 -5.676

-12.743 -12.843 -4.77
-9.535 -13.922 -6.479
-5.981 -14.104 -5.159

-2.988 -13.918 -7.454
0.418 -14.757 -6.004
3.395 -13.748 -8.108
6.899 -15.184 -8.262
9.592 -13.256 -10.128
12.835 -14.581 -11.594
14.999 -11.667 -12.602

17.808 -11.454 -15.172
18.937 -15.053 -15.568
20.497 -17.197 -18.292
19.822 -19.834 -19.534
16.066 -19.794 -20.071
15.443 -23.219 -18.575
14.293 -22.891 -14.99

12.056 -24.828 -12.649
9.62 -22.956 -10.522
7.631 -24.949 -8.014
4.953 -23.531 -5.753
4.477 -24.86 -2.25
1.571 -23.941 -0.013

2.108 -24.956 3.577
4.784 -27.164 2.054
2.359 -28.888 -0.275

3.581 -29.064 -3.835
1.107 -27.448 -6.238
-0.063 -28.498 -9.692

-2.36 -27.007 -12.382
-2.992 -23.714 -10.526
-0.208 -21.522 -11.964

0.815 -20.055 -15.316
4.148 -18.589 -16.347
5.408 -16.026 -18.844
8.928 -15.133 -19.99
10.334 -11.945 -21.45
12.259 -11.871 -24.683
16.003 -11.843 -24.26
17.31 -8.513 -23.021
19.111 -6.459 -25.637

22.025 -5.46 -23.426
22.155 -8.344 -20.928
20.924 -11.187 -23.124

19.155 -12.473 -20.032
15.583 -13.541 -19.444
13.064 -12.71 -16.788
10.173 -14.983 -15.845
6.946 -14.522 -13.935
4.916 -17.328 -12.369
1.436 -16.483 -11.185

-0.356 -18.819 -8.821
-4.033 -18.093 -8.805

-6.436 -19.232 -6.115
-9.873 -18.305 -4.863
-9.866 -15.875 -1.982

-11.277 -18.576 0.209
-8.514 -20.955 -0.727
-5.897 -18.267 -0.17
-7.084 -17.611 3.392
-6.943 -21.314 4.304
-3.15 -21.484 4.143

-0.312 -19.772 6.035
2.804 -20.017 3.905
3.28 -19.463 0.224
6.642 -20.168 -1.304

8.35 -20.535 -4.652
11.345 -22.751 -5.153
13.596 -21.947 -8.038

15.996 -24.436 -9.55
18.453 -23.159 -12.126
21.903 -24.023 -13.437

23.27 -20.864 -11.86
22.177 -21.87 -8.375
23.964 -24.712 -6.694

26.49 -22.4354 -8.18392
27.6676 -20.8495 -4.92219
29.7439 -19.7039 -2.00858
28.9659 -19.3219 1.77166
27.4263 -22.7915 2.05819
24.5703 -24.5881 3.57809

24.6623 -24.4259 7.38308
22.0367 -26.4567 9.21862
18.4733 -25.6498 10.1541

17.9403 -23.2858 13.0321
18.4733 -24.7378 16.4521
19.1953 -21.7998 18.6571

End chain 4
