14.376 13.393 -9.434
11.305 12.496 -7.337
11.151 9.258 -9.32

11.004 6.006 -7.338
14.52 4.519 -7.198
14.967 0.776 -7.832

15.638 0.429 -4.087
12.514 2.285 -2.905
10.556 -0.102 -5.156
12.221 -3.075 -3.436
11.74 -1.711 0.112
7.991 -1.522 -0.555
8.139 -4.957 -2.2
9.527 -6.582 0.974
6.846 -4.901 3.105
4.21 -5.895 0.525
5.202 -9.589 0.585
5.112 -9.741 4.412
1.285 -9.811 3.999

1.012 -11.657 0.647
-0.051 -15.058 2.058
-1.977 -15.785 -1.16
1.187 -16.059 -3.293
-0.922 -13.94 -5.681
1.285 -10.852 -5.276
-1.689 -9.009 -3.672

-2.915 -8.068 -0.165
-6.302 -7.233 1.393
-7.428 -3.732 2.358

-7.469 -4.807 6.028
-3.672 -5.269 5.793
-3.13 -1.916 4.045
-2.604 0.156 7.219
-0.433 -2.7 8.539
1.967 -2.564 5.569
2.121 1.243 5.732
2.836 0.996 9.476
5.725 -1.371 8.686
7.397 1.46 6.732

6.58027 4.11595 9.45027
8.70454 4.56984 12.623
6.61777 2.42669 15.0501
4.3513 1.71888 18.0806
4.81206 -1.41729 20.3269
5.05299 -4.35002 22.7964

8.03944 -6.6603 23.2284
6.29673 -8.54816 26.0287
3.1749 -9.00358 23.9098
5.22539 -10.3417 21.0033
6.99295 -12.8286 23.2691
3.6791 -14.0637 24.6605
2.28102 -14.5522 21.1605
5.34875 -16.5325 20.1068
5.06568 -18.78 23.1583
1.39354 -19.4499 22.4444
2.16122 -20.3595 18.8353
4.8913 -22.7697 19.9218

4.74409 -24.8963 23.1685
3.43047 -25.7808 26.7193
2.44962 -26.0605 30.3727
-1.27619 -26.6168 29.6995
-5.02615 -26.4949 28.8501

-4.86088 -25.1038 32.3221
-3.38372 -23.9171 35.7217
-0.199146 -21.8292 35.011

-0.396146 -19.5162 31.926
-3.34515 -17.6322 33.465
-1.38915 -17.6832 36.739
1.44185 -15.8472 34.95
-1.17415 -13.2592 33.929
-2.08015 -12.6852 37.599
1.48585 -11.9142 38.756
2.02885 -9.70322 35.69
-1.02915 -7.61822 36.646
0.552854 -6.95622 40.05
4.23385 -6.59622 38.986

2.50047 -4.75343 36.1786
0.835217 -2.83055 33.3706
2.7506 0.319711 32.3097
-0.013333 2.72065 32.9579
-0.729799 3.04308 36.7187

2.24051 4.52797 38.5668
2.41017 1.53246 40.8994
2.35007 -0.879693 37.9632
5.16445 1.0011 36.2356
7.28491 0.919063 39.3883
6.75388 -2.8252 39.7644
7.76878 -3.42982 36.1523
10.9384 -1.3811 36.5984
11.8697 -3.32463 39.7286
11.3656 -6.63865 37.9381
13.561 -5.52003 35.0447
16.3244 -4.45529 37.4264

16.7474 -1.37429 39.6634
19.0874 0.0597077 37.0114
16.6364 -0.472292 34.1214
19.7154 -1.93229 32.3704
18.3544 -5.48829 31.8054
21.1124 -7.05529 33.9544
21.3724 -7.98129 37.6704
23.9204 -9.87329 39.8124
23.4274 -13.6863 39.7744

22.4614 -13.3273 43.4484
19.5974 -10.9473 42.7034
18.7154 -13.4403 39.9384
18.6644 -16.5413 42.1204
16.7364 -14.3813 44.5934
14.1374 -13.3663 41.9614
13.5054 -17.0963 41.5194
13.2424 -17.8363 45.2904
11.2184 -14.7723 46.4134
8.68041 -15.5983 43.6924

7.70641 -18.6243 45.7784
8.43141 -21.1553 43.0104
8.83641 -24.8463 44.0304
12.4194 -24.5213 42.8194
15.1724 -26.4323 44.6714
18.6744 -24.9603 45.1384

19.9734 -27.9803 43.1784
17.8424 -27.2663 40.0864
19.1154 -23.6683 39.9024
22.6994 -24.9253 40.2404
22.0674 -26.8513 36.9984
20.5254 -23.7973 35.2964
23.6104 -21.7953 36.4224
26.0334 -24.2813 34.7714
24.7974 -23.6193 31.1944
24.0804 -19.9433 32.0154

27.85 -19.5057 32.8692
29.7828 -16.4734 34.2525
30.2876 -13.8681 31.5908
26.7372 -14.7009 30.874
25.0887 -14.6101 34.346
27.144 -11.4087 34.2629
24.6645 -9.97739 31.6537

21.3701 -11.6207 32.8682
19.4262 -14.7102 33.6019
16.0012 -16.0225 32.3142

14.2742 -16.6215 28.8972

16.4402 -19.7655 28.6502
15.7042 -20.8315 32.2482
11.9912 -20.0225 31.7372
11.5492 -22.5245 28.8842
13.4102 -25.0995 31.0132
11.0452 -24.7975 34.0052
8.09824 -25.2415 31.6202

9.27124 -28.3485 29.7642
12.6172 -29.1025 28.1432

End chain 1
