14.376 13.393 -9.434
11.305 12.496 -7.337
11.151 9.258 -9.32

11.004 6.006 -7.338
14.52 4.519 -7.198
14.967 0.776 -7.832

15.638 0.429 -4.087
12.514 2.285 -2.905
10.556 -0.102 -5.156
12.221 -3.075 -3.436
11.74 -1.711 0.112
7.991 -1.522 -0.555
8.139 -4.957 -2.2
9.527 -6.582 0.974
6.846 -4.901 3.105
4.21 -5.895 0.525
5.202 -9.589 0.585
5.112 -9.741 4.412
1.285 -9.811 3.999

1.012 -11.657 0.647
-0.051 -15.058 2.058
-1.977 -15.785 -1.16
1.187 -16.059 -3.293
-0.922 -13.94 -5.681
1.285 -10.852 -5.276
-1.689 -9.009 -3.672

-2.915 -8.068 -0.165
-6.302 -7.233 1.393
-7.428 -3.732 2.358

-7.469 -4.807 6.028
-3.672 -5.269 5.793
-3.13 -1.916 4.045
-2.604 0.156 7.219
-0.433 -2.7 8.539
1.967 -2.564 5.569
2.121 1.243 5.732
2.836 0.996 9.476
5.725 -1.371 8.686
7.397 1.46 6.732

6.862 3.75 9.759
3.84 5.572 8.229
0.705 6.206 10.37
-2.191 7.511 8.235
-5.494 7.975 10.111
-8.327 5.514 9.467

-10.202 8.1 7.376
-7.089 8.768 5.267
-6.967 5.013 4.625
-10.723 4.657 3.976
-10.494 7.56 1.505
-7.848 5.96 -0.715
-9.658 2.627 -0.363
-12.899 4.138 -1.689
-10.989 5.097 -4.873
-8.972 1.872 -5.183
-11.976 -0.197 -4.162
-13.395 0.681 -7.557

-10.2586 0.125868 -9.5367
-6.9082 0.646162 -11.1105
-4.56072 1.13222 -8.08066
-2.78194 -1.62256 -10.0872
-0.379497 -0.412365 -12.819

-2.47175 0.448234 -15.7644
-5.3913 2.20544 -17.3205
-4.98117 5.99442 -17.3914

-5.17817 8.30742 -20.4764
-8.12717 10.1914 -18.9374
-6.17117 10.1404 -15.6634
-3.34017 11.9764 -17.4524
-5.95617 14.5644 -18.4734
-6.86217 15.1384 -14.8034
-3.29617 15.9094 -13.6464
-2.75317 18.1204 -16.7124
-5.81117 20.2054 -15.7564
-4.22917 20.8674 -12.3524
-0.548172 21.2274 -13.4164

-0.759172 23.0884 -16.7524
-0.663172 26.8864 -16.7874
0.194828 26.4694 -13.0774
3.06383 23.9444 -13.2044
4.74383 23.2094 -9.88238

7.84883 24.7124 -11.3994
6.26983 28.1704 -10.9554
6.06783 27.4434 -7.21138
9.72983 26.4844 -6.74138
11.0248 29.2124 -9.08738
8.97483 31.8494 -7.23738
10.5488 30.5324 -4.02238
14.0438 30.7144 -5.43638
12.9718 34.2724 -6.31338
12.3268 35.0054 -2.62038
15.9758 33.9454 -2.31638
17.3388 36.1414 -5.12638

17.7618 39.2224 -2.88938
20.1018 40.6564 -5.54138
17.6508 40.1244 -8.43138
20.7298 38.6644 -10.1824
19.3688 35.1084 -10.7474
22.1268 33.5414 -8.59838
22.3868 32.6154 -4.88238
24.9348 30.7234 -2.74038
24.4418 26.9104 -2.77838

23.4758 27.2694 0.895619
20.6118 29.6494 0.150619
19.7298 27.1564 -2.61438
19.6788 24.0554 -0.432381
17.7508 26.2154 2.04062
15.1518 27.2304 -0.591381
14.5198 23.5004 -1.03338
14.2568 22.7604 2.73762
12.2328 25.8244 3.86062
9.69483 24.9984 1.13962

8.72083 21.9724 3.22562
9.44583 19.4414 0.457619
9.85083 15.7504 1.47762
13.4338 16.0754 0.266619
16.1868 14.1644 2.11862
19.6888 15.6364 2.58562

20.9878 12.6164 0.625619
18.8568 13.3304 -2.46638
20.1298 16.9284 -2.65038
23.7138 15.6714 -2.31238
23.0818 13.7454 -5.55438
21.5398 16.7994 -7.25638
24.6248 18.8014 -6.13038
27.0478 16.3154 -7.78138
25.8118 16.9774 -11.3584
25.0948 20.6534 -10.5374

28.7528 21.7154 -10.5964
28.1908 23.7914 -7.45938
31.9078 24.4404 -7.24438
34.2478 25.8574 -9.85038
32.5568 29.1844 -8.92538
30.6818 29.5204 -5.60838
27.1418 30.5814 -6.62538

24.6498 28.6884 -8.84438
21.3468 29.5714 -10.5334
18.2148 27.5794 -9.58638

16.4878 26.9804 -13.0034

18.6538 23.8364 -13.2504
17.9178 22.7704 -9.65238
14.2048 23.5794 -10.1634
13.7628 21.0774 -13.0164
15.6238 18.5024 -10.8874
13.2588 18.8044 -7.89538
10.3118 18.3604 -10.2804

11.4848 15.2534 -12.1364
14.8308 14.4994 -13.7574

End chain 1
