14.376 13.393 -9.434
11.305 12.496 -7.337
11.151 9.258 -9.32

11.004 6.006 -7.338
14.52 4.519 -7.198
14.967 0.776 -7.832

15.638 0.429 -4.087
12.514 2.285 -2.905
10.556 -0.102 -5.156
12.221 -3.075 -3.436
11.74 -1.711 0.112
7.991 -1.522 -0.555
8.139 -4.957 -2.2
9.527 -6.582 0.974
6.846 -4.901 3.105
4.21 -5.895 0.525
5.202 -9.589 0.585
5.112 -9.741 4.412
1.285 -9.811 3.999

1.012 -11.657 0.647
-0.051 -15.058 2.058
-1.977 -15.785 -1.16
1.187 -16.059 -3.293
-0.922 -13.94 -5.681
1.285 -10.852 -5.276
-1.689 -9.009 -3.672

-2.915 -8.068 -0.165
-6.302 -7.233 1.393
-7.428 -3.732 2.358

-7.469 -4.807 6.028
-3.672 -5.269 5.793
-3.13 -1.916 4.045
-2.604 0.156 7.219
-0.433 -2.7 8.539
1.967 -2.564 5.569
2.121 1.243 5.732
2.836 0.996 9.476
5.725 -1.371 8.686
7.397 1.46 6.732

6.862 3.75 9.759
3.84 5.572 8.229
0.705 6.206 10.37
-2.191 7.511 8.235
-5.494 7.975 10.111
-8.327 5.514 9.467

-10.202 8.1 7.376
-7.089 8.768 5.267
-6.967 5.013 4.625
-10.723 4.657 3.976
-10.494 7.56 1.505
-7.848 5.96 -0.715
-9.658 2.627 -0.363
-12.899 4.138 -1.689
-10.989 5.097 -4.873
-8.972 1.872 -5.183
-11.976 -0.197 -4.162
-13.395 0.681 -7.557

-10.3908 -0.928671 -9.43874
-10.9522 -1.22613 -13.2498
-11.1138 1.02407 -16.2667
-11.251 3.16908 -19.2881
-7.67554 1.83652 -18.7922

-4.79554 -0.275015 -17.5793
-2.58164 2.70964 -17.2728
0.59805 4.58559 -18.3014

0.40105 6.89859 -21.3864
-2.54795 8.78259 -19.8474
-0.59195 8.73159 -16.5734
2.23905 10.5676 -18.3624
-0.37695 13.1556 -19.3834
-1.28295 13.7296 -15.7134
2.28305 14.5006 -14.5564
2.82605 16.7116 -17.6224
-0.23195 18.7966 -16.6664
1.35005 19.4586 -13.2624
5.03105 19.8186 -14.3264

3.60803 22.1289 -17.1092
1.05335 24.1555 -19.0269
0.302598 26.1905 -22.0696
2.72055 28.9307 -22.9707
2.07786 32.345 -21.3746

2.24246 35.7425 -19.6798
4.91662 34.5199 -17.2721
7.00224 33.1433 -20.1353
6.76743 36.4364 -22.0177
7.86678 38.3829 -18.9443
10.8579 36.0924 -18.4443
11.9069 36.51 -22.0731
11.6883 40.2944 -21.8018
13.819 40.2888 -18.6549
16.4625 38.1343 -20.3321
16.5918 40.4603 -23.3348
17.0163 43.4955 -21.0875

17.4393 46.5765 -18.8505
19.7793 48.0105 -21.5025
17.3283 47.4785 -24.3925
20.4073 46.0185 -26.1435
19.0463 42.4625 -26.7085
21.8043 40.8955 -24.5595
22.0643 39.9695 -20.8435
24.6123 38.0775 -18.7015
24.1193 34.2645 -18.7395

23.1533 34.6235 -15.0655
20.2893 37.0035 -15.8105
19.4073 34.5105 -18.5755
19.3563 31.4095 -16.3935
17.4283 33.5695 -13.9205
14.8293 34.5845 -16.5525
14.1973 30.8545 -16.9945
13.9343 30.1145 -13.2235
11.9103 33.1785 -12.1005
9.3723 32.3525 -14.8215

8.3983 29.3265 -12.7355
9.1233 26.7955 -15.5035
9.5283 23.1045 -14.4835
13.1113 23.4295 -15.6945
15.8643 21.5185 -13.8425
19.3663 22.9905 -13.3755

20.6653 19.9705 -15.3355
18.5343 20.6845 -18.4275
19.8073 24.2825 -18.6115
23.3913 23.0255 -18.2735
22.7593 21.0995 -21.5155
21.2173 24.1535 -23.2175
24.3023 26.1555 -22.0915
26.7253 23.6695 -23.7425
25.4893 24.3315 -27.3195
24.7723 28.0075 -26.4985

28.4303 29.0695 -26.5575
27.8683 31.1455 -23.4205
31.5853 31.7945 -23.2055
33.9253 33.2115 -25.8115
32.2343 36.5385 -24.8865
30.3593 36.8745 -21.5695
26.8193 37.9355 -22.5865

24.3273 36.0425 -24.8055
21.0243 36.9255 -26.4945
17.8923 34.9335 -25.5475

16.1653 34.3345 -28.9645

18.3313 31.1905 -29.2115
17.5953 30.1245 -25.6135
13.8823 30.9335 -26.1245
13.4403 28.4315 -28.9775
15.3013 25.8565 -26.8485
12.9363 26.1585 -23.8565
9.9893 25.7145 -26.2415

11.1623 22.6075 -28.0975
14.5083 21.8535 -29.7185

End chain 1
