14.376 13.393 -9.434
11.305 12.496 -7.337
11.151 9.258 -9.32

11.004 6.006 -7.338
14.52 4.519 -7.198
14.967 0.776 -7.832

15.638 0.429 -4.087
12.514 2.285 -2.905
10.556 -0.102 -5.156
12.221 -3.075 -3.436
11.74 -1.711 0.112
7.991 -1.522 -0.555
8.139 -4.957 -2.2
9.527 -6.582 0.974
6.846 -4.901 3.105
4.21 -5.895 0.525
5.202 -9.589 0.585
5.112 -9.741 4.412
1.285 -9.811 3.999

1.012 -11.657 0.647
-0.051 -15.058 2.058
-1.977 -15.785 -1.16
1.187 -16.059 -3.293
-0.922 -13.94 -5.681
1.285 -10.852 -5.276
-1.689 -9.009 -3.672

-2.915 -8.068 -0.165
-6.302 -7.233 1.393
-7.428 -3.732 2.358

-7.469 -4.807 6.028
-3.672 -5.269 5.793
-3.13 -1.916 4.045
-2.604 0.156 7.219
-0.433 -2.7 8.539
1.967 -2.564 5.569
2.121 1.243 5.732
2.836 0.996 9.476
5.725 -1.371 8.686
7.397 1.46 6.732

7.10339 4.19821 9.28744
8.25052 7.75548 9.71582
11.5999 9.56316 10.1437
11.9646 9.03573 13.9788
14.3114 8.74592 16.8303
13.3491 5.43654 18.1929

16.9721 4.40078 17.6992
16.7551 1.91958 20.5696
13.5864 0.388839 19.1347
15.2062 -0.00187881 15.7191
18.239 -1.70938 17.2453
16.0293 -4.13378 19.1642
14.0912 -5.01103 16.0151
17.3083 -5.66854 14.1018
18.5973 -7.94381 16.8595
15.3505 -9.91897 16.8803
15.4895 -10.3728 13.1097
19.0762 -11.6156 13.2942

20.7448 -13.953 10.8747
23.9024 -14.9668 9.04786
22.8498 -17.481 6.477
19.9189 -15.0097 5.80706
21.0638 -13.2159 2.70176

22.1107 -10.969 -0.22835
24.8404 -8.69384 0.905396
27.7286 -7.06054 2.893

27.5316 -4.74754 -0.192001
24.5826 -2.86354 1.347
26.5386 -2.91454 4.621
29.3696 -1.07854 2.832
26.7536 1.50946 1.811
25.8476 2.08346 5.481
29.4136 2.85446 6.638
29.9566 5.06546 3.572
26.8986 7.15046 4.528
28.4806 7.81246 7.932
32.1616 8.17246 6.868

30.6619 10.861 4.59598
29.3248 13.9905 3.05302
27.0615 16.1673 0.762607
28.3871 19.4265 -0.635871
29.7898 22.2296 1.37314

31.7275 25.2156 2.70428
33.5073 23.0423 5.26401
34.4836 20.5241 2.59038
35.8761 23.276 0.369826
37.9383 24.6794 3.23704
39.3691 21.246 4.0163
40.3332 20.7153 0.378725
42.0785 24.0887 0.248391
44.0397 23.3048 3.40789
45.1501 19.9527 2.00301
46.3182 21.5832 -1.22501
48.3184 24.1807 0.697193

48.7414 27.2617 2.93419
51.0814 28.6957 0.282193
48.6304 28.1637 -2.60781
51.7094 26.7037 -4.35881
50.3484 23.1477 -4.92381
53.1064 21.5807 -2.77481
53.3664 20.6547 0.941193
55.9144 18.7627 3.08319
55.4214 14.9497 3.04519

54.4554 15.3087 6.71919
51.5914 17.6887 5.97419
50.7094 15.1957 3.20919
50.6584 12.0947 5.39119
48.7304 14.2547 7.86419
46.1314 15.2697 5.23219
45.4994 11.5397 4.79019
45.2364 10.7997 8.56119
43.2124 13.8637 9.68419
40.6744 13.0377 6.96319

39.7004 10.0117 9.04919
40.4254 7.48074 6.28119
40.8304 3.78974 7.30119
44.4134 4.11474 6.09019
47.1664 2.20374 7.94219
50.6684 3.67574 8.40919

51.9674 0.655736 6.44919
49.8364 1.36974 3.35719
51.1094 4.96774 3.17319
54.6934 3.71074 3.51119
54.0614 1.78474 0.269193
52.5194 4.83874 -1.43281
55.6044 6.84074 -0.306807
58.0274 4.35474 -1.95781
56.7914 5.01674 -5.53481
56.0744 8.69274 -4.71381

59.7324 9.75474 -4.77281
59.1704 11.8307 -1.63581
62.8874 12.4797 -1.42081
65.2274 13.8967 -4.02681
63.5364 17.2237 -3.10181
61.6614 17.5597 0.215193
58.1214 18.6207 -0.801807

55.6294 16.7277 -3.02081
52.3264 17.6107 -4.70981
49.1944 15.6187 -3.76281

47.4674 15.0197 -7.17981

49.6334 11.8757 -7.42681
48.8974 10.8097 -3.82881
45.1844 11.6187 -4.33981
44.7424 9.11674 -7.19281
46.6034 6.54174 -5.06381
44.2384 6.84374 -2.07181
41.2914 6.39974 -4.45681

42.4644 3.29274 -6.31281
45.8104 2.53874 -7.93381

End chain 1
