14.376 13.393 -9.434
11.305 12.496 -7.337
11.151 9.258 -9.32

11.004 6.006 -7.338
14.52 4.519 -7.198
14.967 0.776 -7.832

15.638 0.429 -4.087
12.514 2.285 -2.905
10.556 -0.102 -5.156
12.221 -3.075 -3.436
11.74 -1.711 0.112
7.991 -1.522 -0.555
8.139 -4.957 -2.2
9.527 -6.582 0.974
6.846 -4.901 3.105
4.21 -5.895 0.525
5.202 -9.589 0.585
5.112 -9.741 4.412
1.285 -9.811 3.999

1.012 -11.657 0.647
-0.051 -15.058 2.058
-1.977 -15.785 -1.16
1.187 -16.059 -3.293
-0.922 -13.94 -5.681
1.285 -10.852 -5.276
-1.689 -9.009 -3.672

-2.915 -8.068 -0.165
-6.302 -7.233 1.393
-7.428 -3.732 2.358

-7.469 -4.807 6.028
-3.672 -5.269 5.793
-3.13 -1.916 4.045
-2.604 0.156 7.219
-0.433 -2.7 8.539
1.967 -2.564 5.569
2.121 1.243 5.732
2.836 0.996 9.476
5.725 -1.371 8.686
7.397 1.46 6.732

7.10339 4.19821 9.28744
8.25052 7.75548 9.71582
11.5999 9.56316 10.1437
11.9646 9.03573 13.9788
14.3114 8.74592 16.8303
13.3491 5.43654 18.1929

16.9721 4.40078 17.6992
16.7551 1.91958 20.5696
13.5864 0.388839 19.1347
15.2062 -0.00187881 15.7191
18.239 -1.70938 17.2453
16.0293 -4.13378 19.1642
14.0912 -5.01103 16.0151
17.3083 -5.66854 14.1018
18.5973 -7.94381 16.8595
15.3505 -9.91897 16.8803
15.4895 -10.3728 13.1097
19.0762 -11.6156 13.2942

18.929 -13.7422 16.5409
17.6153 -14.6268 20.0916
16.6345 -14.9065 23.7451
12.9087 -15.4627 23.0718
9.15871 -15.3409 22.2225

9.32398 -13.9498 25.6945
10.8011 -12.763 29.094
13.9857 -10.6752 28.3834

13.7887 -8.36216 25.2984
10.8397 -6.47816 26.8374
12.7957 -6.52916 30.1114
15.6267 -4.69316 28.3224
13.0107 -2.10516 27.3014
12.1047 -1.53116 30.9714
15.6707 -0.760162 32.1284
16.2137 1.45084 29.0624
13.1557 3.53584 30.0184
14.7377 4.19784 33.4224
18.4187 4.55784 32.3584

16.6853 6.40063 29.551
15.0201 8.32351 26.743
16.9355 11.4738 25.6821
14.1715 13.8747 26.3303
13.4551 14.1971 30.0911

16.4254 15.682 31.9391
16.595 12.6865 34.2717
16.5349 10.2744 31.3356
19.3493 12.1552 29.608
21.4698 12.0731 32.7607
20.9387 8.32886 33.1367
21.9536 7.72424 29.5246
25.1233 9.77296 29.9708
26.0546 7.82942 33.101
25.5504 4.5154 31.3105
27.7458 5.63402 28.4171
30.5093 6.69877 30.7988

30.9323 9.77977 33.0358
33.2723 11.2138 30.3838
30.8213 10.6818 27.4938
33.9003 9.22177 25.7428
32.5393 5.66577 25.1778
35.2973 4.09877 27.3268
35.5573 3.17277 31.0428
38.1053 1.28077 33.1848
37.6123 -2.53223 33.1468

36.6463 -2.17323 36.8208
33.7823 0.206765 36.0758
32.9003 -2.28623 33.3108
32.8493 -5.38723 35.4928
30.9213 -3.22723 37.9658
28.3223 -2.21223 35.3338
27.6903 -5.94223 34.8918
27.4273 -6.68223 38.6628
25.4033 -3.61823 39.7858
22.8653 -4.44423 37.0648

21.8913 -7.47023 39.1508
22.6163 -10.0012 36.3828
23.0213 -13.6922 37.4028
26.6043 -13.3672 36.1918
29.3573 -15.2782 38.0438
32.8593 -13.8062 38.5108

34.1583 -16.8262 36.5508
32.0273 -16.1122 33.4588
33.3003 -12.5142 33.2748
36.8843 -13.7712 33.6128
36.2523 -15.6972 30.3708
34.7103 -12.6432 28.6688
37.7953 -10.6412 29.7948
40.2183 -13.1272 28.1438
38.9823 -12.4652 24.5668
38.2653 -8.78923 25.3878

42.0348 -8.35163 26.2416
43.9676 -5.31935 27.6248
44.4725 -2.71405 24.9632
40.9221 -3.54685 24.2463
39.2735 -3.45604 27.7183
41.3288 -0.254649 27.6353
38.8494 1.17666 25.0261

35.555 -0.466662 26.2406
33.6111 -3.55609 26.9742
30.1861 -4.8684 25.6866

28.4591 -5.4674 22.2696

30.6251 -8.6114 22.0226
29.8891 -9.6774 25.6206
26.1761 -8.8684 25.1096
25.7341 -11.3704 22.2566
27.5951 -13.9454 24.3856
25.2301 -13.6434 27.3776
22.2831 -14.0874 24.9926

23.4561 -17.1944 23.1366
26.8021 -17.9484 21.5156

End chain 1
