14.376 13.393 -9.434
11.305 12.496 -7.337
11.151 9.258 -9.32

11.004 6.006 -7.338
14.52 4.519 -7.198
14.967 0.776 -7.832

15.638 0.429 -4.087
12.514 2.285 -2.905
10.556 -0.102 -5.156
12.221 -3.075 -3.436
11.74 -1.711 0.112
7.991 -1.522 -0.555
8.139 -4.957 -2.2
9.527 -6.582 0.974
6.846 -4.901 3.105
4.21 -5.895 0.525
5.202 -9.589 0.585
5.112 -9.741 4.412
1.285 -9.811 3.999

0.824391 -12.6807 1.6062
-1.17302 -11.4655 -1.30055
-3.07858 -10.316 -4.25831
-5.72016 -7.60407 -4.94421
-9.24378 -8.87866 -4.37473
-7.63019 -7.64238 -1.13451
-4.32542 -5.82062 -0.452455

-6.47155 -2.62651 -0.40679
-7.42461 0.771975 0.997443
-9.20326 4.09516 1.24952

-9.24426 3.02016 4.91952
-5.44726 2.55816 4.68452
-4.90526 5.91116 2.93652
-4.37926 7.98316 6.11052
-2.20826 5.12716 7.43052
0.191737 5.26316 4.46052
0.345737 9.07016 4.62352
1.06074 8.82316 8.36752
3.94974 6.45616 7.57752
5.62174 9.28716 5.62352

4.805 11.9431 8.34179
6.92928 12.397 11.5145
4.8425 10.2538 13.9416
2.57604 9.54604 16.9721
3.0368 6.40987 19.2184
3.27773 3.47714 21.6879

6.26418 1.16686 22.1199
4.52147 -0.720996 24.9202
1.39963 -1.17642 22.8013
3.45013 -2.51456 19.8948
5.21768 -5.00148 22.1606
1.90384 -6.23654 23.552
0.50576 -6.72509 20.0521
3.57348 -8.70538 18.9983
3.29041 -10.9528 22.0498
-0.381727 -11.6227 21.336
0.385956 -12.5323 17.7268
3.11603 -14.9425 18.8133

1.20118 -16.8173 21.5656
-0.838044 -18.1669 24.5151
-1.92499 -21.5269 26.03
-5.01242 -19.7651 24.7354
-7.7429 -17.7924 26.4404

-5.53976 -17.5232 29.5267
-4.06881 -17.2316 33.04
-0.405264 -16.4573 33.6545

-0.602264 -14.1443 30.5695
-3.55126 -12.2603 32.1085
-1.59526 -12.3113 35.3825
1.23574 -10.4753 33.5935
-1.38026 -7.88731 32.5725
-2.28626 -7.31331 36.2425
1.27974 -6.54231 37.3995
1.82274 -4.33131 34.3335
-1.23526 -2.24631 35.2895
0.346736 -1.58431 38.6935
4.02774 -1.22431 37.6295

2.29435 0.618477 34.8221
0.629099 2.54136 32.0141
2.54449 5.69162 30.9532
-0.219451 8.09256 31.6014
-0.935917 8.41499 35.3622

2.03439 9.89988 37.2103
2.20405 6.90437 39.5429
2.14395 4.49222 36.6068
4.95833 6.37301 34.8791
7.0788 6.29097 38.0318
6.54776 2.54671 38.4079
7.56267 1.94209 34.7958
10.7323 3.99081 35.2419
11.6636 2.04728 38.3721
11.1594 -1.26675 36.5816
13.3549 -0.148124 33.6882
16.1183 0.916616 36.07

16.5413 3.99762 38.307
18.8813 5.43162 35.655
16.4303 4.89962 32.765
19.5093 3.43962 31.014
18.1483 -0.116384 30.449
20.9063 -1.68338 32.598
21.1663 -2.60938 36.314
23.7143 -4.50138 38.456
23.2213 -8.31438 38.418

22.2553 -7.95538 42.092
19.3913 -5.57538 41.347
18.5093 -8.06838 38.582
18.4583 -11.1694 40.764
16.5303 -9.00938 43.237
13.9313 -7.99438 40.605
13.2993 -11.7244 40.163
13.0363 -12.4644 43.934
11.0123 -9.40038 45.057
8.4743 -10.2264 42.336

7.5003 -13.2524 44.422
8.2253 -15.7834 41.654
8.6303 -19.4744 42.674
12.2133 -19.1494 41.463
14.9663 -21.0604 43.315
18.4683 -19.5884 43.782

19.7673 -22.6084 41.822
17.6363 -21.8944 38.73
18.9093 -18.2964 38.546
22.4933 -19.5534 38.884
21.8613 -21.4794 35.642
20.3193 -18.4254 33.94
23.4043 -16.4234 35.066
25.8273 -18.9094 33.415
24.5913 -18.2474 29.838
23.8743 -14.5714 30.659

27.6438 -14.1338 31.5127
29.5766 -11.1015 32.896
30.0815 -8.4962 30.2343
26.5311 -9.32899 29.5175
24.8825 -9.23819 32.9895
26.9378 -6.0368 32.9064
24.4584 -4.60549 30.2972

21.164 -6.24881 31.5117
19.2201 -9.33824 32.2454
15.7951 -10.6505 30.9578

14.0681 -11.2495 27.5408

16.2341 -14.3935 27.2938
15.4981 -15.4595 30.8918
11.7851 -14.6505 30.3808
11.3431 -17.1525 27.5278
13.2041 -19.7275 29.6568
10.8391 -19.4255 32.6488
7.89212 -19.8695 30.2638

9.06512 -22.9765 28.4078
12.4111 -23.7305 26.7868

End chain 1
