14.376 13.393 -9.434
11.305 12.496 -7.337
11.151 9.258 -9.32

11.004 6.006 -7.338
14.52 4.519 -7.198
14.967 0.776 -7.832

15.638 0.429 -4.087
12.514 2.285 -2.905
10.556 -0.102 -5.156
12.221 -3.075 -3.436
11.74 -1.711 0.112
7.991 -1.522 -0.555
8.139 -4.957 -2.2
9.527 -6.582 0.974
6.846 -4.901 3.105
4.21 -5.895 0.525
5.202 -9.589 0.585
5.112 -9.741 4.412
1.285 -9.811 3.999

0.824391 -12.6807 1.6062
-1.17302 -11.4655 -1.30055
-3.07858 -10.316 -4.25831
-5.72016 -7.60407 -4.94421
-9.24378 -8.87866 -4.37473
-7.63019 -7.64238 -1.13451
-4.32542 -5.82062 -0.452455

-6.47155 -2.62651 -0.40679
-7.42461 0.771975 0.997443
-9.20326 4.09516 1.24952

-9.24426 3.02016 4.91952
-5.44726 2.55816 4.68452
-4.90526 5.91116 2.93652
-4.37926 7.98316 6.11052
-2.20826 5.12716 7.43052
0.191737 5.26316 4.46052
0.345737 9.07016 4.62352
1.06074 8.82316 8.36752
3.94974 6.45616 7.57752
5.62174 9.28716 5.62352

4.805 11.9431 8.34179
6.92928 12.397 11.5145
4.8425 10.2538 13.9416
2.57604 9.54604 16.9721
3.0368 6.40987 19.2184
3.27773 3.47714 21.6879

6.26418 1.16686 22.1199
4.52147 -0.720996 24.9202
1.39963 -1.17642 22.8013
3.45013 -2.51456 19.8948
5.21768 -5.00148 22.1606
1.90384 -6.23654 23.552
0.50576 -6.72509 20.0521
3.57348 -8.70538 18.9983
3.29041 -10.9528 22.0498
-0.381727 -11.6227 21.336
0.385956 -12.5323 17.7268
3.11603 -14.9425 18.8133

1.20118 -16.8173 21.5656
-0.838044 -18.1669 24.5151
-1.92499 -21.5269 26.03
-5.01242 -19.7651 24.7354
-7.7429 -17.7924 26.4404

-5.53976 -17.5232 29.5267
-4.06881 -17.2316 33.04
-0.405264 -16.4573 33.6545

-0.602264 -14.1443 30.5695
-3.55126 -12.2603 32.1085
-1.59526 -12.3113 35.3825
1.23574 -10.4753 33.5935
-1.38026 -7.88731 32.5725
-2.28626 -7.31331 36.2425
1.27974 -6.54231 37.3995
1.82274 -4.33131 34.3335
-1.23526 -2.24631 35.2895
0.346736 -1.58431 38.6935
4.02774 -1.22431 37.6295

2.38913 1.34262 35.4822
0.696103 4.07492 33.2944
-0.462474 7.60765 33.3825
-3.7047 7.98396 35.3117
-3.5757 9.07352 39.0199

-0.771582 11.5151 39.8063
0.577549 9.23752 42.5331
0.560669 6.25173 40.182
2.43773 8.21267 37.5223
5.07221 9.29227 40.0396
5.56936 5.70834 41.202
5.99589 4.50431 37.6227
8.58244 7.19906 36.922
10.5455 6.26109 40.038
10.5489 2.59167 39.049
11.8055 3.43268 35.5623
14.6191 5.55578 36.9833

15.0421 8.63678 39.2203
17.3821 10.0708 36.5683
14.9311 9.53878 33.6783
18.0101 8.07878 31.9273
16.6491 4.52278 31.3623
19.4071 2.95578 33.5113
19.6671 2.02978 37.2273
22.2151 0.137777 39.3693
21.7221 -3.67522 39.3313

20.7561 -3.31622 43.0053
17.8921 -0.936223 42.2603
17.0101 -3.42922 39.4953
16.9591 -6.53022 41.6773
15.0311 -4.37022 44.1503
12.4321 -3.35522 41.5183
11.8001 -7.08522 41.0763
11.5371 -7.82522 44.8473
9.51309 -4.76122 45.9703
6.97509 -5.58722 43.2493

6.00109 -8.61322 45.3353
6.72609 -11.1442 42.5673
7.13109 -14.8352 43.5873
10.7141 -14.5102 42.3763
13.4671 -16.4212 44.2283
16.9691 -14.9492 44.6953

18.2681 -17.9692 42.7353
16.1371 -17.2552 39.6433
17.4101 -13.6572 39.4593
20.9941 -14.9142 39.7973
20.3621 -16.8402 36.5553
18.8201 -13.7862 34.8533
21.9051 -11.7842 35.9793
24.3281 -14.2702 34.3283
23.0921 -13.6082 30.7513
22.3751 -9.93222 31.5723

26.1446 -9.49462 32.4261
28.0774 -6.46234 33.8093
28.5823 -3.85704 31.1477
25.0319 -4.68983 30.4308
23.3833 -4.59903 33.9028
25.4386 -1.39764 33.8198
22.9592 0.0336748 31.2106

19.6648 -1.60965 32.4251
17.7209 -4.69908 33.1587
14.2959 -6.01138 31.8711

12.5689 -6.61038 28.4541

14.7349 -9.75438 28.2071
13.9989 -10.8204 31.8051
10.2859 -10.0114 31.2941
9.84391 -12.5134 28.4411
11.7049 -15.0884 30.5701
9.33991 -14.7864 33.5621
6.39291 -15.2304 31.1771

7.56591 -18.3374 29.3211
10.9119 -19.0914 27.7001

End chain 1
