14.376 13.393 -9.434
11.305 12.496 -7.337
11.151 9.258 -9.32

11.004 6.006 -7.338
14.52 4.519 -7.198
14.967 0.776 -7.832

15.638 0.429 -4.087
12.514 2.285 -2.905
10.556 -0.102 -5.156
12.221 -3.075 -3.436
11.74 -1.711 0.112
7.991 -1.522 -0.555
8.139 -4.957 -2.2
9.527 -6.582 0.974
6.846 -4.901 3.105
4.21 -5.895 0.525
5.202 -9.589 0.585
5.112 -9.741 4.412
1.285 -9.811 3.999

1.012 -11.657 0.647
-0.051 -15.058 2.058
-1.977 -15.785 -1.16
1.187 -16.059 -3.293
-0.922 -13.94 -5.681
1.285 -10.852 -5.276
-1.689 -9.009 -3.672

-2.915 -8.068 -0.165
-6.302 -7.233 1.393
-7.428 -3.732 2.358

-7.469 -4.807 6.028
-3.672 -5.269 5.793
-3.13 -1.916 4.045
-2.604 0.156 7.219
-0.433 -2.7 8.539
1.967 -2.564 5.569
2.121 1.243 5.732
2.836 0.996 9.476
5.725 -1.371 8.686
7.397 1.46 6.732

7.10339 4.19821 9.28744
8.25052 7.75548 9.71582
11.5999 9.56316 10.1437
11.9646 9.03573 13.9788
14.3114 8.74592 16.8303
13.3491 5.43654 18.1929

16.9721 4.40078 17.6992
16.7551 1.91958 20.5696
13.5864 0.388839 19.1347
15.2062 -0.00187881 15.7191
18.239 -1.70938 17.2453
16.0293 -4.13378 19.1642
14.0912 -5.01103 16.0151
17.3083 -5.66854 14.1018
18.5973 -7.94381 16.8595
15.3505 -9.91897 16.8803
15.4895 -10.3728 13.1097
19.0762 -11.6156 13.2942

20.7448 -13.953 10.8747
23.9024 -14.9668 9.04786
22.8498 -17.481 6.477
19.9189 -15.0097 5.80706
21.0638 -13.2159 2.70176

22.1107 -10.969 -0.22835
24.8404 -8.69384 0.905396
27.7286 -7.06054 2.893

27.5316 -4.74754 -0.192001
24.5826 -2.86354 1.347
26.5386 -2.91454 4.621
29.3696 -1.07854 2.832
26.7536 1.50946 1.811
25.8476 2.08346 5.481
29.4136 2.85446 6.638
29.9566 5.06546 3.572
26.8986 7.15046 4.528
28.4806 7.81246 7.932
32.1616 8.17246 6.868

30.7386 10.4828 4.08523
28.1839 12.5094 2.16749
27.4331 14.5444 -0.875217
29.8511 17.2846 -1.77631
29.2084 20.6989 -0.180176

29.373 24.0964 1.51463
32.0472 22.8738 3.92231
34.1328 21.4972 1.05908
33.898 24.7903 -0.82328
34.9973 26.7368 2.25007
37.9884 24.4463 2.75011
39.0374 24.8639 -0.878666
38.8188 28.6483 -0.607394
40.9495 28.6427 2.53947
43.593 26.4882 0.862253
43.7224 28.8142 -2.1404
44.1468 31.8493 0.106928

44.5698 34.9303 2.34393
46.9098 36.3643 -0.308072
44.4588 35.8323 -3.19807
47.5378 34.3723 -4.94907
46.1768 30.8163 -5.51407
48.9348 29.2493 -3.36507
49.1948 28.3233 0.350928
51.7428 26.4313 2.49293
51.2498 22.6183 2.45493

50.2838 22.9773 6.12893
47.4198 25.3573 5.38393
46.5378 22.8643 2.61893
46.4868 19.7633 4.80093
44.5588 21.9233 7.27393
41.9598 22.9383 4.64193
41.3278 19.2083 4.19993
41.0648 18.4683 7.97093
39.0408 21.5323 9.09393
36.5028 20.7063 6.37293

35.5288 17.6803 8.45893
36.2538 15.1493 5.69093
36.6588 11.4583 6.71093
40.2418 11.7833 5.49993
42.9948 9.87234 7.35193
46.4968 11.3443 7.81893

47.7958 8.32434 5.85893
45.6648 9.03834 2.76693
46.9378 12.6363 2.58293
50.5218 11.3793 2.92093
49.8898 9.45334 -0.321072
48.3478 12.5073 -2.02307
51.4328 14.5093 -0.897072
53.8558 12.0233 -2.54807
52.6198 12.6853 -6.12507
51.9028 16.3613 -5.30407

55.5608 17.4233 -5.36307
54.9988 19.4993 -2.22607
58.7158 20.1483 -2.01107
61.0558 21.5653 -4.61707
59.3648 24.8923 -3.69207
57.4898 25.2283 -0.375072
53.9498 26.2893 -1.39207

51.4578 24.3963 -3.61107
48.1548 25.2793 -5.30007
45.0228 23.2873 -4.35307

43.2958 22.6883 -7.77007

45.4618 19.5443 -8.01707
44.7258 18.4783 -4.41907
41.0128 19.2873 -4.93007
40.5708 16.7853 -7.78307
42.4318 14.2103 -5.65407
40.0668 14.5123 -2.66207
37.1198 14.0683 -5.04707

38.2928 10.9613 -6.90307
41.6388 10.2073 -8.52407

End chain 1
