14.376 13.393 -9.434
11.305 12.496 -7.337
11.151 9.258 -9.32

11.004 6.006 -7.338
14.52 4.519 -7.198
14.967 0.776 -7.832

15.638 0.429 -4.087
12.514 2.285 -2.905
10.556 -0.102 -5.156
12.221 -3.075 -3.436
11.74 -1.711 0.112
7.991 -1.522 -0.555
8.139 -4.957 -2.2
9.527 -6.582 0.974
6.846 -4.901 3.105
4.21 -5.895 0.525
5.202 -9.589 0.585
5.112 -9.741 4.412
1.285 -9.811 3.999

1.012 -11.657 0.647
-0.051 -15.058 2.058
-1.977 -15.785 -1.16
1.187 -16.059 -3.293
-0.922 -13.94 -5.681
1.285 -10.852 -5.276
-1.689 -9.009 -3.672

-2.915 -8.068 -0.165
-6.302 -7.233 1.393
-7.428 -3.732 2.358

-7.469 -4.807 6.028
-3.672 -5.269 5.793
-3.13 -1.916 4.045
-2.604 0.156 7.219
-0.433 -2.7 8.539
1.967 -2.564 5.569
2.121 1.243 5.732
2.836 0.996 9.476
5.725 -1.371 8.686
7.397 1.46 6.732

7.10339 4.19821 9.28744
8.25052 7.75548 9.71582
11.5999 9.56316 10.1437
11.9646 9.03573 13.9788
14.3114 8.74592 16.8303
13.3491 5.43654 18.1929

16.9721 4.40078 17.6992
16.7551 1.91958 20.5696
13.5864 0.388839 19.1347
15.2062 -0.00187881 15.7191
18.239 -1.70938 17.2453
16.0293 -4.13378 19.1642
14.0912 -5.01103 16.0151
17.3083 -5.66854 14.1018
18.5973 -7.94381 16.8595
15.3505 -9.91897 16.8803
15.4895 -10.3728 13.1097
19.0762 -11.6156 13.2942

18.929 -13.7422 16.5409
17.6153 -14.6268 20.0916
16.6345 -14.9065 23.7451
12.9087 -15.4627 23.0718
9.15871 -15.3409 22.2225

9.32398 -13.9498 25.6945
10.8011 -12.763 29.094
13.9857 -10.6752 28.3834

13.7887 -8.36216 25.2984
10.8397 -6.47816 26.8374
12.7957 -6.52916 30.1114
15.6267 -4.69316 28.3224
13.0107 -2.10516 27.3014
12.1047 -1.53116 30.9714
15.6707 -0.760162 32.1284
16.2137 1.45084 29.0624
13.1557 3.53584 30.0184
14.7377 4.19784 33.4224
18.4187 4.55784 32.3584

16.9191 7.24641 30.0864
15.5819 10.3759 28.5434
13.3186 12.5527 26.253
14.6442 15.8118 24.8545
16.0469 18.615 26.8635

17.9846 21.601 28.1946
19.7644 19.4277 30.7544
20.7407 16.9095 28.0808
22.1332 19.6614 25.8602
24.1954 21.0648 28.7274
25.6263 17.6313 29.5067
26.5903 17.1007 25.8691
28.3357 20.4741 25.7388
30.2968 19.6901 28.8983
31.4072 16.3381 27.4934
32.5753 17.9686 24.2654
34.5755 20.5661 26.1876

34.9985 23.6471 28.4246
37.3385 25.0811 25.7726
34.8875 24.5491 22.8826
37.9665 23.0891 21.1316
36.6055 19.5331 20.5666
39.3635 17.9661 22.7156
39.6235 17.0401 26.4316
42.1715 15.1481 28.5736
41.6785 11.3351 28.5356

40.7125 11.6941 32.2096
37.8485 14.0741 31.4646
36.9665 11.5811 28.6996
36.9155 8.48012 30.8816
34.9875 10.6401 33.3546
32.3885 11.6551 30.7226
31.7565 7.92512 30.2806
31.4935 7.18512 34.0516
29.4695 10.2491 35.1746
26.9315 9.42312 32.4536

25.9575 6.39712 34.5396
26.6825 3.86612 31.7716
27.0875 0.175115 32.7916
30.6705 0.500115 31.5806
33.4235 -1.41088 33.4326
36.9255 0.061115 33.8996

38.2245 -2.95888 31.9396
36.0935 -2.24488 28.8476
37.3665 1.35312 28.6636
40.9505 0.096115 29.0016
40.3185 -1.82988 25.7596
38.7765 1.22412 24.0576
41.8615 3.22612 25.1836
44.2845 0.740115 23.5326
43.0485 1.40212 19.9556
42.3315 5.07812 20.7766

46.101 5.51572 21.6303
48.0338 8.548 23.0136
48.5387 11.1533 20.3519
44.9883 10.3205 19.6351
43.3397 10.4113 23.1071
45.395 13.6127 23.024
42.9156 15.044 20.4148

39.6212 13.4007 21.6293
37.6773 10.3113 22.363
34.2523 8.99895 21.0754

32.5253 8.39995 17.6584

34.6913 5.25595 17.4114
33.9553 4.18995 21.0094
30.2423 4.99895 20.4984
29.8003 2.49695 17.6454
31.6613 -0.0780454 19.7744
29.2963 0.223955 22.7664
26.3493 -0.220045 20.3814

27.5223 -3.32705 18.5254
30.8683 -4.08105 16.9044

End chain 1
