14.376 13.393 -9.434
11.305 12.496 -7.337
11.151 9.258 -9.32

11.004 6.006 -7.338
14.52 4.519 -7.198
14.967 0.776 -7.832

15.638 0.429 -4.087
12.514 2.285 -2.905
10.556 -0.102 -5.156
12.221 -3.075 -3.436
11.74 -1.711 0.112
7.991 -1.522 -0.555
8.139 -4.957 -2.2
9.527 -6.582 0.974
6.846 -4.901 3.105
4.21 -5.895 0.525
5.202 -9.589 0.585
5.112 -9.741 4.412
1.285 -9.811 3.999

0.824391 -12.6807 1.6062
-1.17302 -11.4655 -1.30055
-3.07858 -10.316 -4.25831
-5.72016 -7.60407 -4.94421
-9.24378 -8.87866 -4.37473
-7.63019 -7.64238 -1.13451
-4.32542 -5.82062 -0.452455

-6.47155 -2.62651 -0.40679
-7.42461 0.771975 0.997443
-9.20326 4.09516 1.24952

-9.24426 3.02016 4.91952
-5.44726 2.55816 4.68452
-4.90526 5.91116 2.93652
-4.37926 7.98316 6.11052
-2.20826 5.12716 7.43052
0.191737 5.26316 4.46052
0.345737 9.07016 4.62352
1.06074 8.82316 8.36752
3.94974 6.45616 7.57752
5.62174 9.28716 5.62352

4.805 11.9431 8.34179
6.92928 12.397 11.5145
4.8425 10.2538 13.9416
2.57604 9.54604 16.9721
3.0368 6.40987 19.2184
3.27773 3.47714 21.6879

6.26418 1.16686 22.1199
4.52147 -0.720996 24.9202
1.39963 -1.17642 22.8013
3.45013 -2.51456 19.8948
5.21768 -5.00148 22.1606
1.90384 -6.23654 23.552
0.50576 -6.72509 20.0521
3.57348 -8.70538 18.9983
3.29041 -10.9528 22.0498
-0.381727 -11.6227 21.336
0.385956 -12.5323 17.7268
3.11603 -14.9425 18.8133

2.96883 -17.0691 22.0601
1.65521 -17.9537 25.6108
0.674359 -18.2334 29.2642
-3.05145 -18.7896 28.591
-6.80141 -18.6677 27.7416

-6.63614 -17.2767 31.2136
-5.15898 -16.0899 34.6132
-1.97441 -14.0021 33.9025

-2.17141 -11.6891 30.8175
-5.12041 -9.80506 32.3565
-3.16441 -9.85606 35.6305
-0.333409 -8.02006 33.8415
-2.94941 -5.43206 32.8205
-3.85541 -4.85806 36.4905
-0.289409 -4.08706 37.6475
0.253591 -1.87606 34.5815
-2.80441 0.20894 35.5375
-1.22241 0.87094 38.9415
2.45859 1.23094 37.8775

0.725206 3.07373 35.0701
-0.940046 4.99661 32.2622
0.975341 8.14687 31.2013
-1.7886 10.5478 31.8494
-2.50506 10.8702 35.6102

0.465246 12.3551 37.4583
0.634906 9.35962 39.7909
0.574808 6.94747 36.8548
3.38919 8.82827 35.1271
5.50965 8.74622 38.2799
4.97862 5.00196 38.6559
5.99352 4.39734 35.0438
9.16316 6.44606 35.4899
10.0945 4.50253 38.6201
9.59029 1.18851 36.8296
11.7857 2.30713 33.9362
14.5492 3.37187 36.318

14.9722 6.45287 38.555
17.3122 7.88687 35.903
14.8612 7.35487 33.013
17.9402 5.89487 31.262
16.5792 2.33887 30.697
19.3372 0.771868 32.846
19.5972 -0.154132 36.562
22.1452 -2.04613 38.704
21.6522 -5.85913 38.666

20.6862 -5.50013 42.34
17.8222 -3.12013 41.595
16.9402 -5.61313 38.83
16.8892 -8.71413 41.012
14.9612 -6.55413 43.485
12.3622 -5.53913 40.853
11.7302 -9.26913 40.411
11.4672 -10.0091 44.182
9.44315 -6.94513 45.305
6.90515 -7.77113 42.584

5.93115 -10.7971 44.67
6.65615 -13.3281 41.902
7.06115 -17.0191 42.922
10.6442 -16.6941 41.711
13.3972 -18.6051 43.563
16.8992 -17.1331 44.03

18.1982 -20.1531 42.07
16.0672 -19.4391 38.978
17.3402 -15.8411 38.794
20.9242 -17.0981 39.132
20.2922 -19.0241 35.89
18.7502 -15.9701 34.188
21.8352 -13.9681 35.314
24.2582 -16.4541 33.663
23.0222 -15.7921 30.086
22.3052 -12.1161 30.907

26.0747 -11.6785 31.7607
28.0075 -8.64625 33.144
28.5123 -6.04094 30.4823
24.962 -6.87374 29.7655
23.3134 -6.78294 33.2375
25.3687 -3.58155 33.1544
22.8892 -2.15023 30.5452

19.5948 -3.79356 31.7597
17.651 -6.88299 32.4934
14.226 -8.19529 31.2058

12.499 -8.79429 27.7888

14.665 -11.9383 27.5418
13.929 -13.0043 31.1398
10.216 -12.1953 30.6288
9.77397 -14.6973 27.7758
11.635 -17.2723 29.9048
9.26997 -16.9703 32.8968
6.32297 -17.4143 30.5118

7.49597 -20.5213 28.6558
10.842 -21.2753 27.0348

End chain 1
