14.376 13.393 -9.434
11.305 12.496 -7.337
11.151 9.258 -9.32

11.004 6.006 -7.338
14.52 4.519 -7.198
14.967 0.776 -7.832

15.638 0.429 -4.087
12.514 2.285 -2.905
10.556 -0.102 -5.156
12.221 -3.075 -3.436
11.74 -1.711 0.112
7.991 -1.522 -0.555
8.139 -4.957 -2.2
9.527 -6.582 0.974
6.846 -4.901 3.105
4.21 -5.895 0.525
5.202 -9.589 0.585
5.112 -9.741 4.412
1.285 -9.811 3.999

1.012 -11.657 0.647
-0.051 -15.058 2.058
-1.977 -15.785 -1.16
1.187 -16.059 -3.293
-0.922 -13.94 -5.681
1.285 -10.852 -5.276
-1.689 -9.009 -3.672

-2.915 -8.068 -0.165
-6.302 -7.233 1.393
-7.428 -3.732 2.358

-7.469 -4.807 6.028
-3.672 -5.269 5.793
-3.13 -1.916 4.045
-2.604 0.156 7.219
-0.433 -2.7 8.539
1.967 -2.564 5.569
2.121 1.243 5.732
2.836 0.996 9.476
5.725 -1.371 8.686
7.397 1.46 6.732

6.862 3.75 9.759
3.84 5.572 8.229
0.705 6.206 10.37
-2.191 7.511 8.235
-5.494 7.975 10.111
-8.327 5.514 9.467

-10.202 8.1 7.376
-7.089 8.768 5.267
-6.967 5.013 4.625
-10.723 4.657 3.976
-10.494 7.56 1.505
-7.848 5.96 -0.715
-9.658 2.627 -0.363
-12.899 4.138 -1.689
-10.989 5.097 -4.873
-8.972 1.872 -5.183
-11.976 -0.197 -4.162
-13.395 0.681 -7.557

-11.7263 -1.65637 -9.97649
-8.5688 -2.67023 -11.8033
-9.62138 -5.18435 -14.3742
-12.5522 -2.71313 -15.0441
-11.4074 -0.919242 -18.1494

-10.3604 1.32761 -21.0795
-7.63076 3.60277 -19.9458
-4.74257 5.23607 -17.9582

-4.93957 7.54907 -21.0432
-7.88857 9.43307 -19.5042
-5.93257 9.38207 -16.2302
-3.10157 11.2181 -18.0192
-5.71757 13.8061 -19.0402
-6.62357 14.3801 -15.3702
-3.05757 15.1511 -14.2132
-2.51457 17.3621 -17.2792
-5.57257 19.4471 -16.3232
-3.99057 20.1091 -12.9192
-0.309567 20.4691 -13.9832

-1.73259 22.7794 -16.766
-4.28727 24.806 -18.6837
-5.03802 26.841 -21.7264
-2.62007 29.5812 -22.6275
-3.26275 32.9955 -21.0314

-3.09816 36.393 -19.3366
-0.424 35.1704 -16.9289
1.66163 33.7938 -19.7921
1.42681 37.0869 -21.6745
2.52617 39.0334 -18.6011
5.51725 36.7429 -18.1011
6.56628 37.1605 -21.7299
6.34763 40.9449 -21.4586
8.47839 40.9393 -18.3117
11.1219 38.7848 -19.9889
11.2512 41.1108 -22.9916
11.6757 44.1459 -20.7443

12.0987 47.2269 -18.5073
14.4387 48.6609 -21.1593
11.9877 48.1289 -24.0493
15.0667 46.6689 -25.8003
13.7057 43.1129 -26.3653
16.4637 41.5459 -24.2163
16.7237 40.6199 -20.5003
19.2717 38.7279 -18.3583
18.7787 34.9149 -18.3963

17.8127 35.2739 -14.7223
14.9487 37.6539 -15.4673
14.0667 35.1609 -18.2323
14.0157 32.0599 -16.0503
12.0877 34.2199 -13.5773
9.48868 35.2349 -16.2093
8.85668 31.5049 -16.6513
8.59368 30.7649 -12.8803
6.56968 33.8289 -11.7573
4.03168 33.0029 -14.4783

3.05768 29.9769 -12.3923
3.78268 27.4459 -15.1603
4.18768 23.7549 -14.1403
7.77068 24.0799 -15.3513
10.5237 22.1689 -13.4993
14.0257 23.6409 -13.0323

15.3247 20.6209 -14.9923
13.1937 21.3349 -18.0843
14.4667 24.9329 -18.2683
18.0507 23.6759 -17.9303
17.4187 21.7499 -21.1723
15.8767 24.8039 -22.8743
18.9617 26.8059 -21.7483
21.3847 24.3199 -23.3993
20.1487 24.9819 -26.9763
19.4317 28.6579 -26.1553

23.0897 29.7199 -26.2143
22.5277 31.7959 -23.0773
26.2447 32.4449 -22.8623
28.5847 33.8619 -25.4683
26.8937 37.1889 -24.5433
25.0187 37.5249 -21.2263
21.4787 38.5859 -22.2433

18.9867 36.6929 -24.4623
15.6837 37.5759 -26.1513
12.5517 35.5839 -25.2043

10.8247 34.9849 -28.6213

12.9907 31.8409 -28.8683
12.2547 30.7749 -25.2703
8.54168 31.5839 -25.7813
8.09968 29.0819 -28.6343
9.96068 26.5069 -26.5053
7.59568 26.8089 -23.5133
4.64868 26.3649 -25.8983

5.82168 23.2579 -27.7543
9.16768 22.5039 -29.3753

End chain 1
