14.376 13.393 -9.434
11.305 12.496 -7.337
11.151 9.258 -9.32

11.004 6.006 -7.338
14.52 4.519 -7.198
14.967 0.776 -7.832

15.638 0.429 -4.087
12.514 2.285 -2.905
10.556 -0.102 -5.156
12.221 -3.075 -3.436
11.74 -1.711 0.112
7.991 -1.522 -0.555
8.139 -4.957 -2.2
9.527 -6.582 0.974
6.846 -4.901 3.105
4.21 -5.895 0.525
5.202 -9.589 0.585
5.112 -9.741 4.412
1.285 -9.811 3.999

1.17447 -12.3851 1.31387
1.34469 -15.8682 -0.0752307
-1.98144 -15.6049 -1.749
-2.32838 -14.3456 -5.22039
-4.34385 -11.259 -4.41031
-2.14931 -8.06436 -4.15147
-5.12675 -7.50924 -1.74457

-5.78202 -3.73038 -1.29664
-4.29815 -0.346521 -0.541063
-0.969651 1.30337 -0.826154

-1.01065 0.228374 2.84385
2.78635 -0.233626 2.60885
3.32835 3.11937 0.860846
3.85435 5.19137 4.03485
6.02535 2.33537 5.35485
8.42535 2.47137 2.38485
8.57935 6.27837 2.54785
9.29435 6.03137 6.29185
12.1833 3.66437 5.50185
13.8553 6.49537 3.54785

13.0386 9.15132 6.26612
15.1629 9.60521 9.4388
13.0761 7.46206 11.8659
10.8097 6.75426 14.8965
11.2704 3.61809 17.1428
11.5113 0.685355 19.6122

14.4978 -1.62493 20.0442
12.7551 -3.51278 22.8445
9.63325 -3.9682 20.7257
11.6837 -5.30634 17.8191
13.4513 -7.79327 20.0849
10.1374 -9.02833 21.4763
8.73937 -9.51688 17.9764
11.8071 -11.4972 16.9226
11.524 -13.7446 19.9741
7.85188 -14.4145 19.2603
8.61957 -15.3241 15.6511
11.3496 -17.7343 16.7377

11.2024 -19.8609 19.9844
9.88882 -20.7455 23.5351
8.90797 -21.0252 27.1886
5.18216 -21.5814 26.5153
1.4322 -21.4595 25.6659

1.59747 -20.0685 29.1379
3.07463 -18.8817 32.5375
6.2592 -16.7938 31.8268

6.0622 -14.4808 28.7418
3.1132 -12.5968 30.2808
5.0692 -12.6478 33.5548
7.9002 -10.8118 31.7658
5.2842 -8.22385 30.7448
4.3782 -7.64985 34.4148
7.9442 -6.87885 35.5718
8.4872 -4.66785 32.5058
5.4292 -2.58285 33.4618
7.0112 -1.92085 36.8658
10.6922 -1.56085 35.8018

8.95882 0.281943 32.9945
7.29357 2.20483 30.1865
9.20895 5.35508 29.1256
6.44502 7.75602 29.7737
5.72855 8.07846 33.5346

8.69886 9.56335 35.3826
8.86852 6.56783 37.7152
8.80842 4.15568 34.7791
11.6228 6.03648 33.0514
13.7433 5.95444 36.2042
13.2122 2.21018 36.5802
14.2271 1.60556 32.9681
17.3968 3.65428 33.4142
18.3281 1.71074 36.5445
17.8239 -1.60328 34.7539
20.0193 -0.484659 31.8606
22.7828 0.580082 34.2423

23.2058 3.66108 36.4793
25.5458 5.09508 33.8273
23.0948 4.56308 30.9373
26.1738 3.10308 29.1863
24.8128 -0.452918 28.6213
27.5708 -2.01992 30.7703
27.8308 -2.94592 34.4863
30.3788 -4.83792 36.6283
29.8858 -8.65092 36.5903

28.9198 -8.29192 40.2643
26.0558 -5.91192 39.5193
25.1738 -8.40492 36.7543
25.1228 -11.5059 38.9363
23.1948 -9.34592 41.4093
20.5958 -8.33092 38.7773
19.9638 -12.0609 38.3353
19.7008 -12.8009 42.1063
17.6768 -9.73692 43.2293
15.1388 -10.5629 40.5083

14.1648 -13.5889 42.5943
14.8898 -16.1199 39.8263
15.2948 -19.8109 40.8463
18.8778 -19.4859 39.6353
21.6308 -21.3969 41.4873
25.1328 -19.9249 41.9543

26.4318 -22.9449 39.9943
24.3008 -22.2309 36.9023
25.5738 -18.6329 36.7183
29.1578 -19.8899 37.0563
28.5258 -21.8159 33.8143
26.9838 -18.7619 32.1123
30.0688 -16.7599 33.2383
32.4918 -19.2459 31.5873
31.2558 -18.5839 28.0103
30.5388 -14.9079 28.8313

34.3083 -14.4703 29.685
36.2411 -11.438 31.0683
36.746 -8.83273 28.4066
33.1956 -9.66553 27.6898
31.547 -9.57472 31.1618
33.6023 -6.37333 31.0788
31.1228 -4.94202 28.4695

27.8284 -6.58534 29.684
25.8846 -9.67478 30.4177
22.4596 -10.9871 29.1301

20.7326 -11.5861 25.7131

22.8986 -14.7301 25.4661
22.1626 -15.7961 29.0641
18.4496 -14.9871 28.5531
18.0076 -17.4891 25.7001
19.8686 -20.0641 27.8291
17.5036 -19.7621 30.8211
14.5566 -20.2061 28.4361

15.7296 -23.3131 26.5801
19.0756 -24.0671 24.9591

End chain 1
