14.376 13.393 -9.434
11.305 12.496 -7.337
11.151 9.258 -9.32

11.004 6.006 -7.338
14.52 4.519 -7.198
14.967 0.776 -7.832

15.638 0.429 -4.087
12.514 2.285 -2.905
10.556 -0.102 -5.156
12.221 -3.075 -3.436
11.74 -1.711 0.112
7.991 -1.522 -0.555
8.139 -4.957 -2.2
9.527 -6.582 0.974
6.846 -4.901 3.105
4.21 -5.895 0.525
5.202 -9.589 0.585
5.112 -9.741 4.412
1.285 -9.811 3.999

1.012 -11.657 0.647
-0.051 -15.058 2.058
-1.977 -15.785 -1.16
1.187 -16.059 -3.293
-0.922 -13.94 -5.681
1.285 -10.852 -5.276
-1.689 -9.009 -3.672

-2.915 -8.068 -0.165
-6.302 -7.233 1.393
-7.428 -3.732 2.358

-7.469 -4.807 6.028
-3.672 -5.269 5.793
-3.13 -1.916 4.045
-2.604 0.156 7.219
-0.433 -2.7 8.539
1.967 -2.564 5.569
2.121 1.243 5.732
2.836 0.996 9.476
5.725 -1.371 8.686
7.397 1.46 6.732

6.862 3.75 9.759
3.84 5.572 8.229
0.705 6.206 10.37
-2.191 7.511 8.235
-5.494 7.975 10.111
-8.327 5.514 9.467

-10.202 8.1 7.376
-7.089 8.768 5.267
-6.967 5.013 4.625
-10.723 4.657 3.976
-10.494 7.56 1.505
-7.848 5.96 -0.715
-9.658 2.627 -0.363
-12.899 4.138 -1.689
-10.989 5.097 -4.873
-8.972 1.872 -5.183
-11.976 -0.197 -4.162
-13.395 0.681 -7.557

-10.3908 -0.928671 -9.43874
-10.9522 -1.22613 -13.2498
-11.1138 1.02407 -16.2667
-11.251 3.16908 -19.2881
-7.67554 1.83652 -18.7922

-4.79554 -0.275015 -17.5793
-2.58164 2.70964 -17.2728
0.59805 4.58559 -18.3014

0.40105 6.89859 -21.3864
-2.54795 8.78259 -19.8474
-0.59195 8.73159 -16.5734
2.23905 10.5676 -18.3624
-0.37695 13.1556 -19.3834
-1.28295 13.7296 -15.7134
2.28305 14.5006 -14.5564
2.82605 16.7116 -17.6224
-0.23195 18.7966 -16.6664
1.35005 19.4586 -13.2624
5.03105 19.8186 -14.3264

4.82005 21.6796 -17.6624
4.91605 25.4776 -17.6974
5.77405 25.0606 -13.9874
8.64305 22.5356 -14.1144
10.3231 21.8006 -10.7924

13.4281 23.3036 -12.3094
11.8491 26.7616 -11.8654
11.6471 26.0346 -8.12139
15.3091 25.0756 -7.65139
16.6041 27.8036 -9.99739
14.5541 30.4406 -8.14739
16.1281 29.1236 -4.93239
19.6231 29.3056 -6.34639
18.5511 32.8636 -7.22339
17.9061 33.5966 -3.53039
21.5551 32.5366 -3.22639
22.9181 34.7326 -6.03639

23.3411 37.8136 -3.79939
25.6811 39.2476 -6.45139
23.2301 38.7156 -9.34139
26.3091 37.2556 -11.0924
24.9481 33.6996 -11.6574
27.7061 32.1326 -9.50839
27.9661 31.2066 -5.79239
30.5141 29.3146 -3.65039
30.0211 25.5016 -3.68839

29.0551 25.8606 -0.0143938
26.1911 28.2406 -0.759394
25.3091 25.7476 -3.52439
25.2581 22.6466 -1.34239
23.3301 24.8066 1.13061
20.7311 25.8216 -1.50139
20.0991 22.0916 -1.94339
19.8361 21.3516 1.82761
17.8121 24.4156 2.95061
15.2741 23.5896 0.229606

14.3001 20.5636 2.31561
15.0251 18.0326 -0.452394
15.4301 14.3416 0.567606
19.0131 14.6666 -0.643394
21.7661 12.7556 1.20861
25.2681 14.2276 1.67561

26.5671 11.2076 -0.284394
24.4361 11.9216 -3.37639
25.7091 15.5196 -3.56039
29.2931 14.2626 -3.22239
28.6611 12.3366 -6.46439
27.1191 15.3906 -8.16639
30.2041 17.3926 -7.04039
32.6271 14.9066 -8.69139
31.3911 15.5686 -12.2684
30.6741 19.2446 -11.4474

34.3321 20.3066 -11.5064
33.7701 22.3826 -8.36939
37.4871 23.0316 -8.15439
39.8271 24.4486 -10.7604
38.1361 27.7756 -9.83539
36.2611 28.1116 -6.51839
32.7211 29.1726 -7.53539

30.2291 27.2796 -9.75439
26.9261 28.1626 -11.4434
23.7941 26.1706 -10.4964

22.0671 25.5716 -13.9134

24.2331 22.4276 -14.1604
23.4971 21.3616 -10.5624
19.7841 22.1706 -11.0734
19.3421 19.6686 -13.9264
21.2031 17.0936 -11.7974
18.8381 17.3956 -8.80539
15.8911 16.9516 -11.1904

17.0641 13.8446 -13.0464
20.4101 13.0906 -14.6674

End chain 1
