0.0650451 -0.518885
0.0798699 -0.498626
0.195488 -0.408375
0.0598923 -nan
0.307651 -0.102542
0.111437 -0.500949
0.0619477 -0.516365
0.129174 -0.484627
0.155241 -0.513992
0.0592927 -nan
0.0680333 -0.519305
0.0758579 -0.520873
0.143779 -0.514717
0.0577442 -0.52747
0.183912 -0.475898
0.0598302 -0.517098
0.188127 -0.240291
0.0644737 -0.541509
0.0840077 -0.53701
0.0588923 -nan
0.0821091 -0.511276
0.0578947 -nan
0.0679867 -0.528212
0.145098 -0.407198
0.0883328 -0.493712
0.0525827 -nan
0.170237 -0.43498
0.152546 -0.467109
0.0617705 -0.504842
0.0955841 -0.50616
0.0673668 -0.519066
0.075058 -0.526896
0.0573269 -nan
0.0662837 -0.524862
0.104256 -0.524317
0.125338 -0.478843
0.0879558 -0.524846
0.109092 -0.487412
0.105178 -0.500217
0.176461 -0.429574
0.0718798 -0.50369
0.0686606 -0.529264
0.0609039 -nan
0.0629143 -0.54162
0.115499 -0.503273
0.0802253 -0.522726
0.134778 -0.48216
0.0847603 -0.505549
0.0912377 -0.52606
0.0891305 -0.519607
0.0998906 -0.515018
0.0845157 -0.511247
0.153464 -0.33875
0.227691 -0.416609
0.105457 -0.498968
0.0706528 -0.519841
0.0579343 -0.522012
0.104238 -0.492033
0.0988907 -0.502613
0.0900463 -0.505901
0.0781673 -0.516063
0.122486 -0.488135
0.147161 -0.461267
0.119121 -0.511843
0.10515 -0.509699
0.0720428 -0.509764
0.103722 -0.503787
0.172453 -0.432964
0.0576513 -nan
0.118429 -0.47723
0.0672049 -0.537225
0.053181 -nan
0.144371 -0.478451
0.0830089 -0.510423
0.105339 -0.505033
0.0788175 -0.517108
0.0504235 -nan
0.0611427 -0.514815
0.0991167 -0.529889
0.087369 -0.527702
0.0587206 -0.502489
0.0844169 -0.50233
0.0667531 -0.521259
0.0669558 -0.514986
0.112744 -0.500536
0.0571427 -0.509893
0.110702 -0.507594
0.0808925 -0.504847
0.06515 -0.520888
0.0946143 -0.500697
0.0594719 -nan
0.0683834 -0.532782
0.065216 -0.517147
0.092828 -0.52258
0.154884 -0.358594
0.0616233 -0.524858
0.0682874 -0.509153
0.072605 -0.508102
0.0601385 -0.524289
0.0764875 -0.50704
0.0645681 -0.526347
0.106641 -0.529511
0.061289 -nan
0.0790182 -0.512898
0.12438 -0.474879
0.0580238 -nan
0.0579742 -nan
0.0522334 -nan
0.0640989 -0.502387
0.0746801 -0.519315
0.088377 -0.514668
0.0978069 -0.506273
0.0607145 -0.523354
0.0642847 -0.538747
0.0709533 -0.526196
0.0871859 -0.517034
0.073708 -0.535535
0.146469 -0.478522
0.0789981 -0.505608
0.0890263 -0.512202
0.0540966 -nan
0.103883 -0.494195
0.133897 -0.49177
0.205164 -0.241371
0.131188 -0.510673
0.109425 -0.498449
0.0785586 -0.498407
0.0840534 -0.504847
0.107046 -0.490767
0.076222 -0.512713
0.0597056 -0.512605
0.106433 -0.513205
0.0518661 -nan
0.0804738 -0.52613
0.0976733 -0.50273
0.0939586 -0.484075
0.158282 -0.455702
0.104304 -0.498881
0.0773952 -0.515062
0.0624472 -0.527395
0.104884 -0.500259
0.072682 -0.510793
0.0600429 -0.503094
0.111712 -0.52422
0.104513 -0.49189
0.103084 -0.489858
0.0810213 -0.474998
0.0852202 -0.510338
0.053262 -nan
0.0712882 -0.520395
0.0801938 -0.540398
0.082973 -0.507783
0.073022 -0.526057
0.0772762 -0.526435
0.121443 -0.50512
0.0758223 -0.525842
0.234349 -0.43367
0.0736252 -0.523821
0.0776962 -0.514892
0.0911412 -0.507318
0.0677073 -0.505146
0.0634442 -0.524885
0.130277 -0.506211
0.0899127 -0.493658
0.0743868 -0.508658
0.0671231 -0.514195
0.113527 -0.49837
0.0899826 -0.492
0.100185 -0.514696
0.0652288 -0.542955
0.0537773 -nan
0.13156 -0.509104
0.0789632 -0.504177
0.0872506 -0.478852
0.0808536 -0.521514
0.0746352 -0.506512
0.0655699 -0.514613
0.0698156 -0.515235
0.073992 -0.507533
0.101727 -0.509106
0.0588315 -nan
0.104252 -0.525171
0.105297 -0.489415
0.0610569 -0.506304
0.0683212 -0.515357
0.102011 -0.481715
0.156039 -0.480901
0.0630438 -0.523423
0.0695254 -0.508767
0.158102 -0.473245
0.0864642 -0.510912
0.130779 -0.468221
0.321678 -0.0599839
0.18493 -0.467568
0.0680506 -0.51428
0.0844039 -0.499704
0.146612 -0.479561
0.143489 -0.50187
0.114785 -0.501111
0.0573818 -nan
0.089594 -0.518807
0.0807092 -0.523044
0.111758 -0.502381
0.254643 -0.4246
0.168237 -0.348261
0.139664 -0.463336
0.13871 -0.461523
0.0570027 -nan
0.267518 -0.405134
0.0847405 -0.514081
0.0899107 -0.512558
0.0779589 -0.519219
0.105075 -0.518111
0.0952627 -0.516029
0.063202 -0.512605
0.117408 -0.495672
0.0850029 -0.514968
0.0868577 -0.523638
0.0690958 -0.51739
0.0529317 -nan
0.0757359 -0.520973
0.059388 -nan
0.0732014 -0.527
0.165165 -0.441798
0.127345 -0.489229
0.104586 -0.506576
0.0780552 -0.513055
0.195455 -0.449714
0.0717506 -0.517835
0.0692751 -0.514753
0.125092 -0.500573
0.0639879 -0.527641
0.13049 -0.488997
0.07818 -0.502543
0.0756429 -0.515473
0.0707088 -0.51566
0.105467 -0.509383
0.155506 -0.478755
0.0762047 -0.522272
0.064181 -0.503958
0.141334 -0.435879
0.0672794 -0.518616
0.0888507 -0.527122
0.0612825 -nan
0.0799451 -0.502411
0.059717 -0.505575
0.104255 -0.494263
0.0747773 -0.526434
0.0608391 -nan
0.0703323 -0.513218
0.12016 -0.507683
0.116339 -0.508469
0.111956 -0.493937
0.078711 -0.509332
0.155911 -0.450606
0.116852 -0.481145
0.0748991 -0.527102
0.255711 -0.194868
0.0764311 -0.514069
0.060419 -nan
0.0581801 -nan
0.0571157 -nan
0.103932 -0.527755
0.0967248 -0.468968
0.0997615 -0.421488
0.0787773 -0.513858
0.160013 -0.49832
0.0923135 -0.493169
0.0822813 -0.500111
0.0681982 -0.64207
0.0662958 -0.520879
0.135782 -0.495275
0.0521211 -nan
0.181643 -0.3342
0.0579288 -nan
0.104408 -0.491947
0.0922473 -0.492727
0.1268 -0.512837
0.0659428 -0.516536
0.162039 -0.42502
0.0629913 -nan
0.0757862 -0.514026
0.0700202 -0.513319
0.0707372 -0.536942
0.0671873 -0.511627
0.219052 -0.374257
0.0799837 -0.508197
0.0996124 -0.493692
0.0995388 -0.490461
0.104305 -0.529528
0.0675206 -0.534985
0.188449 -0.261115
0.0702712 -0.524314
0.170664 -0.353681
0.180531 -0.431063
0.057119 -nan
0.0991037 -0.508412
0.0604864 -0.527543
0.074615 -0.508447
0.0901462 -0.491381
0.0681754 -0.526001
0.093688 -0.49352
0.0642617 -0.513472
0.0636788 -0.529791
0.0675905 -0.525883
0.1064 -0.494954
0.142084 -0.493157
0.0694552 -0.50256
0.114972 -0.503156
0.123209 -0.476658
0.0585733 -0.518558
0.0591289 -nan
0.0666303 -0.51876
0.0731376 -0.502653
0.0703643 -0.517235
0.118375 -0.512353
0.0605138 -nan
0.118278 -0.49085
0.104441 -0.514162
0.126261 -0.49747
0.065324 -0.503265
0.142948 -0.510483
0.0580692 -nan
0.090925 -0.530109
0.129999 -0.476829
0.0743468 -0.519034
0.193065 -0.395661
0.0567831 -nan
0.164047 -0.449648
0.0609367 -nan
0.111879 -0.491871
0.142448 -0.477178
0.0990327 -0.499057
0.113891 -0.460025
0.103321 -0.497302
0.0725618 -0.513743
0.0637264 -0.506709
0.0671016 -0.517139
0.160919 -0.451116
0.0952723 -0.508065
0.0779016 -0.539744
0.0627707 -0.529911
0.14754 -0.461965
0.0691945 -0.520531
0.0652549 -0.52106
0.0505655 -nan
0.0713412 -0.539052
0.102478 -0.515283
0.0994051 -0.508399
0.0989073 -0.503688
0.0669499 -0.522276
0.159233 -0.467721
0.0523287 -nan
0.0775812 -0.525119
0.133558 -0.512741
0.0775693 -0.50935
0.100915 -0.509828
0.166159 -0.420904
0.056599 -nan
0.12622 -0.493493
0.0659392 -0.517913
0.0593512 -nan
0.216161 -0.39715
0.0817314 -0.493588
0.18421 -0.438048
0.143781 -0.497032
0.0582291 -nan
0.10858 -0.51567
0.071446 -0.518601
0.0782183 -0.530086
0.157154 -0.424626
0.0743881 -0.512793
0.0567836 -nan
0.155247 -0.464428
0.337902 -0.0141378
0.0579035 -nan
0.26383 -0.422352
0.0604182 -0.513544
0.0661352 -0.541337
0.131467 -0.499373
0.0690645 -0.537638
0.0865739 -0.507091
0.101604 -0.514088
0.118225 -0.507474
0.0755963 -0.515556
0.0731487 -0.527173
0.0563107 -nan
0.0580912 -nan
0.0604773 -nan
0.102992 -0.51552
0.0987335 -0.479969
0.0998069 -0.508782
0.0846988 -0.502278
0.0511582 -nan
0.0562588 -nan
0.0720965 -0.525291
0.0651273 -0.519098
0.066695 -0.524131
0.107725 -0.508647
0.0866745 -0.520284
0.0503474 -nan
0.1196 -0.495201
0.126567 -0.506958
0.094304 -0.50999
0.0699532 -0.515598
0.0573941 -nan
0.0883747 -0.496426
0.157285 -0.360261
0.0731639 -0.511165
0.154378 -0.476001
0.106388 -0.489184
0.0971695 -0.493773
0.0769056 -0.522818
0.137708 -0.478541
0.0566696 -nan
0.0571566 -nan
0.121224 -0.474095
0.0645577 -0.504008
0.145267 -0.511884
0.0788665 -0.514721
0.0661298 -0.514472
0.3278 -0.0715332
0.0600559 -nan
0.0847642 -0.495205
0.0931748 -0.51391
0.0767696 -0.508167
0.111744 -0.505626
0.13219 -0.496814
0.0709117 -0.530909
0.127566 -0.479427
0.0850943 -0.508742
0.328293 -0.0474652
0.0822444 -0.510318
0.0825607 -0.507104
0.137783 -0.476684
0.11252 -0.468917
0.132173 -0.49992
0.149966 -0.47647
0.0661709 -0.522711
0.0967686 -0.476032
0.0603022 -0.524983
0.0732169 -0.511734
0.102814 -0.508236
0.0840528 -0.496495
0.0842395 -0.505062
0.0621389 -0.515554
0.123545 -0.503912
0.0859635 -0.511929
0.127815 -0.491116
0.149629 -0.406327
0.0876826 -0.488897
0.0641816 -0.519998
0.0886144 -0.501775
0.148091 -0.504904
0.0547773 -nan
0.118124 -0.517516
0.0664028 -0.519732
0.0785104 -0.53569
0.0582038 -nan
0.132463 -0.494605
0.0741921 -0.505506
0.136809 -0.499925
0.0756486 -0.505714
0.112095 -0.508367
0.0784342 -0.515383
0.0872012 -0.513291
0.0653062 -0.509328
0.058218 -0.528249
0.121583 -0.495593
0.0710856 -0.54115
0.115914 -0.50477
0.116349 -0.50197
0.0726977 -0.524789
0.0725112 -0.531071
0.090188 -0.527692
0.334514 -0.0525799
0.0735921 -0.532205
0.0550698 -nan
0.0938389 -0.52725
0.143203 -0.460183
0.0974488 -0.492182
0.206785 -0.335482
0.069456 -0.508556
0.0917866 -0.521814
0.120309 -0.490443
0.0816754 -0.513931
0.0750509 -0.514977
0.0530237 -nan
0.146395 -0.437949
0.0645467 -0.526718
0.0515922 -nan
0.0582967 -0.507918
0.0861178 -0.508326
0.0879489 -0.509517
0.0725622 -0.522442
0.14171 -0.480968
0.0597399 -0.515573
0.253821 -0.350675
0.0698041 -0.540974
0.169967 -0.457465
0.116853 -0.507417
0.116646 -0.424666
0.0616857 -0.519282
0.208503 -0.235371
0.0583681 -nan
0.0920721 -0.506024
0.0638623 -0.518098
0.233073 -0.0885978
0.0888816 -0.496499
0.205734 -0.40953
0.0714984 -0.505639
0.0949222 -0.524256
0.0831622 -0.509186
0.191797 -0.394176
0.142265 -0.515394
0.0512506 -nan
0.100781 -0.523809
0.130266 -0.503425
0.0963021 -0.51284
0.0809388 -0.515308
0.151069 -0.451195
0.147755 -0.501809
0.183494 -0.336677
0.116027 -0.518214
0.186633 -0.421758
0.120387 -0.491126
0.101119 -0.490258
0.102089 -0.525401
0.112055 -0.490519
0.0742698 -0.510705
0.0636027 -0.522162
0.183447 -0.445688
0.130125 -0.474277
0.12331 -0.493109
0.0510696 -nan
0.0808609 -0.517327
0.058981 -nan
0.0622292 -0.532196
0.164863 -0.496093
0.144113 -0.412433
0.0798371 -0.519552
0.0876836 -0.519856
0.0714984 -0.524471
0.0823897 -0.528487
0.0812274 -0.502485
0.145574 -0.504033
0.0807381 -0.512809
0.0688509 -0.508375
0.0914356 -0.489481
0.0794068 -0.514995
0.0790198 -0.511934
0.0740995 -0.519756
0.091993 -0.514834
0.11657 -0.51577
0.100689 -0.510626
0.0708848 -0.537567
0.236758 -0.102169
0.0704803 -0.521526
0.0814811 -0.513628
0.106677 -0.493996
0.111633 -0.505159
0.0573113 -nan
0.128412 -0.47282
0.0616554 -0.526637
0.0612702 -nan
0.0807834 -0.516461
0.0974442 -0.504559
0.0854963 -0.521914
0.0699895 -0.503213
0.0605009 -0.502814
0.0701804 -0.530033
0.0802963 -0.530235
0.0746936 -0.537447
0.0579846 -nan
0.109353 -0.50105
0.0698804 -0.520577
0.0712931 -0.502058
0.0783811 -0.521614
0.0613474 -0.504594
0.19554 -0.243197
0.147389 -0.474992
0.316981 -0.125375
0.0810722 -0.528131
0.253201 -0.198108
0.0636275 -0.505845
0.0730697 -0.503724
0.072729 -0.512591
0.116278 -0.505504
0.0575849 -0.502559
0.0561891 -nan
0.176803 -0.416236
0.077558 -0.520705
0.102663 -0.509553
0.0895303 -0.519135
0.0564946 -nan
0.0732046 -0.511446
0.098017 -0.487148
0.059449 -nan
0.0984311 -0.500051
0.0674422 -0.520162
0.193297 -0.237234
0.0687851 -0.533361
0.0528518 -nan
0.0733387 -0.504383
0.104024 -0.478854
0.0582366 -nan
0.0842809 -0.509989
0.0967008 -0.515397
0.117981 -0.480961
0.102012 -0.496703
0.0653886 -0.5192
0.0642511 -0.52011
0.076096 -0.505707
0.0555055 -nan
0.101635 -0.501489
0.170734 -0.34743
0.0825418 -0.527565
0.065351 -0.512112
0.0811245 -0.50801
0.0610223 -nan
0.118259 -0.500894
0.0682455 -0.527571
0.0658493 -0.516241
0.0575207 -nan
0.0989472 -0.512655
0.0607938 -nan
0.103115 -0.508627
0.182067 -0.418266
0.105023 -0.507854
0.178441 -0.42538
0.0742975 -0.504697
0.139135 -0.386547
0.0633095 -0.540907
0.107862 -0.497263
0.166521 -0.488042
0.121611 -0.484826
0.156919 -0.428146
0.106455 -0.491439
0.0656688 -0.504732
0.0649963 -0.51129
0.125968 -0.495467
0.109363 -0.489942
0.0697389 -0.516939
0.0549338 -nan
0.0618437 -0.502613
0.0788931 -0.527709
0.0634506 -0.511352
0.104658 -0.512921
0.0587317 -nan
0.115139 -0.511909
0.104042 -0.50352
0.0752458 -0.528912
0.0681861 -0.502385
0.180574 -0.466722
0.133046 -0.48484
0.0647462 -0.506472
0.0618379 -0.521311
0.150572 -0.462559
0.0577125 -nan
0.0672619 -0.505032
0.0568464 -nan
0.0857753 -0.527732
0.0628997 -0.522677
0.0814603 -0.517759
0.0720092 -0.528179
0.158434 -0.483138
0.0749553 -0.503238
0.0728042 -0.516274
0.0791493 -0.528509
0.0564607 -nan
0.0980528 -0.520627
0.083088 -0.52704
0.165817 -0.336695
0.0744675 -0.515293
0.0724627 -0.522972
0.0514131 -nan
0.0768779 -0.512384
0.0545302 -nan
0.089486 -0.490895
0.077527 -0.488195
0.0915943 -0.493463
0.130119 -0.505219
0.148632 -0.47466
0.0951581 -0.490555
0.246823 -0.420176
0.104505 -0.519578
0.0631355 -0.533498
0.145357 -0.509943
0.0568634 -nan
0.0748719 -0.495766
0.068503 -0.511263
0.0702519 -0.530141
0.196696 -0.243865
0.0684215 -0.525633
0.0948328 -0.512586
0.121202 -0.513527
0.0797734 -0.527131
0.0617048 -nan
0.09852 -0.52474
0.0795857 -0.518218
0.0860822 -0.490635
0.0627271 -0.508545
0.121004 -0.499211
0.0536264 -nan
0.100212 -0.515765
0.0920589 -0.508243
0.0639999 -0.521531
0.153897 -0.403986
0.151745 -0.437447
0.156754 -0.348661
0.0759986 -0.510014
0.0963972 -0.508271
0.0552216 -nan
0.108175 -0.511483
0.0626505 -0.514855
0.0634897 -0.533924
0.0984068 -0.51305
0.0566996 -nan
0.103936 -0.509163
0.107746 -0.513046
0.242339 -0.424845
0.0573723 -nan
0.0559069 -nan
0.0883479 -0.493534
0.125594 -0.511639
0.0690802 -0.520625
0.0762983 -0.488435
0.0868579 -0.523968
0.0744623 -0.51926
0.0666016 -0.504993
0.0570802 -nan
0.0780454 -0.522038
0.153531 -0.470044
0.082984 -0.511631
0.307899 -0.0926381
0.154953 -0.459499
0.148272 -0.457494
0.0786709 -0.521781
0.0763575 -0.516687
0.0599438 -0.504008
0.0749564 -0.528322
0.0613387 -0.525143
0.0589821 -0.512019
0.0754315 -0.522551
0.0549368 -nan
0.0789999 -0.504394
0.151094 -0.457616
0.11761 -0.492146
0.102373 -0.51559
0.0856264 -0.522573
0.0665726 -0.52759
0.0787192 -0.521736
0.0630218 -0.532697
0.129577 -0.524268
0.12353 -0.474329
0.148861 -0.429285
0.179681 -0.408802
0.0567276 -nan
0.0876542 -0.506145
0.194773 -0.250343
0.109322 -0.487481
0.0805575 -0.516138
0.067017 -0.522369
0.101989 -0.494023
0.103431 -0.524346
0.168763 -0.438507
0.0804385 -0.504851
0.311347 -0.0644191
0.208412 -0.240991
0.0566576 -nan
0.0594586 -nan
0.0883901 -0.527515
0.120276 -0.502996
0.0709563 -0.518892
0.109042 -0.528297
0.0936541 -0.496399
0.0984275 -0.476953
0.120703 -0.492713
0.105665 -0.503415
0.0637084 -0.515856
0.0877913 -0.518788
0.158256 -0.456861
0.0914153 -0.498117
0.100487 -0.512729
0.066485 -0.528324
0.0810129 -0.528509
0.0970082 -0.48322
0.0653293 -0.512204
0.114867 -0.495892
0.0529006 -nan
0.19404 -0.241338
0.0724757 -0.502852
0.0939789 -0.517421
0.126921 -0.512062
0.0880686 -0.507046
0.0533805 -nan
0.0675172 -0.522009
0.0593192 -0.520465
0.0773932 -0.519694
0.146858 -0.496326
0.0846039 -0.522504
0.0711907 -0.508846
0.106925 -0.495019
0.0745709 -0.512261
0.0658013 -0.514161
0.137251 -0.431384
0.0854794 -0.506234
0.224812 -0.28831
0.0792637 -0.51511
0.053169 -nan
0.144167 -0.450465
0.212172 -0.375849
0.313742 -0.0608974
0.0866068 -0.498853
0.116964 -0.51825
0.118888 -0.505189
0.13884 -0.497483
0.0685023 -0.525092
0.267778 -0.407924
0.0583599 -nan
0.059788 -0.508539
0.0509464 -nan
0.0837542 -0.519177
0.113001 -0.476622
0.132388 -0.481622
0.176957 -0.353254
0.098833 -0.516826
0.0554583 -nan
0.0630766 -0.523241
0.0843429 -0.528684
0.120552 -0.5129
0.0757279 -0.484097
0.0702432 -0.505471
0.0510597 -nan
0.0601092 -0.521875
0.0626904 -0.529035
0.137392 -0.483556
0.0513152 -nan
0.0777945 -0.476275
0.0666215 -0.528677
0.144223 -0.486039
0.0658324 -0.506703
0.0577475 -nan
0.0916382 -0.513865
0.0537242 -nan
0.0668839 -0.508503
0.0781019 -0.520861
0.0611673 -0.521688
0.0714356 -0.524518
0.0973709 -0.518255
0.0845426 -0.507916
0.0717345 -0.506904
0.0873897 -0.512718
0.0545743 -nan
0.119477 -0.488323
0.100898 -0.496104
0.0715556 -0.533941
0.116882 -0.507289
0.0792512 -0.51908
0.0866623 -0.516143
0.0664018 -0.54096
0.0864735 -0.504737
0.109673 -0.511668
0.0576089 -0.526093
0.108682 -0.509045
0.0665164 -0.5076
0.109203 -0.476764
0.0569214 -nan
0.0907222 -0.526489
0.0674241 -0.50863
0.0829333 -0.488016
0.0857978 -0.490413
0.0645745 -0.53042
0.0524806 -nan
0.0607599 -0.516756
0.242783 -0.347881
0.105321 -0.47837
0.0640297 -0.520307
0.088767 -0.513463
0.0877722 -0.519296
0.0944623 -0.518719
0.0850681 -0.521056
0.0835669 -0.529213
0.0583094 -nan
0.0691362 -0.529411
0.0696321 -0.516285
0.0756741 -0.503496
0.182243 -0.389443
0.0852308 -0.525328
0.0954268 -0.517877
0.0691612 -0.513755
0.073581 -0.49361
0.0836843 -0.497024
0.136301 -0.473884
0.131624 -0.471163
0.196369 -0.246711
0.0680618 -0.51059
0.0914696 -0.511437
0.112187 -0.510052
0.0555048 -nan
0.0609015 -nan
0.0712578 -0.503617
0.26529 -0.391881
0.111253 -0.491429
0.0515731 -nan
0.0782439 -0.506115
0.0538343 -nan
0.154325 -0.485938
0.060471 -nan
0.054695 -nan
0.0662105 -0.516258
0.0691135 -0.516754
0.127398 -0.478859
0.100838 -0.496243
0.089449 -0.490878
0.120325 -0.485483
0.109025 -0.504
0.0742889 -0.520826
0.0568764 -nan
0.0524608 -nan
0.194143 -0.409702
0.17737 -0.458761
0.0855105 -0.506758
0.0722105 -0.517052
0.0621799 -0.515308
0.0909912 -0.493368
0.0643546 -0.536037
0.107894 -0.525955
0.110662 -0.510187
0.0808959 -0.527928
0.0772608 -0.509297
0.0822937 -0.506459
0.0706067 -0.513734
0.0748423 -0.507843
0.0745917 -0.502606
0.107353 -0.508956
0.117307 -0.490925
0.0733526 -0.517739
0.068902 -0.524612
0.0650316 -0.524894
0.0988382 -0.494203
0.0771103 -0.516065
0.0651444 -0.502839
0.137182 -0.451925
0.0535611 -nan
0.0712419 -0.505166
0.0853178 -0.508487
0.0638611 -0.506597
0.100471 -0.519757
0.0547574 -nan
0.0637668 -0.528607
0.105598 -0.516563
0.109701 -0.488682
0.0723525 -0.527842
0.189356 -0.447438
0.0882631 -0.520169
0.112349 -0.504367
0.116716 -0.493676
0.133273 -0.415724
0.0530555 -nan
0.142264 -0.498812
0.0611102 -nan
0.0631407 -0.543256
0.0935034 -0.523683
0.0605098 -nan
0.135786 -0.469877
0.0645081 -0.525503
0.0652144 -0.512045
0.0754329 -0.505466
0.0660519 -0.518122
0.0581402 -0.504168
0.0852662 -0.509614
0.165868 -0.46862
0.0954332 -0.514417
0.120582 -0.499113
0.0876719 -0.503027
0.101428 -0.492918
0.0903852 -0.525749
0.150196 -0.464254
0.130949 -0.490944
0.0870429 -0.495294
0.322292 -0.102824
0.0800804 -0.515643
0.074018 -0.513477
0.136557 -0.515676
0.0608674 -0.503083
0.0890213 -0.506896
0.0527138 -nan
0.0908403 -0.505324
0.0760962 -0.523922
0.0540069 -nan
0.086949 -0.528521
0.207151 -0.379528
0.115959 -0.500186
0.0745872 -0.520194
0.0806575 -0.505477
0.0612646 -0.522393
0.0553501 -nan
0.0946897 -0.512462
0.100471 -0.496297
0.05766 -nan
0.119195 -0.510605
0.0726365 -0.511071
0.0773238 -0.524781
0.093804 -0.510079
0.0686284 -0.530388
0.0972503 -0.506425
0.0580332 -nan
0.0506566 -nan
0.168049 -0.359663
0.0525745 -nan
0.0705285 -0.542252
0.0699361 -0.526149
0.108145 -0.496868
0.231369 -0.0893949
0.137869 -0.440294
0.0667002 -0.511824
0.110652 -0.50444
0.0653106 -0.506015
0.0528326 -nan
0.10325 -0.499304
0.0847178 -0.489875
0.0889251 -0.523461
0.110773 -0.529331
0.103892 -0.512312
0.0983397 -0.515383
0.180604 -0.467836
0.0597122 -nan
0.0927536 -0.504938
0.115186 -0.512383
0.0680144 -0.508642
0.154318 -0.452293
0.140793 -0.469332
0.0933105 -0.508189
0.108194 -0.496409
0.0995209 -0.523235
0.0626884 -0.505033
0.13041 -0.477223
0.0770461 -0.521117
0.0852407 -0.490497
0.0943304 -0.528413
0.135085 -0.430167
0.0981764 -0.503135
0.0566569 -nan
0.0976599 -0.519759
0.0620804 -nan
0.22747 -0.400197
0.0920199 -0.505354
0.11718 -0.493477
0.050338 -nan
0.0987107 -0.520122
0.100923 -0.406592
0.0589988 -nan
0.125106 -0.506606
0.0936645 -0.509899
0.155931 -0.476555
0.0576273 -0.502847
0.0594836 -0.515054
0.155814 -0.452586
0.183946 -0.400528
0.0806168 -0.50536
0.108273 -0.515925
0.0954397 -0.52963
0.0785823 -0.52952
0.13242 -0.502141
0.0587968 -0.523763
0.0634014 -0.51355
0.119055 -0.476734
0.0710978 -0.519981
0.0819014 -0.525271
0.148078 -0.469384
0.103359 -0.494018
0.058291 -nan
0.108772 -0.503117
0.0924033 -0.509327
0.0625818 -0.525064
0.129275 -0.479343
0.0550823 -nan
0.0672457 -0.538616
0.0716947 -0.539462
0.0661654 -0.505426
0.0758651 -0.5285
0.0832235 -0.511231
0.0995621 -0.484304
0.0851841 -0.520474
0.0775568 -0.522625
0.100024 -0.486243
0.060406 -nan
0.0619518 -0.616866
0.0852576 -0.511308
0.093844 -0.513609
0.0606114 -nan
0.0765632 -0.526042
0.101549 -0.489228
0.0602725 -0.502209
0.103964 -0.488142
0.0699825 -0.515357
0.104366 -0.497382
0.090195 -0.503415
0.135262 -0.487158
0.0719513 -0.508886
0.0750379 -0.519369
0.142811 -0.442685
0.0943276 -0.501944
0.112336 -0.485078
0.103532 -0.510665
0.0861803 -0.489718
0.0563591 -nan
0.0594399 -0.504693
0.237118 -0.113762
0.0668013 -0.502586
0.0711013 -0.507745
0.0824797 -0.505199
0.145186 -0.469
0.0801308 -0.525261
0.0986112 -0.51802
0.0578439 -nan
0.0579605 -nan
0.0835569 -0.528445
0.0615963 -0.507221
0.0662705 -0.528604
0.0573944 -nan
0.159683 -0.479326
0.0845533 -0.503654
0.272088 -0.146919
0.0799672 -0.513172
0.266 -0.417508
0.0584186 -nan
0.0702972 -0.518402
0.0636754 -0.527945
0.0963378 -0.512215
0.0788435 -0.528983
0.0712251 -0.5186
0.0981632 -0.497126
0.0792667 -0.514572
0.0543387 -nan
0.0588918 -nan
0.0844842 -0.52243
0.0923002 -0.52662
0.110893 -0.503261
0.101193 -0.463526
0.0978324 -0.499348
0.0501424 -nan
0.0613402 -0.510211
0.0613668 -nan
0.0666063 -0.52838
0.062845 -0.504551
0.107864 -0.505561
0.0674312 -0.533709
0.259431 -0.203562
0.0897233 -0.512749
0.105484 -0.494471
0.0811936 -0.507287
0.0899832 -0.520542
0.0579927 -nan
0.0721765 -0.511267
0.110946 -0.493478
0.0759597 -0.507299
0.078328 -0.507944
0.0733719 -0.512814
0.0653944 -0.538089
0.260967 -0.200667
0.167009 -0.348444
0.148103 -0.423733
0.0775341 -0.529534
0.0674316 -0.521526
0.0693163 -0.530819
0.0723222 -0.506003
0.307727 -0.096563
0.248873 -0.33951
0.0536156 -nan
0.15827 -0.465827
0.15931 -0.408343
0.0520782 -nan
0.052469 -nan
0.0731727 -0.503759
0.10121 -0.503802
0.0939807 -0.505344
0.107299 -0.492357
0.0606794 -0.527349
0.0724558 -0.526319
0.119422 -0.49726
0.0797843 -0.496323
0.115565 -0.491898
0.0650025 -0.516592
0.093933 -0.501586
0.135394 -0.521103
0.0945868 -0.501585
0.0859157 -0.489511
0.0932801 -0.527129
0.065683 -0.527554
0.0762569 -0.517548
0.0991022 -0.513987
0.0666983 -0.516857
0.0633009 -0.525921
0.0923915 -0.52444
0.0542959 -nan
0.0515657 -nan
0.115814 -0.48671
0.10749 -0.495688
0.0714014 -0.528136
0.10801 -0.493262
0.0511697 -nan
0.050301 -nan
0.062819 -0.515927
0.0625125 -nan
0.11415 -0.48537
0.0691881 -0.522299
0.0681183 -0.529315
0.0922901 -0.52031
0.194086 -0.370198
0.106658 -0.490859
0.0730302 -0.515502
0.0782023 -0.534108
0.0712543 -0.508516
0.0774161 -0.510861
0.120566 -0.512594
0.0702562 -0.520623
0.0772427 -0.524538
0.0738674 -0.527129
0.0959326 -0.491046
0.115411 -0.484984
0.115295 -0.481706
0.065559 -0.524507
0.136355 -0.490306
0.0635908 -0.511223
0.164469 -0.458327
0.0533416 -nan
0.0595711 -nan
0.074782 -0.529611
0.0863384 -0.490223
0.136524 -0.478099
0.0535617 -nan
0.0818619 -0.515958
0.0701438 -0.520025
0.0825209 -0.511732
0.0893924 -0.504861
0.0834258 -0.498823
0.061981 -nan
0.0565365 -nan
0.0738736 -0.52096
0.072974 -0.509939
0.0582547 -nan
0.115575 -0.503105
0.096512 -0.507599
0.0789291 -0.527925
0.107868 -0.503174
0.149643 -0.292083
0.0797042 -0.516694
0.0621467 -nan
0.106267 -0.514753
0.149829 -0.495267
0.117063 -0.514908
0.0819448 -0.526665
0.0692321 -0.514146
0.147981 -0.418163
0.154573 -0.498369
0.058673 -nan
0.134736 -0.474503
0.0585159 -nan
0.0662184 -0.507655
0.127436 -0.515591
0.0559483 -nan
0.0516672 -nan
0.112283 -0.496874
0.0503371 -nan
0.105631 -0.514976
0.12184 -0.511595
0.0548587 -nan
0.0929981 -0.526691
0.0574524 -0.503738
0.0947213 -0.470224
0.334346 -0.0633742
0.0576433 -nan
0.0612568 -0.519179
0.0834685 -0.505267
0.106216 -0.49823
0.192313 -0.483317
0.160386 -0.460463
0.0965041 -0.492647
0.163843 -0.44902
0.0714811 -0.511489
0.0959729 -0.504795
0.250077 -0.42863
0.0781143 -0.506092
0.0766582 -0.528003
0.137208 -0.496162
0.069808 -0.514516
0.266289 -0.128953
0.0752502 -0.465723
0.167609 -0.433518
0.127886 -0.495719
0.0764762 -0.504855
0.0976816 -0.438425
0.0807622 -0.513042
0.203428 -0.377304
0.0563195 -nan
0.198463 -0.427736
0.159435 -0.465811
0.0501466 -nan
0.0942778 -0.499974
0.132623 -0.474527
0.216298 -0.398357
0.0762905 -0.522815
0.0627918 -0.527455
0.185159 -0.424099
0.128762 -0.49582
0.129277 -0.479946
0.105579 -0.491014
0.0641963 -0.528639
0.0655045 -0.524488
0.111872 -0.490933
0.0729328 -0.526617
0.0639714 -0.529304
0.0921675 -0.503573
0.0642773 -0.527141
0.0926102 -0.510015
0.0736543 -0.519092
0.0688948 -0.511515
0.065356 -0.509059
0.128464 -0.497105
0.0711575 -0.510603
0.0600409 -nan
0.0522411 -nan
0.147809 -0.451979
0.0761054 -0.538041
0.173483 -0.500283
0.0659154 -0.509826
0.0872266 -0.497409
0.068546 -0.50645
0.124164 -0.473766
0.121643 -0.500215
0.185714 -0.429646
0.0722402 -0.49521
0.25652 -0.418462
0.0820293 -0.528363
0.065162 -0.522505
0.0602118 -0.520643
0.0736433 -0.50203
0.159535 -0.461405
0.0627147 -0.524327
0.0800603 -0.523357
0.0676155 -0.507595
0.0963592 -0.508463
0.10234 -0.517188
0.135251 -0.486742
0.134919 -0.489731
0.0719914 -0.525174
0.0705654 -0.518084
0.0705419 -0.542468
0.105786 -0.507617
0.175292 -0.334599
0.0826295 -0.512414
0.0788833 -0.526882
0.0790133 -0.529075
0.141535 -0.496511
0.0621685 -0.5199
0.0665876 -0.528458
0.0552547 -nan
0.102875 -0.488643
0.0862632 -0.519746
0.0810241 -0.507995
0.0650269 -0.537909
0.15421 -0.438974
0.0575357 -nan
0.104451 -0.487884
0.0835041 -0.517474
0.246259 -0.420432
0.0951538 -0.504994
0.08506 -0.518554
0.0878357 -0.509791
0.0640193 -0.508266
0.088125 -0.506542
0.203451 -0.243163
0.0602112 -nan
0.0883001 -0.516771
0.125304 -0.499228
0.1233 -0.459933
0.145384 -0.494708
0.0910152 -0.512304
0.152304 -0.442788
0.0700928 -0.522755
0.0773582 -0.525956
0.053661 -nan
0.0722722 -0.535245
0.109816 -0.498416
0.0615283 -0.502556
0.188342 -0.409097
0.0695089 -0.519956
0.0510997 -nan
0.086985 -0.491187
0.0941597 -0.514697
0.186816 -0.428089
0.0682762 -0.531678
0.0505245 -nan
0.0653714 -0.505045
0.0763502 -0.52345
0.24155 -0.344199
0.0723008 -0.524683
0.0950383 -0.502682
0.0721918 -0.509052
0.269703 -0.118394
0.109039 -0.492232
0.108024 -0.513725
0.104529 -0.489324
0.115269 -0.506315
0.12067 -0.523823
0.0550397 -nan
0.20266 -0.376338
0.0988921 -0.505501
0.192051 -0.41407
0.078082 -0.516537
0.0585487 -nan
0.107083 -0.513921
0.0615257 -nan
0.0619363 -0.518619
0.0571036 -nan
0.051976 -nan
0.0698105 -0.536994
0.133965 -0.490675
0.0594132 -nan
0.141252 -0.432366
0.0959666 -0.500658
0.109679 -0.513998
0.0687806 -0.52858
0.0652752 -0.519258
0.0641794 -0.524232
0.0904602 -0.513324
0.0894332 -0.501952
0.11234 -0.496643
0.0600666 -nan
0.0981728 -0.502151
0.0635932 -0.516085
0.0851057 -0.50649
0.0851176 -0.498818
0.0877093 -0.525046
0.0620631 -0.528021
0.0630889 -nan
0.103128 -0.526781
0.0940044 -0.489945
0.0945524 -0.510323
0.0814025 -0.50079
0.131414 -0.522624
0.209835 -0.375887
0.0930883 -0.50352
0.0841625 -0.529335
0.13063 -0.49256
0.0847637 -0.507604
0.11338 -0.52433
0.107927 -0.499023
0.11223 -0.490427
0.102098 -0.523055
0.112668 -0.488638
0.162159 -0.392389
0.148918 -0.492795
0.0989884 -0.505631
0.149336 -0.485002
0.165893 -0.3384
0.206736 -0.379066
0.11497 -0.483064
0.146563 -0.470382
0.0771737 -0.519527
0.0776295 -0.49232
0.101927 -0.491927
0.107622 -0.496863
0.155787 -0.468511
0.103032 -0.425986
0.0739825 -0.526895
0.102081 -0.499909
0.0581322 -nan
0.0612844 -0.514017
0.0687284 -0.534595
0.0659521 -0.525324
0.0789686 -0.51083
0.085197 -0.509382
0.253598 -0.192332
0.25953 -0.392064
0.0845291 -0.525207
0.0649584 -0.524158
0.104268 -0.50455
0.063193 -0.539211
0.0817871 -0.516227
0.0902344 -0.505638
0.0566065 -nan
0.0710803 -0.503188
0.10343 -0.507559
0.0776152 -0.528384
0.110538 -0.504047
0.0619891 -nan
0.119743 -0.488277
0.0716075 -0.525095
0.0886029 -0.513499
0.104651 -0.511058
0.0574243 -nan
0.0630202 -0.511944
0.113257 -0.4987
0.134291 -0.508924
0.112373 -0.478093
0.12232 -0.496833
0.110159 -0.497032
0.106966 -0.490379
0.0632264 -0.512884
0.0734907 -0.516538
0.0771375 -0.500353
0.0552256 -nan
0.0792223 -0.507055
0.0901777 -0.517362
0.105579 -0.495309
0.0718935 -0.514818
0.0843184 -0.522393
0.0636655 -0.529152
0.080202 -0.506172
0.0805359 -0.504581
0.0533195 -nan
0.0793121 -0.509093
0.175161 -0.423136
0.0596441 -0.52278
0.156424 -0.462782
0.0945461 -0.513221
0.0631187 -0.506366
0.0718342 -0.525624
0.064812 -0.526107
0.0851962 -0.491942
0.112714 -0.524467
0.117209 -0.50091
0.0558653 -nan
0.156932 -0.425612
0.102393 -0.507902
0.0641773 -0.511367
0.0809368 -0.494435
0.051225 -nan
0.120431 -0.428892
0.0583773 -nan
0.137258 -0.49573
0.107349 -0.506034
0.126978 -0.417149
0.107702 -0.501196
0.100464 -0.511896
0.0534805 -nan
0.0989742 -0.493758
0.0775301 -0.525664
0.104878 -0.50453
0.12365 -0.479837
0.104464 -0.515202
0.12698 -0.502699
0.0745331 -0.513035
0.126851 -0.474177
0.117799 -0.528877
0.0733818 -0.518407
0.0587747 -nan
0.13933 -0.436933
0.0589134 -nan
0.135757 -0.447215
0.11122 -0.480141
0.0832016 -0.524915
0.0695031 -0.525316
0.0967419 -0.502491
0.108151 -0.499842
0.113272 -0.511551
0.107262 -0.477626
0.121456 -0.503943
0.0666511 -0.514945
0.108871 -0.524917
0.133294 -0.443139
0.0929243 -0.490187
0.0634519 -0.538411
0.0746718 -0.516064
0.0857062 -0.49243
0.0716323 -0.51338
0.0577634 -nan
0.0600696 -0.510511
0.136039 -0.501917
0.266305 -0.342578
0.077964 -0.508501
0.0619676 -0.519359
0.0875267 -0.504423
0.09786 -0.514429
0.0902086 -0.493512
0.0707747 -0.508769
0.0649527 -0.502766
0.05385 -nan
0.138942 -0.496097
0.0777914 -0.511622
0.1252 -0.482622
0.056739 -nan
0.150102 -0.47638
0.332268 -0.0471191
0.166197 -0.333157
0.0720695 -0.524169
0.0838074 -0.511836
0.0525466 -nan
0.117944 -0.490638
0.147076 -0.474417
0.0646061 -0.525521
0.08839 -0.503221
0.10723 -0.51591
0.0563454 -nan
0.0649356 -0.502845
0.229971 -0.280955
0.19896 -0.397286
0.134559 -0.486716
0.15865 -0.360237
0.0941307 -0.511608
0.0615384 -0.524639
0.090508 -0.514412
0.106032 -0.50269
0.154521 -0.471705
0.0794176 -0.505166
0.0621257 -nan
0.101112 -0.510076
0.0770643 -0.504643
0.0577984 -nan
0.0939698 -0.499561
0.0698438 -0.517601
0.237239 -0.440856
0.138028 -0.480339
0.0808962 -0.520873
0.0863714 -0.511115
0.055557 -nan
0.091484 -0.506615
0.0593118 -0.517472
0.169455 -0.335421
0.147571 -0.48849
0.114276 -0.497197
0.0940169 -0.523169
0.094984 -0.495783
0.0519636 -nan
0.123123 -0.491281
0.0530251 -nan
0.0829466 -0.523153
0.106536 -0.49048
0.0706727 -0.520713
0.0654859 -0.503505
0.141737 -0.490386
0.0912495 -0.501142
0.0917449 -0.524547
0.0964208 -0.525808
0.125179 -0.473828
0.0786364 -0.511209
0.0962683 -0.425012
0.0788555 -0.507485
0.0828434 -0.520493
0.0604879 -0.507773
0.0958662 -0.515855
0.159777 -0.476217
0.0725063 -0.527927
0.157922 -0.458919
0.0625422 -0.532044
0.0827207 -0.505434
0.150151 -0.461066
0.0662256 -0.508342
0.0811484 -0.505411
0.06945 -0.508693
0.109039 -0.492493
0.0526689 -nan
0.0863765 -0.527845
0.196613 -0.250541
0.0568507 -nan
0.053066 -nan
0.0693121 -0.540638
0.0780375 -0.510503
0.139595 -0.478956
0.063983 -0.530837
0.0586986 -nan
0.136816 -0.491338
0.075039 -0.502655
0.0715692 -0.509477
0.0706923 -0.504312
0.0508083 -nan
0.0831326 -0.514974
0.0756064 -0.529551
0.0591925 -nan
0.0765594 -0.500229
0.104095 -0.495723
0.194074 -0.370056
0.124158 -0.493282
0.0839939 -0.507712
0.217892 -0.389375
0.0929338 -0.516667
0.0604497 -nan
0.156957 -0.419742
0.104362 -0.519271
0.0701509 -0.510712
0.107481 -0.515655
0.056296 -nan
0.0928254 -0.499725
0.0639346 -0.511288
0.0797903 -0.514144
0.0614298 -0.519657
0.107869 -0.510451
0.0511665 -nan
0.0664529 -0.511008
0.0543673 -nan
0.062244 -0.502239
0.0956887 -0.5046
0.09041 -0.524171
0.0680666 -0.523094
0.131333 -0.478821
0.0771352 -0.466878
0.0831068 -0.494392
0.0728438 -0.527331
0.0760972 -0.52871
0.0675603 -0.631953
0.107929 -0.503911
0.114746 -0.514507
0.0827808 -0.498756
0.117294 -0.465181
0.0587022 -nan
0.119259 -0.499674
0.111852 -0.512084
0.0565399 -nan
0.0907644 -0.491697
0.0851014 -0.505214
0.149765 -0.481901
0.0692166 -0.519622
0.060878 -0.518707
0.0838979 -0.491945
0.0933456 -0.541671
0.107627 -0.511414
0.0867372 -0.529729
0.122516 -0.495436
0.068398 -0.518228
0.0656759 -0.516905
0.0575578 -nan
0.081507 -0.489902
0.121235 -0.478131
0.0789913 -0.516078
0.0700978 -0.521098
0.123102 -0.495643
0.122699 -0.480751
0.321105 -0.1096
0.0624887 -0.520912
0.110254 -0.467518
0.0857902 -0.49377
0.104431 -0.506599
0.0950939 -0.506077
0.072972 -0.522464
0.0985126 -0.50269
0.0590571 -nan
0.0618053 -0.520866
0.0804237 -0.525188
0.0881712 -0.524256
0.0850303 -0.505583
0.0682127 -0.53086
0.058132 -0.525933
0.0854737 -0.514154
0.0802653 -0.500031
0.0652434 -0.504821
0.102494 -0.496428
0.105131 -0.50381
0.0807131 -0.502636
0.0557706 -nan
0.130083 -0.510362
0.212329 -0.384047
0.0985026 -0.499423
0.153123 -0.47699
0.10752 -0.517131
0.0576696 -nan
0.0787432 -0.506739
0.0674119 -0.516625
0.0620323 -0.51756
0.0901512 -0.511085
0.099426 -0.497675
0.154364 -0.41667
0.0619383 -0.531131
0.0671435 -0.518786
0.0959264 -0.50532
0.101136 -0.521456
0.0998167 -0.512018
0.0681198 -0.504882
0.0769419 -0.517179
0.07177 -0.503015
0.0716557 -0.542314
0.19633 -0.252748
0.0676034 -0.519691
0.184609 -0.485679
0.0620864 -nan
0.0841867 -0.510216
0.0571437 -nan
0.0677496 -0.525162
0.167037 -0.345517
0.0743185 -0.506473
0.063876 -0.528436
0.0748198 -0.502068
0.0894657 -0.52249
0.058554 -nan
0.109728 -0.484115
0.0933609 -0.522968
0.241075 -0.0910587
0.084019 -0.521239
0.0747579 -0.513519
0.0649662 -0.528318
0.067559 -0.520698
0.0975426 -0.490762
0.150392 -0.468847
0.0628903 -0.516576
0.0875318 -0.520447
0.0934837 -0.492649
0.0658901 -0.516124
0.13946 -0.494513
0.181038 -0.462535
0.0775866 -0.506078
0.0809692 -0.540632
0.0663388 -0.535802
0.0708319 -0.528941
0.136581 -0.483107
0.151115 -0.426458
0.07583 -0.524664
0.129482 -0.494744
0.0731755 -0.536594
0.0727499 -0.53652
0.122104 -0.391643
0.0583692 -0.523266
0.098644 -0.498063
0.0811044 -0.51883
0.0649436 -0.529498
0.112021 -0.49986
0.0603402 -nan
0.0569397 -nan
0.115549 -0.491326
0.0772379 -0.525749
0.186977 -0.40575
0.0662671 -0.503306
0.186954 -0.462104
0.0662478 -0.518176
0.219554 -0.367938
0.0647577 -0.516999
0.0578511 -nan
0.107339 -0.473927
0.0871483 -0.51467
0.0965337 -0.494135
0.201956 -0.375651
0.0868182 -0.495582
0.104744 -0.488279
0.104291 -0.482641
0.139007 -0.483875
0.0752719 -0.524327
0.150773 -0.451018
0.111171 -0.514022
0.26549 -0.115662
0.0959551 -0.509244
0.106793 -0.519043
0.0905408 -0.500914
0.0767181 -0.50245
0.0746977 -0.524202
0.098022 -0.512704
0.0619274 -0.529708
0.0728863 -0.502333
0.100413 -0.503769
0.0836059 -0.513919
0.123591 -0.508604
0.0543507 -nan
0.0661151 -0.540826
0.0900526 -0.518175
0.0748377 -0.52776
0.100932 -0.518446
0.187645 -0.412693
0.0594678 -nan
0.0877518 -0.503965
0.0599866 -0.515192
0.0837485 -0.497475
0.146312 -0.481969
0.0567479 -nan
0.0669682 -0.503282
0.085505 -0.511643
0.0877765 -0.502403
0.0681832 -0.529704
0.0666296 -0.518806
0.0631464 -0.512792
0.0524197 -nan
0.0561284 -nan
0.0659255 -0.527959
0.0632358 -0.52271
0.0863977 -0.501601
0.083757 -0.505813
0.103605 -0.499127
0.0727324 -0.490845
0.073071 -0.514441
0.0828886 -0.514041
0.0964015 -0.500221
0.111025 -0.489739
0.0973342 -0.512928
0.120907 -0.516105
0.0664861 -0.517842
0.064588 -0.525582
0.127507 -0.492191
0.0501271 -nan
0.0889008 -0.519559
0.079499 -0.508923
0.0526168 -nan
0.0743289 -0.511133
0.0966388 -0.512381
0.0697582 -0.507057
0.0638387 -0.523467
0.0787825 -0.506222
0.137906 -0.423547
0.119939 -0.502478
0.188907 -0.422233
0.0620142 -nan
0.0896868 -0.496525
0.0746129 -0.517369
0.0953141 -0.512649
0.110456 -0.50489
0.119378 -0.467705
0.0784064 -0.508651
0.0924321 -0.501312
0.122132 -0.485929
0.0928221 -0.491858
0.0723277 -0.504337
0.0800582 -0.527823
0.091047 -0.523431
0.157815 -0.35825
0.0677336 -0.514552
0.0833182 -0.540314
0.119675 -0.497713
0.131041 -0.463351
0.134755 -0.472302
0.0866369 -0.496772
0.0996625 -0.523792
0.0962381 -0.523756
0.11634 -0.525989
0.0615692 -nan
0.233514 -0.381119
0.143134 -0.486
0.119752 -0.513189
0.102208 -0.510298
0.123401 -0.460118
0.135884 -0.445405
0.134372 -0.451054
0.0769138 -0.504844
0.0574813 -nan
0.0571279 -nan
0.132454 -0.4179
0.113299 -0.458599
0.0670417 -0.509051
0.0695275 -0.522743
0.152942 -0.340576
0.0664622 -0.541119
0.0923188 -0.490306
0.214431 -0.369928
0.110654 -0.488061
0.105183 -0.485024
0.263242 -0.425987
0.0589766 -nan
0.101642 -0.512989
0.0745175 -0.521468
0.154556 -0.482044
0.0582902 -nan
0.0865906 -0.498219
0.0542187 -nan
0.100481 -0.50428
0.110491 -0.435208
0.128984 -0.474342
0.0761232 -0.519686
0.113136 -0.502898
0.0525976 -nan
0.0656734 -0.530293
0.0716188 -0.505662
0.097059 -0.495372
0.0688719 -0.517706
0.117931 -0.498275
0.0600474 -nan
0.152856 -0.466014
0.273426 -0.176894
0.0577891 -nan
0.0753616 -0.507337
0.0811775 -0.534968
0.0620707 -0.527898
0.0773534 -0.529446
0.0715615 -0.502737
0.0628818 -0.526843
0.142186 -0.467406
0.099526 -0.508494
0.0631492 -0.515273
0.122626 -0.508529
0.109707 -0.41771
0.0957867 -0.499192
0.0840068 -0.506875
0.107808 -0.50822
0.0823282 -0.510221
0.0593304 -0.534106
0.0790092 -0.510547
0.134508 -0.490749
0.0618887 -nan
0.0682041 -0.519793
0.079469 -0.514958
0.122581 -0.49711
0.115432 -0.508195
0.0660247 -0.513969
0.0547883 -nan
0.0579942 -nan
0.158787 -0.498703
0.086147 -0.518302
0.0738651 -0.524998
0.203276 -0.382978
0.176116 -0.443931
0.0994385 -0.499063
0.0658541 -0.503171
0.12065 -0.50983
0.0805647 -0.512499
