0.279129 0.376014
0.250404 0.0765941
0.250165 0.379317
0.275881 0.440801
0.106047 0.523029
0.128782 0.480879
0.106278 0.459917
0.275407 0.383889
0.29832 0.165517
0.12786 0.438463
0.0870606 0.534087
0.122639 0.439519
0.103994 0.527186
0.117547 0.528563
0.248292 0.39194
0.0877482 0.497434
0.102973 0.461969
0.11914 0.452629
0.266973 0.38873
0.187768 0.243918
0.0837928 0.500617
0.0938304 0.47558
0.112916 0.514754
0.303989 0.151521
0.0733781 -nan
0.249233 0.0526575
0.10033 0.538897
0.0843181 0.539477
0.198168 0.234325
0.269605 0.433011
0.240106 0.367845
0.132581 0.501076
0.131622 0.425436
0.179679 0.230295
0.24592 0.38275
0.18111 0.233752
0.2893 0.441785
0.1126 0.518564
0.121334 0.432075
0.188564 0.390375
0.243562 0.395439
0.299074 0.431474
0.0947166 0.516357
0.116208 0.527401
0.114004 0.516371
0.130419 0.485597
0.0929822 0.515402
0.242202 0.388474
0.265934 0.368989
0.106714 0.482785
0.115247 0.45797
0.134288 0.42177
0.174391 0.378054
0.113692 0.519743
0.127145 0.439936
0.124582 0.453165
0.119381 0.509144
0.290763 0.431303
0.128263 0.477047
0.0916596 0.52052
0.113133 0.508897
0.114379 0.467217
0.124102 0.428861
0.115876 0.423727
0.178404 0.394993
0.117625 0.429136
0.287965 0.441262
0.0861072 0.517208
0.109825 0.532616
0.287894 0.42358
0.119211 0.459211
0.250555 0.386264
0.0829735 0.492427
0.0992521 0.502726
0.252639 0.399566
0.126706 0.430021
0.0866019 0.489619
0.129583 0.515067
0.106572 0.472055
0.109853 0.516453
0.109488 0.540793
0.0967503 0.537767
0.127892 0.492024
0.0820873 -nan
0.273302 0.38444
0.118101 0.457773
0.263411 0.070207
0.303569 0.16665
0.11645 0.529342
0.179378 0.220712
0.0896709 0.54163
0.103894 0.525346
0.301572 0.173597
0.0962515 0.528328
0.108564 0.517606
0.103131 0.535089
0.28581 0.384903
0.117965 0.492624
0.29732 0.158543
0.081657 0.522143
0.0906003 0.529028
0.127033 0.493238
0.297879 0.443653
0.184173 0.39686
0.238454 0.381123
0.0897641 0.544086
0.297915 0.160273
0.260977 0.385535
0.258688 0.368954
0.118434 0.418263
0.259138 0.0706047
0.177565 0.233699
0.0782589 -nan
0.255625 0.386144
0.120429 0.45342
0.0763098 -nan
0.0941096 0.509556
0.0989474 0.464106
0.0838417 0.506911
0.122165 0.460214
0.23419 0.393885
0.0798513 0.517857
0.0963999 0.529031
0.181468 0.380494
0.280527 0.430414
0.254914 0.0721548
0.267711 0.428512
0.296128 0.140427
0.283046 0.423907
0.285352 0.432973
0.292107 0.426677
0.0997949 0.502739
0.12524 0.430831
0.12311 0.428843
0.12429 0.518594
0.284722 0.436168
0.255057 0.079045
0.0923165 0.514806
0.100265 0.502684
0.122557 0.462531
0.118544 0.518759
0.260666 0.43676
0.129729 0.422481
0.115974 0.518171
0.122023 0.537853
0.133634 0.434393
0.0826434 -nan
0.251426 0.383456
0.25756 0.0583391
0.295475 0.166205
0.111916 0.504179
0.261197 0.371528
0.106841 0.508739
0.098488 0.529725
0.110675 0.541426
0.0753439 -nan
0.283414 0.378027
0.102252 0.460331
0.260972 0.376267
0.188157 0.244259
0.112336 0.519324
0.258313 0.379492
0.0931783 0.540995
0.132108 0.517121
0.112975 0.527962
0.112347 0.543073
0.292447 0.422952
0.0877633 0.488122
0.18237 0.220788
0.134066 0.43529
0.0813437 0.519006
0.112947 0.446045
0.117991 0.517317
0.118712 0.443918
0.131924 0.450497
0.0946879 0.526179
0.0871365 0.529215
0.116884 0.438721
0.178875 0.391541
0.119015 0.443323
0.127307 0.445756
0.114782 0.477442
0.261436 0.0393851
0.11318 0.535931
0.114621 0.509998
0.249864 0.391954
0.0790624 -nan
0.301279 0.151895
0.111322 0.530686
0.248601 0.071972
0.109256 0.533297
0.11725 0.433439
0.282242 0.420786
0.133625 0.417412
0.250205 0.397041
0.12952 0.459736
0.110399 0.459258
0.181968 0.375918
0.21034 0.42481
0.0970201 0.491422
0.115024 0.432043
0.174232 0.247124
0.102554 0.539707
0.25689 0.378155
0.0980489 0.473631
0.123093 0.53996
0.107991 0.540769
0.251493 0.401351
0.118163 0.451565
0.115758 0.437044
0.298207 0.139465
0.28978 0.442795
0.120532 0.433061
0.102808 0.487556
0.121451 0.462959
0.295686 0.435184
0.089793 0.511244
0.118239 0.448112
0.257767 0.439949
0.251859 0.0637722
0.297794 0.439534
0.268375 0.434041
0.124836 0.441362
0.122184 0.512435
0.11053 0.460296
0.245474 0.367477
0.300844 0.172884
0.117826 0.433495
0.0816829 0.534506
0.302378 0.16144
0.107848 0.50898
0.106426 0.543018
0.258291 0.0731245
0.107968 0.523902
0.0819943 -nan
0.29307 0.175147
0.086543 0.529031
0.118074 0.534045
0.107818 0.472321
0.104409 0.489662
0.0947576 0.540321
0.127693 0.499021
0.132174 0.424553
0.125198 0.441343
0.100084 0.522708
0.0876745 0.524916
0.112546 0.520267
0.20282 0.404644
0.278085 0.36487
0.254869 0.0507829
0.12512 0.437777
0.295753 0.163075
0.0975641 0.472361
0.288169 0.418552
0.109517 0.527929
0.131695 0.42416
0.242066 0.367874
0.11271 0.445881
0.120794 0.438877
0.24647 0.383287
0.0828281 0.501492
0.255346 0.066938
0.105581 0.466054
0.111198 0.454449
0.301936 0.437369
0.257084 0.0854923
0.120144 0.51193
0.102018 0.501909
0.0871052 0.490324
0.263051 0.427333
0.301929 0.160987
0.251506 0.384044
0.117475 0.53344
0.106098 0.483374
0.109408 0.482751
0.0797722 -nan
0.180536 0.248381
0.253522 0.0583549
0.114854 0.457794
0.0833715 0.497339
0.281857 0.375024
0.0730889 -nan
0.252065 0.369772
0.0858783 0.536678
0.29982 0.171314
0.269011 0.364821
0.261189 0.0623104
0.289783 0.441846
0.29149 0.431592
0.131003 0.506739
0.243617 0.365903
0.114281 0.529761
0.270787 0.375018
0.098045 0.523379
0.0923759 0.544108
0.0863046 0.533063
0.246739 0.378544
0.243672 0.377243
0.310285 0.170368
0.0825184 0.520739
0.12097 0.529114
0.241574 0.391097
0.115954 0.538593
0.30326 0.170428
0.134049 0.429894
0.261641 0.0389979
0.285116 0.421186
0.105344 0.542204
0.126253 0.444162
0.125125 0.455922
0.0926429 0.485707
0.11895 0.445851
0.0895031 0.516376
0.289498 0.441271
0.0866899 0.517011
0.130582 0.434341
0.258457 0.0692294
0.180481 0.385619
0.0737838 -nan
0.119857 0.429973
0.0875017 0.542869
0.125291 0.431571
0.0857765 0.494368
0.258382 0.077975
0.122712 0.424231
0.0811602 0.494327
0.100275 0.46355
0.292376 0.432388
0.293551 0.438354
0.112481 0.519838
0.120415 0.439165
0.121034 0.444212
0.0853207 0.477261
0.0729832 -nan
0.0824861 0.523156
0.284342 0.439486
0.123051 0.510015
0.113226 0.453797
0.134072 0.512117
0.3011 0.151839
0.241303 0.382833
0.301349 0.157226
0.12246 0.421116
0.0918468 0.537035
0.125523 0.419508
0.110499 0.509532
0.195475 0.236079
0.119716 0.447721
0.263016 0.376211
0.253573 0.398012
0.292841 0.444164
0.105844 0.505103
0.181778 0.398688
0.131627 0.430413
0.249866 0.08257
0.124054 0.536898
0.124701 0.44543
0.13233 0.44933
0.280813 0.433602
0.29649 0.435295
0.0929968 0.466677
0.0860656 0.489779
0.266868 0.429327
0.112924 0.525308
0.121019 0.448337
0.131374 0.420124
0.104301 0.526775
0.12531 0.415747
0.110657 0.519171
0.131208 0.431816
0.134212 0.420433
0.276238 0.382499
0.300626 0.151172
0.116471 0.419109
0.119308 0.448793
0.0929607 0.507701
0.0807113 -nan
0.122249 0.458917
0.293305 0.149831
0.280965 0.376582
0.300242 0.154879
0.266985 0.430824
0.178752 0.244527
0.18676 0.38692
0.0974005 0.517741
0.0957305 0.542592
0.28375 0.429922
0.117441 0.450847
0.174162 0.378414
0.107857 0.537126
0.103577 0.533591
0.285671 0.424039
0.130913 0.488295
0.270068 0.426902
0.299814 0.171664
0.171382 0.398174
0.0990635 0.517969
0.11009 0.482262
0.283943 0.380218
0.290236 0.373
0.110324 0.49122
0.290219 0.424376
0.103025 0.526611
0.133215 0.441072
0.114981 0.542826
0.191069 0.225991
0.121283 0.441038
0.257115 0.382927
0.118083 0.532191
0.284172 0.427349
0.125726 0.489707
0.273479 0.382845
0.087503 0.50353
0.262001 0.43945
0.121352 0.521371
0.0852482 0.517339
0.183564 0.379104
0.121942 0.417564
0.123538 0.521995
0.24821 0.379265
0.184412 0.392297
0.0895585 0.52802
0.255463 0.39947
0.172921 0.383071
0.249552 0.385105
0.258583 0.383243
0.122415 0.406809
0.266926 0.432517
0.118009 0.464414
0.296401 0.433654
0.256974 0.37045
0.295007 0.1616
0.0724518 -nan
0.0907318 0.490659
0.0948604 0.490831
0.291576 0.423984
0.251734 0.374865
0.0935308 0.536691
0.0928825 0.501593
0.247207 0.381726
0.0917563 0.524003
0.284741 0.423128
0.182467 0.252942
0.251008 0.366871
0.254379 0.36712
0.132863 0.419364
0.1835 0.252483
0.120874 0.446864
0.0986599 0.532385
0.126907 0.430625
0.260033 0.36395
0.0935798 0.519065
0.296465 0.161195
0.245615 0.37485
0.30336 0.153688
0.0857325 0.522745
0.257827 0.0670857
0.300675 0.157786
0.241937 0.399478
0.292057 0.421102
0.106507 0.521359
0.278805 0.444248
0.127163 0.437887
0.0886462 0.539518
0.0887366 0.50394
0.243763 0.389632
0.247727 0.387508
0.281491 0.436375
0.0734498 -nan
0.125687 0.447709
0.118469 0.524958
0.273064 0.364027
0.206251 0.398082
0.10674 0.47648
0.0788112 0.51995
0.123292 0.438744
0.11029 0.511204
0.0976236 0.502286
0.26332 0.0398583
0.0900213 0.520445
0.11452 0.519995
0.120883 0.463678
0.105719 0.524733
0.119276 0.455214
0.0860278 0.530826
0.0798355 0.523345
0.0771784 -nan
0.26207 0.379614
0.285001 0.372253
0.0810665 0.518581
0.116202 0.440095
0.10173 0.52414
0.258022 0.372329
0.115793 0.436726
0.255118 0.0781441
0.0949531 0.509438
0.119812 0.44532
0.110656 0.447637
0.0812237 0.530465
0.132865 0.426673
0.102872 0.486084
0.0847326 0.535298
0.249988 0.374152
0.120442 0.42482
0.174989 0.390436
0.100467 0.506817
0.101252 0.473987
0.264731 0.0831745
0.0860492 0.534402
0.118886 0.44186
0.083171 0.537315
0.30011 0.160633
0.181774 0.231443
0.303079 0.170291
0.122961 0.511718
0.125245 0.419066
0.111035 0.519696
0.24724 0.399779
0.117712 0.471207
0.10388 0.480062
0.292233 0.157554
0.133941 0.410252
0.166861 0.377986
0.119559 0.434939
0.123353 0.41926
0.127845 0.441846
0.111572 0.469583
0.111993 0.468347
0.113395 0.525582
0.0991025 0.523323
0.0882256 0.469289
0.287643 0.428458
0.265323 0.366067
0.24426 0.37167
0.261036 0.366644
0.124921 0.45538
0.109585 0.458722
0.0807312 -nan
0.120034 0.540438
0.267494 0.0724554
0.203621 0.42848
0.301717 0.148529
0.101396 0.536811
0.116851 0.435115
0.117994 0.524261
0.0834878 0.508948
0.193449 0.256508
0.0819622 -nan
0.12519 0.44626
0.0921214 0.537175
0.0805628 -nan
0.0893074 0.543607
0.0916206 0.542671
0.119145 0.447302
0.261193 0.077579
0.126968 0.426801
0.300919 0.154452
0.106185 0.478519
0.253423 0.385734
0.0931822 0.517701
0.279682 0.362219
0.108176 0.530784
0.107347 0.433218
0.116641 0.437416
0.289104 0.429156
0.0852971 0.516714
0.286326 0.439518
0.0845178 0.499882
0.249847 0.397851
0.0942209 0.511769
0.176132 0.400436
0.0901862 0.47072
0.283328 0.362871
0.260252 0.432998
0.264676 0.430757
0.1305 0.443749
0.131126 0.510331
0.121734 0.444337
0.11363 0.503123
0.256682 0.0579413
0.108044 0.541105
0.297643 0.434218
0.244224 0.375227
0.249175 0.389781
0.269167 0.371409
0.1225 0.430693
0.302188 0.169749
0.287152 0.425805
0.0937698 0.519113
0.123715 0.527757
0.0894228 0.510162
0.102218 0.530818
0.195039 0.383745
0.133001 0.439397
0.190522 0.240308
0.133651 0.43961
0.262553 0.0629051
0.254865 0.394609
0.239058 0.383376
0.108346 0.475965
0.0843783 0.527419
0.116833 0.436398
0.277393 0.422697
0.0798863 0.519717
0.117355 0.433447
0.0980849 0.534074
0.126591 0.421196
0.244197 0.393663
0.110795 0.53845
0.0743004 -nan
0.260111 0.0522187
0.0969159 0.529385
0.202714 0.38961
0.296256 0.137198
0.130414 0.426226
0.108767 0.464176
0.277653 0.437463
0.116302 0.503863
0.0825585 0.533047
0.307962 0.161572
0.123881 0.43245
0.119108 0.472931
0.119151 0.42943
0.267614 0.363708
0.07336 -nan
0.110804 0.513863
0.188471 0.401344
0.127981 0.497892
0.104263 0.494044
0.110608 0.52564
0.0823049 0.539251
0.249663 0.0624906
0.0914283 0.516576
0.12641 0.459157
0.0818241 -nan
0.189919 0.376925
0.11955 0.469347
0.201854 0.38863
0.103885 0.541149
0.298835 0.150813
0.252884 0.0807611
0.0949419 0.521117
0.287596 0.438374
0.129851 0.442926
0.128066 0.526066
0.117555 0.539317
0.0910044 0.51973
0.110507 0.477922
0.0962936 0.50863
0.28715 0.379914
0.125578 0.46672
0.111549 0.523324
0.120501 0.518525
0.124561 0.441808
0.118153 0.469252
0.297385 0.418594
0.114256 0.516928
0.203872 0.409156
0.08525 0.520347
0.182885 0.221407
0.269478 0.0427002
0.113765 0.524275
0.0883433 0.498158
0.195882 0.221921
0.109892 0.534603
0.175367 0.399431
0.126393 0.429276
0.124983 0.519179
0.133427 0.414411
0.0930306 0.504832
0.0859448 0.524128
0.296485 0.171988
0.119187 0.523345
0.244381 0.387237
0.29546 0.15473
0.126937 0.522754
0.111582 0.441506
0.0876237 0.532967
0.177136 0.382797
0.109935 0.522595
0.116887 0.466699
0.117766 0.424702
0.118004 0.434015
0.254449 0.0815932
0.3037 0.148566
0.28327 0.37743
0.290805 0.427121
0.282978 0.362301
0.0899108 0.534279
0.299808 0.157024
0.114826 0.521416
0.123338 0.523506
0.268568 0.422133
0.133339 0.527429
0.116419 0.527619
0.121342 0.424714
0.286409 0.435488
0.0805445 0.487484
0.132393 0.40558
0.239956 0.0749817
0.120138 0.416739
0.126582 0.419299
0.25553 0.0641491
0.104154 0.500483
0.113522 0.52702
0.283842 0.42193
0.105312 0.485285
0.124361 0.419719
0.108894 0.520773
0.0759482 -nan
0.181289 0.377205
0.125653 0.429578
0.111179 0.503796
0.107174 0.450775
0.124524 0.437858
0.1167 0.521229
0.108271 0.534776
0.0882381 0.533077
0.279211 0.384243
0.247788 0.390027
0.111385 0.523235
0.12991 0.459827
0.0790862 -nan
0.247711 0.391389
0.105693 0.521597
0.0860951 0.488513
0.109767 0.525681
0.275587 0.363369
0.244785 0.0416019
0.119377 0.449796
0.12787 0.427238
0.0795522 0.516687
0.114319 0.433021
0.11843 0.496095
0.107894 0.465324
0.109221 0.46343
0.288047 0.434478
0.123872 0.44427
0.126679 0.439809
0.251834 0.423561
0.25176 0.388956
0.0995809 0.534991
0.301425 0.148996
0.307665 0.159388
0.0827418 -nan
0.0904881 0.528606
0.115836 0.452112
0.175001 0.381317
0.122779 0.507864
0.107884 0.467871
0.198859 0.237815
0.0866011 0.515498
0.111786 0.53282
0.120659 0.42367
0.12217 0.432022
0.0803069 -nan
0.277543 0.430852
0.272501 0.368469
0.0996383 0.516537
0.247629 0.378419
0.101083 0.463338
0.082742 0.540591
0.0976642 0.540134
0.123134 0.498389
0.10293 0.522479
0.207701 0.404289
0.122325 0.454179
0.0879627 0.535275
0.177321 0.231511
0.107297 0.520928
0.0928514 0.496504
0.0841462 0.52774
0.274032 0.428733
0.290067 0.4308
0.121632 0.429091
0.115032 0.461585
0.180959 0.253702
0.182417 0.382895
0.164921 0.235856
0.122805 0.437441
0.113519 0.519359
0.255665 0.362758
0.103224 0.472552
0.123278 0.444166
0.123895 0.453736
0.26013 0.367778
0.125473 0.417344
0.133959 0.429185
0.126329 0.537503
0.0878354 0.505652
0.300217 0.169711
0.285943 0.375076
0.105302 0.518273
0.0956712 0.486391
0.120657 0.438189
0.293601 0.137514
0.117533 0.459587
0.0970932 0.509869
0.0717852 -nan
0.260926 0.0837466
0.114143 0.531802
0.296133 0.155758
0.257086 0.378403
0.125766 0.463378
0.126159 0.42473
0.0928536 0.532122
0.287763 0.439307
0.100935 0.516991
0.107605 0.543387
0.12554 0.435305
0.105493 0.526768
0.107943 0.451488
0.303112 0.150883
0.251095 0.377152
0.103114 0.531363
0.0771122 -nan
0.117246 0.432728
0.123374 0.520105
0.271312 0.376757
0.0907058 0.543037
0.284918 0.444512
0.126451 0.42248
0.126719 0.421508
0.120692 0.41932
0.290152 0.427106
0.243209 0.377365
0.113381 0.519369
0.0990285 0.509589
0.281811 0.43095
0.296238 0.421485
0.249176 0.401478
0.119882 0.456003
0.126451 0.496748
0.248343 0.07482
0.25293 0.0900608
0.279695 0.439032
0.0833002 0.524594
0.124012 0.444744
0.100055 0.526044
0.255303 0.0714158
0.181858 0.37797
0.261911 0.438035
0.269936 0.443631
0.282117 0.374364
0.259516 0.0751698
0.123965 0.408819
0.122365 0.491614
0.12582 0.433687
0.254709 0.0452781
0.291053 0.17515
0.117902 0.509707
0.255852 0.0734163
0.263904 0.423787
0.103397 0.518075
0.204744 0.399199
0.125451 0.423782
0.123407 0.405559
0.0723529 -nan
0.093404 0.47408
0.0925058 0.511083
0.133064 0.435779
0.114834 0.529132
0.090797 0.5175
0.10509 0.541592
0.10003 0.498451
0.120305 0.424239
0.25766 0.0373412
0.259325 0.0487101
0.0956112 0.472901
0.124148 0.439195
0.111347 0.524045
0.28904 0.4421
0.282897 0.377228
0.123837 0.436723
0.139399 0.44846
0.0897287 0.497459
0.275628 0.361275
0.245119 0.383864
0.120891 0.429476
0.112706 0.528425
0.100989 0.498026
0.113831 0.517143
0.0927734 0.49595
0.254338 0.0657373
0.30346 0.169757
0.264419 0.388633
0.0830138 -nan
0.255374 0.0404352
0.114104 0.456681
0.260014 0.429475
0.133012 0.442704
0.120157 0.435442
0.256211 0.0611746
0.0813837 -nan
0.269148 0.424776
0.0984332 0.502592
0.260784 0.381274
0.244759 0.39783
0.0818895 0.520978
0.123045 0.443134
0.113243 0.463233
0.0924467 0.475853
0.116381 0.533053
0.109726 0.467041
0.105766 0.485523
0.268804 0.444117
0.246388 0.380329
0.0943797 0.463413
0.264327 0.421715
0.126994 0.492755
0.121223 0.434863
0.113214 0.525987
0.0840782 0.52707
0.258329 0.421692
0.12513 0.444996
0.181932 0.377645
0.278445 0.419384
0.121247 0.443553
0.110593 0.53613
0.125429 0.514263
0.24942 0.377808
0.265645 0.424062
0.263712 0.0702549
0.101648 0.505055
0.107147 0.538408
0.0982369 0.507362
0.0965604 0.522064
0.253704 0.378523
0.0966005 0.524858
0.126954 0.455285
0.181536 0.245505
0.291626 0.439689
0.0886534 0.510784
0.285537 0.44214
0.0786873 -nan
0.261068 0.386509
0.0948267 0.517996
0.121485 0.437986
0.261802 0.42634
0.125875 0.517705
0.106007 0.519631
0.115666 0.426183
0.108953 0.4687
0.261473 0.385656
0.0812033 -nan
0.257971 0.0780998
0.26456 0.437442
0.187315 0.238676
0.119709 0.415588
0.118806 0.520328
0.275817 0.37769
0.171366 0.38106
0.115648 0.515328
0.0815975 -nan
0.0935285 0.540511
0.0809556 -nan
0.176924 0.394802
0.120682 0.536374
0.121372 0.452166
0.293904 0.138809
0.125503 0.417303
0.120516 0.505087
0.257737 0.0386481
0.112076 0.469959
0.269198 0.36471
0.114281 0.442187
0.0928164 0.516702
0.245954 0.400063
0.2925 0.424117
0.111 0.537221
0.124295 0.509089
0.0752418 -nan
0.117064 0.467915
0.129383 0.419673
0.0789269 -nan
0.0942039 0.461389
0.283919 0.437167
0.114076 0.522514
0.127247 0.444852
0.283307 0.42912
0.200208 0.25294
0.10136 0.521764
0.0925427 0.543506
0.126456 0.436339
0.183327 0.396954
0.197934 0.377092
0.11488 0.451179
0.113808 0.44401
0.0922245 0.526576
0.113692 0.457371
0.121043 0.444398
0.110488 0.52333
0.238881 0.386591
0.0957554 0.462466
0.18023 0.378983
0.122024 0.520078
0.132492 0.521271
0.288987 0.442873
0.265788 0.0521411
0.251372 0.372509
0.125083 0.525608
0.186304 0.399392
0.091843 0.508985
0.119444 0.526004
0.0985804 0.536284
0.301881 0.160557
0.119505 0.442121
0.116392 0.472084
0.239439 0.385434
0.113837 0.522822
0.126306 0.482915
0.113335 0.505049
0.243751 0.363224
0.0885641 0.498297
0.279168 0.432278
0.251476 0.38172
0.0988967 0.514337
0.179988 0.382376
0.251226 0.422716
0.253505 0.399728
0.12384 0.417458
0.0823234 -nan
0.206519 0.417711
0.119605 0.458789
0.073549 -nan
0.283647 0.439575
0.243875 0.392305
0.104065 0.492821
0.267783 0.441411
0.284882 0.427734
0.0850614 0.530845
0.114 0.53426
0.288411 0.43098
0.256678 0.439679
0.261828 0.375091
0.110684 0.517062
0.180216 0.257866
0.292922 0.436785
0.252119 0.388378
0.310206 0.162524
0.133678 0.447597
0.123358 0.490946
0.132874 0.437702
0.107058 0.525364
0.0986411 0.536066
0.177874 0.399998
0.122417 0.436399
0.0861208 0.535649
0.120982 0.5044
0.256209 0.36551
0.291722 0.437246
0.123511 0.431981
0.121632 0.419809
0.1261 0.413285
0.259802 0.0879038
0.254768 0.378132
0.128889 0.513085
0.124416 0.459655
0.114784 0.451303
0.11068 0.53924
0.101514 0.496563
0.0992601 0.494556
0.0767844 -nan
0.118669 0.426875
0.270361 0.421465
0.23848 0.367187
0.0958593 0.528731
0.247968 0.0762644
0.296387 0.441966
0.125958 0.479751
0.267183 0.438141
0.129159 0.444675
0.106961 0.516844
0.114084 0.526955
0.238013 0.378203
0.108202 0.445891
0.25925 0.366638
0.127776 0.458658
0.299544 0.16609
0.0794363 0.540912
0.0732347 -nan
0.111043 0.516344
0.088279 0.540101
0.184668 0.237992
0.268322 0.444092
0.122611 0.418066
0.122509 0.442373
0.183783 0.239429
0.255954 0.381989
0.122101 0.434844
0.108513 0.469683
0.18341 0.380116
0.290026 0.422473
0.0828231 0.527578
0.120717 0.442473
0.0756453 -nan
0.113201 0.529524
0.10419 0.484218
0.0837736 0.506771
0.173351 0.236588
0.276688 0.379185
0.113879 0.533738
0.106053 0.523693
0.292105 0.172897
0.13076 0.429462
0.257524 0.0762795
0.235773 0.389118
0.291869 0.42816
0.279646 0.361933
0.135009 0.442767
0.287453 0.418488
0.12458 0.540408
0.120665 0.487824
0.0927367 0.516864
0.126338 0.42365
0.110608 0.518002
0.112981 0.438732
0.120093 0.423637
0.29587 0.160074
0.259213 0.0815803
0.25242 0.0752082
0.294502 0.154958
0.119833 0.405965
0.289254 0.430622
0.1193 0.519647
0.105225 0.472852
0.113824 0.537781
0.262879 0.0415733
0.260157 0.382918
0.0817834 0.507239
0.0965945 0.492894
0.126843 0.429663
0.119307 0.444144
0.126506 0.440244
0.291238 0.4352
0.254851 0.395619
0.0818637 0.528896
0.124228 0.429451
0.298427 0.428568
0.127481 0.475071
0.254469 0.366448
0.126323 0.437593
0.241362 0.400696
0.269165 0.0456338
0.11694 0.502412
0.269524 0.43716
0.173242 0.221627
0.109371 0.519656
0.110174 0.527051
0.0994316 0.538784
0.120826 0.425056
0.118762 0.523717
0.179246 0.377083
0.100998 0.520288
0.248394 0.380765
0.12638 0.494708
0.0995438 0.523172
0.0860334 0.508274
0.0865357 0.485707
0.304291 0.162828
0.103267 0.528365
0.240844 0.39663
0.248079 0.379172
0.0873173 0.536809
0.110218 0.533288
0.190605 0.387845
0.0943745 0.491839
0.126706 0.429496
0.0944989 0.534724
0.119638 0.528387
0.246653 0.369774
0.259241 0.361197
0.0903419 0.525705
0.113867 0.446994
0.110962 0.47143
0.105717 0.521163
0.0750045 -nan
0.123008 0.439368
0.104108 0.461353
0.101922 0.538413
0.294104 0.421969
0.24678 0.0776081
0.125268 0.494082
0.0812774 0.532266
0.264682 0.419397
0.291121 0.421545
0.0776425 -nan
0.260199 0.424901
0.104349 0.490134
0.290739 0.43081
0.1091 0.503894
0.262677 0.364774
0.298119 0.150411
0.124345 0.422842
0.289114 0.441082
0.115048 0.453206
0.268358 0.428607
0.272187 0.419032
0.11584 0.531837
0.266131 0.038976
0.126851 0.404713
0.0979861 0.544412
0.184552 0.240111
0.107559 0.532035
0.0916588 0.532952
0.30151 0.174057
0.178981 0.378178
0.110369 0.519771
0.128857 0.408288
0.101629 0.50923
0.0904743 0.493584
0.126759 0.487287
0.0885457 0.501865
0.127884 0.482499
0.125289 0.430706
0.287502 0.425994
0.255992 0.377514
0.101197 0.50807
0.246883 0.364856
0.119569 0.452134
0.25944 0.386255
0.130859 0.456227
0.103584 0.456072
0.277561 0.443592
0.117818 0.459331
0.245824 0.392965
0.26279 0.0580414
0.071426 -nan
0.0942519 0.488875
0.177043 0.256886
0.29807 0.432238
0.103049 0.540378
0.105348 0.531927
0.0965622 0.517301
0.277821 0.377972
0.25874 0.0481139
0.182883 0.389187
0.0847271 0.533627
0.199778 0.258818
0.123107 0.442546
0.0843876 0.502288
0.121185 0.451967
0.252692 0.0496096
0.107217 0.524224
0.292833 0.437917
0.126952 0.520314
0.203581 0.407365
0.0914441 0.533422
0.107625 0.460471
0.119488 0.412627
0.102521 0.4836
0.265083 0.0376616
0.103277 0.542699
0.0880773 0.488991
0.256857 0.0521397
0.108623 0.447965
0.100636 0.470015
0.20132 0.403028
0.124174 0.433934
0.27117 0.0581024
0.11525 0.452149
0.1082 0.457521
0.108008 0.529861
0.0923435 0.543418
0.103217 0.530801
0.121168 0.497086
0.0954326 0.495309
0.0861654 0.493955
0.0831505 0.518692
0.120997 0.45487
0.140399 0.526198
0.122798 0.434473
0.0795397 0.518231
0.0981278 0.515462
0.282912 0.367103
0.0999922 0.516489
0.116268 0.439562
0.18428 0.240542
0.127229 0.499877
0.0793707 -nan
0.25695 0.364312
0.0995801 0.495335
0.11706 0.424073
0.118427 0.493923
0.083191 -nan
0.260036 0.363109
0.25113 0.399678
0.173307 0.37568
0.126388 0.427991
0.109477 0.505432
0.29735 0.170812
0.0986336 0.481384
0.200159 0.402387
0.113982 0.434493
0.0718547 -nan
0.280271 0.429399
0.260863 0.436512
0.118805 0.423161
0.122796 0.505382
0.123891 0.434144
0.0845619 0.523652
0.241376 0.400116
0.267621 0.0522948
0.117441 0.446794
0.133046 0.529395
0.258285 0.0406594
0.132551 0.451602
0.303624 0.159045
0.291563 0.440675
0.300764 0.437225
0.291908 0.430049
0.0784377 -nan
0.109838 0.514
0.255082 0.0423312
0.124859 0.429443
0.121898 0.436117
0.123168 0.431633
0.108433 0.455628
0.270991 0.442216
0.242683 0.371144
0.0868105 0.543851
0.255781 0.377718
0.283579 0.385398
0.108582 0.476096
0.250749 0.0771134
0.282829 0.417726
0.195392 0.241623
0.302367 0.444252
0.0733463 -nan
0.114996 0.535466
0.123432 0.459432
0.13373 0.50514
0.254129 0.0659448
0.0961822 0.467052
0.0728095 -nan
0.140691 0.507147
0.110634 0.524456
0.30226 0.150014
0.115208 0.446495
0.099363 0.493585
0.131319 0.456167
0.100547 0.543453
0.096915 0.516586
0.112631 0.526521
0.289104 0.372242
0.119656 0.530276
0.109859 0.529296
0.115395 0.449914
0.115201 0.529312
0.122439 0.409309
0.296313 0.420979
0.108011 0.51988
0.10874 0.529673
0.105462 0.519677
0.107005 0.46123
0.181206 0.244823
0.254365 0.0817936
0.293375 0.135993
0.234478 0.400556
0.11577 0.500826
0.115327 0.439638
0.112162 0.527618
0.126831 0.542353
0.264051 0.424026
0.127712 0.424205
0.0794087 -nan
0.254303 0.38323
0.274361 0.440946
0.26499 0.376908
0.0878108 0.49091
0.073184 -nan
0.296758 0.161456
0.28413 0.425589
0.086729 0.52521
0.120635 0.449843
0.11489 0.434901
0.267841 0.43591
0.117172 0.516053
0.24769 0.390857
0.112307 0.523095
0.106913 0.517796
0.292883 0.435424
0.277301 0.363532
0.122164 0.449612
0.117867 0.454197
0.123969 0.467843
0.26251 0.040998
0.0761173 -nan
0.257822 0.383791
0.100781 0.526395
0.262769 0.377883
0.204784 0.405156
0.0833605 0.529076
0.114902 0.517522
0.123417 0.43114
0.292849 0.433151
0.183341 0.395714
0.113817 0.453504
0.0992768 0.516767
0.306235 0.159107
0.129275 0.432507
0.112221 0.536185
0.114372 0.536474
0.117636 0.521378
0.291869 0.156002
0.125387 0.516335
0.11911 0.416868
0.104874 0.522764
0.119249 0.469171
0.134268 0.425511
0.11349 0.51887
0.109421 0.540675
0.301379 0.159015
0.0884192 0.526304
0.106071 0.523273
0.106905 0.532087
0.247517 0.382288
0.0850543 0.524085
0.262468 0.0388039
0.0898797 0.526478
0.125312 0.433957
0.115173 0.517721
0.112986 0.442073
0.08541 0.477322
0.135799 0.507439
0.247516 0.363415
0.106902 0.516895
0.083323 -nan
0.110261 0.525412
0.102924 0.514485
0.242305 0.39341
0.183809 0.234624
0.243251 0.0765787
0.0802921 0.519446
0.121806 0.41751
0.102583 0.538231
0.121754 0.522764
0.0966754 0.531585
0.133625 0.42621
0.116836 0.457729
0.197702 0.381538
0.262998 0.44277
0.2565 0.0842081
0.258047 0.0834486
0.29012 0.424371
0.117109 0.518591
0.108326 0.471108
0.0881213 0.511142
0.104173 0.486284
0.125821 0.425907
0.177259 0.395482
0.0804685 -nan
0.117605 0.427793
0.286529 0.381689
0.0904372 0.4896
0.125032 0.470815
0.114472 0.520505
0.11229 0.525743
0.291186 0.425431
0.119063 0.517055
0.302693 0.157658
0.0878614 0.533388
0.10138 0.523177
0.265632 0.421556
0.0821969 0.501344
0.245176 0.378188
0.173403 0.259886
0.0885192 0.487698
0.104891 0.531825
0.293791 0.434944
0.098688 0.532149
0.0801937 -nan
0.104823 0.507559
0.095412 0.487935
0.10281 0.47134
0.0985056 0.483103
0.123848 0.494461
0.261352 0.444418
0.110395 0.522628
0.123716 0.417849
0.0833386 -nan
0.0958674 0.507887
0.287608 0.42707
0.263945 0.377409
0.298716 0.421729
0.247619 0.37848
0.253208 0.390955
0.13676 0.534187
0.116076 0.529754
0.0906342 0.533047
0.256284 0.0545392
0.284034 0.422682
0.117353 0.535094
0.28928 0.429096
0.0997951 0.510686
0.107865 0.540995
0.269943 0.432418
0.24523 0.388796
0.268401 0.377526
0.250341 0.36462
0.0935156 0.482052
0.270531 0.442541
0.267505 0.429032
0.107826 0.464487
0.120664 0.461567
0.0880042 0.511954
0.300719 0.164696
0.12712 0.436135
0.250744 0.371392
0.115311 0.540481
0.260447 0.0896872
0.171642 0.25711
0.117165 0.519316
0.0835231 -nan
0.111612 0.521249
0.125891 0.438021
0.120513 0.476056
0.101127 0.488495
0.268538 0.384577
0.277498 0.368
0.131474 0.443815
0.105111 0.476893
0.10304 0.474061
0.116258 0.534608
0.252239 0.361943
0.0802964 0.515441
0.289216 0.433099
0.247717 0.389341
0.129316 0.432822
0.123114 0.435062
0.288389 0.427881
0.284457 0.4272
0.276625 0.360968
0.172217 0.241757
0.109748 0.542302
0.114314 0.53959
0.115935 0.447761
0.115043 0.538689
0.268027 0.422287
0.116379 0.468895
0.104479 0.498504
0.283739 0.429932
0.110498 0.468649
0.0949304 0.50536
0.245844 0.384551
0.0963078 0.470667
0.0780343 -nan
0.0749599 -nan
0.0829205 -nan
0.118124 0.518262
0.273856 0.367866
0.10331 0.522811
0.170082 0.382671
0.129525 0.515717
0.111866 0.510326
0.129772 0.420446
0.123212 0.433915
0.128613 0.494823
0.117619 0.45449
0.113515 0.523045
0.269442 0.428503
0.120244 0.438644
0.176069 0.255874
0.104608 0.542898
0.0901398 0.527625
0.241995 0.393637
0.124331 0.412354
0.278064 0.423652
0.125555 0.45007
0.117545 0.438418
0.106201 0.467066
0.0842979 0.525872
0.130467 0.50865
0.120522 0.456196
0.113657 0.525025
0.266533 0.434179
0.183635 0.382008
0.0905238 0.503943
0.257728 0.420559
0.257307 0.0651176
0.11304 0.504653
0.12134 0.456581
0.117641 0.443812
0.0914773 0.534712
0.251089 0.0818304
0.257526 0.0376525
0.114467 0.518669
0.0825613 0.493209
0.0825161 0.525881
0.117473 0.537543
0.253035 0.37844
0.0995836 0.526464
0.185089 0.383528
0.107926 0.509884
0.176962 0.249126
0.102143 0.517163
0.102468 0.529539
0.0770299 -nan
0.0830067 0.486338
0.188538 0.241264
0.255713 0.377994
0.10071 0.517801
0.112016 0.536607
0.109849 0.541589
0.119577 0.527387
0.260072 0.0874792
0.265262 0.38143
0.11355 0.53498
0.118202 0.45391
0.203712 0.233298
0.107402 0.535407
0.11909 0.526924
0.0815142 0.535149
0.199545 0.414395
0.262749 0.0650564
0.251115 0.365099
0.255422 0.381969
0.0965361 0.515204
0.113047 0.530038
0.0953043 0.52356
0.110731 0.542992
0.111709 0.51881
0.0809562 -nan
0.0897705 0.535229
0.0937481 0.474244
0.0779959 -nan
0.248512 0.0408629
0.307409 0.15201
0.0917723 0.474532
0.0891319 0.5121
0.240652 0.387776
0.288673 0.432399
0.186826 0.246421
0.234968 0.393784
0.298759 0.421448
0.292457 0.419444
0.250827 0.38013
0.092166 0.515568
0.293358 0.138292
0.120443 0.444066
0.0764188 -nan
0.125436 0.436648
0.102265 0.508603
0.118 0.518505
0.11243 0.522153
0.293942 0.136461
0.112401 0.451863
0.179653 0.391575
0.117499 0.439479
0.118501 0.490626
0.293202 0.425078
0.122024 0.525894
0.102449 0.519715
0.0792258 -nan
0.121578 0.534707
0.0739082 -nan
0.0840008 0.519089
0.0778864 -nan
0.303015 0.159207
0.189404 0.392459
0.0993654 0.471078
0.100641 0.520344
0.133629 0.424256
0.279112 0.364288
0.124138 0.44477
0.119871 0.453327
0.078171 -nan
0.182747 0.390542
0.107524 0.465198
0.290434 0.431376
0.11609 0.420595
0.088128 0.50928
0.1113 0.460232
0.258294 0.0648843
0.256807 0.429938
0.132155 0.522308
0.110591 0.522176
0.09857 0.521532
0.285812 0.43706
0.274337 0.361959
0.125314 0.461314
0.114272 0.527522
0.265439 0.387907
0.124367 0.458866
0.0972986 0.46604
0.113333 0.45534
0.274116 0.365212
0.120766 0.518015
0.119896 0.41326
0.111034 0.538429
0.260264 0.380866
0.093581 0.463958
0.111308 0.522724
0.0979522 0.473718
0.26564 0.0387452
0.101863 0.517358
0.198405 0.415086
0.288998 0.423314
0.0990516 0.498197
0.252528 0.0739398
0.112321 0.536413
0.290865 0.436342
0.27267 0.048025
0.0735027 -nan
0.117025 0.465415
0.0831952 -nan
0.0715315 -nan
0.30363 0.158663
0.0864409 0.512861
0.257568 0.362859
0.119709 0.514145
0.295889 0.152805
0.0932739 0.519308
0.2074 0.416808
0.252731 0.0568785
0.29611 0.169845
0.249474 0.0660145
0.128993 0.44398
0.0963159 0.524404
0.282227 0.441326
0.118679 0.495724
0.0741061 -nan
0.293253 0.155568
0.095113 0.530882
0.098994 0.514042
0.104015 0.535375
0.0850144 0.478112
0.104186 0.476521
0.187177 0.225784
0.287841 0.152355
0.0781403 -nan
0.277511 0.364953
0.206975 0.411313
0.106597 0.524149
0.0845241 0.530401
0.101662 0.523426
0.264621 0.422713
0.261938 0.383239
0.270074 0.444308
0.126525 0.524836
0.265056 0.383174
0.0918341 0.492741
0.192384 0.226373
0.119758 0.441602
0.119502 0.470757
0.292787 0.156348
0.113947 0.541077
0.208181 0.390834
0.110464 0.53445
0.302319 0.171175
0.120941 0.44471
0.132521 0.424902
0.0901558 0.526347
0.0713524 -nan
0.183075 0.399274
0.077868 -nan
0.114883 0.467043
0.0865891 0.533511
0.282912 0.385929
0.114156 0.53524
0.125702 0.426935
0.118825 0.486758
0.125231 0.479402
0.250473 0.38572
0.247902 0.0657437
0.257543 0.381447
0.126506 0.52787
0.277709 0.435628
0.0998133 0.466154
0.121784 0.422522
0.174019 0.398357
0.116447 0.530006
0.121225 0.480201
0.267601 0.429123
0.254085 0.375738
0.291435 0.420538
0.107133 0.505717
0.119085 0.441974
0.09775 0.487998
0.274947 0.0505394
0.116836 0.523892
0.266177 0.432308
0.281352 0.440364
0.281693 0.369303
0.29775 0.174053
0.113217 0.45592
0.29944 0.140056
0.261597 0.367815
0.112582 0.48269
0.1296 0.497641
0.123954 0.456682
0.176885 0.398682
0.11204 0.46588
0.0929365 0.515757
0.130844 0.453916
0.252403 0.400161
0.245214 0.0780793
0.289629 0.42223
0.107358 0.508794
0.291965 0.434322
0.0846651 0.482658
0.188316 0.394406
0.299921 0.139975
0.0957769 0.48416
0.190439 0.377459
0.277133 0.384776
0.283983 0.418456
0.10612 0.470078
0.114982 0.442431
0.288596 0.420898
0.294726 0.441333
0.257326 0.387611
0.241756 0.377408
0.071503 -nan
0.114384 0.438156
0.114103 0.524415
0.11081 0.489979
0.263169 0.432332
0.116029 0.51398
0.0958466 0.464942
0.251665 0.0809382
0.118148 0.519405
0.290301 0.419056
0.254453 0.398318
0.259759 0.437317
0.269746 0.443002
0.25244 0.0719588
0.122517 0.496295
0.0886122 0.530635
0.0719785 -nan
0.300371 0.426312
0.28285 0.436228
0.132995 0.504662
0.0816158 0.537467
0.0996658 0.486459
0.296337 0.42159
0.120422 0.424645
0.127066 0.405763
0.267759 0.433312
0.289795 0.433269
0.095294 0.516486
0.124554 0.427477
0.0934683 0.485607
0.114305 0.463447
0.132259 0.429458
0.0970363 0.531342
0.284198 0.378192
0.134153 0.536485
0.0826862 -nan
0.0868736 0.542397
0.204723 0.391826
0.125972 0.418064
0.08962 0.518797
0.299513 0.173159
0.296508 0.426781
0.102854 0.526875
0.100744 0.530827
0.117257 0.528055
0.103766 0.507759
0.280827 0.379091
0.10671 0.464688
0.250124 0.38514
0.127366 0.440655
0.0791462 -nan
0.113266 0.458399
0.0875385 0.543254
0.257116 0.362201
0.111207 0.476368
0.100268 0.534306
0.260576 0.0896746
0.244323 0.384098
0.122092 0.519419
0.0972563 0.494434
0.0838701 0.508791
0.094671 0.497443
0.085409 0.494324
0.253684 0.0767449
0.0815166 0.477641
0.297189 0.427102
0.118194 0.467399
0.250467 0.376813
0.301748 0.16935
0.12449 0.429949
0.290821 0.436002
0.114081 0.543279
0.27591 0.383884
0.252762 0.395926
0.120424 0.458697
0.302533 0.168429
0.121504 0.442865
0.107851 0.524631
0.17696 0.243669
0.294885 0.138211
0.108636 0.468456
0.0879254 0.516426
0.0714955 -nan
0.203068 0.412696
0.132494 0.416414
0.119467 0.422482
0.110555 0.534565
0.125234 0.499544
0.248647 0.382024
0.124606 0.516904
0.253995 0.380338
0.244295 0.398166
0.0980223 0.460726
0.121635 0.526523
0.131557 0.418743
0.0773028 -nan
0.109818 0.540216
0.117409 0.448308
0.090706 0.529419
0.0742277 -nan
0.277628 0.444192
0.296161 0.426122
0.263332 0.0603653
0.0875402 0.51758
0.114511 0.477451
0.106706 0.50301
0.290646 0.440024
0.0969695 0.496822
0.123088 0.529844
0.105979 0.519074
0.106585 0.502967
0.241972 0.379189
0.0906955 0.538055
0.121693 0.497748
0.0811056 -nan
0.283673 0.434933
0.113618 0.523501
0.12392 0.529059
0.120589 0.520064
0.0848662 0.518077
0.0881097 0.53634
0.247223 0.368783
0.0990825 0.534457
0.125271 0.480436
0.290564 0.422716
0.0904 0.498535
0.2658 0.444976
0.252536 0.381815
0.256523 0.392076
0.107788 0.458557
0.127269 0.440493
0.277192 0.384164
0.120674 0.432486
0.292882 0.421381
0.272929 0.420166
0.0879457 0.513203
0.0787164 0.514902
0.120523 0.54246
0.308563 0.149497
0.111193 0.525823
0.133959 0.428098
0.117349 0.50961
0.262906 0.0452347
0.12698 0.48797
0.115157 0.453497
0.081849 0.521642
0.287015 0.442212
0.24798 0.379391
0.0809653 -nan
0.273641 0.440811
0.10354 0.466497
0.113843 0.539044
0.10102 0.4837
0.187413 0.25025
0.306242 0.166216
0.123115 0.448393
0.118978 0.450494
0.130407 0.424111
0.106006 0.481829
0.119207 0.509015
0.296906 0.440428
0.119534 0.469672
0.133142 0.528914
0.104185 0.536319
0.0806753 -nan
0.257709 0.431542
0.106904 0.525185
0.265086 0.430653
0.111019 0.520299
0.195125 0.222095
0.304207 0.169091
0.0971084 0.490369
0.119469 0.454648
0.292483 0.443812
0.117038 0.44986
0.110301 0.517192
0.199093 0.224361
0.131447 0.420063
0.0940717 0.540166
0.132841 0.450534
0.132529 0.431984
0.25569 0.0553884
0.263915 0.0868726
0.260075 0.384391
0.123915 0.425498
0.280781 0.375253
0.127418 0.432545
