-13.201 -6.296 -53.957
-10.703 -3.406 -53.291
-9.54 -3.087 -49.639
-11.02 0.322 -48.639
-8.614 1.85 -46.053
-10.787 3.126 -43.162
-9.634 6.195 -41.181
-10.061 4.9 -37.589
-10.286 6.838 -34.306
-12.195 7.103 -30.979
-14.163 9.439 -28.711
-12.619 10.223 -25.263
-14.157 12.207 -22.344
-11.943 15.248 -21.466
-14.301 16.978 -18.949
-17.827 16.65 -17.399
-19.139 18.761 -20.353
-16.752 17.96 -23.312
-15.482 14.956 -25.281
-12.62 14.751 -27.824
-12.437 12.939 -31.204
-8.982 11.264 -31.393
-8.672 10.357 -35.1
-6.282 10.744 -38.079
-6.98 13.557 -40.6
-9.895 13.022 -43.051
-11.208 15.853 -45.293
-14.92 14.856 -45.011
-14.611 14.37 -41.226
-13.015 17.857 -40.827
-15.875 19.254 -42.999
-18.403 17.482 -40.669
-16.559 18.759 -37.515
-16.844 22.341 -38.957
-20.697 21.797 -39.029
-20.861 21.033 -35.24
-22.116 23.933 -33.104
-20.016 23.255 -29.939
-16.791 22.621 -31.971
-13.393 23.436 -30.391
-10.011 22.816 -32.063
-6.805 22.812 -29.99
-3.883 23.919 -32.209
-1.328 22.314 -29.773
-2.753 18.736 -29.691
-4.334 19.137 -33.217
-7.578 17.622 -31.79
-11.313 18.386 -31.995
-13.683 18.544 -28.991
-17.466 19.001 -28.65
-20.131 19.402 -25.91
-21.257 16.038 -24.476
-24.923 16.743 -25.497
-23.731 16.722 -29.178
-22.178 13.179 -28.839
-25.228 11.354 -30.322
-25.57 14.044 -33.093
-21.852 13.682 -34.021
-21.815 9.829 -34.037
-25.045 9.774 -36.128
-23.507 12.176 -38.75
-20.093 10.348 -38.803
-21.793 6.948 -39.527
-22.962 8.546 -42.834
-19.328 9.196 -43.991
-17.677 6.563 -46.261
-14.251 5.2 -45.121
-14.46 6.789 -41.562
-14.765 4.819 -38.279
-15.142 6.964 -35.114
-15.663 4.659 -32.101
-18.218 6.249 -29.657
-17.862 6.903 -25.912
-18.35 3.469 -24.195
-21.794 2.549 -22.772
-20.235 2.829 -19.255
-19.534 6.58 -19.812
-22.964 7.196 -21.431
-24.623 5.531 -18.378
-22.42 7.523 -15.909
-23.028 10.919 -17.654
-26.668 10.153 -18.714
-27.851 13.482 -17.123
-25.214 15.594 -18.963
-26 13.8 -22.296
-29.631 15.147 -21.909
-28.0947 18.5878 -22.8067
-29.7237 22.0097 -23.5883
-32.5031 22.5851 -25.9993
-33.2371 20.9322 -29.4155
-36.7208 19.8271 -28.7039
-40.5206 19.4219 -28.0446
-42.7758 16.9599 -29.7208
-44.8145 15.7045 -26.8363
-46.0009 12.7225 -24.8882
-47.9623 9.86495 -23.1909
-45.9118 8.303 -25.9989
-46.0331 4.65018 -25.3018
-45.6 1.50416 -27.5074
-45.0803 -1.91568 -28.894
-43.2509 -2.8545 -32.0275
-44.6578 -4.20297 -35.3984
-46.7777 -5.00705 -38.4552
-45.546 -1.85066 -40.1323
-44.0645 -3.7579 -43.1436
-45.4603 -6.93612 -44.6007
-45.1394 -10.4065 -46.1161
-47.3087 -11.9074 -43.3804
-49.9902 -9.27005 -43.9257
-50.0169 -9.93199 -47.6679
-50.3845 -13.6719 -47.1017
-50.3335 -13.6699 -50.9677
-48.0915 -10.9049 -52.3767
-49.7525 -8.79993 -55.1997
-47.8775 -10.7089 -57.9667
-48.7105 -14.0899 -56.2967
-52.4425 -13.0849 -56.2857
-52.2085 -12.1739 -60.0157
-50.5895 -15.6369 -60.6167
-53.4345 -17.4169 -58.7187
-56.0095 -15.4079 -60.7717
-54.2015 -16.3269 -64.0667
-54.0765 -20.0329 -63.0777
-57.8425 -20.0009 -62.2347
-58.6705 -18.1489 -65.5277
-56.6195 -20.8469 -67.4347
-58.8605 -23.4439 -65.6327
-56.1585 -24.7919 -63.2327
-53.9985 -26.1389 -66.1367
-50.6025 -24.3739 -66.1997
-46.8555 -24.4799 -65.6837
-45.9415 -21.9509 -62.9417
-42.3405 -21.2969 -64.0907
-41.7815 -18.3029 -61.7377
-38.1505 -17.8869 -60.5857
-36.6945 -19.7769 -57.5647
-38.0075 -18.5359 -54.1787
-40.8795 -16.3229 -55.5887
-43.3525 -18.5109 -53.5547
-44.4905 -21.1379 -56.1317
-45.6585 -23.4109 -53.2287
-48.0095 -20.7779 -51.6467
-49.5225 -19.9859 -55.1087
-49.9285 -23.7539 -55.8727
-51.6665 -24.4499 -52.5017
-54.0615 -21.4959 -53.1647
-54.8935 -22.6369 -56.7677
-55.4925 -26.2149 -55.4997
-57.6015 -24.9719 -52.5017
-59.8735 -22.9609 -54.8847
-60.5465 -26.4339 -56.4557
-61.0305 -28.1989 -52.9817
-64.5325 -29.3489 -54.1927
-62.6965 -31.4479 -56.9007
-60.2725 -33.3599 -54.5527
-58.6275 -35.9049 -53.7927
-55.4205 -33.9399 -54.4747
-52.1975 -35.6289 -55.6937
-48.8815 -33.8199 -54.9657
-45.7785 -35.2309 -56.7397
-42.4755 -33.8489 -55.3597
-38.6965 -34.5079 -54.9767
-38.0625 -37.3119 -52.3957
-36.5025 -34.7969 -49.8697
-39.3355 -32.1319 -49.7637
-42.4045 -34.3599 -48.9597
-42.5415 -33.2449 -45.2877
-41.8005 -29.5939 -46.3327
-45.0115 -29.7959 -48.4567
-47.0605 -31.3889 -45.5877
-45.9145 -28.5719 -43.2337
-46.7555 -26.0159 -45.9937
-50.3685 -27.3809 -46.2027
-50.7285 -27.3519 -42.3517
-49.2425 -23.7919 -42.2397
-51.4695 -22.2969 -44.9847
-54.7675 -24.3009 -44.7227
-55.4975 -24.5419 -40.9067
-59.0345 -25.7009 -42.0147
-57.4105 -29.1929 -42.5567
-56.6765 -31.7769 -39.8457
-53.2785 -33.5959 -40.1057
-55.2845 -36.8119 -40.8827
-56.4265 -35.1589 -44.1717
-52.7375 -35.3079 -45.3867
-51.1515 -38.6159 -46.4747
-47.3275 -38.5329 -46.8817
-46.3485 -41.6079 -48.9277
-42.9625 -42.7949 -47.5907
-42.8475 -46.3289 -49.1497
-44.0515 -48.2909 -52.2277
-46.4155 -50.3119 -49.8927
-48.4345 -47.2999 -48.6457
-51.9985 -46.4089 -49.8037
-51.7215 -43.4649 -52.2617
-55.4625 -42.5939 -51.6897
-55.5655 -42.6579 -47.8357
-55.7545 -38.8239 -47.4267
-57.7265 -35.9579 -48.9677
-54.2345 -34.6319 -49.9247
-51.7115 -37.3249 -50.9977
-47.9825 -36.3899 -51.1597
-45.6555 -38.7939 -53.0757
-42.1755 -38.7869 -54.6717
-41.3045 -39.2319 -58.3857
-39.4035 -42.5009 -57.5877
-42.4795 -44.0379 -55.8497
-44.9465 -43.2609 -58.7407
-43.5725 -46.2069 -60.8227
-43.9335 -48.5649 -57.7797
-47.4895 -47.2319 -57.1177
-48.6605 -47.3069 -60.8237
-51.3775 -49.9069 -59.9187
-52.8895 -47.3279 -57.4507
-52.6015 -44.3859 -59.9737
-55.7175 -45.9249 -61.6847
-57.8345 -43.9429 -59.1377
-58.7405 -40.6289 -60.9107
-57.0135 -37.7269 -59.1207
-58.8825 -34.7069 -60.6027
-56.3505 -32.1689 -59.1707
-52.5825 -32.7899 -59.5337
-49.6535 -30.6369 -58.3607
-46.1635 -31.6019 -59.6027
-43.3085 -29.7289 -57.9037
-39.9875 -29.3569 -59.8117
-41.7125 -30.8439 -62.9317
-38.4115 -30.6989 -64.9307
-37.8985 -34.2339 -63.4187
-40.4205 -35.3579 -66.1387
-38.2045 -33.9279 -69.0167
-37.5075 -37.4009 -70.5737
-40.5595 -39.4749 -71.6987
-38.6405 -42.8399 -71.6007
-38.0325 -42.6079 -67.8017
-40.1975 -44.7609 -65.4707
-41.2145 -41.6139 -63.4497
-42.4785 -39.9009 -66.6557
-44.2325 -43.0849 -67.9687
-46.1075 -43.3969 -64.6107
-46.9595 -39.6289 -64.2947
-48.1115 -38.8449 -67.8877
-51.3465 -41.0149 -67.9657
-52.6075 -39.2779 -64.7617
-51.6505 -35.7639 -66.0267
-53.5395 -36.3179 -69.3487
-56.7945 -37.4189 -67.5387
-56.7185 -35.1359 -64.4277
-59.0185 -32.0339 -64.6667
-56.4725 -29.6079 -63.0667
-52.6655 -29.8389 -63.5917
-50.4155 -27.4149 -61.6727
-46.7915 -27.9489 -62.7857
-44.0735 -26.0129 -60.8747
-40.3855 -25.4269 -61.7817
-37.6445 -22.7799 -61.3897
-35.9365 -24.1909 -64.4997
-38.6485 -25.7139 -66.7947
-35.9095 -26.5129 -69.3077
-32.4905 -27.4479 -67.8397
-30.4675 -27.2189 -71.1187
-32.6065 -27.6769 -74.3267
-36.1325 -27.0799 -75.8467
-36.7915 -30.8879 -76.0637
-37.0485 -31.0099 -72.1857
-40.2655 -28.8619 -72.3417
-42.2745 -31.3379 -74.4907
-43.5505 -33.5179 -71.5767
-44.6275 -30.3839 -69.6057
-46.3845 -28.8979 -72.7207
-48.4055 -32.1299 -73.3387
-49.1915 -32.4179 -69.5767
-50.7505 -28.8749 -69.5587
-52.2535 -29.1459 -73.1347
-52.6385 -32.8619 -74.2197
-53.8185 -31.7429 -77.7427
-50.5815 -29.7819 -78.4707
-47.9835 -31.7279 -80.5547
-49.5465 -35.2769 -80.1917
-46.2225 -36.7089 -81.5337
-42.7475 -35.5109 -80.3917
-41.3655 -35.5139 -83.9947
-43.5125 -32.4589 -84.9927
-42.2115 -30.5229 -81.9217
-38.6115 -31.6909 -82.6307
-38.6745 -30.6539 -86.3467
-39.8845 -27.1259 -85.3927
-38.0495 -26.3119 -82.1047
-35.1565 -28.8429 -81.7267
-33.4975 -28.3599 -85.2047
-34.1455 -32.0689 -85.8207
-31.5685 -33.7159 -88.1517
-31.8175 -37.0639 -89.9937
-28.5375 -38.9069 -89.2367
-27.5415 -42.3889 -90.6647
-28.5915 -43.9559 -87.2777
-31.9475 -42.0629 -86.8707
-33.1115 -38.5799 -85.7767
-31.0215 -36.1549 -83.6947
-33.0325 -33.6839 -81.5007
-30.1015 -32.0679 -79.5417
-30.4325 -28.7409 -81.4347
-32.6515 -25.6539 -81.0887
-34.7795 -23.5939 -83.5277
-37.5345 -20.8989 -83.6057
-37.0745 -20.1819 -79.8307
-38.9055 -16.7839 -79.9297
-42.0055 -18.5599 -81.3867
-41.6805 -21.2739 -78.6827
-41.4995 -18.5059 -75.9897
-44.7075 -16.8679 -77.3587
-46.5405 -20.2629 -77.4677
-45.4285 -21.0859 -73.8807
-46.4875 -17.6879 -72.3937
-49.8895 -17.6379 -74.2067
-51.0665 -21.2469 -73.6717
-48.8355 -23.2489 -71.2057
-46.7025 -21.1909 -68.8217
-46.7605 -18.2969 -66.3507
-43.1575 -17.0549 -65.8177
-41.8505 -14.0539 -63.8287
-38.2755 -13.2189 -62.8547
-36.7495 -11.7349 -59.6267
-36.1385 -8.53093 -61.6487
-39.8935 -8.28193 -62.5487
-41.3335 -8.65193 -58.9887
-38.5225 -8.15693 -56.3667
-36.5615 -4.92193 -57.1977
-35.1475 -5.15893 -53.5977
-33.1425 -8.42693 -54.0137
-29.3435 -7.73293 -54.0287
-27.5905 -8.46693 -57.3527
-25.9345 -11.8369 -58.0957
-22.3185 -10.9889 -59.0737
-20.7815 -13.8789 -61.0757
-17.1025 -14.3769 -62.0227
-14.7405 -16.9859 -63.4247
-11.6995 -17.6809 -61.1837
-8.88048 -19.2349 -63.2387
-7.10048 -21.4359 -60.6477
-3.38548 -21.6169 -61.4577
-2.40148 -24.8479 -63.3807
1.21352 -24.3769 -62.0527
0.175522 -26.5689 -59.0307
-0.865478 -29.3579 -61.5157
2.27252 -31.5389 -61.4497
3.77852 -32.8119 -64.7477
2.46652 -36.4299 -64.2067
-1.15548 -35.2319 -63.6557
-0.878478 -32.9019 -66.7167
0.550522 -35.7469 -68.8687
-2.38748 -37.9639 -67.6837
-4.93348 -35.2289 -68.6817
-3.13648 -34.8309 -72.0717
-3.22348 -38.6569 -72.5027
-6.99648 -38.9659 -71.7547
-7.68448 -35.9139 -74.0227
-5.72948 -37.5899 -76.9097
-7.50348 -40.9029 -76.1187
-11.0005 -39.3509 -76.7027
-9.90948 -38.0199 -80.1737
-8.42948 -41.3499 -81.4257
-10.2595 -42.4479 -84.6307
-10.1185 -46.2279 -84.0957
-11.9895 -46.3889 -80.7107
-15.5625 -47.6169 -80.2037
-18.3585 -45.2299 -79.0497
-18.0395 -46.8919 -75.5867
-14.2175 -46.4329 -75.2977
-14.7685 -42.7309 -76.2687
-17.3575 -42.3779 -73.3937
-14.9895 -44.1979 -70.9567
-12.0405 -41.9059 -71.9137
-14.3915 -38.8679 -71.4577
-15.4065 -40.0699 -67.9337
-11.6915 -40.6509 -67.1267
-10.7215 -37.1299 -68.3987
-13.5485 -35.5909 -66.2837
-12.5935 -37.5399 -63.0857
-8.86048 -36.6229 -63.6527
-9.91048 -32.9329 -64.0127
-11.5615 -33.1219 -60.5527
-8.40148 -34.7029 -58.9837
-6.10148 -32.1419 -60.7117
-8.10048 -29.1679 -59.2657
-8.15348 -30.3639 -55.5677
-4.86648 -28.6109 -54.4307
-5.80348 -25.1779 -55.9027
-9.48848 -25.5329 -54.8627
-8.14748 -26.0809 -51.2917
-5.67548 -23.1379 -51.6787
-8.60248 -20.8869 -52.7617
-10.9145 -22.0389 -49.8717
-8.10948 -21.2709 -47.3607
-7.45548 -17.8209 -48.9857
-11.2045 -17.0239 -48.5097
-11.0775 -18.0349 -44.7847
-7.75248 -16.1699 -44.1947
-9.41048 -13.0909 -45.8777
-11.8905 -13.1059 -42.9037
-15.0595 -14.4029 -44.6947
-17.7535 -15.3559 -42.1667
-20.0065 -17.7049 -44.2907
-19.7875 -19.2999 -47.7717
-20.9555 -22.3759 -49.7427
-18.5855 -24.7379 -51.6177
-20.1715 -26.8049 -54.4217
-18.5505 -29.9599 -55.8927
-19.9325 -33.2609 -57.3697
-17.0545 -35.8049 -57.3147
-16.9235 -37.4889 -53.8617
-13.0605 -37.2869 -53.8037
-13.2905 -33.4299 -54.0457
-15.8935 -33.2449 -51.2017
-13.7325 -35.6799 -49.1157
-10.4675 -33.6979 -49.6697
-12.1445 -30.3189 -48.8237
-13.6975 -31.7479 -45.5847
-10.3615 -33.3809 -44.5547
-8.41948 -30.0779 -44.9747
-11.1055 -28.0649 -43.0667
-10.8875 -30.6559 -40.2017
-7.02548 -30.4319 -40.3167
-7.31348 -26.5769 -40.0607
-9.98148 -27.0089 -37.2597
-12.5595 -25.0489 -39.3617
-16.1635 -25.7359 -38.2927
-18.1665 -26.7269 -41.4037
-21.2515 -28.6949 -42.5697
-21.3295 -31.4119 -45.2857
-24.3315 -32.5129 -47.4297
-24.0655 -35.2349 -50.1277
-25.8985 -38.3309 -51.5417
-25.3205 -40.2479 -48.2327
-26.7545 -37.4989 -45.9167
-30.2675 -38.5039 -44.7277
-33.4305 -36.4079 -45.3837
-33.8035 -35.2999 -41.6957
-30.0455 -34.6579 -41.1087
-30.0545 -32.4329 -44.2757
-32.6155 -30.1009 -42.6117
-30.7665 -30.1559 -39.2277
-27.3305 -29.3679 -40.8357
-29.0715 -26.5989 -42.8587
-30.4055 -25.1109 -39.5587
-26.9285 -25.4939 -37.9057
-25.2805 -23.4779 -40.7737
-28.1285 -20.8779 -40.7237
-28.2025 -20.3139 -36.9127
-24.5695 -20.9769 -35.7787
-21.9855 -18.1949 -36.4647
-19.1825 -20.8229 -36.0147
-19.9935 -22.8269 -39.1927
-18.0245 -20.8459 -41.8137
-18.1665 -23.3699 -44.7267
-20.9265 -25.5409 -46.2057
-19.4645 -28.4029 -48.3357
-22.3205 -29.3129 -50.7087
-22.8945 -31.8409 -53.4967
-24.2065 -29.9449 -56.5977
-26.6355 -32.8549 -57.3067
-27.6985 -33.7039 -53.7097
-28.1855 -30.1099 -52.3427
-29.9075 -28.5809 -55.4757
-33.3685 -29.0549 -53.7877
-35.3665 -28.0989 -50.6367
-32.5995 -26.3329 -48.6417
-32.1505 -22.5609 -47.9567
-28.6975 -21.0179 -47.2477
-29.5345 -17.2829 -46.8017
-26.8245 -16.9509 -44.0487
-24.0405 -17.0159 -46.7217
-23.1565 -14.2109 -49.2187
-20.7095 -16.2879 -51.3607
-21.0185 -19.4519 -53.5027
-17.8515 -21.2189 -54.7877
-18.2285 -23.8519 -57.5317
-15.0685 -25.9749 -57.0877
-16.2775 -27.9949 -60.1187
-18.2885 -27.1919 -63.2667
-21.4815 -29.1569 -64.0627
-22.5675 -29.7109 -67.7297
-26.2135 -28.7389 -66.9847
-26.7535 -24.9619 -66.3367
-30.2265 -25.5099 -64.7737
-28.5255 -27.3769 -61.8537
-25.9065 -24.5809 -61.4387
-28.7435 -21.9529 -61.2847
-30.6235 -24.1929 -58.7497
-27.4455 -24.1999 -56.5697
-26.9715 -20.3489 -56.8017
-30.6695 -19.8739 -55.7837
-29.9955 -21.7209 -52.4997
-28.3745 -18.4409 -51.2347
-30.3065 -15.9189 -53.3797
-33.6905 -16.4119 -51.5557
-36.2305 -14.2379 -49.6727
-34.3065 -13.2959 -46.4757
-30.9985 -12.5239 -48.2977
-29.7695 -8.92393 -47.5837
-26.2475 -8.99293 -49.1967
-25.1445 -9.02993 -52.8827
-24.5225 -12.7109 -53.7057
-21.0325 -13.5319 -55.0377
-20.7705 -16.5829 -57.3727
-17.2095 -17.8349 -58.1137
-16.7055 -20.5189 -60.8257
-13.2855 -22.2139 -60.3177
-10.1016 -23.7199 -61.948
-10.6939 -26.1597 -64.7637
-11.4047 -28.6777 -67.5972
-9.47189 -30.128 -70.6347
-11.3233 -27.7841 -73.1149
-11.9578 -24.6618 -70.9102
-15.6358 -25.4268 -71.4845
-16.6566 -23.1521 -68.6163
-14.5358 -20.3117 -69.9864
-16.0818 -20.6927 -73.4371
-19.591 -20.6044 -71.9809
-18.8026 -17.4453 -70.0209
-17.4319 -15.7425 -73.1296
-20.546 -16.6423 -75.1135
-22.8012 -15.2497 -72.39
-20.8476 -11.991 -72.3041
-21.1054 -11.6244 -76.0779
-24.8613 -12.1946 -75.974
-25.2819 -9.57156 -73.2563
-23.276 -7.03793 -75.2563
-25.3852 -7.66872 -78.3541
-28.5985 -7.19331 -76.3814
-27.342 -3.90893 -74.9402
-26.4177 -2.63338 -78.3988
-29.9526 -3.00067 -79.5825
-33.246 -3.60638 -81.2774
-35.0086 -0.580506 -82.7909
-35.9423 -1.85447 -86.2654
-39.685 -1.24063 -86.1666
-43.4926 -0.515311 -86.3806
-44.3133 -4.21581 -86.075
-46.3279 -6.9709 -84.4036
-47.8931 -4.49224 -81.9851
-48.8662 -2.17627 -84.8368
-50.4791 -5.04177 -86.7421
-52.4785 -6.07959 -83.6813
-51.2135 -5.12059 -80.1513
-48.7285 -8.09359 -79.7283
