
-13.201 -6.296 -53.957
-10.703 -3.406 -53.291

-9.54 -3.087 -49.639
-11.02 0.322 -48.639
-8.614 1.85 -46.053
-10.787 3.126 -43.162
-9.634 6.195 -41.181
-10.061 4.9 -37.589

-10.286 6.838 -34.306

-12.195 7.103 -30.979
-14.163 9.439 -28.711
-12.619 10.223 -25.263
-14.157 12.207 -22.344

-11.943 15.248 -21.466
-14.301 16.978 -18.949
-17.827 16.65 -17.399
-19.139 18.761 -20.353
-16.752 17.96 -23.312

-15.482 14.956 -25.281
-12.62 14.751 -27.824
-12.437 12.939 -31.204
-8.982 11.264 -31.393

-8.672 10.357 -35.1
-6.282 10.744 -38.079
-6.98 13.557 -40.6
-9.895 13.022 -43.051
-11.208 15.853 -45.293

-14.92 14.856 -45.011
-14.611 14.37 -41.226
-13.015 17.857 -40.827
-15.875 19.254 -42.999
-18.403 17.482 -40.669
-16.559 18.759 -37.515
-16.844 22.341 -38.957
-20.697 21.797 -39.029

-20.861 21.033 -35.24
-22.116 23.933 -33.104
-20.016 23.255 -29.939
-16.791 22.621 -31.971
-13.393 23.436 -30.391

-10.011 22.816 -32.063
-6.805 22.812 -29.99
-3.883 23.919 -32.209

-1.328 22.314 -29.773
-2.753 18.736 -29.691
-4.334 19.137 -33.217

-7.578 17.622 -31.79

-11.313 18.386 -31.995
-13.683 18.544 -28.991
-17.466 19.001 -28.65

-20.131 19.402 -25.91
-21.257 16.038 -24.476

-24.923 16.743 -25.497
-23.731 16.722 -29.178
-22.178 13.179 -28.839
-25.228 11.354 -30.322
-25.57 14.044 -33.093
-21.852 13.682 -34.021
-21.815 9.829 -34.037
-25.045 9.774 -36.128
-23.507 12.176 -38.75
-20.093 10.348 -38.803
-21.793 6.948 -39.527
-22.962 8.546 -42.834

-19.328 9.196 -43.991
-17.677 6.563 -46.261
-14.251 5.2 -45.121
-14.46 6.789 -41.562
-14.765 4.819 -38.279
-15.142 6.964 -35.114

-15.663 4.659 -32.101
-18.218 6.249 -29.657
-17.862 6.903 -25.912
-18.35 3.469 -24.195
-21.794 2.549 -22.772

-20.235 2.829 -19.255
-19.534 6.58 -19.812
-22.964 7.196 -21.431
-24.623 5.531 -18.378
-22.42 7.523 -15.909
-23.028 10.919 -17.654

-26.668 10.153 -18.714

-27.851 13.482 -17.123
-25.214 15.594 -18.963
-26 13.8 -22.296
-29.631 15.147 -21.909

-28.4893 18.6976 -22.4146
-27.265 22.1635 -23.2732
-30.2849 24.3794 -23.1563
-32.8459 24.7307 -20.3549
-30.6014 23.4236 -17.537
-28.3948 26.4863 -18.3576
-26.7121 27.9505 -15.2787

-25.8093 26.761 -11.7819
-24.417 24.6449 -8.93578
-21.8839 23.2854 -6.46129
-22.6829 20.3542 -4.2825
-24.8182 18.5303 -1.61685
-22.6831 16.2071 0.59195
-21.7122 13.269 2.9654

-19.106 12.4563 5.52773
-19.5426 11.7227 9.22931
-18.7795 10.3923 12.6036
-17.6863 13.9374 13.1146
-17.8438 16.9282 10.8441
-15.0986 18.427 13.1617

-11.3569 19.0463 12.9198
-10.6765 16.6483 15.7884
-12.7894 13.9436 14.1565
-10.9433 14.3549 10.8601
-7.57613 14.0715 12.5993

-7.52513 14.0735 8.73327
-5.28313 16.8385 7.32427
-6.94413 18.9435 4.50127

-5.06913 17.0345 1.73427
-5.90213 13.6535 3.40427
-9.63413 14.6585 3.41527
-9.40013 15.5695 -0.314727
-7.78113 12.1065 -0.915727
-10.6261 10.3265 0.982273
-13.2011 12.3355 -1.07073
-11.3931 11.4165 -4.36573
-11.2681 7.71054 -3.37673
-15.0341 7.74254 -2.53373
-15.8621 9.59454 -5.82673
-13.8111 6.89654 -7.73373
-16.0521 4.29954 -5.93173
-13.3501 2.95154 -3.53173
-11.1901 1.60454 -6.43573

-7.79413 3.36954 -6.49873

-4.04713 3.26354 -5.98273
-3.13313 5.79254 -3.24073
0.467866 6.44654 -4.38973
1.02687 9.44054 -2.03673
4.65787 9.85654 -0.884727
6.11387 7.96654 2.13627
4.80087 9.20754 5.52227
1.92887 11.4205 4.11227
-0.544134 9.23254 6.14627
-1.68213 6.60554 3.56927

-2.85013 4.33254 6.47227
-5.20113 6.96554 8.05427
-6.71413 7.75754 4.59227
-7.12013 3.98954 3.82827
-8.85813 3.29354 7.19927
-11.2531 6.24754 6.53627
-12.0851 5.10654 2.93327
-12.6841 1.52854 4.20127
-14.7931 2.77154 7.19927
-17.0651 4.78254 4.81627
-17.7381 1.30954 3.24527

-18.2221 -0.455458 6.71927

-21.7241 -1.60546 5.50827
-19.8881 -3.70446 2.80027
-17.4641 -5.61646 5.14827

-15.8191 -8.16146 5.90827
-12.6121 -6.19646 5.22627
-9.38913 -7.88546 4.00727
-6.07313 -6.07646 4.73527
-2.97013 -7.48746 2.96127

0.332866 -6.10546 4.34127
4.11187 -6.76446 4.72427
4.74587 -9.56846 7.30527

6.30587 -7.05346 9.83127
3.47287 -4.38846 9.93727
0.403866 -6.61646 10.7413
0.266866 -5.50146 14.4133
1.00787 -1.85046 13.3683
-2.20313 -2.05246 11.2443
-4.25213 -3.64546 14.1133
-3.10613 -0.828458 16.4673
-3.94713 1.72754 13.7073
-7.56013 0.362542 13.4983
-7.92013 0.391542 17.3493
-6.43413 3.95154 17.4613
-8.66113 5.44654 14.7163
-11.9591 3.44254 14.9783

-12.6891 3.20154 18.7943

-16.2261 2.04254 17.6863
-14.6021 -1.44946 17.1443
-13.8681 -4.03346 19.8553

-10.4701 -5.85246 19.5953

-12.4761 -9.06846 18.8183
-13.6181 -7.41546 15.5293
-9.92913 -7.56446 14.3143

-8.34313 -10.8725 13.2263
-4.51913 -10.7895 12.8193
-3.54013 -13.8645 10.7733

-0.154134 -15.0515 12.1103
-0.0391344 -18.5855 10.5513
-1.24313 -20.5475 7.47327
-3.60713 -22.5685 9.80827
-5.62613 -19.5565 11.0553
-9.19013 -18.6655 9.89727
-8.91313 -15.7215 7.43927
-12.6541 -14.8505 8.01127
-12.7571 -14.9145 11.8653
-12.9461 -11.0805 12.2743
-14.9181 -8.21446 10.7333
-11.4261 -6.88846 9.77627
-8.90313 -9.58146 8.70327
-5.17413 -8.64646 8.54127
-2.84713 -11.0505 6.62527
0.632866 -11.0435 5.02927
1.50387 -11.4885 1.31527

3.40487 -14.7575 2.11327
0.328866 -16.2945 3.85127
-2.13813 -15.5175 0.960273
-0.764134 -18.4635 -1.12173
-1.12513 -20.8215 1.92127
-4.68113 -19.4885 2.58327

-5.85213 -19.5635 -1.12273

-8.56913 -22.1635 -0.217727
-10.0811 -19.5845 2.25027
-9.79313 -16.6425 -0.272727
-12.9091 -18.1815 -1.98373
-15.0261 -16.1995 0.563273

-15.9321 -12.8855 -1.20973
-14.2051 -9.98346 0.580273
-16.0741 -6.96346 -0.901727

-13.5421 -4.42546 0.530273
-9.77413 -5.04646 0.167273

-6.84513 -2.89346 1.34027
-3.35513 -3.85846 0.0982732
-0.500134 -1.98546 1.79727

2.82087 -1.61346 -0.110727
1.09587 -3.10046 -3.23073

4.39687 -2.95546 -5.22973
4.90987 -6.49046 -3.71773
2.38787 -7.61446 -6.43773

4.60387 -6.18446 -9.31573
5.30087 -9.65746 -10.8727
2.24887 -11.7315 -11.9977
4.16787 -15.0965 -11.8997
4.77587 -14.8645 -8.10073
2.61087 -17.0175 -5.76973

1.59387 -13.8705 -3.74873
0.329866 -12.1575 -6.95473
-1.42413 -15.3415 -8.26773
-3.29913 -15.6535 -4.90973
-4.15113 -11.8855 -4.59373
-5.30313 -11.1015 -8.18673
-8.53813 -13.2715 -8.26473
-9.79913 -11.5345 -5.06073
-8.84213 -8.02046 -6.32573
-10.7311 -8.57446 -9.64773
-13.9861 -9.67546 -7.83773

-13.9101 -7.39246 -4.72673
-16.2101 -4.29046 -4.96573
-13.6641 -1.86446 -3.36573

-9.85713 -2.09546 -3.89073
-7.60713 0.328542 -1.97173
-3.98313 -0.205458 -3.08473
-1.26513 1.73054 -1.17373

2.42287 2.31654 -2.08073
5.16387 4.96354 -1.68873
6.87187 3.55254 -4.79873
4.15987 2.02954 -7.09373
6.89887 1.23054 -9.60673
10.3179 0.295542 -8.13873
12.3409 0.524542 -11.4177
10.2019 0.0665416 -14.6257
6.67587 0.663542 -16.1457

6.01687 -3.14446 -16.3627
5.75987 -3.26646 -12.4847
2.54287 -1.11846 -12.6407
0.533866 -3.59446 -14.7897
-0.742134 -5.77446 -11.8757
-1.81913 -2.64046 -9.90473
-3.57613 -1.15446 -13.0197
-5.59713 -4.38646 -13.6377
-6.38313 -4.67446 -9.87573
-7.94213 -1.13146 -9.85773
-9.44513 -1.40246 -13.4337

-9.83013 -5.11846 -14.5187
-11.0101 -3.99946 -18.0417
-7.77313 -2.03846 -18.7697
-5.17513 -3.98446 -20.8537
-6.73813 -7.53346 -20.4907
-3.41413 -8.96546 -21.8327
0.0608656 -7.76746 -20.6907

1.44287 -7.77046 -24.2937
-0.704134 -4.71546 -25.2917
0.596866 -2.77946 -22.2207
4.19687 -3.94746 -22.9297
4.13387 -2.91046 -26.6457
2.92387 0.617542 -25.6917
4.75887 1.43154 -22.4037
7.65187 -1.09946 -22.0257

9.31087 -0.616458 -25.5037
8.66287 -4.32546 -26.1197
11.2399 -5.97246 -28.4507
10.9909 -9.32046 -30.2927
14.2709 -11.1635 -29.5357

15.2669 -14.6455 -30.9637
14.2169 -16.2125 -27.5767
10.8609 -14.3195 -27.1697
9.69687 -10.8365 -26.0757
11.7869 -8.41146 -23.9937
9.77587 -5.94046 -21.7997
12.7069 -4.32446 -19.8407
12.3759 -0.997458 -21.7337
10.1569 2.08954 -21.3877
8.02887 4.14954 -23.8267
5.27387 6.84454 -23.9047
5.73387 7.56154 -20.1297

3.90287 10.9595 -20.2287
0.802866 9.18354 -21.6857
1.12787 6.46954 -18.9817
1.30887 9.23754 -16.2887
-1.89913 10.8755 -17.6577
-3.73213 7.48054 -17.7667
-2.62013 6.65754 -14.1797
-3.67913 10.0555 -12.6927
-7.08113 10.1055 -14.5057
-8.25813 6.49654 -13.9707
-6.02713 4.49454 -11.5047
-3.89413 6.55254 -9.12073

-3.95213 9.44654 -6.64973
-0.349134 10.6885 -6.11673
0.957866 13.6895 -4.12773
4.53287 14.5245 -3.15373
6.05887 16.0085 0.0742732

6.66987 19.2125 -1.94773
2.91487 19.4615 -2.84773
1.47487 19.0915 0.712273
4.28587 19.5865 3.33427

6.24687 22.8215 2.50327
7.66087 22.5845 6.10327
9.66587 19.3165 5.68727

13.4649 20.0105 5.67227
15.2179 19.2765 2.34827
16.8739 15.9065 1.60527
20.4899 16.7545 0.627273
22.0269 13.8645 -1.37473

25.7059 13.3665 -2.32173

28.0679 10.7575 -3.72373
31.1089 10.0625 -1.48273
33.9279 8.50854 -3.53773
35.7079 6.30754 -0.946727
39.4229 6.12654 -1.75673
40.4069 2.89554 -3.67973

44.0219 3.36654 -2.35173
42.9839 1.17454 0.670273
41.9429 -1.61446 -1.81473

45.0809 -3.79546 -1.74873
46.5869 -5.06846 -5.04673

45.2749 -8.68646 -4.50573
41.6529 -7.48846 -3.95473
41.9299 -5.15846 -7.01573
43.3589 -8.00346 -9.16773
40.4209 -10.2205 -7.98273
37.8749 -7.48546 -8.98073
39.6719 -7.08746 -12.3707
39.5849 -10.9135 -12.8017
35.8119 -11.2225 -12.0537
35.1239 -8.17046 -14.3217
37.0789 -9.84646 -17.2087
35.3049 -13.1595 -16.4177
31.8079 -11.6075 -17.0017
32.8989 -10.2765 -20.4727

34.3789 -13.6065 -21.7247
32.5489 -14.7045 -24.9297
32.6899 -18.4845 -24.3947
30.8189 -18.6455 -21.0097
27.2459 -19.8735 -20.5027
24.4499 -17.4865 -19.3487

24.7689 -19.1485 -15.8857
28.5909 -18.6895 -15.5967
28.0399 -14.9875 -16.5677
25.4509 -14.6345 -13.6927
27.8189 -16.4545 -11.2557
30.7679 -14.1625 -12.2127
28.4169 -11.1245 -11.7567
27.4019 -12.3265 -8.23273
31.1169 -12.9075 -7.42573
32.0869 -9.38646 -8.69773
29.2599 -7.84746 -6.58273
30.2149 -9.79646 -3.38473
33.9479 -8.87946 -3.95173
32.8979 -5.18946 -4.31173
31.2469 -5.37846 -0.851727
34.4069 -6.95946 0.717273
36.7069 -4.39846 -1.01073
34.7079 -1.42446 0.435273
34.6549 -2.62046 4.13327
37.9419 -0.867458 5.27027
37.0049 2.56554 3.79827
33.3199 2.21054 4.83827
34.6609 1.66254 8.40927
37.1329 4.60554 8.02227
34.2059 6.85654 6.93927
31.8939 5.70454 9.82927
34.6989 6.47254 12.3403
35.3529 9.92254 10.7153
31.6039 10.7195 11.1913
31.7309 9.70854 14.9163
35.0559 11.5735 15.5063
33.3979 14.6525 13.8233

30.9179 14.6375 16.7973
27.7489 13.3405 15.0063
25.0549 12.3875 17.5343
22.8019 10.0385 15.4103
23.0209 8.44354 11.9293

21.8529 5.36754 9.95827
24.2229 3.00554 8.08327
22.6369 0.938542 5.27927

24.2579 -2.21646 3.80827
22.8759 -5.51746 2.33127
25.7539 -8.06146 2.38627
25.8849 -9.74546 5.83927

29.7479 -9.54346 5.89727
29.5179 -5.68646 5.65527
26.9149 -5.50146 8.49927
29.0759 -7.93646 10.5853
32.3409 -5.95446 10.0313
30.6639 -2.57546 10.8773
29.1109 -4.00446 14.1163
32.4469 -5.63746 15.1463
34.3889 -2.33446 14.7263
31.7029 -0.321458 16.6343
31.9209 -2.91246 19.4993
35.7829 -2.68846 19.3843
35.4949 1.16654 19.6403

32.8269 0.734542 22.4413
30.2489 2.69454 20.3393
26.6449 2.00754 21.4083
24.6419 1.01654 18.2973
21.5569 -0.951458 17.1313
21.4789 -3.66846 14.4153
18.4769 -4.76946 12.2713
18.7429 -7.49146 9.57327
16.9099 -10.5875 8.15927
17.4879 -12.5045 11.4683
16.0539 -9.75546 13.7843
12.5409 -10.7605 14.9733
9.37787 -8.66446 14.3173

9.00487 -7.55646 18.0053
12.7629 -6.91446 18.5923
12.7539 -4.68946 15.4253
10.1929 -2.35746 17.0893
12.0419 -2.41246 20.4733
15.4779 -1.62446 18.8653
13.7369 1.14454 16.8423
12.4029 2.63254 20.1423
15.8799 2.24954 21.7953
17.5279 4.26554 18.9273
14.6799 6.86554 18.9773
14.6059 7.42954 22.7883

18.2389 6.76654 23.9223
20.8229 9.54854 23.2363

23.6259 6.92054 23.6863
22.8149 4.91654 20.5083
24.7839 6.89754 17.8873

24.6419 4.37354 14.9743

21.8819 2.20254 13.4953
23.3439 -0.659458 11.3653
20.4879 -1.56946 8.99227
19.9139 -4.09746 6.20427
18.6019 -2.20146 3.10327

16.1729 -5.11146 2.39427
15.1099 -5.96046 5.99127
14.6229 -2.36646 7.35827

12.9009 -0.837458 4.22527
9.43987 -1.31146 5.91327
7.44187 -0.355458 9.06427
10.2089 1.41054 11.0593
10.6579 5.18254 11.7443
14.1109 6.72554 12.4533
13.2739 10.4605 12.8993

15.9839 10.7925 15.6523
18.7679 10.7275 12.9793
19.6519 13.5325 10.4823

22.0989 11.4555 8.34027

21.7899 8.29154 6.19827
24.9569 6.52454 4.91327
24.5799 3.89154 2.16927
27.7399 1.76854 2.61327

26.5309 -0.251458 -0.417727

24.5199 0.551542 -3.56573
21.3269 -1.41346 -4.36173
20.2409 -1.96746 -8.02873

16.5949 -0.995458 -7.28373
16.0549 2.78154 -6.63573

12.5819 2.23354 -5.07273
14.2829 0.366542 -2.15273
16.9019 3.16254 -1.73773
14.0649 5.79054 -1.58373
12.1849 3.55054 0.951273
15.3629 3.54354 3.13127
15.8369 7.39454 2.89927
12.1389 7.86954 3.91727
12.8129 6.02254 7.20127

14.4339 9.30254 8.46627
12.5019 11.8245 6.32127
9.11787 11.3315 8.14527
6.57787 13.5055 10.0283
8.50187 14.4475 13.2253
11.8099 15.2195 11.4033
13.0389 18.8195 12.1173
16.5609 18.7505 10.5043

17.6639 18.7135 6.81827
18.2859 15.0325 5.99527
21.7759 14.2115 4.66327
22.0379 11.1605 2.32827
25.5989 9.90854 1.58727
26.1029 7.22454 -1.12473
29.5229 5.52954 -0.616727

30.8231 6.32482 -4.03043
30.6643 8.65482 -7.03006
32.8949 8.84812 -10.2202
35.4968 11.4856 -9.79437
38.6301 9.22079 -9.84967
39.0516 10.1898 -6.22292

36.7999 12.2557 -3.96358
39.7668 13.3774 -1.87018
41.6878 14.4234 -4.97802
38.7263 16.4379 -6.24858
38.3796 18.2169 -2.90828
42.0751 19.1031 -2.8869
41.857 20.5116 -6.40988
38.8542 22.6452 -5.47501
40.6599 24.0234 -2.42825
43.7051 24.9193 -4.51797
41.5435 26.7255 -7.06905
39.8155 28.7215 -4.33539
43.1551 29.7462 -2.83855
44.4326 30.8932 -6.22901
41.3052 32.9723 -6.81219
41.6553 34.6295 -3.41015
45.2928 35.4903 -4.09598
44.3965 37.0288 -7.45345

41.4298 38.8973 -6.17804
43.2414 41.964 -5.08033
43.3414 45.7724 -4.63613
46.7862 46.7539 -6.09349
48.308 43.2563 -6.78128
48.5728 43.0418 -10.4783
48.8141 42.7967 -14.1932

51.218 43.7122 -16.9907
54.2153 42.7549 -14.8594
52.6609 39.3921 -14.0118
51.9758 38.6751 -17.6805
55.563 39.5134 -18.6143

56.828 40.4724 -15.0843
59.313 37.4994 -14.6613
