14.376 13.393 -9.434
11.305 12.496 -7.337
11.151 9.258 -9.32

11.004 6.006 -7.338
14.52 4.519 -7.198
14.967 0.776 -7.832

15.638 0.429 -4.087
12.514 2.285 -2.905
10.556 -0.102 -5.156
12.221 -3.075 -3.436
11.74 -1.711 0.112
7.991 -1.522 -0.555
8.139 -4.957 -2.2
9.527 -6.582 0.974
6.846 -4.901 3.105
4.21 -5.895 0.525
5.202 -9.589 0.585
5.112 -9.741 4.412
1.285 -9.811 3.999

1.38203 -12.9046 1.70034
1.11807 -16.0397 -0.428223
-1.63074 -16.9006 -2.82225
-0.606048 -13.3799 -3.71158
0.470391 -9.83417 -4.31684
-1.60949 -6.93045 -5.83481
1.30388 -6.79142 -8.11285

4.89355 -7.72037 -9.16444
8.5601 -8.49649 -10.1161
11.6675 -10.4284 -8.85506

11.6265 -11.5034 -5.18506
15.4235 -11.9654 -5.42006
15.9655 -8.61237 -7.16806
16.4915 -6.54037 -3.99406
18.6625 -9.39637 -2.67406
21.0625 -9.26037 -5.64406
21.2165 -5.45337 -5.48106
21.9315 -5.70037 -1.73706
24.8205 -8.06737 -2.52706
26.4925 -5.23637 -4.48106

26.4245 -3.14998 -1.24918
27.8432 -1.44012 1.77916
29.2235 -1.16642 5.37632
26.3814 1.45748 5.75845
24.023 -0.764841 3.8902
25.3054 -4.22931 5.02485

25.3607 -7.82453 6.25539
22.6869 -7.0792 8.85119
20.4618 -5.45413 6.23382
20.8216 -8.45231 3.92636
19.9021 -10.8446 6.73249
16.8087 -8.80836 7.58553
15.6932 -8.80103 3.95257
16.116 -12.5703 3.71421
14.0667 -13.0971 6.87105
11.2733 -10.8892 5.54228
11.1912 -12.8025 2.25971
10.9819 -16.1262 4.09057

9.2496 -14.9024 7.18713
6.73028 -16.2266 9.82179
4.21015 -18.1003 11.9654
5.90596 -20.9842 10.3485
8.55862 -20.9989 7.71477

11.2695 -22.1905 9.95893
13.6908 -22.8911 12.7824
17.0007 -21.2403 12.6702

16.8037 -18.9273 9.58519
13.8547 -17.0433 11.1242
15.8107 -17.0943 14.3982
18.6417 -15.2583 12.6092
16.0257 -12.6703 11.5882
15.1197 -12.0963 15.2582
18.6857 -11.3253 16.4152
19.2287 -9.11428 13.3492
16.1707 -7.02928 14.3052
17.7527 -6.36728 17.7092
21.4337 -6.00728 16.6452

20.1903 -2.47193 16.2634
19.7871 1.39523 16.4448
20.8602 4.96057 17.1351
18.9619 5.06372 20.3605
19.0628 3.25318 23.7367

19.2971 6.24038 26.0744
22.0227 4.55232 28.1151
24.0234 3.77425 24.9791
23.7658 7.37903 23.8035
24.9587 8.66545 27.1747
27.9438 6.314 27.1244
28.9026 7.44988 23.6268
28.7202 11.103 24.6583
30.931 10.46 27.6819
33.5138 8.68014 25.5362
33.5839 11.5618 23.0595
34.0894 14.0823 25.8585

34.5124 17.1633 28.0955
36.8524 18.5973 25.4435
34.4014 18.0653 22.5535
37.4804 16.6053 20.8025
36.1194 13.0493 20.2375
38.8774 11.4823 22.3865
39.1374 10.5563 26.1025
41.6854 8.66435 28.2445
41.1924 4.85135 28.2065

40.2264 5.21035 31.8805
37.3624 7.59035 31.1355
36.4804 5.09735 28.3705
36.4294 1.99635 30.5525
34.5014 4.15635 33.0255
31.9024 5.17135 30.3935
31.2704 1.44135 29.9515
31.0074 0.701347 33.7225
28.9834 3.76535 34.8455
26.4454 2.93935 32.1245

25.4714 -0.0866527 34.2105
26.1964 -2.61765 31.4425
26.6014 -6.30865 32.4625
30.1844 -5.98365 31.2515
32.9374 -7.89465 33.1035
36.4394 -6.42265 33.5705

37.7384 -9.44265 31.6105
35.6074 -8.72865 28.5185
36.8804 -5.13065 28.3345
40.4644 -6.38765 28.6725
39.8324 -8.31365 25.4305
38.2904 -5.25965 23.7285
41.3754 -3.25765 24.8545
43.7984 -5.74365 23.2035
42.5624 -5.08165 19.6265
41.8454 -1.40565 20.4475

45.3133 -0.650625 21.5801
47.8115 -3.25302 20.5205
50.3612 -2.20941 17.9022
50.1021 -1.45099 14.246
46.9473 -0.322919 15.9108
47.8209 1.75314 18.9775
46.502 5.19185 17.7078

44.5108 5.1336 14.5397
42.1394 3.72824 11.9379
39.681 1.50838 13.6735

37.954 0.909381 10.2565

40.12 -2.23462 10.0095
39.384 -3.30062 13.6075
35.671 -2.49162 13.0965
35.229 -4.99362 10.2435
37.09 -7.56862 12.3725
34.725 -7.26662 15.3645
31.778 -7.71062 12.9795

32.951 -10.8176 11.1235
36.297 -11.5716 9.5025

End chain 1
