14.376 13.393 -9.434
11.305 12.496 -7.337
11.151 9.258 -9.32

11.004 6.006 -7.338
14.52 4.519 -7.198
14.967 0.776 -7.832

15.638 0.429 -4.087
12.514 2.285 -2.905
10.556 -0.102 -5.156
12.221 -3.075 -3.436
11.74 -1.711 0.112
7.991 -1.522 -0.555
8.139 -4.957 -2.2
9.527 -6.582 0.974
6.846 -4.901 3.105
4.21 -5.895 0.525
5.202 -9.589 0.585
5.112 -9.741 4.412
1.285 -9.811 3.999

1.38203 -12.9046 1.70034
1.11807 -16.0397 -0.428223
-1.63074 -16.9006 -2.82225
-0.606048 -13.3799 -3.71158
0.470391 -9.83417 -4.31684
-1.60949 -6.93045 -5.83481
1.30388 -6.79142 -8.11285

4.89355 -7.72037 -9.16444
8.5601 -8.49649 -10.1161
11.6675 -10.4284 -8.85506

11.6265 -11.5034 -5.18506
15.4235 -11.9654 -5.42006
15.9655 -8.61237 -7.16806
16.4915 -6.54037 -3.99406
18.6625 -9.39637 -2.67406
21.0625 -9.26037 -5.64406
21.2165 -5.45337 -5.48106
21.9315 -5.70037 -1.73706
24.8205 -8.06737 -2.52706
26.4925 -5.23637 -4.48106

26.4245 -3.14998 -1.24918
27.8432 -1.44012 1.77916
29.2235 -1.16642 5.37632
26.3814 1.45748 5.75845
24.023 -0.764841 3.8902
25.3054 -4.22931 5.02485

25.3607 -7.82453 6.25539
22.6869 -7.0792 8.85119
20.4618 -5.45413 6.23382
20.8216 -8.45231 3.92636
19.9021 -10.8446 6.73249
16.8087 -8.80836 7.58553
15.6932 -8.80103 3.95257
16.116 -12.5703 3.71421
14.0667 -13.0971 6.87105
11.2733 -10.8892 5.54228
11.1912 -12.8025 2.25971
10.9819 -16.1262 4.09057

11.0221 -19.1723 6.28628
11.3863 -22.0049 8.84872
10.8975 -24.693 11.4254
13.503 -23.5698 13.9388
15.2945 -20.446 12.6706

14.3681 -18.6901 15.9159
13.4965 -16.7477 19.1471
12.5602 -14.6335 22.2857

12.3632 -12.3205 19.2007
9.41416 -10.4365 20.7397
11.3702 -10.4875 24.0137
14.2012 -8.65149 22.2247
11.5852 -6.06349 21.2037
10.6792 -5.48949 24.8737
14.2452 -4.71849 26.0307
14.7882 -2.50749 22.9647
11.7302 -0.42249 23.9207
13.3122 0.23951 27.3247
16.9932 0.59951 26.2607

16.7822 2.46051 22.9247
16.8782 6.25851 22.8897
17.7362 5.84151 26.5997
20.6052 3.31651 26.4727
22.2852 2.58151 29.7947

25.3902 4.08451 28.2777
23.8112 7.54251 28.7217
23.6092 6.81551 32.4657
27.2712 5.85651 32.9357
28.5662 8.58451 30.5897
26.5162 11.2215 32.4397
28.0902 9.90451 35.6547
31.5852 10.0865 34.2407
30.5132 13.6445 33.3637
29.8682 14.3775 37.0567
33.5172 13.3175 37.3607
34.8802 15.5135 34.5507

35.3032 18.5945 36.7877
37.6432 20.0285 34.1357
35.1922 19.4965 31.2457
38.2712 18.0365 29.4947
36.9102 14.4805 28.9297
39.6682 12.9135 31.0787
39.9282 11.9875 34.7947
42.4762 10.0955 36.9367
41.9832 6.28251 36.8987

41.0172 6.64151 40.5727
38.1532 9.02151 39.8277
37.2712 6.52851 37.0627
37.2202 3.42751 39.2447
35.2922 5.58751 41.7177
32.6932 6.60251 39.0857
32.0612 2.87251 38.6437
31.7982 2.13251 42.4147
29.7742 5.19651 43.5377
27.2362 4.37051 40.8167

26.2622 1.34451 42.9027
26.9872 -1.18649 40.1347
27.3922 -4.87749 41.1547
30.9752 -4.55249 39.9437
33.7282 -6.46349 41.7957
37.2302 -4.99149 42.2627

38.5292 -8.01149 40.3027
36.3982 -7.29749 37.2107
37.6712 -3.69949 37.0267
41.2552 -4.95649 37.3647
40.6232 -6.88249 34.1227
39.0812 -3.82849 32.4207
42.1662 -1.82649 33.5467
44.5892 -4.31249 31.8957
43.3532 -3.65049 28.3187
42.6362 0.0255099 29.1397

46.3046 0.421486 30.3485
49.6553 -0.530124 31.947
51.8749 2.29209 30.5487
54.8149 4.03812 28.7916
53.2465 7.38828 27.6291
50.8124 7.31172 30.5733
48.4442 7.31861 33.5579

46.892 9.24948 30.6784
45.1958 11.1903 27.9488
43.7343 12.8044 24.9456

42.0073 12.2054 21.5286

44.1733 9.06136 21.2816
43.4373 7.99536 24.8796
39.7243 8.80436 24.3686
39.2823 6.30236 21.5156
41.1433 3.72736 23.6446
38.7783 4.02936 26.6366
35.8313 3.58536 24.2516

37.0043 0.478357 22.3956
40.3503 -0.275643 20.7746

End chain 1
