14.376 13.393 -9.434
11.305 12.496 -7.337
11.151 9.258 -9.32

11.004 6.006 -7.338
14.52 4.519 -7.198
14.967 0.776 -7.832

15.638 0.429 -4.087
12.514 2.285 -2.905
10.556 -0.102 -5.156
12.221 -3.075 -3.436
11.74 -1.711 0.112
7.991 -1.522 -0.555
8.139 -4.957 -2.2
9.527 -6.582 0.974
6.846 -4.901 3.105
4.21 -5.895 0.525
5.202 -9.589 0.585
5.112 -9.741 4.412
1.285 -9.811 3.999

1.38203 -12.9046 1.70034
1.11807 -16.0397 -0.428223
-1.63074 -16.9006 -2.82225
-0.606048 -13.3799 -3.71158
0.470391 -9.83417 -4.31684
-1.60949 -6.93045 -5.83481
1.30388 -6.79142 -8.11285

4.89355 -7.72037 -9.16444
8.5601 -8.49649 -10.1161
11.6675 -10.4284 -8.85506

11.6265 -11.5034 -5.18506
15.4235 -11.9654 -5.42006
15.9655 -8.61237 -7.16806
16.4915 -6.54037 -3.99406
18.6625 -9.39637 -2.67406
21.0625 -9.26037 -5.64406
21.2165 -5.45337 -5.48106
21.9315 -5.70037 -1.73706
24.8205 -8.06737 -2.52706
26.4925 -5.23637 -4.48106

26.4245 -3.14998 -1.24918
27.8432 -1.44012 1.77916
29.2235 -1.16642 5.37632
26.3814 1.45748 5.75845
24.023 -0.764841 3.8902
25.3054 -4.22931 5.02485

25.3607 -7.82453 6.25539
22.6869 -7.0792 8.85119
20.4618 -5.45413 6.23382
20.8216 -8.45231 3.92636
19.9021 -10.8446 6.73249
16.8087 -8.80836 7.58553
15.6932 -8.80103 3.95257
16.116 -12.5703 3.71421
14.0667 -13.0971 6.87105
11.2733 -10.8892 5.54228
11.1912 -12.8025 2.25971
10.9819 -16.1262 4.09057

9.15674 -14.964 7.20022
5.58631 -14.5389 8.28855
2.67571 -16.5173 6.72991
5.4549 -18.7794 8.12841
7.71901 -20.3172 10.6755

7.69398 -16.8805 12.3436
7.82486 -14.2508 15.0902
10.3263 -11.4893 14.044

10.1293 -9.17634 10.959
7.18031 -7.29234 12.498
9.13631 -7.34334 15.772
11.9673 -5.50734 13.983
9.35131 -2.91934 12.962
8.44531 -2.34534 16.632
12.0113 -1.57434 17.789
12.5543 0.636661 14.723
9.49631 2.72166 15.679
11.0783 3.38366 19.083
14.7593 3.74366 18.019

13.516 7.27901 17.6372
13.1127 11.1462 17.8186
14.1858 14.7115 18.509
12.2875 14.8147 21.7343
12.3884 13.0041 25.1106

12.6227 15.9913 27.4482
15.3483 14.3033 29.489
17.349 13.5252 26.353
17.0914 17.13 25.1773
18.2843 18.4164 28.5485
21.2695 16.0649 28.4983
22.2282 17.2008 25.0006
22.0458 20.854 26.0322
24.2566 20.2109 29.0558
26.8394 18.4311 26.91
26.9096 21.3128 24.4334
27.4151 23.8333 27.2323

27.8381 26.9143 29.4693
30.1781 28.3483 26.8173
27.7271 27.8163 23.9273
30.8061 26.3563 22.1763
29.4451 22.8003 21.6113
32.2031 21.2333 23.7603
32.4631 20.3073 27.4763
35.0111 18.4153 29.6183
34.5181 14.6023 29.5803

33.5521 14.9613 33.2543
30.6881 17.3413 32.5093
29.8061 14.8483 29.7443
29.7551 11.7473 31.9263
27.8271 13.9073 34.3993
25.2281 14.9223 31.7673
24.5961 11.1923 31.3253
24.3331 10.4523 35.0963
22.3091 13.5163 36.2193
19.7711 12.6903 33.4983

18.7971 9.66428 35.5843
19.5221 7.13328 32.8163
19.9271 3.44228 33.8363
23.5101 3.76728 32.6253
26.2631 1.85628 34.4773
29.7651 3.32828 34.9443

31.0641 0.308283 32.9843
28.9331 1.02228 29.8923
30.2061 4.62028 29.7083
33.7901 3.36328 30.0463
33.1581 1.43728 26.8043
31.6161 4.49128 25.1023
34.7011 6.49328 26.2283
37.1241 4.00728 24.5773
35.8881 4.66928 21.0003
35.1711 8.34528 21.8213

38.639 9.10031 22.954
41.1371 6.49791 21.8944
43.6869 7.54153 19.2761
43.4277 8.29995 15.6199
40.2729 9.42802 17.2846
41.1466 11.5041 20.3513
39.8276 14.9428 19.0817

37.8365 14.8845 15.9136
35.465 13.4792 13.3117
33.0066 11.2593 15.0474

31.2796 10.6603 11.6304

33.4456 7.51632 11.3834
32.7096 6.45032 14.9814
28.9966 7.25932 14.4704
28.5546 4.75732 11.6174
30.4156 2.18232 13.7464
28.0506 2.48432 16.7384
25.1036 2.04032 14.3534

26.2766 -1.06668 12.4974
29.6226 -1.82068 10.8764

End chain 1
