14.376 13.393 -9.434
11.305 12.496 -7.337
11.151 9.258 -9.32

11.004 6.006 -7.338
14.52 4.519 -7.198
14.967 0.776 -7.832

15.638 0.429 -4.087
12.514 2.285 -2.905
10.556 -0.102 -5.156
12.221 -3.075 -3.436
11.74 -1.711 0.112
7.991 -1.522 -0.555
8.139 -4.957 -2.2
9.527 -6.582 0.974
6.846 -4.901 3.105
4.21 -5.895 0.525
5.202 -9.589 0.585
5.112 -9.741 4.412
1.285 -9.811 3.999

1.38203 -12.9046 1.70034
1.11807 -16.0397 -0.428223
-1.63074 -16.9006 -2.82225
-0.606048 -13.3799 -3.71158
0.470391 -9.83417 -4.31684
-1.60949 -6.93045 -5.83481
1.30388 -6.79142 -8.11285

4.89355 -7.72037 -9.16444
8.5601 -8.49649 -10.1161
11.6675 -10.4284 -8.85506

11.6265 -11.5034 -5.18506
15.4235 -11.9654 -5.42006
15.9655 -8.61237 -7.16806
16.4915 -6.54037 -3.99406
18.6625 -9.39637 -2.67406
21.0625 -9.26037 -5.64406
21.2165 -5.45337 -5.48106
21.9315 -5.70037 -1.73706
24.8205 -8.06737 -2.52706
26.4925 -5.23637 -4.48106

26.4245 -3.14998 -1.24918
27.8432 -1.44012 1.77916
29.2235 -1.16642 5.37632
26.3814 1.45748 5.75845
24.023 -0.764841 3.8902
25.3054 -4.22931 5.02485

25.3607 -7.82453 6.25539
22.6869 -7.0792 8.85119
20.4618 -5.45413 6.23382
20.8216 -8.45231 3.92636
19.9021 -10.8446 6.73249
16.8087 -8.80836 7.58553
15.6932 -8.80103 3.95257
16.116 -12.5703 3.71421
14.0667 -13.0971 6.87105
11.2733 -10.8892 5.54228
11.1912 -12.8025 2.25971
10.9819 -16.1262 4.09057

8.21301 -15.4543 6.74969
5.74485 -14.8421 9.65196
3.60121 -13.7125 12.5229
5.11073 -15.5711 15.3896
4.09927 -19.2091 15.1018

7.7085 -20.0818 15.199
11.5138 -20.3306 15.7924
15.0348 -21.2784 14.93

14.8378 -18.9654 11.845
11.8888 -17.0814 13.384
13.8448 -17.1324 16.658
16.6758 -15.2964 14.869
14.0598 -12.7084 13.848
13.1538 -12.1344 17.518
16.7198 -11.3634 18.675
17.2628 -9.15244 15.609
14.2048 -7.06744 16.565
15.7868 -6.40544 19.969
19.4678 -6.04544 18.905

19.2568 -4.18444 15.569
19.3528 -0.386443 15.534
20.2108 -0.803443 19.244
23.0798 -3.32844 19.117
24.7598 -4.06344 22.439

27.8648 -2.56044 20.922
26.2858 0.897557 21.366
26.0838 0.170557 25.11
29.7458 -0.788443 25.58
31.0408 1.93956 23.234
28.9908 4.57656 25.084
30.5648 3.25956 28.299
34.0598 3.44156 26.885
32.9878 6.99956 26.008
32.3428 7.73256 29.701
35.9918 6.67256 30.005
37.3548 8.86856 27.195

37.7778 11.9496 29.432
40.1178 13.3836 26.78
37.6668 12.8516 23.89
40.7458 11.3916 22.139
39.3848 7.83556 21.574
42.1428 6.26856 23.723
42.4028 5.34256 27.439
44.9508 3.45056 29.581
44.4578 -0.362443 29.543

43.4918 -0.00344331 33.217
40.6278 2.37656 32.472
39.7458 -0.116443 29.707
39.6948 -3.21744 31.889
37.7668 -1.05744 34.362
35.1678 -0.0424433 31.73
34.5358 -3.77244 31.288
34.2728 -4.51244 35.059
32.2488 -1.44844 36.182
29.7108 -2.27444 33.461

28.7368 -5.30044 35.547
29.4618 -7.83144 32.779
29.8668 -11.5224 33.799
33.4498 -11.1974 32.588
36.2028 -13.1084 34.44
39.7048 -11.6364 34.907

41.0038 -14.6564 32.947
38.8728 -13.9424 29.855
40.1458 -10.3444 29.671
43.7298 -11.6014 30.009
43.0978 -13.5274 26.767
41.5558 -10.4734 25.065
44.6408 -8.47144 26.191
47.0638 -10.9574 24.54
45.8278 -10.2954 20.963
45.1108 -6.61944 21.784

48.5787 -5.86442 22.9166
51.0769 -8.46681 21.857
53.6266 -7.4232 19.2387
53.3675 -6.66478 15.5825
50.2127 -5.53671 17.2473
51.0863 -3.46065 20.314
49.7673 -0.0219394 19.0443

47.7762 -0.0801863 15.8762
45.4048 -1.48555 13.2743
42.9464 -3.70541 15.01

41.2194 -4.30441 11.593

43.3854 -7.44841 11.346
42.6494 -8.51441 14.944
38.9364 -7.70541 14.433
38.4944 -10.2074 11.58
40.3554 -12.7824 13.709
37.9904 -12.4804 16.701
35.0434 -12.9244 14.316

36.2164 -16.0314 12.46
39.5624 -16.7854 10.839

End chain 1
