14.376 13.393 -9.434
11.305 12.496 -7.337
11.151 9.258 -9.32

11.004 6.006 -7.338
14.52 4.519 -7.198
14.967 0.776 -7.832

15.638 0.429 -4.087
12.514 2.285 -2.905
10.556 -0.102 -5.156
12.221 -3.075 -3.436
11.74 -1.711 0.112
7.991 -1.522 -0.555
8.139 -4.957 -2.2
9.527 -6.582 0.974
6.846 -4.901 3.105
4.21 -5.895 0.525
5.202 -9.589 0.585
5.112 -9.741 4.412
1.285 -9.811 3.999

1.012 -11.657 0.647
-0.051 -15.058 2.058
-1.977 -15.785 -1.16
1.187 -16.059 -3.293
-0.922 -13.94 -5.681
1.285 -10.852 -5.276
-1.689 -9.009 -3.672

-2.915 -8.068 -0.165
-6.302 -7.233 1.393
-7.428 -3.732 2.358

-7.469 -4.807 6.028
-3.672 -5.269 5.793
-3.13 -1.916 4.045
-2.604 0.156 7.219
-0.433 -2.7 8.539
1.967 -2.564 5.569
2.121 1.243 5.732
2.836 0.996 9.476
5.725 -1.371 8.686
7.397 1.46 6.732

7.28042 4.15418 9.49614
7.32558 6.82313 12.2468
4.64735 9.50002 12.5083
4.8217 9.36793 16.2269
3.07688 5.93604 16.3527
6.77364 5.05232 16.7464

10.0725 6.68508 17.6923
10.7074 4.07143 20.3772
10.0226 1.24803 17.9272
12.4258 2.73844 15.3883
15.1564 3.05243 18.0128
14.6938 -0.569372 19.067
14.9299 -1.75003 15.4624
18.1347 0.220658 14.9251
19.6868 -1.26243 18.0611
18.8014 -4.78705 16.9494
20.3518 -4.20187 13.5293
23.5571 -2.89578 15.0987

24.0081 -6.48278 13.9197
21.9711 -7.66978 16.9197
24.6921 -10.2608 17.7287
25.5201 -8.70878 21.1337
29.1571 -9.59078 20.2417

32.2951 -7.74878 19.0087
35.0951 -8.94378 16.6757
38.7651 -7.74678 16.8347

38.5681 -5.43378 13.7497
35.6191 -3.54978 15.2887
37.5751 -3.60078 18.5627
40.4061 -1.76478 16.7737
37.7901 0.823217 15.7527
36.8841 1.39722 19.4227
40.4501 2.16822 20.5797
40.9931 4.37922 17.5137
37.9351 6.46422 18.4697
39.5171 7.12622 21.8737
43.1981 7.48622 20.8097

42.9871 9.34722 17.4737
43.0831 13.1452 17.4387
43.9411 12.7282 21.1487
46.8101 10.2032 21.0217
48.4901 9.46822 24.3437

51.5951 10.9712 22.8267
50.0161 14.4292 23.2707
49.8141 13.7022 27.0147
53.4761 12.7432 27.4847
54.7711 15.4712 25.1387
52.7211 18.1082 26.9887
54.2951 16.7912 30.2037
57.7901 16.9732 28.7897
56.7181 20.5312 27.9127
56.0731 21.2642 31.6057
59.7221 20.2042 31.9097
61.0851 22.4002 29.0997

61.5081 25.4812 31.3367
63.8481 26.9152 28.6847
61.3971 26.3832 25.7947
64.4761 24.9232 24.0437
63.1151 21.3672 23.4787
65.8731 19.8002 25.6277
66.1331 18.8742 29.3437
68.6811 16.9822 31.4857
68.1881 13.1692 31.4477

67.2221 13.5282 35.1217
64.3581 15.9082 34.3767
63.4761 13.4152 31.6117
63.4251 10.3142 33.7937
61.4971 12.4742 36.2667
58.8981 13.4892 33.6347
58.2661 9.75922 33.1927
58.0031 9.01922 36.9637
55.9791 12.0832 38.0867
53.4411 11.2572 35.3657

52.4671 8.23122 37.4517
53.1921 5.70022 34.6837
53.5971 2.00922 35.7037
57.1801 2.33422 34.4927
59.9331 0.423217 36.3447
63.4351 1.89522 36.8117

64.7341 -1.12478 34.8517
62.6031 -0.410783 31.7597
63.8761 3.18722 31.5757
67.4601 1.93022 31.9137
66.8281 0.00421687 28.6717
65.2861 3.05822 26.9697
68.3711 5.06022 28.0957
70.7941 2.57422 26.4447
69.5581 3.23622 22.8677
68.8411 6.91222 23.6887

72.4991 7.97422 23.6297
71.9371 10.0502 26.7667
75.6541 10.6992 26.9817
77.9941 12.1162 24.3757
76.3031 15.4432 25.3007
74.4281 15.7792 28.6177
70.8881 16.8402 27.6007

68.3961 14.9472 25.3817
65.0931 15.8302 23.6927
61.9611 13.8382 24.6397

60.2341 13.2392 21.2227

62.4001 10.0952 20.9757
61.6641 9.02922 24.5737
57.9511 9.83822 24.0627
57.5091 7.33622 21.2097
59.3701 4.76122 23.3387
57.0051 5.06322 26.3307
54.0581 4.61922 23.9457

55.2311 1.51222 22.0897
58.5771 0.758217 20.4687

End chain 1
