14.376 13.393 -9.434
11.305 12.496 -7.337
11.151 9.258 -9.32

11.004 6.006 -7.338
14.52 4.519 -7.198
14.967 0.776 -7.832

15.638 0.429 -4.087
12.514 2.285 -2.905
10.556 -0.102 -5.156
12.221 -3.075 -3.436
11.74 -1.711 0.112
7.991 -1.522 -0.555
8.139 -4.957 -2.2
9.527 -6.582 0.974
6.846 -4.901 3.105
4.21 -5.895 0.525
5.202 -9.589 0.585
5.112 -9.741 4.412
1.285 -9.811 3.999

1.38203 -12.9046 1.70034
1.11807 -16.0397 -0.428223
-1.63074 -16.9006 -2.82225
-0.606048 -13.3799 -3.71158
0.470391 -9.83417 -4.31684
-1.60949 -6.93045 -5.83481
1.30388 -6.79142 -8.11285

4.89355 -7.72037 -9.16444
8.5601 -8.49649 -10.1161
11.6675 -10.4284 -8.85506

11.6265 -11.5034 -5.18506
15.4235 -11.9654 -5.42006
15.9655 -8.61237 -7.16806
16.4915 -6.54037 -3.99406
18.6625 -9.39637 -2.67406
21.0625 -9.26037 -5.64406
21.2165 -5.45337 -5.48106
21.9315 -5.70037 -1.73706
24.8205 -8.06737 -2.52706
26.4925 -5.23637 -4.48106

26.3759 -2.54219 -1.71693
26.4211 0.126763 1.03374
23.7429 2.80366 1.29519
23.9172 2.67156 5.01379
22.1724 -0.760324 5.13959
25.8691 -1.64405 5.53331

29.168 -0.01129 6.47922
29.8029 -2.62494 9.16411
29.1181 -5.44833 6.71413
31.5213 -3.95792 4.17519
34.2519 -3.64394 6.7997
33.7893 -7.26574 7.85398
34.0254 -8.4464 4.24937
37.2302 -6.47571 3.71206
38.7824 -7.9588 6.84801
37.8969 -11.4834 5.7363
39.4473 -10.8982 2.31627
42.6526 -9.59215 3.88563

42.6928 -12.6382 6.08134
43.0571 -15.4708 8.64378
42.5682 -18.1589 11.2205
45.1737 -17.0357 13.7339
46.9653 -13.9119 12.4656

46.0389 -12.1561 15.7109
45.1672 -10.2136 18.9422
44.2309 -8.0994 22.0808

44.0339 -5.7864 18.9958
41.0849 -3.9024 20.5348
43.0409 -3.9534 23.8088
45.8719 -2.1174 22.0198
43.2559 0.470605 20.9988
42.3499 1.0446 24.6688
45.9159 1.8156 25.8258
46.4589 4.0266 22.7598
43.4009 6.1116 23.7158
44.9829 6.7736 27.1198
48.6639 7.1336 26.0558

48.4529 8.9946 22.7198
48.5489 12.7926 22.6848
49.4069 12.3756 26.3948
52.2759 9.8506 26.2678
53.9559 9.1156 29.5898

57.0609 10.6186 28.0728
55.4819 14.0766 28.5168
55.2799 13.3496 32.2608
58.9419 12.3906 32.7308
60.2369 15.1186 30.3848
58.1869 17.7556 32.2348
59.7609 16.4386 35.4498
63.2559 16.6206 34.0358
62.1839 20.1786 33.1588
61.5389 20.9116 36.8518
65.1879 19.8516 37.1558
66.5509 22.0476 34.3458

66.9739 25.1286 36.5828
69.3139 26.5626 33.9308
66.8629 26.0306 31.0408
69.9419 24.5706 29.2898
68.5809 21.0146 28.7248
71.3389 19.4476 30.8738
71.5989 18.5216 34.5898
74.1469 16.6296 36.7318
73.6539 12.8166 36.6938

72.6879 13.1756 40.3678
69.8239 15.5556 39.6228
68.9419 13.0626 36.8578
68.8909 9.9616 39.0398
66.9629 12.1216 41.5128
64.3639 13.1366 38.8808
63.7319 9.4066 38.4388
63.4689 8.6666 42.2098
61.4449 11.7306 43.3328
58.9069 10.9046 40.6118

57.9329 7.8786 42.6978
58.6579 5.3476 39.9298
59.0629 1.6566 40.9498
62.6459 1.9816 39.7388
65.3989 0.070605 41.5908
68.9009 1.5426 42.0578

70.1999 -1.4774 40.0978
68.0689 -0.763395 37.0058
69.3419 2.8346 36.8218
72.9259 1.5776 37.1598
72.2939 -0.348395 33.9178
70.7519 2.7056 32.2158
73.8369 4.7076 33.3418
76.2599 2.2216 31.6908
75.0239 2.8836 28.1138
74.3069 6.5596 28.9348

77.9649 7.6216 28.8758
77.4029 9.6976 32.0128
81.1199 10.3466 32.2278
83.4599 11.7636 29.6218
81.7689 15.0906 30.5468
79.8939 15.4266 33.8638
76.3539 16.4876 32.8468

73.8619 14.5946 30.6278
70.5589 15.4776 28.9388
67.4269 13.4856 29.8858

65.6999 12.8866 26.4688

67.8659 9.7426 26.2218
67.1299 8.6766 29.8198
63.4169 9.4856 29.3088
62.9749 6.9836 26.4558
64.8359 4.4086 28.5848
62.4709 4.7106 31.5768
59.5239 4.2666 29.1918

60.6969 1.1596 27.3358
64.0429 0.405605 25.7148

End chain 1
