14.376 13.393 -9.434
11.305 12.496 -7.337
11.151 9.258 -9.32

11.004 6.006 -7.338
14.52 4.519 -7.198
14.967 0.776 -7.832

15.638 0.429 -4.087
12.514 2.285 -2.905
10.556 -0.102 -5.156
12.221 -3.075 -3.436
11.74 -1.711 0.112
7.991 -1.522 -0.555
8.139 -4.957 -2.2
9.527 -6.582 0.974
6.846 -4.901 3.105
4.21 -5.895 0.525
5.202 -9.589 0.585
5.112 -9.741 4.412
1.285 -9.811 3.999

1.38203 -12.9046 1.70034
1.11807 -16.0397 -0.428223
-1.63074 -16.9006 -2.82225
-0.606048 -13.3799 -3.71158
0.470391 -9.83417 -4.31684
-1.60949 -6.93045 -5.83481
1.30388 -6.79142 -8.11285

4.89355 -7.72037 -9.16444
8.5601 -8.49649 -10.1161
11.6675 -10.4284 -8.85506

11.6265 -11.5034 -5.18506
15.4235 -11.9654 -5.42006
15.9655 -8.61237 -7.16806
16.4915 -6.54037 -3.99406
18.6625 -9.39637 -2.67406
21.0625 -9.26037 -5.64406
21.2165 -5.45337 -5.48106
21.9315 -5.70037 -1.73706
24.8205 -8.06737 -2.52706
26.4925 -5.23637 -4.48106

26.4245 -3.14998 -1.24918
27.8432 -1.44012 1.77916
29.2235 -1.16642 5.37632
26.3814 1.45748 5.75845
24.023 -0.764841 3.8902
25.3054 -4.22931 5.02485

25.3607 -7.82453 6.25539
22.6869 -7.0792 8.85119
20.4618 -5.45413 6.23382
20.8216 -8.45231 3.92636
19.9021 -10.8446 6.73249
16.8087 -8.80836 7.58553
15.6932 -8.80103 3.95257
16.116 -12.5703 3.71421
14.0667 -13.0971 6.87105
11.2733 -10.8892 5.54228
11.1912 -12.8025 2.25971
10.9819 -16.1262 4.09057

8.57117 -15.0124 6.84711
10.5711 -13.5028 9.73336
12.4761 -12.5965 12.9974
15.5187 -10.8964 11.4382
14.7929 -7.37709 12.3799

12.2612 -4.9444 10.8224
11.3483 -2.08694 8.51557
13.1981 1.18983 9.5171

13.0011 3.50283 6.4321
10.0521 5.38683 7.9711
12.0081 5.33583 11.2451
14.8391 7.17183 9.4561
12.2231 9.75983 8.4351
11.3171 10.3338 12.1051
14.8831 11.1048 13.2621
15.4261 13.3158 10.1961
12.3681 15.4008 11.1521
13.9501 16.0628 14.5561
17.6311 16.4228 13.4921

17.4201 18.2838 10.1561
17.5161 22.0818 10.1211
18.3741 21.6648 13.8311
21.2431 19.1398 13.7041
22.9231 18.4048 17.0261

26.0281 19.9078 15.5091
24.4491 23.3658 15.9531
24.2471 22.6388 19.6971
27.9091 21.6798 20.1671
29.2041 24.4078 17.8211
27.1541 27.0448 19.6711
28.7281 25.7278 22.8861
32.2231 25.9098 21.4721
31.1511 29.4678 20.5951
30.5061 30.2008 24.2881
34.1551 29.1408 24.5921
35.5181 31.3368 21.7821

35.9411 34.4178 24.0191
38.2811 35.8518 21.3671
35.8301 35.3198 18.4771
38.9091 33.8598 16.7261
37.5481 30.3038 16.1611
40.3061 28.7368 18.3101
40.5661 27.8108 22.0261
43.1141 25.9188 24.1681
42.6211 22.1058 24.1301

41.6551 22.4648 27.8041
38.7911 24.8448 27.0591
37.9091 22.3518 24.2941
37.8581 19.2508 26.4761
35.9301 21.4108 28.9491
33.3311 22.4258 26.3171
32.6991 18.6958 25.8751
32.4361 17.9558 29.6461
30.4121 21.0198 30.7691
27.8741 20.1938 28.0481

26.9001 17.1678 30.1341
27.6251 14.6368 27.3661
28.0301 10.9458 28.3861
31.6131 11.2708 27.1751
34.3661 9.35983 29.0271
37.8681 10.8318 29.4941

39.1671 7.81183 27.5341
37.0361 8.52583 24.4421
38.3091 12.1238 24.2581
41.8931 10.8668 24.5961
41.2611 8.94083 21.3541
39.7191 11.9948 19.6521
42.8041 13.9968 20.7781
45.2271 11.5108 19.1271
43.9911 12.1728 15.5501
43.2741 15.8488 16.3711

46.742 16.6039 17.5038
49.2402 14.0015 16.4441
51.7899 15.0451 13.8258
51.5308 15.8035 10.1696
48.376 16.9316 11.8344
49.2496 19.0076 14.9011
47.9306 22.4463 13.6314

45.9395 22.3881 10.4633
43.5681 20.9827 7.86148
41.1097 18.7629 9.59711

39.3827 18.1639 6.18011

41.5487 15.0199 5.93311
40.8127 13.9539 9.53111
37.0997 14.7629 9.02011
36.6577 12.2609 6.16711
38.5187 9.68587 8.29611
36.1537 9.98787 11.2881
33.2067 9.54387 8.90311

34.3797 6.43687 7.04711
37.7257 5.68287 5.42611

End chain 1
