14.376 13.393 -9.434
11.305 12.496 -7.337
11.151 9.258 -9.32

11.004 6.006 -7.338
14.52 4.519 -7.198
14.967 0.776 -7.832

15.638 0.429 -4.087
12.514 2.285 -2.905
10.556 -0.102 -5.156
12.221 -3.075 -3.436
11.74 -1.711 0.112
7.991 -1.522 -0.555
8.139 -4.957 -2.2
9.527 -6.582 0.974
6.846 -4.901 3.105
4.21 -5.895 0.525
5.202 -9.589 0.585
5.112 -9.741 4.412
1.285 -9.811 3.999

1.43113 -13.1421 2.2191
1.10492 -15.9868 -0.280217
2.27745 -18.4785 2.31287
5.26117 -19.1766 -0.0857099
5.51355 -18.0345 -3.72904
6.92134 -18.95 -7.12805
8.23927 -18.1248 -10.5748

9.20959 -14.4483 -10.0543
10.2736 -10.7813 -9.71728
12.6929 -8.05298 -8.87243

12.6519 -9.12798 -5.20243
16.4489 -9.58998 -5.43743
16.9909 -6.23698 -7.18543
17.5169 -4.16498 -4.01143
19.6879 -7.02098 -2.69143
22.0879 -6.88498 -5.66143
22.2419 -3.07798 -5.49843
22.9569 -3.32498 -1.75443
25.8459 -5.69198 -2.54443
27.5179 -2.86098 -4.49843

27.4499 -0.77459 -1.26655
28.8685 0.935274 1.76179
30.2488 1.20897 5.35895
27.4068 3.83287 5.74108
25.0483 1.61055 3.87283
26.3308 -1.85392 5.00748

26.3861 -5.44914 6.23802
23.7123 -4.70381 8.83382
21.4871 -3.07874 6.21645
21.8469 -6.07692 3.90899
20.9275 -8.46922 6.71512
17.8341 -6.43297 7.56816
16.7185 -6.42564 3.9352
17.1413 -10.1949 3.69684
15.092 -10.7217 6.85368
12.2987 -8.51381 5.52491
12.2166 -10.4271 2.24234
12.0073 -13.7509 4.0732

10.1821 -12.5886 7.18285
6.61166 -12.1635 8.27118
3.70106 -14.1419 6.71254
6.48025 -16.404 8.11104
8.74437 -17.9418 10.6581

8.71933 -14.5051 12.3263
8.85021 -11.8754 15.0729
11.3517 -9.11395 14.0267

11.1547 -6.80095 10.9417
8.20567 -4.91695 12.4807
10.1617 -4.96795 15.7547
12.9927 -3.13195 13.9657
10.3767 -0.54395 12.9447
9.47067 0.0300503 16.6147
13.0367 0.80105 17.7717
13.5797 3.01205 14.7057
10.5217 5.09705 15.6617
12.1037 5.75905 19.0657
15.7847 6.11905 18.0017

14.5413 9.6544 17.6199
14.1381 13.5216 17.8012
15.2112 17.0869 18.4916
13.3129 17.19 21.717
13.4138 15.3795 25.0932

13.6481 18.3667 27.4309
16.3737 16.6786 29.4716
18.3744 15.9006 26.3356
18.1168 19.5054 25.16
19.3097 20.7918 28.5312
22.2948 18.4403 28.4809
23.2535 19.5762 24.9833
23.0712 23.2294 26.0148
25.2819 22.5863 29.0384
27.8648 20.8065 26.8926
27.9349 23.6882 24.416
28.4404 26.2087 27.215

28.8634 29.2897 29.452
31.2034 30.7237 26.8
28.7524 30.1917 23.91
31.8314 28.7317 22.159
30.4704 25.1757 21.594
33.2284 23.6087 23.743
33.4884 22.6827 27.459
36.0364 20.7907 29.601
35.5434 16.9777 29.563

34.5774 17.3367 33.237
31.7134 19.7167 32.492
30.8314 17.2237 29.727
30.7804 14.1227 31.909
28.8524 16.2827 34.382
26.2534 17.2977 31.75
25.6214 13.5677 31.308
25.3584 12.8277 35.079
23.3344 15.8917 36.202
20.7964 15.0657 33.481

19.8224 12.0397 35.567
20.5474 9.50867 32.799
20.9524 5.81767 33.819
24.5354 6.14267 32.608
27.2884 4.23167 34.46
30.7904 5.70367 34.927

32.0894 2.68367 32.967
29.9584 3.39767 29.875
31.2314 6.99567 29.691
34.8154 5.73867 30.029
34.1834 3.81267 26.787
32.6414 6.86667 25.085
35.7264 8.86867 26.211
38.1494 6.38267 24.56
36.9134 7.04467 20.983
36.1964 10.7207 21.804

39.0799 11.3315 24.2239
42.2968 11.9082 26.0142
45.9595 10.9104 25.8012
44.182 10.6212 22.5661
42.2982 13.435 20.9755
45.3508 14.3825 18.8903
47.0575 14.1133 15.4998

43.3057 13.5039 15.4197
39.8166 14.5237 14.6225
36.1735 15.3065 15.1021

34.4465 14.7075 11.6851

36.6125 11.5635 11.4381
35.8765 10.4975 15.0361
32.1635 11.3065 14.5251
31.7215 8.80446 11.6721
33.5825 6.22946 13.8011
31.2175 6.53146 16.7931
28.2705 6.08746 14.4081

29.4435 2.98046 12.5521
32.7895 2.22646 10.9311

End chain 1
