14.376 13.393 -9.434
11.305 12.496 -7.337
11.151 9.258 -9.32

11.004 6.006 -7.338
14.52 4.519 -7.198
14.967 0.776 -7.832

15.638 0.429 -4.087
12.514 2.285 -2.905
10.556 -0.102 -5.156
12.221 -3.075 -3.436
11.74 -1.711 0.112
7.991 -1.522 -0.555
8.139 -4.957 -2.2
9.527 -6.582 0.974
6.846 -4.901 3.105
4.21 -5.895 0.525
5.202 -9.589 0.585
5.112 -9.741 4.412
1.285 -9.811 3.999

-0.828799 -10.57 0.915035
-2.75161 -11.0523 -2.30626
-2.83633 -8.96431 -5.56555
0.47702 -6.97845 -5.24496
1.48816 -10.6784 -5.32841
0.721779 -12.0476 -8.86561
2.29883 -8.67286 -9.57803

5.71121 -7.29697 -10.447
9.15253 -8.72516 -10.201
12.7687 -8.8896 -9.09662

12.7277 -9.9646 -5.42662
16.5247 -10.4266 -5.66162
17.0667 -7.0736 -7.40962
17.5927 -5.0016 -4.23562
19.7637 -7.8576 -2.91562
22.1637 -7.7216 -5.88562
22.3177 -3.9146 -5.72262
23.0327 -4.1616 -1.97862
25.9217 -6.5286 -2.76862
27.5937 -3.6976 -4.72262

27.5257 -1.61122 -1.49073
28.9443 0.0986472 1.53761
30.3246 0.37234 5.13477
27.4826 2.99625 5.51689
25.1241 0.773921 3.64864
26.4066 -2.69054 4.78329

26.4619 -6.28576 6.01383
23.7881 -5.54044 8.60964
21.5629 -3.91537 5.99226
21.9227 -6.91355 3.6848
21.0032 -9.30585 6.49093
17.9099 -7.26959 7.34397
16.7943 -7.26227 3.71101
17.2171 -11.0315 3.47265
15.1678 -11.5583 6.62949
12.3745 -9.35043 5.30073
12.2924 -11.2638 2.01816
12.0831 -14.5875 3.84901

10.2579 -13.4252 6.95867
6.68745 -13.0001 8.04699
3.77685 -14.9785 6.48836
6.55604 -17.2406 7.88685
8.82016 -18.7784 10.434

8.79512 -15.3417 12.1021
8.926 -12.712 14.8487
11.4275 -9.95058 13.8025

11.2305 -7.63758 10.7175
8.28146 -5.75358 12.2565
10.2375 -5.80458 15.5305
13.0685 -3.96858 13.7415
10.4525 -1.38058 12.7205
9.54646 -0.806577 16.3905
13.1125 -0.0355766 17.5475
13.6555 2.17542 14.4815
10.5975 4.26042 15.4375
12.1795 4.92242 18.8415
15.8605 5.28242 17.7775

14.6171 8.81777 17.3957
14.2138 12.6849 17.577
15.287 16.2503 18.2674
13.3887 16.3534 21.4928
13.4896 14.5429 24.869

13.7239 17.5301 27.2067
16.4495 15.842 29.2474
18.4502 15.064 26.1114
18.1926 18.6687 24.9358
19.3855 19.9551 28.307
22.3706 17.6037 28.2567
23.3293 18.7396 24.7591
23.147 22.3927 25.7906
25.3577 21.7497 28.8142
27.9405 19.9698 26.6685
28.0107 22.8515 24.1918
28.5162 25.372 26.9908

28.9392 28.453 29.2278
31.2792 29.887 26.5758
28.8282 29.355 23.6858
31.9072 27.895 21.9348
30.5462 24.339 21.3698
33.3042 22.772 23.5188
33.5642 21.846 27.2348
36.1122 19.954 29.3768
35.6192 16.141 29.3388

34.6532 16.5 33.0128
31.7892 18.88 32.2678
30.9072 16.387 29.5028
30.8562 13.286 31.6848
28.9282 15.446 34.1578
26.3292 16.461 31.5258
25.6972 12.731 31.0838
25.4342 11.991 34.8548
23.4102 15.055 35.9778
20.8722 14.229 33.2568

19.8982 11.203 35.3428
20.6232 8.67205 32.5748
21.0282 4.98105 33.5948
24.6112 5.30605 32.3838
27.3642 3.39505 34.2358
30.8662 4.86705 34.7028

32.1652 1.84705 32.7428
30.0342 2.56105 29.6508
31.3072 6.15905 29.4668
34.8912 4.90205 29.8048
34.2592 2.97605 26.5628
32.7172 6.03005 24.8608
35.8022 8.03205 25.9868
38.2252 5.54605 24.3358
36.9892 6.20805 20.7588
36.2722 9.88405 21.5798

39.1556 10.4949 23.9997
42.3726 11.0716 25.79
46.0353 10.0738 25.577
44.2577 9.78453 22.3419
42.374 12.5984 20.7513
45.4266 13.5458 18.6662
47.1333 13.2767 15.2756

43.3815 12.6673 15.1955
39.8924 13.6871 14.3983
36.2493 14.4698 14.8779

34.5223 13.8708 11.4609

36.6883 10.7268 11.2139
35.9523 9.66083 14.8119
32.2393 10.4698 14.3009
31.7973 7.96783 11.4479
33.6583 5.39283 13.5769
31.2933 5.69483 16.5689
28.3463 5.25083 14.1839

29.5193 2.14383 12.3279
32.8653 1.38983 10.7069

End chain 1
