14.376 13.393 -9.434
11.305 12.496 -7.337
11.151 9.258 -9.32

11.004 6.006 -7.338
14.52 4.519 -7.198
14.967 0.776 -7.832

15.638 0.429 -4.087
12.514 2.285 -2.905
10.556 -0.102 -5.156
12.221 -3.075 -3.436
11.74 -1.711 0.112
7.991 -1.522 -0.555
8.139 -4.957 -2.2
9.527 -6.582 0.974
6.846 -4.901 3.105
4.21 -5.895 0.525
5.202 -9.589 0.585
5.112 -9.741 4.412
1.285 -9.811 3.999

1.38203 -12.9046 1.70034
1.11807 -16.0397 -0.428223
-1.63074 -16.9006 -2.82225
-0.606048 -13.3799 -3.71158
0.470391 -9.83417 -4.31684
-1.60949 -6.93045 -5.83481
1.30388 -6.79142 -8.11285

4.89355 -7.72037 -9.16444
8.5601 -8.49649 -10.1161
11.6675 -10.4284 -8.85506

11.6265 -11.5034 -5.18506
15.4235 -11.9654 -5.42006
15.9655 -8.61237 -7.16806
16.4915 -6.54037 -3.99406
18.6625 -9.39637 -2.67406
21.0625 -9.26037 -5.64406
21.2165 -5.45337 -5.48106
21.9315 -5.70037 -1.73706
24.8205 -8.06737 -2.52706
26.4925 -5.23637 -4.48106

26.4245 -3.14998 -1.24918
27.8432 -1.44012 1.77916
29.2235 -1.16642 5.37632
26.3814 1.45748 5.75845
24.023 -0.764841 3.8902
25.3054 -4.22931 5.02485

25.3607 -7.82453 6.25539
22.6869 -7.0792 8.85119
20.4618 -5.45413 6.23382
20.8216 -8.45231 3.92636
19.9021 -10.8446 6.73249
16.8087 -8.80836 7.58553
15.6932 -8.80103 3.95257
16.116 -12.5703 3.71421
14.0667 -13.0971 6.87105
11.2733 -10.8892 5.54228
11.1912 -12.8025 2.25971
10.9819 -16.1262 4.09057

7.90619 -15.1203 5.95004
4.26273 -16.0418 6.8554
0.825394 -14.7965 7.63998
1.92307 -14.4041 11.1897
2.90888 -17.8506 12.4021

6.5686 -17.4519 13.3067
9.85968 -15.8697 14.5479
12.9054 -14.3514 16.145

12.7084 -12.0384 13.06
9.75938 -10.1544 14.599
11.7154 -10.2054 17.873
14.5464 -8.36935 16.084
11.9304 -5.78135 15.063
11.0244 -5.20735 18.733
14.5904 -4.43635 19.89
15.1334 -2.22535 16.824
12.0754 -0.140355 17.78
13.6574 0.521645 21.184
17.3384 0.881645 20.12

16.095 4.41699 19.7382
15.6918 8.28415 19.9196
16.7649 11.8495 20.61
14.8666 11.9526 23.8353
14.9675 10.1421 27.2116

15.2018 13.1293 29.5492
17.9274 11.4412 31.59
19.9281 10.6632 28.454
19.6705 14.2679 27.2783
20.8634 15.5544 30.6495
23.8485 13.2029 30.5993
24.8073 14.3388 27.1016
24.6249 17.9919 28.1332
26.8357 17.3489 31.1568
29.4185 15.5691 29.011
29.4886 18.4507 26.5343
29.9941 20.9713 29.3333

30.4171 24.0523 31.5703
32.7571 25.4863 28.9183
30.3061 24.9543 26.0283
33.3851 23.4943 24.2773
32.0241 19.9383 23.7123
34.7821 18.3713 25.8613
35.0421 17.4453 29.5773
37.5901 15.5533 31.7193
37.0971 11.7403 31.6813

36.1311 12.0993 35.3553
33.2671 14.4793 34.6103
32.3851 11.9863 31.8453
32.3341 8.88527 34.0273
30.4061 11.0453 36.5003
27.8071 12.0603 33.8683
27.1751 8.33027 33.4263
26.9121 7.59027 37.1973
24.8881 10.6543 38.3203
22.3501 9.82827 35.5993

21.3761 6.80227 37.6853
22.1011 4.27127 34.9173
22.5061 0.580268 35.9373
26.0891 0.905268 34.7263
28.8421 -1.00573 36.5783
32.3441 0.466268 37.0453

33.6431 -2.55373 35.0853
31.5121 -1.83973 31.9933
32.7851 1.75827 31.8093
36.3691 0.501268 32.1473
35.7371 -1.42473 28.9053
34.1951 1.62927 27.2033
37.2801 3.63127 28.3293
39.7031 1.14527 26.6783
38.4671 1.80727 23.1013
37.7501 5.48327 23.9223

41.218 6.2383 25.055
43.7162 3.6359 23.9954
46.2659 4.67951 21.3771
46.0068 5.43793 17.7209
42.852 6.566 19.3856
43.7256 8.64206 22.4523
42.4067 12.0808 21.1827

40.4155 12.0225 18.0145
38.0441 10.6172 15.4127
35.5857 8.3973 17.1483

33.8587 7.7983 13.7313

36.0247 4.6543 13.4843
35.2887 3.5883 17.0823
31.5757 4.3973 16.5713
31.1337 1.8953 13.7183
32.9947 -0.679699 15.8473
30.6297 -0.377699 18.8393
27.6827 -0.821699 16.4543

28.8557 -3.9287 14.5983
32.2017 -4.6827 12.9773

End chain 1
