14.376 13.393 -9.434
11.305 12.496 -7.337
11.151 9.258 -9.32

11.004 6.006 -7.338
14.52 4.519 -7.198
14.967 0.776 -7.832

15.638 0.429 -4.087
12.514 2.285 -2.905
10.556 -0.102 -5.156
12.221 -3.075 -3.436
11.74 -1.711 0.112
7.991 -1.522 -0.555
8.139 -4.957 -2.2
9.527 -6.582 0.974
6.846 -4.901 3.105
4.21 -5.895 0.525
5.202 -9.589 0.585
5.112 -9.741 4.412
1.285 -9.811 3.999

1.38203 -12.9046 1.70034
1.11807 -16.0397 -0.428223
-1.63074 -16.9006 -2.82225
-0.606048 -13.3799 -3.71158
0.470391 -9.83417 -4.31684
-1.60949 -6.93045 -5.83481
1.30388 -6.79142 -8.11285

4.89355 -7.72037 -9.16444
8.5601 -8.49649 -10.1161
11.6675 -10.4284 -8.85506

11.6265 -11.5034 -5.18506
15.4235 -11.9654 -5.42006
15.9655 -8.61237 -7.16806
16.4915 -6.54037 -3.99406
18.6625 -9.39637 -2.67406
21.0625 -9.26037 -5.64406
21.2165 -5.45337 -5.48106
21.9315 -5.70037 -1.73706
24.8205 -8.06737 -2.52706
26.4925 -5.23637 -4.48106

26.4245 -3.14998 -1.24918
27.8432 -1.44012 1.77916
29.2235 -1.16642 5.37632
26.3814 1.45748 5.75845
24.023 -0.764841 3.8902
25.3054 -4.22931 5.02485

25.3607 -7.82453 6.25539
22.6869 -7.0792 8.85119
20.4618 -5.45413 6.23382
20.8216 -8.45231 3.92636
19.9021 -10.8446 6.73249
16.8087 -8.80836 7.58553
15.6932 -8.80103 3.95257
16.116 -12.5703 3.71421
14.0667 -13.0971 6.87105
11.2733 -10.8892 5.54228
11.1912 -12.8025 2.25971
10.9819 -16.1262 4.09057

7.90544 -14.7247 5.84629
5.28372 -13.4394 8.37915
2.67983 -15.9478 9.47175
4.57592 -19.0204 8.49241
6.84995 -17.6478 11.327

9.02634 -15.9477 13.7951
11.6745 -13.6399 12.2733
15.2706 -13.912 13.4353

15.0736 -11.599 10.3503
12.1246 -9.71497 11.8893
14.0806 -9.76597 15.1633
16.9116 -7.92997 13.3743
14.2956 -5.34197 12.3533
13.3896 -4.76797 16.0233
16.9556 -3.99697 17.1803
17.4986 -1.78597 14.1143
14.4406 0.299031 15.0703
16.0226 0.961031 18.4743
19.7036 1.32103 17.4103

19.4926 3.18203 14.0743
19.5886 6.98003 14.0393
20.4466 6.56303 17.7493
23.3156 4.03803 17.6223
24.9956 3.30303 20.9443

28.1006 4.80603 19.4273
26.5216 8.26403 19.8713
26.3196 7.53703 23.6153
29.9816 6.57803 24.0853
31.2766 9.30603 21.7393
29.2266 11.943 23.5893
30.8006 10.626 26.8043
34.2956 10.808 25.3903
33.2236 14.366 24.5133
32.5786 15.099 28.2063
36.2276 14.039 28.5103
37.5906 16.235 25.7003

38.0136 19.316 27.9373
40.3536 20.75 25.2853
37.9026 20.218 22.3953
40.9816 18.758 20.6443
39.6206 15.202 20.0793
42.3786 13.635 22.2283
42.6386 12.709 25.9443
45.1866 10.817 28.0863
44.6936 7.00403 28.0483

43.7276 7.36303 31.7223
40.8636 9.74303 30.9773
39.9816 7.25003 28.2123
39.9306 4.14903 30.3943
38.0026 6.30903 32.8673
35.4036 7.32403 30.2353
34.7716 3.59403 29.7933
34.5086 2.85403 33.5643
32.4846 5.91803 34.6873
29.9466 5.09203 31.9663

28.9726 2.06603 34.0523
29.6976 -0.464969 31.2843
30.1026 -4.15597 32.3043
33.6856 -3.83097 31.0933
36.4386 -5.74197 32.9453
39.9406 -4.26997 33.4123

41.2396 -7.28997 31.4523
39.1086 -6.57597 28.3603
40.3816 -2.97797 28.1763
43.9656 -4.23497 28.5143
43.3336 -6.16097 25.2723
41.7916 -3.10697 23.5703
44.8766 -1.10497 24.6963
47.2996 -3.59097 23.0453
46.0636 -2.92897 19.4683
45.3466 0.747031 20.2893

48.8145 1.50206 21.4219
51.3127 -1.10034 20.3623
53.8624 -0.0567222 17.744
53.6033 0.701698 14.0878
50.4485 1.82976 15.7526
51.3221 3.90582 18.8193
50.0031 7.34453 17.5496

48.012 7.28629 14.3815
45.6406 5.88092 11.7797
43.1822 3.66106 13.5153

41.4552 3.06206 10.0983

43.6212 -0.0819357 9.8513
42.8852 -1.14794 13.4493
39.1722 -0.338936 12.9383
38.7302 -2.84094 10.0853
40.5912 -5.41594 12.2143
38.2262 -5.11394 15.2063
35.2792 -5.55794 12.8213

36.4522 -8.66494 10.9653
39.7982 -9.41894 9.3443

End chain 1
