14.376 13.393 -9.434
11.305 12.496 -7.337
11.151 9.258 -9.32

11.004 6.006 -7.338
14.52 4.519 -7.198
14.967 0.776 -7.832

15.638 0.429 -4.087
12.514 2.285 -2.905
10.556 -0.102 -5.156
12.221 -3.075 -3.436
11.74 -1.711 0.112
7.991 -1.522 -0.555
8.139 -4.957 -2.2
9.527 -6.582 0.974
6.846 -4.901 3.105
4.21 -5.895 0.525
5.202 -9.589 0.585
5.112 -9.741 4.412
1.285 -9.811 3.999

1.012 -11.657 0.647
-0.051 -15.058 2.058
-1.977 -15.785 -1.16
1.187 -16.059 -3.293
-0.922 -13.94 -5.681
1.285 -10.852 -5.276
-1.689 -9.009 -3.672

-2.915 -8.068 -0.165
-6.302 -7.233 1.393
-7.428 -3.732 2.358

-7.469 -4.807 6.028
-3.672 -5.269 5.793
-3.13 -1.916 4.045
-2.604 0.156 7.219
-0.433 -2.7 8.539
1.967 -2.564 5.569
2.121 1.243 5.732
2.836 0.996 9.476
5.725 -1.371 8.686
7.397 1.46 6.732

7.28042 4.15418 9.49614
7.32558 6.82313 12.2468
4.64735 9.50002 12.5083
4.8217 9.36793 16.2269
3.07688 5.93604 16.3527
6.77364 5.05232 16.7464

10.0725 6.68508 17.6923
10.7074 4.07143 20.3772
10.0226 1.24803 17.9272
12.4258 2.73844 15.3883
15.1564 3.05243 18.0128
14.6938 -0.569372 19.067
14.9299 -1.75003 15.4624
18.1347 0.220658 14.9251
19.6868 -1.26243 18.0611
18.8014 -4.78705 16.9494
20.3518 -4.20187 13.5293
23.5571 -2.89578 15.0987

24.0078 -5.23718 17.9919
25.1344 -7.51047 20.724
26.3412 -9.54216 23.8082
29.771 -9.26851 22.2784
32.2054 -10.6422 24.7976

30.7777 -7.44267 26.2353
28.5399 -4.59466 27.5283
26.4497 -1.61691 28.8294

26.2527 0.69609 25.7444
23.3037 2.58009 27.2834
25.2597 2.52909 30.5574
28.0907 4.36509 28.7684
25.4747 6.95309 27.7474
24.5687 7.52709 31.4174
28.1347 8.29809 32.5744
28.6777 10.5091 29.5084
25.6197 12.5941 30.4644
27.2017 13.2561 33.8684
30.8827 13.6161 32.8044

30.6717 15.4771 29.4684
30.7677 19.2751 29.4334
31.6257 18.8581 33.1434
34.4947 16.3331 33.0164
36.1747 15.5981 36.3384

39.2797 17.1011 34.8214
37.7007 20.5591 35.2654
37.4987 19.8321 39.0094
41.1607 18.8731 39.4794
42.4557 21.6011 37.1334
40.4057 24.2381 38.9834
41.9797 22.9211 42.1984
45.4747 23.1031 40.7844
44.4027 26.6611 39.9074
43.7577 27.3941 43.6004
47.4067 26.3341 43.9044
48.7697 28.5301 41.0944

49.1927 31.6111 43.3314
51.5327 33.0451 40.6794
49.0817 32.5131 37.7894
52.1607 31.0531 36.0384
50.7997 27.4971 35.4734
53.5577 25.9301 37.6224
53.8177 25.0041 41.3384
56.3657 23.1121 43.4804
55.8727 19.2991 43.4424

54.9067 19.6581 47.1164
52.0427 22.0381 46.3714
51.1607 19.5451 43.6064
51.1097 16.4441 45.7884
49.1817 18.6041 48.2614
46.5827 19.6191 45.6294
45.9507 15.8891 45.1874
45.6877 15.1491 48.9584
43.6637 18.2131 50.0814
41.1257 17.3871 47.3604

40.1517 14.3611 49.4464
40.8767 11.8301 46.6784
41.2817 8.13909 47.6984
44.8647 8.46409 46.4874
47.6177 6.55309 48.3394
51.1197 8.02509 48.8064

52.4187 5.00509 46.8464
50.2877 5.71909 43.7544
51.5607 9.31709 43.5704
55.1447 8.06009 43.9084
54.5127 6.13409 40.6664
52.9707 9.18809 38.9644
56.0557 11.1901 40.0904
58.4787 8.70409 38.4394
57.2427 9.36609 34.8624
56.5257 13.0421 35.6834

60.1837 14.1041 35.6244
59.6217 16.1801 38.7614
63.3387 16.8291 38.9764
65.6787 18.2461 36.3704
63.9877 21.5731 37.2954
62.1127 21.9091 40.6124
58.5727 22.9701 39.5954

56.0807 21.0771 37.3764
52.7777 21.9601 35.6874
49.6457 19.9681 36.6344

47.9187 19.3691 33.2174

50.0847 16.2251 32.9704
49.3487 15.1591 36.5684
45.6357 15.9681 36.0574
45.1937 13.4661 33.2044
47.0547 10.8911 35.3334
44.6897 11.1931 38.3254
41.7427 10.7491 35.9404

42.9157 7.64209 34.0844
46.2617 6.88809 32.4634

End chain 1
