14.376 13.393 -9.434
11.305 12.496 -7.337
11.151 9.258 -9.32

11.004 6.006 -7.338
14.52 4.519 -7.198
14.967 0.776 -7.832

15.638 0.429 -4.087
12.514 2.285 -2.905
10.556 -0.102 -5.156
12.221 -3.075 -3.436
11.74 -1.711 0.112
7.991 -1.522 -0.555
8.139 -4.957 -2.2
9.527 -6.582 0.974
6.846 -4.901 3.105
4.21 -5.895 0.525
5.202 -9.589 0.585
5.112 -9.741 4.412
1.285 -9.811 3.999

1.38203 -12.9046 1.70034
1.11807 -16.0397 -0.428223
-1.63074 -16.9006 -2.82225
-0.606048 -13.3799 -3.71158
0.470391 -9.83417 -4.31684
-1.60949 -6.93045 -5.83481
1.30388 -6.79142 -8.11285

4.89355 -7.72037 -9.16444
8.5601 -8.49649 -10.1161
11.6675 -10.4284 -8.85506

11.6265 -11.5034 -5.18506
15.4235 -11.9654 -5.42006
15.9655 -8.61237 -7.16806
16.4915 -6.54037 -3.99406
18.6625 -9.39637 -2.67406
21.0625 -9.26037 -5.64406
21.2165 -5.45337 -5.48106
21.9315 -5.70037 -1.73706
24.8205 -8.06737 -2.52706
26.4925 -5.23637 -4.48106

26.3759 -2.54219 -1.71693
26.4211 0.126763 1.03374
23.7429 2.80366 1.29519
23.9172 2.67156 5.01379
22.1724 -0.760324 5.13959
25.8691 -1.64405 5.53331

29.168 -0.01129 6.47922
29.8029 -2.62494 9.16411
29.1181 -5.44833 6.71413
31.5213 -3.95792 4.17519
34.2519 -3.64394 6.7997
33.7893 -7.26574 7.85398
34.0254 -8.4464 4.24937
37.2302 -6.47571 3.71206
38.7824 -7.9588 6.84801
37.8969 -11.4834 5.7363
39.4473 -10.8982 2.31627
42.6526 -9.59215 3.88563

43.1033 -11.9335 6.7788
44.2299 -14.2068 9.51093
45.4367 -16.2385 12.5951
48.8665 -15.9649 11.0654
51.3009 -17.3386 13.5845

49.8732 -14.139 15.0223
47.6354 -11.291 16.3153
45.5452 -8.31328 17.6163

45.3482 -6.00028 14.5313
42.3992 -4.11628 16.0703
44.3552 -4.16728 19.3443
47.1862 -2.33128 17.5553
44.5702 0.256723 16.5343
43.6642 0.830723 20.2043
47.2302 1.60172 21.3613
47.7732 3.81272 18.2953
44.7152 5.89772 19.2513
46.2972 6.55972 22.6553
49.9782 6.91972 21.5913

49.7672 8.78072 18.2553
49.8632 12.5787 18.2203
50.7212 12.1617 21.9303
53.5902 9.63672 21.8033
55.2702 8.90172 25.1253

58.3752 10.4047 23.6083
56.7962 13.8627 24.0523
56.5942 13.1357 27.7963
60.2562 12.1767 28.2663
61.5512 14.9047 25.9203
59.5012 17.5417 27.7703
61.0752 16.2247 30.9853
64.5702 16.4067 29.5713
63.4982 19.9647 28.6943
62.8532 20.6977 32.3873
66.5022 19.6377 32.6913
67.8652 21.8337 29.8813

68.2882 24.9147 32.1183
70.6282 26.3487 29.4663
68.1772 25.8167 26.5763
71.2562 24.3567 24.8253
69.8952 20.8007 24.2603
72.6532 19.2337 26.4093
72.9132 18.3077 30.1253
75.4612 16.4157 32.2673
74.9682 12.6027 32.2293

74.0022 12.9617 35.9033
71.1382 15.3417 35.1583
70.2562 12.8487 32.3933
70.2052 9.74772 34.5753
68.2772 11.9077 37.0483
65.6782 12.9227 34.4163
65.0462 9.19272 33.9743
64.7832 8.45272 37.7453
62.7592 11.5167 38.8683
60.2212 10.6907 36.1473

59.2472 7.66472 38.2333
59.9722 5.13372 35.4653
60.3772 1.44272 36.4853
63.9602 1.76772 35.2743
66.7132 -0.143277 37.1263
70.2152 1.32872 37.5933

71.5142 -1.69128 35.6333
69.3832 -0.977277 32.5413
70.6562 2.62072 32.3573
74.2402 1.36372 32.6953
73.6082 -0.562277 29.4533
72.0662 2.49172 27.7513
75.1512 4.49372 28.8773
77.5742 2.00772 27.2263
76.3382 2.66972 23.6493
75.6212 6.34572 24.4703

79.2792 7.40772 24.4113
78.7172 9.48372 27.5483
82.4342 10.1327 27.7633
84.7742 11.5497 25.1573
83.0832 14.8767 26.0823
81.2082 15.2127 29.3993
77.6682 16.2737 28.3823

75.1762 14.3807 26.1633
71.8732 15.2637 24.4743
68.7412 13.2717 25.4213

67.0142 12.6727 22.0043

69.1802 9.52872 21.7573
68.4442 8.46272 25.3553
64.7312 9.27172 24.8443
64.2892 6.76972 21.9913
66.1502 4.19472 24.1203
63.7852 4.49672 27.1123
60.8382 4.05272 24.7273

62.0112 0.945723 22.8713
65.3572 0.191723 21.2503

End chain 1
