14.376 13.393 -9.434
11.305 12.496 -7.337
11.151 9.258 -9.32

11.004 6.006 -7.338
14.52 4.519 -7.198
14.967 0.776 -7.832

15.638 0.429 -4.087
12.514 2.285 -2.905
10.556 -0.102 -5.156
12.221 -3.075 -3.436
11.74 -1.711 0.112
7.991 -1.522 -0.555
8.139 -4.957 -2.2
9.527 -6.582 0.974
6.846 -4.901 3.105
4.21 -5.895 0.525
5.202 -9.589 0.585
5.112 -9.741 4.412
1.285 -9.811 3.999

1.38203 -12.9046 1.70034
1.11807 -16.0397 -0.428223
-1.63074 -16.9006 -2.82225
-0.606048 -13.3799 -3.71158
0.470391 -9.83417 -4.31684
-1.60949 -6.93045 -5.83481
1.30388 -6.79142 -8.11285

4.89355 -7.72037 -9.16444
8.5601 -8.49649 -10.1161
11.6675 -10.4284 -8.85506

11.6265 -11.5034 -5.18506
15.4235 -11.9654 -5.42006
15.9655 -8.61237 -7.16806
16.4915 -6.54037 -3.99406
18.6625 -9.39637 -2.67406
21.0625 -9.26037 -5.64406
21.2165 -5.45337 -5.48106
21.9315 -5.70037 -1.73706
24.8205 -8.06737 -2.52706
26.4925 -5.23637 -4.48106

26.4245 -3.14998 -1.24918
27.8432 -1.44012 1.77916
29.2235 -1.16642 5.37632
26.3814 1.45748 5.75845
24.023 -0.764841 3.8902
25.3054 -4.22931 5.02485

25.3607 -7.82453 6.25539
22.6869 -7.0792 8.85119
20.4618 -5.45413 6.23382
20.8216 -8.45231 3.92636
19.9021 -10.8446 6.73249
16.8087 -8.80836 7.58553
15.6932 -8.80103 3.95257
16.116 -12.5703 3.71421
14.0667 -13.0971 6.87105
11.2733 -10.8892 5.54228
11.1912 -12.8025 2.25971
10.9819 -16.1262 4.09057

7.90544 -14.7247 5.84629
5.28372 -13.4394 8.37915
2.67983 -15.9478 9.47175
4.57592 -19.0204 8.49241
6.84995 -17.6478 11.327

9.02634 -15.9477 13.7951
11.6745 -13.6399 12.2733
15.2706 -13.912 13.4353

15.0736 -11.599 10.3503
12.1246 -9.71497 11.8893
14.0806 -9.76597 15.1633
16.9116 -7.92997 13.3743
14.2956 -5.34197 12.3533
13.3896 -4.76797 16.0233
16.9556 -3.99697 17.1803
17.4986 -1.78597 14.1143
14.4406 0.299031 15.0703
16.0226 0.961031 18.4743
19.7036 1.32103 17.4103

18.4603 4.85638 17.0285
18.057 8.72354 17.2098
19.1301 12.2889 17.9002
17.2318 12.392 21.1256
17.3327 10.5815 24.5018

17.567 13.5687 26.8395
20.2926 11.8806 28.8802
22.2933 11.1026 25.7442
22.0357 14.7073 24.5686
23.2286 15.9938 27.9398
26.2138 13.6423 27.8895
27.1725 14.7782 24.3919
26.9901 18.4313 25.4234
29.2009 17.7883 28.447
31.7837 16.0084 26.3012
31.8539 18.8901 23.8246
32.3594 21.4107 26.6236

32.7824 24.4917 28.8606
35.1224 25.9257 26.2086
32.6714 25.3937 23.3186
35.7504 23.9337 21.5676
34.3894 20.3777 21.0026
37.1474 18.8107 23.1516
37.4074 17.8847 26.8676
39.9554 15.9927 29.0096
39.4624 12.1797 28.9716

38.4964 12.5387 32.6456
35.6324 14.9187 31.9006
34.7504 12.4257 29.1356
34.6994 9.32465 31.3176
32.7714 11.4847 33.7906
30.1724 12.4997 31.1586
29.5404 8.76965 30.7166
29.2774 8.02965 34.4876
27.2534 11.0937 35.6106
24.7154 10.2677 32.8896

23.7414 7.24165 34.9756
24.4664 4.71065 32.2076
24.8714 1.01965 33.2276
28.4544 1.34465 32.0166
31.2074 -0.566346 33.8686
34.7094 0.905654 34.3356

36.0084 -2.11435 32.3756
33.8774 -1.40035 29.2836
35.1504 2.19765 29.0996
38.7344 0.940654 29.4376
38.1024 -0.985346 26.1956
36.5604 2.06865 24.4936
39.6454 4.07065 25.6196
42.0684 1.58465 23.9686
40.8324 2.24665 20.3916
40.1154 5.92265 21.2126

43.5833 6.67768 22.3452
46.0814 4.07528 21.2856
48.6312 5.1189 18.6673
48.372 5.87732 15.0111
45.2172 7.00539 16.6759
46.0909 9.08144 19.7426
44.7719 12.5202 18.4729

42.7807 12.4619 15.3048
40.4093 11.0565 12.703
37.9509 8.83669 14.4386

36.2239 8.23769 11.0216

38.3899 5.09369 10.7746
37.6539 4.02769 14.3726
33.9409 4.83669 13.8616
33.4989 2.33469 11.0086
35.3599 -0.240313 13.1376
32.9949 0.0616871 16.1296
30.0479 -0.382313 13.7446

31.2209 -3.48931 11.8886
34.5669 -4.24331 10.2676

End chain 1
