14.376 13.393 -9.434
11.305 12.496 -7.337
11.151 9.258 -9.32

11.004 6.006 -7.338
14.52 4.519 -7.198
14.967 0.776 -7.832

15.638 0.429 -4.087
12.514 2.285 -2.905
10.556 -0.102 -5.156
12.221 -3.075 -3.436
11.74 -1.711 0.112
7.991 -1.522 -0.555
8.139 -4.957 -2.2
9.527 -6.582 0.974
6.846 -4.901 3.105
4.21 -5.895 0.525
5.202 -9.589 0.585
5.112 -9.741 4.412
1.285 -9.811 3.999

1.38203 -12.9046 1.70034
1.11807 -16.0397 -0.428223
-1.63074 -16.9006 -2.82225
-0.606048 -13.3799 -3.71158
0.470391 -9.83417 -4.31684
-1.60949 -6.93045 -5.83481
1.30388 -6.79142 -8.11285

4.89355 -7.72037 -9.16444
8.5601 -8.49649 -10.1161
11.6675 -10.4284 -8.85506

11.6265 -11.5034 -5.18506
15.4235 -11.9654 -5.42006
15.9655 -8.61237 -7.16806
16.4915 -6.54037 -3.99406
18.6625 -9.39637 -2.67406
21.0625 -9.26037 -5.64406
21.2165 -5.45337 -5.48106
21.9315 -5.70037 -1.73706
24.8205 -8.06737 -2.52706
26.4925 -5.23637 -4.48106

26.4245 -3.14998 -1.24918
27.8432 -1.44012 1.77916
29.2235 -1.16642 5.37632
26.3814 1.45748 5.75845
24.023 -0.764841 3.8902
25.3054 -4.22931 5.02485

25.3607 -7.82453 6.25539
22.6869 -7.0792 8.85119
20.4618 -5.45413 6.23382
20.8216 -8.45231 3.92636
19.9021 -10.8446 6.73249
16.8087 -8.80836 7.58553
15.6932 -8.80103 3.95257
16.116 -12.5703 3.71421
14.0667 -13.0971 6.87105
11.2733 -10.8892 5.54228
11.1912 -12.8025 2.25971
10.9819 -16.1262 4.09057

9.18027 -15.8078 7.42637
6.35202 -16.2844 9.77138
2.88205 -15.0635 8.76457
2.66206 -12.6499 11.7242
2.47659 -12.446 15.4829

5.09479 -15.1681 16.0897
8.12716 -16.6523 14.5218
10.9483 -14.3487 15.4076

10.7513 -12.0357 12.3226
7.8023 -10.1517 13.8616
9.7583 -10.2027 17.1356
12.5893 -8.3667 15.3466
9.9733 -5.7787 14.3256
9.0673 -5.2047 17.9956
12.6333 -4.4337 19.1526
13.1763 -2.2227 16.0866
10.1183 -0.137704 17.0426
11.7003 0.524296 20.4466
15.3813 0.884296 19.3826

14.138 4.41964 19.0008
13.7347 8.28681 19.1822
14.8078 11.8521 19.8726
12.9095 11.9553 23.0979
13.0104 10.1448 26.4742

13.2447 13.132 28.8118
15.9703 11.4439 30.8526
17.971 10.6658 27.7166
17.7134 14.2706 26.5409
18.9063 15.557 29.9121
21.8915 13.2056 29.8619
22.8502 14.3414 26.3642
22.6678 17.9946 27.3958
24.8786 17.3515 30.4194
27.4614 15.5717 28.2736
27.5316 18.4534 25.7969
28.0371 20.9739 28.5959

28.4601 24.0549 30.8329
30.8001 25.4889 28.1809
28.3491 24.9569 25.2909
31.4281 23.4969 23.5399
30.0671 19.9409 22.9749
32.8251 18.3739 25.1239
33.0851 17.4479 28.8399
35.6331 15.5559 30.9819
35.1401 11.7429 30.9439

34.1741 12.1019 34.6179
31.3101 14.4819 33.8729
30.4281 11.9889 31.1079
30.3771 8.88792 33.2899
28.4491 11.0479 35.7629
25.8501 12.0629 33.1309
25.2181 8.33292 32.6889
24.9551 7.59292 36.4599
22.9311 10.6569 37.5829
20.3931 9.83092 34.8619

19.4191 6.80492 36.9479
20.1441 4.27392 34.1799
20.5491 0.582919 35.1999
24.1321 0.907919 33.9889
26.8851 -1.00308 35.8409
30.3871 0.468919 36.3079

31.6861 -2.55108 34.3479
29.5551 -1.83708 31.2559
30.8281 1.76092 31.0719
34.4121 0.503919 31.4099
33.7801 -1.42208 28.1679
32.2381 1.63192 26.4659
35.3231 3.63392 27.5919
37.7461 1.14792 25.9409
36.5101 1.80992 22.3639
35.7931 5.48592 23.1849

39.2609 6.24095 24.3176
41.7591 3.63855 23.258
44.3089 4.68217 20.6397
44.0497 5.44059 16.9835
40.8949 6.56865 18.6482
41.7686 8.64471 21.7149
40.4496 12.0834 20.4453

38.4584 12.0252 17.2772
36.087 10.6198 14.6753
33.6286 8.39995 16.411

31.9016 7.80095 12.994

34.0676 4.65695 12.747
33.3316 3.59095 16.345
29.6186 4.39995 15.834
29.1766 1.89795 12.981
31.0376 -0.677048 15.11
28.6726 -0.375048 18.102
25.7256 -0.819048 15.717

26.8986 -3.92605 13.861
30.2446 -4.68005 12.24

End chain 1
