36.887 -23.463 8.956
34.76 -20.902 10.706
34.477 -17.198 11.189

36.964 -17.128 14.061
39.617 -19.041 12.22
38.916 -16.953 9.158
39.302 -13.605 10.789
42.19 -14.84 12.785
44.013 -15.477 9.498
43.018 -12.034 8.052
43.819 -9.866 11.138

46.667 -11.773 12.722
47.514 -11.664 16.413
49.57 -8.806 18.102
50.066 -8.48 21.836
51.352 -4.91 21.69
49.663 -1.798 20.443
50.45 -1.367 16.785
49.448 0.755 13.823
47.162 -1.084 11.504
47.332 -0.454 7.847
45.314 2.936 7.988
47.723 4.167 10.708
45.249 3.604 13.564
46.062 2.098 16.866
45.084 -1.481 17.205
45.91 -4.534 19.228

45.084 -8.237 19.563
43.098 -9.676 16.642
42.161 -6.61 14.663

40.766 -4.755 17.691
40.723 -1.118 16.785
41.585 1.052 19.717
41.328 4.608 18.444
41.483 6.59 15.239
43.302 9.256 17.208
46.987 9.868 16.581
47.741 9.755 20.304
49.441 6.8 21.856

48.168 7.991 25.101
44.705 8.016 23.796
45.204 4.406 22.617
46.721 3.263 25.887
43.775 4.818 27.769
41.337 3.106 25.493
43.219 -0.084 25.932
43.078 -0.026 29.76
39.388 0.877 29.673
38.693 -2.057 27.36
40.739 -4.551 29.468

39.949 -3.312 32.875
43.5 -2.793 34.015
46.726 -0.856 33.736
48.192 -2.569 30.659
51.039 -0.441 29.578
50.069 -1.175 25.981
50.572 -4.92 26.37
48.01 -7.684 26.746
47.927 -11.355 27.084
46.716 -13.911 24.599

43.676 -14.65 26.7
42.836 -10.944 26.828
43.275 -10.716 22.988
40.768 -13.473 22.533
38.253 -12.124 24.902
38.237 -8.889 22.913
37.974 -10.959 19.73
34.941 -12.807 21.022
33.247 -9.598 21.934
34.046 -8.096 18.568
32.736 -11.038 16.593
29.608 -10.998 18.595
29.163 -7.341 18.138
29.623 -7.668 14.337
26.968 -10.308 14.05
24.54 -8.343 16.218
25.205 -5.142 14.158
24.347 -7.001 10.971
21.138 -8.371 12.587
19.941 -4.956 13.593

20.904 -3.253 10.373
17.863 -2.913 8.137

20.031 -3.043 5.066
22.302 -5.933 6.146
19.913 -8.263 7.777
17.992 -9.238 4.724
21.206 -9.961 2.84
22.573 -11.97 5.681
19.396 -13.879 5.977
19.468 -14.869 2.328

22.9361 -16.125 1.72582
23.0174 -16.8146 -1.97486
23.027 -17.0586 -5.67241

20.1765 -18.4058 -7.79421
17.6021 -17.2128 -5.26597
19.1338 -13.7353 -5.20229
19.0699 -13.5322 -8.99671
15.4126 -14.5614 -9.08681
14.5056 -11.9202 -6.50916
16.3082 -9.22616 -8.49305
14.4898 -10.2195 -11.6789
11.1254 -10.0807 -9.917
11.8788 -6.61842 -8.54301
12.855 -5.35616 -11.9921
9.64183 -6.71049 -13.5035
7.552 -5.02398 -10.8144

4.594 -4.76698 -8.64843
0.893003 -5.07198 -9.33443

0.705003 -1.65098 -10.8234
3.504 -2.21698 -13.3204
2.049 -5.47198 -14.5404
-1.52 -4.28298 -14.7514
-0.240997 -1.73898 -17.2254
0.685003 -4.45398 -19.7914

-2.847 -4.09598 -21.0584

-2.375 -5.61698 -24.4454
-0.284997 -8.55498 -23.3244
-2.794 -9.37398 -20.5354
-5.584 -9.54498 -23.0334
-3.602 -11.841 -25.3014
-2.781 -14.085 -22.4044
-6.384 -14.16 -21.4224
-7.168 -15.058 -24.9104

-4.543 -17.798 -24.9354
-2.612 -16.231 -27.8214
0.700003 -17.448 -26.5264

2.963 -16.475 -29.4084
1.486 -13.1 -29.8134
1.664 -12.208 -26.1574
5.308 -13.375 -26.0664
6.107 -10.959 -28.8524
4.126 -8.16698 -27.1864
5.782 -8.68998 -23.8404
9.253 -8.31898 -25.4804
8.431 -4.77198 -26.4794
9.053 -3.33498 -23.0544

11.629 -1.61498 -20.9814

11.377 -4.67798 -18.8504
12.679 -6.86698 -21.5084
15.376 -4.42098 -22.6314
16.718 -3.93398 -19.1114
16.711 -7.54498 -17.9024

16.619 -9.63398 -21.0434

17.699 -12.981 -19.7324
15.258 -12.96 -16.9384
12.443 -11.522 -19.1264
13.173 -14.276 -21.6514
12.768 -17.037 -19.0884
9.417 -15.644 -18.0374
8.237 -15.057 -21.5954
9.15 -18.637 -22.5884
7.192 -19.883 -19.6604
4.161 -18.066 -20.8584
4.729 -19.167 -24.3674
5.202 -22.841 -23.6794

3.468 -23.368 -20.4794
6.33 -25.641 -19.2974
9.341 -25.001 -17.0084
11.84 -25.705 -19.7844

13.493 -22.254 -19.3864
14.448 -23.12 -15.8374
15.458 -26.809 -16.0084

19.244 -26.682 -16.0554
19.523 -23.473 -13.8914

End chain 1
