36.887 -23.463 8.956
34.76 -20.902 10.706
34.477 -17.198 11.189

36.964 -17.128 14.061
39.617 -19.041 12.22
38.916 -16.953 9.158
39.302 -13.605 10.789
42.19 -14.84 12.785
44.013 -15.477 9.498
43.018 -12.034 8.052
43.819 -9.866 11.138

46.667 -11.773 12.722
47.514 -11.664 16.413
49.57 -8.806 18.102
50.066 -8.48 21.836
51.352 -4.91 21.69
49.663 -1.798 20.443
50.45 -1.367 16.785
49.448 0.755 13.823
47.162 -1.084 11.504
47.332 -0.454 7.847
45.314 2.936 7.988
47.723 4.167 10.708
45.249 3.604 13.564
46.062 2.098 16.866
45.084 -1.481 17.205
45.91 -4.534 19.228

45.084 -8.237 19.563
43.098 -9.676 16.642
42.161 -6.61 14.663

40.766 -4.755 17.691
40.723 -1.118 16.785
41.585 1.052 19.717
41.328 4.608 18.444
41.483 6.59 15.239
43.302 9.256 17.208
46.987 9.868 16.581
47.741 9.755 20.304
49.441 6.8 21.856

48.168 7.991 25.101
44.705 8.016 23.796
45.204 4.406 22.617
46.721 3.263 25.887
43.775 4.818 27.769
41.337 3.106 25.493
43.219 -0.084 25.932
43.078 -0.026 29.76
39.388 0.877 29.673
38.693 -2.057 27.36
40.739 -4.551 29.468

39.949 -3.312 32.875
43.5 -2.793 34.015
46.726 -0.856 33.736
48.192 -2.569 30.659
51.039 -0.441 29.578
50.069 -1.175 25.981
50.572 -4.92 26.37
48.01 -7.684 26.746
47.927 -11.355 27.084
46.716 -13.911 24.599

43.676 -14.65 26.7
42.836 -10.944 26.828
43.275 -10.716 22.988
40.768 -13.473 22.533
38.253 -12.124 24.902
38.237 -8.889 22.913
37.974 -10.959 19.73
34.941 -12.807 21.022
33.247 -9.598 21.934
34.046 -8.096 18.568
32.736 -11.038 16.593
29.608 -10.998 18.595
29.163 -7.341 18.138
29.623 -7.668 14.337
26.968 -10.308 14.05
24.54 -8.343 16.218
25.205 -5.142 14.158
24.347 -7.001 10.971
21.138 -8.371 12.587
19.941 -4.956 13.593

20.904 -3.253 10.373
17.863 -2.913 8.137

20.031 -3.043 5.066
22.302 -5.933 6.146
19.913 -8.263 7.777
17.992 -9.238 4.724
21.206 -9.961 2.84
22.573 -11.97 5.681
19.396 -13.879 5.977
19.468 -14.869 2.328

23.0359 -16.2461 2.75508
23.8156 -15.6795 -0.912356
24.2237 -15.8652 -4.72561

26.5064 -18.7844 -5.56859
25.0768 -20.8512 -2.71767
21.5218 -20.1527 -3.86535
22.3621 -21.1953 -7.42203
23.9155 -24.4435 -6.20602
20.8444 -25.2421 -4.11464
18.5463 -24.6221 -7.07724
20.6242 -26.9076 -9.29118
20.523 -29.6781 -6.69172
16.746 -29.3872 -6.38763
16.3292 -29.595 -10.1594
18.5085 -32.704 -10.326
16.4933 -34.382 -7.57528

13.5353 -34.125 -5.40928
9.83434 -34.43 -6.09528

9.64634 -31.009 -7.58428
12.4453 -31.575 -10.0813
10.9903 -34.83 -11.3013
7.42134 -33.641 -11.5123
8.70034 -31.097 -13.9863
9.62634 -33.812 -16.5523

6.09434 -33.454 -17.8193

6.56634 -34.975 -21.2063
8.65634 -37.913 -20.0853
6.14734 -38.732 -17.2963
3.35734 -38.903 -19.7943
5.33934 -41.199 -22.0623
6.16034 -43.443 -19.1653
2.55734 -43.518 -18.1833
1.77334 -44.416 -21.6713

4.39834 -47.156 -21.6963
6.32934 -45.589 -24.5823
9.64134 -46.806 -23.2873

11.9043 -45.833 -26.1693
10.4273 -42.458 -26.5743
10.6053 -41.566 -22.9183
14.2493 -42.733 -22.8273
15.0483 -40.317 -25.6133
13.0673 -37.525 -23.9473
14.7233 -38.048 -20.6013
18.1943 -37.677 -22.2413
17.3723 -34.13 -23.2403
17.9943 -32.693 -19.8153

20.5703 -30.973 -17.7423

20.3183 -34.036 -15.6113
21.6203 -36.225 -18.2693
24.3173 -33.779 -19.3923
25.6593 -33.292 -15.8723
25.6523 -36.903 -14.6633

25.5603 -38.992 -17.8043

26.6403 -42.339 -16.4933
24.1993 -42.318 -13.6993
21.3843 -40.88 -15.8873
22.1143 -43.634 -18.4123
21.7093 -46.395 -15.8493
18.3583 -45.002 -14.7983
17.1783 -44.415 -18.3563
18.0913 -47.995 -19.3493
16.1333 -49.241 -16.4213
13.1023 -47.424 -17.6193
13.6703 -48.525 -21.1283
14.1433 -52.199 -20.4403

12.4093 -52.726 -17.2403
15.2713 -54.999 -16.0583
18.2823 -54.359 -13.7693
20.7813 -55.063 -16.5453

22.4343 -51.612 -16.1473
23.3893 -52.478 -12.5983
24.3993 -56.167 -12.7693

28.1853 -56.04 -12.8163
28.4643 -52.831 -10.6523

End chain 1
