0 0 0
0 0 3.7547
-0.0855714 0.0542999 7.53548

1.59188 -2.22479 10.0722
-1.67109 -2.67831 11.967
-3.51793 -3.56852 8.76703
-0.879407 -6.14397 7.84611
-1.09832 -7.74121 11.2876
-4.8844 -7.96753 11.0483
-4.66678 -9.6126 7.6293
-2.16853 -12.1727 8.91288

0.679468 -14.0797 10.4969
1.52647 -13.9707 14.1879
3.58247 -11.1127 15.8769
4.07847 -10.7867 19.6109
5.36447 -7.21669 19.4649
3.67547 -4.10469 18.2179
4.46247 -3.67369 14.5599
3.46047 -1.55169 11.5979
1.17447 -3.39069 9.27888
1.34447 -2.76069 5.62188
-0.673532 0.629312 5.76288
1.73547 1.86031 8.48288
-0.738532 1.29731 11.3389
0.0744679 -0.208688 14.6409
-0.903532 -3.78769 14.9799
-0.0775321 -6.84069 17.0029

-0.903532 -10.5437 17.3379
-2.88953 -11.9827 14.4169
-3.82653 -8.91669 12.4379

-5.22153 -7.06169 15.4659
-5.26453 -3.42469 14.5599
-4.40253 -1.25469 17.4919
-4.65953 2.30131 16.2189
-4.50453 4.28331 13.0139
-2.68553 6.94931 14.9829
0.999468 7.56131 14.3559
1.75347 7.44831 18.0789
3.45347 4.49331 19.6309

2.18047 5.68431 22.8759
-1.28253 5.70931 21.5709
-0.783532 2.09931 20.3919
0.733468 0.956312 23.6619
-2.21253 2.51131 25.5439
-4.65053 0.799312 23.2679
-2.76853 -2.39069 23.7069
-2.90953 -2.33269 27.5349
-6.59953 -1.42969 27.4479
-7.29453 -4.36369 25.1349
-5.24853 -6.85769 27.2429

-6.03853 -5.61869 30.6499
-2.48753 -5.09969 31.7899
0.738468 -3.16269 31.5109
2.20447 -4.87569 28.4339
5.05147 -2.74769 27.3529
4.08147 -3.48169 23.7559
4.58447 -7.22669 24.1449
2.02247 -9.99069 24.5209
1.93947 -13.6617 24.8589
0.728468 -16.2177 22.3739

-2.31153 -16.9567 24.4749
-3.15153 -13.2507 24.6029
-2.71253 -13.0227 20.7629
-5.21953 -15.7797 20.3079
-7.73453 -14.4307 22.6769
-7.75053 -11.1957 20.6879
-8.01353 -13.2657 17.5049
-11.0465 -15.1137 18.7969
-12.7405 -11.9047 19.7089
-11.9415 -10.4027 16.3429
-13.2515 -13.3447 14.3679
-16.3795 -13.3047 16.3699
-16.8245 -9.64769 15.9129
-16.3645 -9.97469 12.1119
-19.0195 -12.6147 11.8249
-21.4475 -10.6497 13.9929
-20.7825 -7.44869 11.9329
-21.6405 -9.30769 8.74588
-24.8495 -10.6777 10.3619
-26.0465 -7.26269 11.3679

-25.0835 -5.55969 8.14788
-28.1245 -5.21969 5.91188

-25.9565 -5.34969 2.84088
-23.6855 -8.23969 3.92088
-26.0745 -10.5697 5.55188
-27.9955 -11.5447 2.49888
-24.7815 -12.2677 0.614885
-23.4145 -14.2767 3.45588
-26.5915 -16.1857 3.75188
-26.5195 -17.1757 0.102885

-23.0305 -18.5577 0.0828849
-21.6285 -22.0527 0.757885
-19.3445 -22.6607 3.72288

-16.0875 -22.0417 1.96788
-17.0555 -18.8327 0.395885
-18.5495 -17.5097 3.61488
-15.0675 -17.8997 5.03588
-13.6855 -15.6617 2.17888
-16.2515 -12.9857 3.02988
-15.2955 -13.2147 6.70288
-11.6005 -12.7227 5.72988
-12.3125 -9.47569 3.81688
-14.4125 -8.18269 6.65588
-11.7015 -8.98669 9.09588
-9.24553 -7.11469 7.03488
-11.1485 -4.08469 5.98888

-14.1065 -3.82769 8.15488
-17.8075 -4.13269 7.46888

-17.9955 -0.711688 5.97988
-15.1965 -1.27769 3.48288
-16.6515 -4.53269 2.26288
-20.2205 -3.34369 2.05188
-18.9415 -0.799688 -0.422115
-18.0155 -3.51469 -2.98812

-21.5475 -3.15669 -4.25512

-21.0755 -4.67769 -7.64212
-18.9855 -7.61569 -6.52112
-21.4945 -8.43469 -3.73212
-24.2845 -8.60569 -6.23012
-22.3025 -10.9017 -8.49812
-21.4815 -13.1457 -5.60112
-25.0845 -13.2207 -4.61912
-25.8685 -14.1187 -8.10712

-23.2435 -16.8587 -8.13212
-21.3125 -15.2917 -11.0181
-18.0005 -16.5087 -9.72312

-15.7375 -15.5357 -12.6051
-17.2145 -12.1607 -13.0101
-17.0365 -11.2687 -9.35412
-13.3925 -12.4357 -9.26312
-12.5935 -10.0197 -12.0491
-14.5745 -7.22769 -10.3831
-12.9185 -7.75069 -7.03712
-9.44753 -7.37969 -8.67712
-10.2695 -3.83269 -9.67612
-9.64753 -2.39569 -6.25112

-7.07153 -0.675688 -4.17812

-7.32353 -3.73869 -2.04712
-6.02153 -5.92769 -4.70512
-3.32453 -3.48169 -5.82812
-1.98253 -2.99469 -2.30812
-1.98953 -6.60569 -1.09912

-2.08153 -8.69469 -4.24012

-1.00153 -12.0417 -2.92912
-3.44253 -12.0207 -0.135115
-6.25753 -10.5827 -2.32312
-5.52753 -13.3367 -4.84812
-5.93253 -16.0977 -2.28512
-9.28353 -14.7047 -1.23412
-10.4635 -14.1177 -4.79212
-9.55053 -17.6977 -5.78512
-11.5085 -18.9437 -2.85712
-14.5395 -17.1267 -4.05512
-13.9715 -18.2277 -7.56412
-13.4985 -21.9017 -6.87612

-15.2325 -22.4287 -3.67612
-12.3705 -24.7017 -2.49412
-9.35953 -24.0617 -0.205115
-6.86053 -24.7657 -2.98112

-5.20753 -21.3147 -2.58312
-4.25253 -22.1807 0.965885
-3.24253 -25.8697 0.794885

0.543468 -25.7427 0.747885
0.822468 -22.5337 2.91188

End chain 1
