0 0 0
0 0 3.80149
-1.18541 3.05283 5.53432

-2.00507 4.86215 2.29436
-1.71801 8.24679 3.99868
1.66565 7.32943 5.4657
2.94755 6.21914 2.06469
1.80821 9.47285 0.465246
3.54867 11.5172 3.15493
6.78498 9.58613 2.6648
6.66082 10.1419 -1.09268

9.50882 8.23489 0.491324
10.3558 8.34389 4.18232
12.4118 11.2019 5.87132
12.9078 11.5279 9.60532
14.1938 15.0979 9.45932
12.5048 18.2099 8.21232
13.2918 18.6409 4.55432
12.2898 20.7629 1.59232
10.0038 18.9239 -0.726676
10.1738 19.5539 -4.38368
8.15582 22.9439 -4.24268
10.5648 24.1749 -1.52268
8.09082 23.6119 1.33332
8.90382 22.1059 4.63532
7.92582 18.5269 4.97432
8.75182 15.4739 6.99732

7.92582 11.7709 7.33232
5.93982 10.3319 4.41132
5.00282 13.3979 2.43232

3.60782 15.2529 5.46032
3.56482 18.8899 4.55432
4.42682 21.0599 7.48632
4.16982 24.6159 6.21332
4.32482 26.5979 3.00832
6.14382 29.2639 4.97732
9.82882 29.8759 4.35032
10.5828 29.7629 8.07332
12.2828 26.8079 9.62532

11.0098 27.9989 12.8703
7.54682 28.0239 11.5653
8.04582 24.4139 10.3863
9.56282 23.2709 13.6563
6.61682 24.8259 15.5383
4.17882 23.1139 13.2623
6.06082 19.9239 13.7013
5.91982 19.9819 17.5293
2.22982 20.8849 17.4423
1.53482 17.9509 15.1293
3.58082 15.4569 17.2373

2.79082 16.6959 20.6443
6.34182 17.2149 21.7843
9.56782 19.1519 21.5053
11.0338 17.4389 18.4283
13.8808 19.5669 17.3473
12.9108 18.8329 13.7503
13.4138 15.0879 14.1393
10.8518 12.3239 14.5153
10.7688 8.65289 14.8533
9.55782 6.09689 12.3683

6.51782 5.35789 14.4693
5.67782 9.06389 14.5973
6.11682 9.29189 10.7573
3.60982 6.53489 10.3023
1.09482 7.88389 12.6713
1.07882 11.1189 10.6823
0.815824 9.04889 7.49932
-2.21718 7.20089 8.79132
-3.91118 10.4099 9.70332
-3.11218 11.9119 6.33732
-4.42218 8.96989 4.36232
-7.55018 9.00989 6.36432
-7.99518 12.6669 5.90732
-7.53518 12.3399 2.10632
-10.1902 9.69989 1.81932
-12.6182 11.6649 3.98732
-11.9532 14.8659 1.92732
-12.8112 13.0069 -1.25968
-16.0202 11.6369 0.356324
-17.2172 15.0519 1.36232

-16.2542 16.7549 -1.85768
-19.2952 17.0949 -4.09368

-17.1272 16.9649 -7.16468
-14.8562 14.0749 -6.08468
-17.2452 11.7449 -4.45368
-19.1662 10.7699 -7.50668
-15.9522 10.0469 -9.39068
-14.5852 8.03789 -6.54968
-17.7622 6.12889 -6.25368
-17.6902 5.13889 -9.90268

-14.2012 3.75689 -9.92268
-12.7992 0.261885 -9.24768
-10.5152 -0.346115 -6.28268

-7.25818 0.272885 -8.03768
-8.22618 3.48189 -9.60968
-9.72018 4.80489 -6.39068
-6.23818 4.41489 -4.96968
-4.85618 6.65289 -7.82668
-7.42218 9.32889 -6.97568
-6.46618 9.09989 -3.30268
-2.77118 9.59189 -4.27568
-3.48318 12.8389 -6.18868
-5.58318 14.1319 -3.34968
-2.87218 13.3279 -0.909676
-0.416176 15.1999 -2.97068
-2.31918 18.2299 -4.01668

-5.27718 18.4869 -1.85068
-8.97818 18.1819 -2.53668

-9.16618 21.6029 -4.02568
-6.36718 21.0369 -6.52268
-7.82218 17.7819 -7.74268
-11.3912 18.9709 -7.95368
-10.1122 21.5149 -10.4277
-9.18618 18.7999 -12.9937

-12.7182 19.1579 -14.2607

-12.2462 17.6369 -17.6477
-10.1562 14.6989 -16.5267
-12.6652 13.8799 -13.7377
-15.4552 13.7089 -16.2357
-13.4732 11.4129 -18.5037
-12.6522 9.16889 -15.6067
-16.2552 9.09389 -14.6247
-17.0392 8.19589 -18.1127

-14.4142 5.45589 -18.1377
-12.4832 7.02289 -21.0237
-9.17118 5.80589 -19.7287

-6.90818 6.77889 -22.6107
-8.38518 10.1539 -23.0157
-8.20718 11.0459 -19.3597
-4.56318 9.87889 -19.2687
-3.76418 12.2949 -22.0547
-5.74518 15.0869 -20.3887
-4.08918 14.5639 -17.0427
-0.618176 14.9349 -18.6827
-1.44018 18.4819 -19.6817
-0.818176 19.9189 -16.2567

1.75782 21.6389 -14.1837

1.50582 18.5759 -12.0527
2.80782 16.3869 -14.7107
5.50482 18.8329 -15.8337
6.84682 19.3199 -12.3137
6.83982 15.7089 -11.1047

6.74782 13.6199 -14.2457

7.82782 10.2729 -12.9347
5.38682 10.2939 -10.1407
2.57182 11.7319 -12.3287
3.30182 8.97789 -14.8537
2.89682 6.21689 -12.2907
-0.454176 7.60989 -11.2397
-1.63418 8.19689 -14.7977
-0.721176 4.61689 -15.7907
-2.67918 3.37089 -12.8627
-5.71018 5.18789 -14.0607
-5.14218 4.08689 -17.5697
-4.66918 0.412885 -16.8817

-6.40318 -0.114115 -13.6817
-3.54118 -2.38711 -12.4997
-0.530176 -1.74711 -10.2107
1.96882 -2.45111 -12.9867

3.62182 0.999885 -12.5887
4.57682 0.133885 -9.03968
5.58682 -3.55511 -9.21068

9.37282 -3.42811 -9.25768
9.65182 -0.219115 -7.09368

End chain 1
