36.887 -23.463 8.956
34.76 -20.902 10.706
34.477 -17.198 11.189

36.964 -17.128 14.061
39.617 -19.041 12.22
38.916 -16.953 9.158
39.302 -13.605 10.789
42.19 -14.84 12.785
44.013 -15.477 9.498
43.018 -12.034 8.052
43.819 -9.866 11.138

47.0489 -11.7475 10.8198
48.8963 -14.6124 9.25854
48.2675 -17.7709 7.36962
48.7504 -15.5995 4.23906
51.3863 -12.956 4.64969
49.8177 -9.49579 4.18956
46.7246 -7.56358 5.26405
46.9217 -6.10421 1.80239
45.4872 -8.9431 -0.166127
44.7152 -11.1822 -3.24088
46.674 -13.8165 -1.40359
43.7169 -14.2066 0.999727
40.4712 -15.849 2.11474
37.9365 -13.0817 2.18709
35.926 -14.819 -0.579781
34.0662 -16.0791 -3.56269

34.2084 -19.5719 -5.05373
31.9598 -20.9389 -2.31184
29.42 -18.1695 -2.88026

28.025 -16.3145 0.147737
27.982 -12.6775 -0.758263
28.844 -10.5075 2.17374
28.587 -6.95152 0.900737
28.742 -4.96952 -2.30426
30.561 -2.30352 -0.335263
34.246 -1.69152 -0.962263
35 -1.80452 2.76074
36.7 -4.75952 4.31274

35.427 -3.56852 7.55774
31.964 -3.54352 6.25274
32.463 -7.15352 5.07374
33.98 -8.29652 8.34374
31.034 -6.74152 10.2257
28.596 -8.45352 7.94974
30.478 -11.6435 8.38874
30.337 -11.5855 12.2167
26.647 -10.6825 12.1297
25.952 -13.6165 9.81674
27.998 -16.1105 11.9247

27.208 -14.8715 15.3317
30.759 -14.3525 16.4717
33.985 -12.4155 16.1927
35.451 -14.1285 13.1157
38.298 -12.0005 12.0347
37.328 -12.7345 8.43774
37.831 -16.4795 8.82674
35.269 -19.2435 9.20274
35.186 -22.9145 9.54074
33.975 -25.4705 7.05574

30.935 -26.2095 9.15674
30.095 -22.5035 9.28474
30.534 -22.2755 5.44474
28.027 -25.0325 4.98974
25.512 -23.6835 7.35874
25.496 -20.4485 5.36974
25.233 -22.5185 2.18674
22.2 -24.3665 3.47874
20.506 -21.1575 4.39074
21.305 -19.6555 1.02474
19.995 -22.5975 -0.950263
16.867 -22.5575 1.05174
16.422 -18.9005 0.594737
16.882 -19.2275 -3.20626
14.227 -21.8675 -3.49326
11.799 -19.9025 -1.32526
12.464 -16.7015 -3.38526
11.606 -18.5605 -6.57226
8.39703 -19.9305 -4.95626
7.20003 -16.5155 -3.95026

8.16303 -14.8125 -7.17026
5.12203 -14.4725 -9.40626

7.29003 -14.6025 -12.4773
9.56103 -17.4925 -11.3973
7.17203 -19.8225 -9.76626
5.25103 -20.7975 -12.8193
8.46503 -21.5205 -14.7033
9.83203 -23.5295 -11.8623
6.65503 -25.4385 -11.5663
6.72703 -26.4285 -15.2153

10.216 -27.8105 -15.2353
11.618 -31.3055 -14.5603
13.902 -31.9135 -11.5953

17.159 -31.2945 -13.3503
16.191 -28.0855 -14.9223
14.697 -26.7625 -11.7033
18.179 -27.1525 -10.2823
19.561 -24.9145 -13.1393
16.995 -22.2385 -12.2883
17.951 -22.4675 -8.61526
21.646 -21.9755 -9.58826
20.934 -18.7285 -11.5013
18.834 -17.4355 -8.66226
21.545 -18.2395 -6.22226
24.001 -16.3675 -8.28326
22.098 -13.3375 -9.32926

19.14 -13.0805 -7.16326
15.439 -13.3855 -7.84926

15.251 -9.96452 -9.33826
18.05 -10.5305 -11.8353
16.595 -13.7855 -13.0553
13.026 -12.5965 -13.2663
14.305 -10.0525 -15.7403
15.231 -12.7675 -18.3063

11.699 -12.4095 -19.5733

12.171 -13.9305 -22.9603
14.261 -16.8685 -21.8393
11.752 -17.6875 -19.0503
8.96203 -17.8585 -21.5483
10.944 -20.1545 -23.8163
11.765 -22.3985 -20.9193
8.16203 -22.4735 -19.9373
7.37803 -23.3715 -23.4253

10.003 -26.1115 -23.4503
11.934 -24.5445 -26.3363
15.246 -25.7615 -25.0413

17.509 -24.7885 -27.9233
16.032 -21.4135 -28.3283
16.21 -20.5215 -24.6723
19.854 -21.6885 -24.5813
20.653 -19.2725 -27.3673
18.672 -16.4805 -25.7013
20.328 -17.0035 -22.3553
23.799 -16.6325 -23.9953
22.977 -13.0855 -24.9943
23.599 -11.6485 -21.5693

26.175 -9.92852 -19.4963

25.923 -12.9915 -17.3653
27.225 -15.1805 -20.0233
29.922 -12.7345 -21.1463
31.264 -12.2475 -17.6263
31.257 -15.8585 -16.4173

31.165 -17.9475 -19.5583

32.245 -21.2945 -18.2473
29.804 -21.2735 -15.4533
26.989 -19.8355 -17.6413
27.719 -22.5895 -20.1663
27.314 -25.3505 -17.6033
23.963 -23.9575 -16.5523
22.783 -23.3705 -20.1103
23.696 -26.9505 -21.1033
21.738 -28.1965 -18.1753
18.707 -26.3795 -19.3733
19.275 -27.4805 -22.8823
19.748 -31.1545 -22.1943

18.014 -31.6815 -18.9943
20.876 -33.9545 -17.8123
23.887 -33.3145 -15.5233
26.386 -34.0185 -18.2993

28.039 -30.5675 -17.9013
28.994 -31.4335 -14.3523
30.004 -35.1225 -14.5233

33.79 -34.9955 -14.5703
34.069 -31.7865 -12.4063

End chain 1
