36.887 -23.463 8.956
34.76 -20.902 10.706
34.477 -17.198 11.189

36.964 -17.128 14.061
39.617 -19.041 12.22
38.916 -16.953 9.158
39.302 -13.605 10.789
42.19 -14.84 12.785
44.013 -15.477 9.498
43.018 -12.034 8.052
43.819 -9.866 11.138

47.3844 -11.2683 10.6339
50.81 -12.4718 9.80847
53.9033 -14.7433 9.21688
56.3284 -12.858 6.90492
54.7421 -9.34126 6.87571
54.7881 -9.7942 10.589
57.3481 -11.7964 12.61
57.7807 -9.62269 15.6818
54.308 -11.1697 16.3731
53.9768 -14.9643 16.5936
54.1066 -17.4794 13.6408
57.6116 -16.3782 14.2744
61.0198 -16.8281 15.9847
64.016 -15.333 14.0398
66.4218 -17.2716 11.6906
69.106 -15.14 13.3122

71.8632 -12.8486 14.5731
72.9467 -15.4148 17.1583
73.0928 -18.1499 14.5238

71.6978 -16.2949 17.5518
71.6548 -12.6579 16.6458
72.5168 -10.4879 19.5778
72.2598 -6.93193 18.3048
72.4148 -4.94993 15.0998
74.2338 -2.28393 17.0688
77.9188 -1.67193 16.4418
78.6728 -1.78493 20.1648
80.3728 -4.73993 21.7168

79.0998 -3.54893 24.9618
75.6368 -3.52393 23.6568
76.1358 -7.13393 22.4778
77.6528 -8.27693 25.7478
74.7068 -6.72193 27.6298
72.2688 -8.43393 25.3538
74.1508 -11.6239 25.7928
74.0098 -11.5659 29.6208
70.3198 -10.6629 29.5338
69.6248 -13.5969 27.2208
71.6708 -16.0909 29.3288

70.8808 -14.8519 32.7358
74.4318 -14.3329 33.8758
77.6578 -12.3959 33.5968
79.1238 -14.1089 30.5198
81.9708 -11.9809 29.4388
81.0008 -12.7149 25.8418
81.5038 -16.4599 26.2308
78.9418 -19.2239 26.6068
78.8588 -22.8949 26.9448
77.6478 -25.4509 24.4598

74.6078 -26.1899 26.5608
73.7678 -22.4839 26.6888
74.2068 -22.2559 22.8488
71.6998 -25.0129 22.3938
69.1848 -23.6639 24.7628
69.1688 -20.4289 22.7738
68.9058 -22.4989 19.5908
65.8728 -24.3469 20.8828
64.1788 -21.1379 21.7948
64.9778 -19.6359 18.4288
63.6678 -22.5779 16.4538
60.5398 -22.5379 18.4558
60.0948 -18.8809 17.9988
60.5548 -19.2079 14.1978
57.8998 -21.8479 13.9108
55.4718 -19.8829 16.0788
56.1368 -16.6819 14.0188
55.2788 -18.5409 10.8318
52.0698 -19.9109 12.4478
50.8728 -16.4959 13.4538

51.8358 -14.7929 10.2338
48.7948 -14.4529 7.99779

50.9628 -14.5829 4.92679
53.2338 -17.4729 6.00679
50.8448 -19.8029 7.63779
48.9238 -20.7779 4.58479
52.1378 -21.5009 2.70079
53.5048 -23.5099 5.54179
50.3278 -25.4189 5.83779
50.3998 -26.4089 2.18879

53.8888 -27.7909 2.16879
55.2908 -31.2859 2.84379
57.5748 -31.8939 5.80879

60.8318 -31.2749 4.05379
59.8638 -28.0659 2.48179
58.3698 -26.7429 5.70079
61.8518 -27.1329 7.12179
63.2338 -24.8949 4.26479
60.6678 -22.2189 5.11579
61.6238 -22.4479 8.78879
65.3188 -21.9559 7.81579
64.6068 -18.7089 5.90279
62.5068 -17.4159 8.74179
65.2178 -18.2199 11.1818
67.6738 -16.3479 9.12079
65.7708 -13.3179 8.07479

62.8128 -13.0609 10.2408
59.1118 -13.3659 9.55479

58.9238 -9.94493 8.06579
61.7228 -10.5109 5.56879
60.2678 -13.7659 4.34879
56.6988 -12.5769 4.13779
57.9778 -10.0329 1.66379
58.9038 -12.7479 -0.902215

55.3718 -12.3899 -2.16921

55.8438 -13.9109 -5.55621
57.9338 -16.8489 -4.43521
55.4248 -17.6679 -1.64621
52.6348 -17.8389 -4.14421
54.6168 -20.1349 -6.41221
55.4378 -22.3789 -3.51521
51.8348 -22.4539 -2.53321
51.0508 -23.3519 -6.02121

53.6758 -26.0919 -6.04621
55.6068 -24.5249 -8.93221
58.9188 -25.7419 -7.63721

61.1818 -24.7689 -10.5192
59.7048 -21.3939 -10.9242
59.8828 -20.5019 -7.26821
63.5268 -21.6689 -7.17721
64.3258 -19.2529 -9.96321
62.3448 -16.4609 -8.29721
64.0008 -16.9839 -4.95121
67.4718 -16.6129 -6.59121
66.6498 -13.0659 -7.59021
67.2718 -11.6289 -4.16521

69.8478 -9.90893 -2.09221

69.5958 -12.9719 0.0387852
70.8978 -15.1609 -2.61921
73.5948 -12.7149 -3.74221
74.9368 -12.2279 -0.222215
74.9298 -15.8389 0.986785

74.8378 -17.9279 -2.15421

75.9178 -21.2749 -0.843215
73.4768 -21.2539 1.95079
70.6618 -19.8159 -0.237215
71.3918 -22.5699 -2.76221
70.9868 -25.3309 -0.199215
67.6358 -23.9379 0.851785
66.4558 -23.3509 -2.70621
67.3688 -26.9309 -3.69921
65.4108 -28.1769 -0.771215
62.3798 -26.3599 -1.96921
62.9478 -27.4609 -5.47821
63.4208 -31.1349 -4.79021

61.6868 -31.6619 -1.59021
64.5488 -33.9349 -0.408215
67.5598 -33.2949 1.88079
70.0588 -33.9989 -0.895215

71.7118 -30.5479 -0.497215
72.6668 -31.4139 3.05179
73.6768 -35.1029 2.88079

77.4628 -34.9759 2.83379
77.7418 -31.7669 4.99779

End chain 1
