0 0 0
0 0 3.72045
0.224992 0.0646158 7.47682

1.79586 -3.37069 7.89388
-0.618521 -4.24117 10.6967
-3.59888 -3.1859 8.58799
-2.41213 -5.31428 5.67174
-1.99844 -8.34538 7.92656
-5.50344 -7.90276 9.32724
-6.97617 -7.67365 5.83132
-5.18325 -10.8497 4.76299

-2.33525 -12.7567 6.34699
-1.48825 -12.6477 10.038
0.567754 -9.78965 11.727
1.06375 -9.46365 15.461
2.34975 -5.89365 15.315
0.660754 -2.78165 14.068
1.44775 -2.35065 10.41
0.445754 -0.228655 7.44799
-1.84025 -2.06765 5.12899
-1.67025 -1.43765 1.47199
-3.68825 1.95235 1.61299
-1.27925 3.18335 4.33299
-3.75325 2.62035 7.18899
-2.94025 1.11435 10.491
-3.91825 -2.46465 10.83
-3.09225 -5.51765 12.853

-3.91825 -9.22065 13.188
-5.90425 -10.6597 10.267
-6.84125 -7.59365 8.28799

-8.23625 -5.73865 11.316
-8.27925 -2.10165 10.41
-7.41725 0.0683455 13.342
-7.67425 3.62435 12.069
-7.51925 5.60635 8.86399
-5.70025 8.27235 10.833
-2.01525 8.88435 10.206
-1.26125 8.77135 13.929
0.438754 5.81635 15.481

-0.834246 7.00735 18.726
-4.29725 7.03235 17.421
-3.79825 3.42235 16.242
-2.28125 2.27935 19.512
-5.22725 3.83435 21.394
-7.66525 2.12235 19.118
-5.78325 -1.06765 19.557
-5.92425 -1.00965 23.385
-9.61425 -0.106655 23.298
-10.3092 -3.04065 20.985
-8.26325 -5.53465 23.093

-9.05325 -4.29565 26.5
-5.50225 -3.77665 27.64
-2.27625 -1.83965 27.361
-0.810246 -3.55265 24.284
2.03675 -1.42465 23.203
1.06675 -2.15865 19.606
1.56975 -5.90365 19.995
-0.992246 -8.66765 20.371
-1.07525 -12.3387 20.709
-2.28625 -14.8947 18.224

-5.32625 -15.6337 20.325
-6.16625 -11.9277 20.453
-5.72725 -11.6997 16.613
-8.23425 -14.4567 16.158
-10.7492 -13.1077 18.527
-10.7652 -9.87265 16.538
-11.0282 -11.9427 13.355
-14.0612 -13.7907 14.647
-15.7552 -10.5817 15.559
-14.9562 -9.07965 12.193
-16.2662 -12.0217 10.218
-19.3942 -11.9817 12.22
-19.8392 -8.32465 11.763
-19.3792 -8.65165 7.96199
-22.0342 -11.2917 7.67499
-24.4622 -9.32665 9.84299
-23.7972 -6.12565 7.78299
-24.6552 -7.98465 4.59599
-27.8642 -9.35465 6.21199
-29.0612 -5.93965 7.21799

-28.0982 -4.23665 3.99799
-31.1392 -3.89665 1.76199

-28.9712 -4.02665 -1.30901
-26.7002 -6.91665 -0.229012
-29.0892 -9.24665 1.40199
-31.0102 -10.2217 -1.65101
-27.7962 -10.9447 -3.53501
-26.4292 -12.9537 -0.694012
-29.6062 -14.8627 -0.398012
-29.5342 -15.8527 -4.04701

-26.0452 -17.2347 -4.06701
-24.6432 -20.7297 -3.39201
-22.3592 -21.3377 -0.427012

-19.1022 -20.7187 -2.18201
-20.0702 -17.5097 -3.75401
-21.5642 -16.1867 -0.535012
-18.0822 -16.5767 0.885988
-16.7002 -14.3387 -1.97101
-19.2662 -11.6627 -1.12001
-18.3102 -11.8917 2.55299
-14.6152 -11.3997 1.57999
-15.3272 -8.15265 -0.333012
-17.4272 -6.85965 2.50599
-14.7162 -7.66365 4.94599
-12.2602 -5.79165 2.88499
-14.1632 -2.76165 1.83899

-17.1212 -2.50465 4.00499
-20.8222 -2.80965 3.31899

-21.0102 0.611345 1.82999
-18.2112 0.0453455 -0.667012
-19.6662 -3.20965 -1.88701
-23.2352 -2.02065 -2.09801
-21.9562 0.523345 -4.57201
-21.0302 -2.19165 -7.13801

-24.5622 -1.83365 -8.40501

-24.0902 -3.35465 -11.792
-22.0002 -6.29265 -10.671
-24.5092 -7.11165 -7.88201
-27.2992 -7.28265 -10.38
-25.3172 -9.57865 -12.648
-24.4962 -11.8227 -9.75101
-28.0992 -11.8977 -8.76901
-28.8832 -12.7957 -12.257

-26.2582 -15.5357 -12.282
-24.3272 -13.9687 -15.168
-21.0152 -15.1857 -13.873

-18.7522 -14.2127 -16.755
-20.2292 -10.8377 -17.16
-20.0512 -9.94565 -13.504
-16.4072 -11.1127 -13.413
-15.6082 -8.69665 -16.199
-17.5892 -5.90465 -14.533
-15.9332 -6.42765 -11.187
-12.4622 -6.05665 -12.827
-13.2842 -2.50965 -13.826
-12.6622 -1.07265 -10.401

-10.0862 0.647345 -8.32801

-10.3382 -2.41565 -6.19701
-9.03625 -4.60465 -8.85501
-6.33925 -2.15865 -9.97801
-4.99725 -1.67165 -6.45801
-5.00425 -5.28265 -5.24901

-5.09625 -7.37165 -8.39001

-4.01625 -10.7187 -7.07901
-6.45725 -10.6977 -4.28501
-9.27225 -9.25965 -6.47301
-8.54225 -12.0137 -8.99801
-8.94725 -14.7747 -6.43501
-12.2982 -13.3817 -5.38401
-13.4782 -12.7947 -8.94201
-12.5652 -16.3747 -9.93501
-14.5232 -17.6207 -7.00701
-17.5542 -15.8037 -8.20501
-16.9862 -16.9047 -11.714
-16.5132 -20.5787 -11.026

-18.2472 -21.1057 -7.82601
-15.3852 -23.3787 -6.64401
-12.3742 -22.7387 -4.35501
-9.87525 -23.4427 -7.13101

-8.22225 -19.9917 -6.73301
-7.26725 -20.8577 -3.18401
-6.25725 -24.5467 -3.35501

-2.47125 -24.4197 -3.40201
-2.19225 -21.2107 -1.23801

End chain 1
