36.887 -23.463 8.956
34.76 -20.902 10.706
34.477 -17.198 11.189

36.964 -17.128 14.061
39.617 -19.041 12.22
38.916 -16.953 9.158
39.302 -13.605 10.789
42.19 -14.84 12.785
44.013 -15.477 9.498
43.018 -12.034 8.052
43.819 -9.866 11.138

46.667 -11.773 12.722
47.514 -11.664 16.413
49.57 -8.806 18.102
50.066 -8.48 21.836
51.352 -4.91 21.69
49.663 -1.798 20.443
50.45 -1.367 16.785
49.448 0.755 13.823
47.162 -1.084 11.504
47.332 -0.454 7.847
45.314 2.936 7.988
47.723 4.167 10.708
45.249 3.604 13.564
46.062 2.098 16.866
45.084 -1.481 17.205
45.91 -4.534 19.228

45.084 -8.237 19.563
43.098 -9.676 16.642
42.161 -6.61 14.663

40.766 -4.755 17.691
40.723 -1.118 16.785
41.585 1.052 19.717
41.328 4.608 18.444
41.483 6.59 15.239
43.302 9.256 17.208
46.987 9.868 16.581
47.741 9.755 20.304
49.441 6.8 21.856

48.168 7.991 25.101
44.705 8.016 23.796
45.204 4.406 22.617
46.721 3.263 25.887
43.775 4.818 27.769
41.337 3.106 25.493
43.219 -0.084 25.932
43.078 -0.026 29.76
39.388 0.877 29.673
38.693 -2.057 27.36
40.739 -4.551 29.468

39.949 -3.312 32.875
43.5 -2.793 34.015
46.726 -0.856 33.736
48.192 -2.569 30.659
51.039 -0.441 29.578
50.069 -1.175 25.981
50.572 -4.92 26.37
48.01 -7.684 26.746
47.927 -11.355 27.084
46.716 -13.911 24.599

43.676 -14.65 26.7
42.836 -10.944 26.828
43.275 -10.716 22.988
40.768 -13.473 22.533
38.253 -12.124 24.902
38.237 -8.889 22.913
37.974 -10.959 19.73
34.941 -12.807 21.022
33.247 -9.598 21.934
34.046 -8.096 18.568
32.736 -11.038 16.593
29.608 -10.998 18.595
29.163 -7.341 18.138
29.623 -7.668 14.337
26.968 -10.308 14.05
24.54 -8.343 16.218
25.205 -5.142 14.158
24.347 -7.001 10.971
21.138 -8.371 12.587
19.941 -4.956 13.593

20.904 -3.253 10.373
17.863 -2.913 8.137

20.031 -3.043 5.066
22.302 -5.933 6.146
19.913 -8.263 7.777
17.992 -9.238 4.724
21.206 -9.961 2.84
22.573 -11.97 5.681
19.396 -13.879 5.977
19.468 -14.869 2.328

22.891 -16.2511 2.95215
26.1257 -17.9202 4.16584
28.2316 -20.3596 6.34426

28.2067 -17.8494 9.19758
31.2153 -19.5138 10.8165
33.1436 -19.433 7.54264
32.3855 -15.7384 7.07541
33.571 -14.9503 10.5991
36.8183 -16.8419 10.0337
37.4595 -14.966 6.79139
36.8763 -11.621 8.49831
39.2927 -12.5156 11.2918
41.9696 -13.517 8.78692
41.5632 -10.2444 6.898
41.8871 -8.23842 10.1096
45.0595 -10.0994 11.0662

42.1015 -9.8424 13.2322
38.4005 -10.1474 12.5462

38.2125 -6.7264 11.0572
41.0115 -7.2924 8.56017
39.5565 -10.5474 7.34017
35.9875 -9.3584 7.12917
37.2665 -6.8144 4.65517
38.1925 -9.5294 2.08917

34.6605 -9.1714 0.822169

35.1325 -10.6924 -2.56483
37.2225 -13.6304 -1.44383
34.7135 -14.4494 1.34517
31.9235 -14.6204 -1.15283
33.9055 -16.9164 -3.42083
34.7265 -19.1604 -0.523831
31.1235 -19.2354 0.458169
30.3395 -20.1334 -3.02983

32.9645 -22.8734 -3.05483
34.8955 -21.3064 -5.94083
38.2075 -22.5234 -4.64583

40.4705 -21.5504 -7.52783
38.9935 -18.1754 -7.93283
39.1715 -17.2834 -4.27683
42.8155 -18.4504 -4.18583
43.6145 -16.0344 -6.97183
41.6335 -13.2424 -5.30583
43.2895 -13.7654 -1.95983
46.7605 -13.3944 -3.59983
45.9385 -9.8474 -4.59883
46.5605 -8.4104 -1.17383

49.1365 -6.6904 0.899169

48.8845 -9.7534 3.03017
50.1865 -11.9424 0.372169
52.8835 -9.4964 -0.750831
54.2255 -9.0094 2.76917
54.2185 -12.6204 3.97817

54.1265 -14.7094 0.837169

55.2065 -18.0564 2.14817
52.7655 -18.0354 4.94217
49.9505 -16.5974 2.75417
50.6805 -19.3514 0.229169
50.2755 -22.1124 2.79217
46.9245 -20.7194 3.84317
45.7445 -20.1324 0.285169
46.6575 -23.7124 -0.707831
44.6995 -24.9584 2.22017
41.6685 -23.1414 1.02217
42.2365 -24.2424 -2.48683
42.7095 -27.9164 -1.79883

40.9755 -28.4434 1.40117
43.8375 -30.7164 2.58317
46.8485 -30.0764 4.87217
49.3475 -30.7804 2.09617

51.0005 -27.3294 2.49417
51.9555 -28.1954 6.04317
52.9655 -31.8844 5.87217

56.7515 -31.7574 5.82517
57.0305 -28.5484 7.98917

End chain 1
