0 0 0
0 0 3.75085
0.80814 -0.110643 7.47285

-0.819272 -1.19437 10.7317
-1.15215 2.41374 11.8778
-2.76583 3.41243 8.58519
-5.26247 0.557797 8.83156
-6.19459 1.55078 12.3795
-6.74648 5.16072 11.3275
-8.98508 4.08212 8.4521
-11.0619 1.89316 10.7625

-8.2139 -0.0138426 12.3465
-7.3669 0.0951574 16.0375
-5.3109 2.95316 17.7265
-4.8149 3.27916 21.4605
-3.5289 6.84916 21.3145
-5.2179 9.96116 20.0675
-4.4309 10.3922 16.4095
-5.4329 12.5142 13.4475
-7.7189 10.6752 11.1285
-7.5489 11.3052 7.47154
-9.5669 14.6952 7.61254
-7.1579 15.9262 10.3325
-9.6319 15.3632 13.1885
-8.8189 13.8572 16.4905
-9.7969 10.2782 16.8295
-8.9709 7.22516 18.8525

-9.7969 3.52216 19.1875
-11.7829 2.08316 16.2665
-12.7199 5.14916 14.2875

-14.1149 7.00416 17.3155
-14.1579 10.6412 16.4095
-13.2959 12.8112 19.3415
-13.5529 16.3672 18.0685
-13.3979 18.3492 14.8635
-11.5789 21.0152 16.8325
-7.8939 21.6272 16.2055
-7.1399 21.5142 19.9285
-5.4399 18.5592 21.4805

-6.7129 19.7502 24.7255
-10.1759 19.7752 23.4205
-9.6769 16.1652 22.2415
-8.1599 15.0222 25.5115
-11.1059 16.5772 27.3935
-13.5439 14.8652 25.1175
-11.6619 11.6752 25.5565
-11.8029 11.7332 29.3845
-15.4929 12.6362 29.2975
-16.1879 9.70216 26.9845
-14.1419 7.20816 29.0925

-14.9319 8.44716 32.4995
-11.3809 8.96616 33.6395
-8.1549 10.9032 33.3605
-6.6889 9.19016 30.2835
-3.8419 11.3182 29.2025
-4.8119 10.5842 25.6055
-4.3089 6.83916 25.9945
-6.8709 4.07516 26.3705
-6.9539 0.404157 26.7085
-8.1649 -2.15184 24.2235

-11.2049 -2.89084 26.3245
-12.0449 0.815157 26.4525
-11.6059 1.04316 22.6125
-14.1129 -1.71384 22.1575
-16.6279 -0.364843 24.5265
-16.6439 2.87016 22.5375
-16.9069 0.800157 19.3545
-19.9399 -1.04784 20.6465
-21.6339 2.16116 21.5585
-20.8349 3.66316 18.1925
-22.1449 0.721157 16.2175
-25.2729 0.761157 18.2195
-25.7179 4.41816 17.7625
-25.2579 4.09116 13.9615
-27.9129 1.45116 13.6745
-30.3409 3.41616 15.8425
-29.6759 6.61716 13.7825
-30.5339 4.75816 10.5955
-33.7429 3.38816 12.2115
-34.9399 6.80316 13.2175

-33.9769 8.50616 9.99754
-37.0179 8.84616 7.76154

-34.8499 8.71616 4.69054
-32.5789 5.82616 5.77054
-34.9679 3.49616 7.40154
-36.8889 2.52116 4.34854
-33.6749 1.79816 2.46454
-32.3079 -0.210843 5.30554
-35.4849 -2.11984 5.60154
-35.4129 -3.10984 1.95254

-31.9239 -4.49184 1.93254
-30.5219 -7.98684 2.60754
-28.2379 -8.59484 5.57254

-24.9809 -7.97584 3.81754
-25.9489 -4.76684 2.24554
-27.4429 -3.44384 5.46454
-23.9609 -3.83384 6.88554
-22.5789 -1.59584 4.02854
-25.1449 1.08016 4.87954
-24.1889 0.851157 8.55254
-20.4939 1.34316 7.57954
-21.2059 4.59016 5.66654
-23.3059 5.88316 8.50554
-20.5949 5.07916 10.9455
-18.1389 6.95116 8.88454
-20.0419 9.98116 7.83854

-22.9999 10.2382 10.0045
-26.7009 9.93316 9.31854

-26.8889 13.3542 7.82954
-24.0899 12.7882 5.33254
-25.5449 9.53316 4.11254
-29.1139 10.7222 3.90154
-27.8349 13.2662 1.42754
-26.9089 10.5512 -1.13846

-30.4409 10.9092 -2.40546

-29.9689 9.38816 -5.79246
-27.8789 6.45016 -4.67146
-30.3879 5.63116 -1.88246
-33.1779 5.46016 -4.38046
-31.1959 3.16416 -6.64846
-30.3749 0.920157 -3.75146
-33.9779 0.845157 -2.76946
-34.7619 -0.0528426 -6.25746

-32.1369 -2.79284 -6.28246
-30.2059 -1.22584 -9.16846
-26.8939 -2.44284 -7.87346

-24.6309 -1.46984 -10.7555
-26.1079 1.90516 -11.1605
-25.9299 2.79716 -7.50446
-22.2859 1.63016 -7.41346
-21.4869 4.04616 -10.1995
-23.4679 6.83816 -8.53346
-21.8119 6.31516 -5.18746
-18.3409 6.68616 -6.82746
-19.1629 10.2332 -7.82646
-18.5409 11.6702 -4.40146

-15.9649 13.3902 -2.32846

-16.2169 10.3272 -0.197462
-14.9149 8.13816 -2.85546
-12.2179 10.5842 -3.97846
-10.8759 11.0712 -0.458462
-10.8829 7.46016 0.750538

-10.9749 5.37116 -2.39046

-9.8949 2.02416 -1.07946
-12.3359 2.04516 1.71454
-15.1509 3.48316 -0.473462
-14.4209 0.729157 -2.99846
-14.8259 -2.03184 -0.435462
-18.1769 -0.638843 0.615538
-19.3569 -0.0518426 -2.94246
-18.4439 -3.63184 -3.93546
-20.4019 -4.87784 -1.00746
-23.4329 -3.06084 -2.20546
-22.8649 -4.16184 -5.71446
-22.3919 -7.83584 -5.02646

-24.1259 -8.36284 -1.82646
-21.2639 -10.6358 -0.644462
-18.2529 -9.99584 1.64454
-15.7539 -10.6998 -1.13146

-14.1009 -7.24884 -0.733462
-13.1459 -8.11484 2.81554
-12.1359 -11.8038 2.64454

-8.3499 -11.6768 2.59754
-8.0709 -8.46784 4.76154

End chain 1
