36.887 -23.463 8.956
34.76 -20.902 10.706
34.477 -17.198 11.189

36.964 -17.128 14.061
39.617 -19.041 12.22
38.916 -16.953 9.158
39.302 -13.605 10.789
42.19 -14.84 12.785
44.013 -15.477 9.498
43.018 -12.034 8.052
43.819 -9.866 11.138

46.667 -11.773 12.722
47.514 -11.664 16.413
49.57 -8.806 18.102
50.066 -8.48 21.836
51.352 -4.91 21.69
49.663 -1.798 20.443
50.45 -1.367 16.785
49.448 0.755 13.823
47.162 -1.084 11.504
47.332 -0.454 7.847
45.314 2.936 7.988
47.723 4.167 10.708
45.249 3.604 13.564
46.062 2.098 16.866
45.084 -1.481 17.205
45.91 -4.534 19.228

45.084 -8.237 19.563
43.098 -9.676 16.642
42.161 -6.61 14.663

40.766 -4.755 17.691
40.723 -1.118 16.785
41.585 1.052 19.717
41.328 4.608 18.444
41.483 6.59 15.239
43.302 9.256 17.208
46.987 9.868 16.581
47.741 9.755 20.304
49.441 6.8 21.856

48.168 7.991 25.101
44.705 8.016 23.796
45.204 4.406 22.617
46.721 3.263 25.887
43.775 4.818 27.769
41.337 3.106 25.493
43.219 -0.084 25.932
43.078 -0.026 29.76
39.388 0.877 29.673
38.693 -2.057 27.36
40.739 -4.551 29.468

39.205 -3.3166 32.6539
37.483 -2.42944 36.0094
35.8283 -1.48991 39.4118
34.2897 0.724055 36.6529
32.9335 1.91021 33.3719
36.0044 2.90598 31.4509
39.5197 2.49865 32.7147
43.2684 1.93406 33.2399
45.5306 -0.578513 35.1755
46.907 2.65155 36.4708

48.264 5.98416 37.6936
50.4339 4.25722 40.2921
51.8442 1.8852 37.6791
52.6856 4.78002 35.3651
54.4695 6.62749 38.1664
56.5193 3.54468 39.0251
57.5413 3.09349 35.3926
58.6276 6.72696 35.146
60.7211 6.41625 38.3025
62.4266 3.28829 36.9796
63.2496 5.00979 33.693
64.7441 7.99023 35.5167
66.9054 5.71668 37.6621
68.1809 3.87248 34.5937
69.0742 7.1443 32.8791
70.9762 8.34281 35.9433
72.9362 5.09153 36.1181
73.8689 5.34344 32.4425
75.0737 8.91944 32.8936
77.2183 7.9241 35.869

78.1813 9.6271 32.649
75.1403 9.9671 30.413

77.3083 9.8371 27.342
79.5793 6.9471 28.422
77.1903 4.6171 30.053
75.2693 3.6421 27
78.4833 2.9191 25.116
79.8503 0.910099 27.957
76.6733 -0.998901 28.253
76.7453 -1.9889 24.604

80.2343 -3.3709 24.584
81.6363 -6.8659 25.259
83.9203 -7.4739 28.224

87.1773 -6.8549 26.469
86.2093 -3.6459 24.897
84.7153 -2.3229 28.116
88.1973 -2.7129 29.537
89.5793 -0.474901 26.68
87.0133 2.2011 27.531
87.9693 1.9721 31.204
91.6643 2.4641 30.231
90.9523 5.7111 28.318
88.8523 7.0041 31.157
91.5633 6.2001 33.597
94.0193 8.0721 31.536
92.1163 11.1021 30.49

89.1583 11.3591 32.656
85.4573 11.0541 31.97

85.2693 14.4751 30.481
88.0683 13.9091 27.984
86.6133 10.6541 26.764
83.0443 11.8431 26.553
84.3233 14.3871 24.079
85.2493 11.6721 21.513

81.7173 12.0301 20.246

82.1893 10.5091 16.859
84.2793 7.5711 17.98
81.7703 6.7521 20.769
78.9803 6.5811 18.271
80.9623 4.2851 16.003
81.7833 2.0411 18.9
78.1803 1.9661 19.882
77.3963 1.0681 16.394

80.0213 -1.6719 16.369
81.9523 -0.104901 13.483
85.2643 -1.3219 14.778

87.5273 -0.348901 11.896
86.0503 3.0261 11.491
86.2283 3.9181 15.147
89.8723 2.7511 15.238
90.6713 5.1671 12.452
88.6903 7.9591 14.118
90.3463 7.4361 17.464
93.8173 7.8071 15.824
92.9953 11.3541 14.825
93.6173 12.7911 18.25

96.1933 14.5111 20.323

95.9413 11.4481 22.454
97.2433 9.2591 19.796
99.9403 11.7051 18.673
101.282 12.1921 22.193
101.275 8.5811 23.402

101.183 6.4921 20.261

102.263 3.1451 21.572
99.8223 3.1661 24.366
97.0073 4.6041 22.178
97.7373 1.8501 19.653
97.3323 -0.910901 22.216
93.9813 0.482099 23.267
92.8013 1.0691 19.709
93.7143 -2.5109 18.716
91.7563 -3.7569 21.644
88.7253 -1.9399 20.446
89.2933 -3.0409 16.937
89.7663 -6.7149 17.625

88.0323 -7.2419 20.825
90.8943 -9.5149 22.007
93.9053 -8.8749 24.296
96.4043 -9.5789 21.52

98.0573 -6.1279 21.918
99.0123 -6.9939 25.467
100.022 -10.6829 25.296

103.808 -10.5559 25.249
104.087 -7.3469 27.413

End chain 1
