36.887 -23.463 8.956
34.76 -20.902 10.706
34.477 -17.198 11.189

36.964 -17.128 14.061
39.617 -19.041 12.22
38.916 -16.953 9.158
39.302 -13.605 10.789
42.19 -14.84 12.785
44.013 -15.477 9.498
43.018 -12.034 8.052
43.819 -9.866 11.138

46.667 -11.773 12.722
47.514 -11.664 16.413
49.57 -8.806 18.102
50.066 -8.48 21.836
51.352 -4.91 21.69
49.663 -1.798 20.443
50.45 -1.367 16.785
49.448 0.755 13.823
47.162 -1.084 11.504
47.332 -0.454 7.847
45.314 2.936 7.988
47.723 4.167 10.708
45.249 3.604 13.564
46.062 2.098 16.866
45.084 -1.481 17.205
45.91 -4.534 19.228

45.084 -8.237 19.563
43.098 -9.676 16.642
42.161 -6.61 14.663

40.766 -4.755 17.691
40.723 -1.118 16.785
41.585 1.052 19.717
41.328 4.608 18.444
41.483 6.59 15.239
43.302 9.256 17.208
46.987 9.868 16.581
47.741 9.755 20.304
49.441 6.8 21.856

48.168 7.991 25.101
44.705 8.016 23.796
45.204 4.406 22.617
46.721 3.263 25.887
43.775 4.818 27.769
41.337 3.106 25.493
43.219 -0.084 25.932
43.078 -0.026 29.76
39.388 0.877 29.673
38.693 -2.057 27.36
40.739 -4.551 29.468

39.949 -3.312 32.875
43.5 -2.793 34.015
46.726 -0.856 33.736
48.192 -2.569 30.659
51.039 -0.441 29.578
50.069 -1.175 25.981
50.572 -4.92 26.37
48.01 -7.684 26.746
47.927 -11.355 27.084
46.716 -13.911 24.599

43.676 -14.65 26.7
42.836 -10.944 26.828
43.275 -10.716 22.988
40.768 -13.473 22.533
38.253 -12.124 24.902
38.237 -8.889 22.913
37.974 -10.959 19.73
34.941 -12.807 21.022
33.247 -9.598 21.934
34.046 -8.096 18.568
32.736 -11.038 16.593
29.608 -10.998 18.595
29.163 -7.341 18.138
29.623 -7.668 14.337
26.968 -10.308 14.05
24.54 -8.343 16.218
25.205 -5.142 14.158
24.347 -7.001 10.971
21.138 -8.371 12.587
19.941 -4.956 13.593

20.904 -3.253 10.373
17.863 -2.913 8.137

20.031 -3.043 5.066
22.302 -5.933 6.146
19.913 -8.263 7.777
17.992 -9.238 4.724
21.206 -9.961 2.84
22.573 -11.97 5.681
19.396 -13.879 5.977
19.468 -14.869 2.328

22.957 -16.251 2.308
24.359 -19.746 2.983
26.643 -20.354 5.948

29.9 -19.735 4.193
28.932 -16.526 2.621
27.438 -15.203 5.84
30.92 -15.593 7.261
32.302 -13.355 4.404
29.736 -10.679 5.255
30.692 -10.908 8.928
34.387 -10.416 7.955
33.675 -7.169 6.042
31.575 -5.876 8.881
34.286 -6.68 11.321
36.742 -4.808 9.26
34.839 -1.778 8.214

34.3088 -1.37734 11.8634
33.8642 -1.18946 15.5647

34.1646 1.54452 18.1873
36.8913 -0.372361 20.0131
38.8452 -0.85474 16.7894
38.6212 2.85279 15.9851
39.8698 3.77944 19.4528
42.8231 1.40979 19.1284

39.2911 1.76779 17.8614

39.7631 0.246789 14.4744
41.8531 -2.69121 15.5954
39.3441 -3.51021 18.3844
36.5541 -3.68121 15.8864
38.5361 -5.97721 13.6184
39.3571 -8.22121 16.5154
35.7541 -8.29621 17.4974
34.9701 -9.19421 14.0094

37.5951 -11.9342 13.9844
39.5261 -10.3672 11.0984
42.8381 -11.5842 12.3934

45.1011 -10.6112 9.51139
43.6241 -7.23621 9.10639
43.8021 -6.34421 12.7624
47.4461 -7.51121 12.8534
48.2451 -5.09521 10.0674
46.2641 -2.30321 11.7334
47.9201 -2.82621 15.0794
51.3911 -2.45521 13.4394
50.5691 1.09179 12.4404
51.1911 2.52879 15.8654

53.7671 4.24879 17.9384

53.5151 1.18579 20.0694
54.8171 -1.00321 17.4114
57.5141 1.44279 16.2884
58.8561 1.92979 19.8084
58.8491 -1.68121 21.0174

58.7571 -3.77021 17.8764

59.8371 -7.11721 19.1874
57.3961 -7.09621 21.9814
54.5811 -5.65821 19.7934
55.3111 -8.41221 17.2684
54.9061 -11.1732 19.8314
51.5551 -9.78021 20.8824
50.3751 -9.19321 17.3244
51.2881 -12.7732 16.3314
49.3301 -14.0192 19.2594
46.2991 -12.2022 18.0614
46.8671 -13.3032 14.5524
47.3401 -16.9772 15.2404

45.6061 -17.5042 18.4404
48.4681 -19.7772 19.6224
51.4791 -19.1372 21.9114
53.9781 -19.8412 19.1354

55.6311 -16.3902 19.5334
56.5861 -17.2562 23.0824
57.5961 -20.9452 22.9114

61.3821 -20.8182 22.8644
61.6611 -17.6092 25.0284

End chain 1
