36.887 -23.463 8.956
34.76 -20.902 10.706
34.477 -17.198 11.189

36.964 -17.128 14.061
39.617 -19.041 12.22
38.916 -16.953 9.158
39.302 -13.605 10.789
42.19 -14.84 12.785
44.013 -15.477 9.498
43.018 -12.034 8.052
43.819 -9.866 11.138

46.667 -11.773 12.722
47.514 -11.664 16.413
49.57 -8.806 18.102
50.066 -8.48 21.836
51.352 -4.91 21.69
49.663 -1.798 20.443
50.45 -1.367 16.785
49.448 0.755 13.823
47.162 -1.084 11.504
47.332 -0.454 7.847
45.314 2.936 7.988
47.723 4.167 10.708
45.249 3.604 13.564
46.062 2.098 16.866
45.084 -1.481 17.205
45.91 -4.534 19.228

45.084 -8.237 19.563
43.098 -9.676 16.642
42.161 -6.61 14.663

40.766 -4.755 17.691
40.723 -1.118 16.785
41.585 1.052 19.717
41.328 4.608 18.444
41.483 6.59 15.239
43.302 9.256 17.208
46.987 9.868 16.581
47.741 9.755 20.304
49.441 6.8 21.856

48.168 7.991 25.101
44.705 8.016 23.796
45.204 4.406 22.617
46.721 3.263 25.887
43.775 4.818 27.769
41.337 3.106 25.493
43.219 -0.084 25.932
43.078 -0.026 29.76
39.388 0.877 29.673
38.693 -2.057 27.36
40.739 -4.551 29.468

39.949 -3.312 32.875
43.5 -2.793 34.015
46.726 -0.856 33.736
48.192 -2.569 30.659
51.039 -0.441 29.578
50.069 -1.175 25.981
50.572 -4.92 26.37
48.01 -7.684 26.746
47.927 -11.355 27.084
46.716 -13.911 24.599

43.676 -14.65 26.7
42.836 -10.944 26.828
43.275 -10.716 22.988
40.768 -13.473 22.533
38.253 -12.124 24.902
38.237 -8.889 22.913
37.974 -10.959 19.73
34.941 -12.807 21.022
33.247 -9.598 21.934
34.046 -8.096 18.568
32.736 -11.038 16.593
29.608 -10.998 18.595
29.163 -7.341 18.138
29.623 -7.668 14.337
26.968 -10.308 14.05
24.54 -8.343 16.218
25.205 -5.142 14.158
24.347 -7.001 10.971
21.138 -8.371 12.587
19.941 -4.956 13.593

20.904 -3.253 10.373
17.863 -2.913 8.137

20.031 -3.043 5.066
22.302 -5.933 6.146
19.913 -8.263 7.777
17.992 -9.238 4.724
21.206 -9.961 2.84
22.573 -11.97 5.681
19.396 -13.879 5.977
19.468 -14.869 2.328

22.957 -16.251 2.308
24.359 -19.746 2.983
26.643 -20.354 5.948

29.9 -19.735 4.193
28.932 -16.526 2.621
27.438 -15.203 5.84
30.92 -15.593 7.261
32.302 -13.355 4.404
29.736 -10.679 5.255
30.692 -10.908 8.928
34.387 -10.416 7.955
33.675 -7.169 6.042
31.575 -5.876 8.881
34.286 -6.68 11.321
36.742 -4.808 9.26
34.839 -1.778 8.214

31.881 -1.521 10.38
28.18 -1.826 9.694

27.992 1.595 8.205
30.791 1.029 5.708
29.336 -2.226 4.488
25.767 -1.037 4.277
27.046 1.507 1.803
27.972 -1.208 -0.763

24.4063 -2.2219 -0.746005

21.796 -0.367728 -2.79333
21.6397 2.43668 -0.233298
25.4234 2.79212 -0.248425
25.4871 2.98427 -4.04341
22.8062 5.67786 -4.04864
24.7272 7.73093 -1.49179
27.9141 7.48839 -3.54799
26.0922 8.62402 -6.68392

28.7172 5.88402 -6.70892
30.6482 7.45102 -9.59492
33.9602 6.23402 -8.29992

36.2232 7.20702 -11.1819
34.7462 10.582 -11.5869
34.9242 11.474 -7.93092
38.5682 10.307 -7.83992
39.3672 12.723 -10.6259
37.3862 15.515 -8.95992
39.0422 14.992 -5.61392
42.5132 15.363 -7.25392
41.6912 18.91 -8.25292
42.3132 20.347 -4.82792

44.8892 22.067 -2.75492

44.6372 19.004 -0.623923
45.9392 16.815 -3.28192
48.6362 19.261 -4.40492
49.9782 19.748 -0.884923
49.9712 16.137 0.324077

49.8792 14.048 -2.81692

50.9592 10.701 -1.50592
48.5182 10.722 1.28808
45.7032 12.16 -0.899923
46.4332 9.40602 -3.42492
46.0282 6.64502 -0.861923
42.6772 8.03802 0.189077
41.4972 8.62502 -3.36892
42.4102 5.04502 -4.36192
40.4522 3.79902 -1.43392
37.4212 5.61602 -2.63192
37.9892 4.51502 -6.14092
38.4622 0.841019 -5.45292

36.7282 0.314019 -2.25292
39.5902 -1.95898 -1.07092
42.6012 -1.31898 1.21808
45.1002 -2.02298 -1.55792

46.7532 1.42802 -1.15992
47.7082 0.562019 2.38908
48.7182 -3.12698 2.21808

52.5042 -2.99998 2.17108
52.7832 0.209019 4.33508

End chain 1
