36.887 -23.463 8.956
34.76 -20.902 10.706
34.477 -17.198 11.189

36.964 -17.128 14.061
39.617 -19.041 12.22
38.916 -16.953 9.158
39.302 -13.605 10.789
42.19 -14.84 12.785
44.013 -15.477 9.498
43.018 -12.034 8.052
43.819 -9.866 11.138

46.667 -11.773 12.722
47.514 -11.664 16.413
49.57 -8.806 18.102
50.066 -8.48 21.836
51.352 -4.91 21.69
49.663 -1.798 20.443
50.45 -1.367 16.785
49.448 0.755 13.823
47.162 -1.084 11.504
47.332 -0.454 7.847
45.314 2.936 7.988
47.723 4.167 10.708
45.249 3.604 13.564
46.062 2.098 16.866
45.084 -1.481 17.205
45.91 -4.534 19.228

45.084 -8.237 19.563
43.098 -9.676 16.642
42.161 -6.61 14.663

46.0001 -6.6946 14.2783
49.7709 -6.44836 13.9321
52.6204 -8.02997 12.0468
54.7243 -9.77633 14.7112
57.7687 -8.66364 16.6139
60.9244 -7.96069 18.4483
59.7032 -7.12371 21.9481
60.3318 -10.694 23.0831
61.1843 -11.2963 26.8092

61.3928 -12.8916 30.2522
57.87 -11.7469 31.1024
56.5164 -13.1788 27.8528
58.1969 -16.5228 28.5134
56.7334 -16.6757 32.0174
53.2459 -15.942 30.6974
53.5529 -18.6842 28.0843
54.6645 -21.1962 30.7106
51.7231 -20.3061 32.9464
49.2795 -20.7396 30.0683
50.7289 -24.1497 29.2239

49.9389 -22.9107 32.6309
53.4899 -22.3917 33.7709
56.7159 -20.4547 33.4919
58.1819 -22.1677 30.4149
61.0289 -20.0397 29.3339
60.0589 -20.7737 25.7369
60.5619 -24.5187 26.1259
57.9999 -27.2827 26.5019
57.9169 -30.9537 26.8399
56.7059 -33.5097 24.3549

53.6659 -34.2487 26.4559
52.8259 -30.5427 26.5839
53.2649 -30.3147 22.7439
50.7579 -33.0717 22.2889
48.2429 -31.7227 24.6579
48.2269 -28.4877 22.6689
47.9639 -30.5577 19.4859
44.9309 -32.4057 20.7779
43.2369 -29.1967 21.6899
44.0359 -27.6947 18.3239
42.7259 -30.6367 16.3489
39.5979 -30.5967 18.3509
39.1529 -26.9397 17.8939
39.6129 -27.2667 14.0929
36.9579 -29.9067 13.8059
34.5299 -27.9417 15.9739
35.1949 -24.7407 13.9139
34.3369 -26.5997 10.7269
31.1279 -27.9697 12.3429
29.9309 -24.5547 13.3489

30.8939 -22.8517 10.1289
27.8529 -22.5117 7.89293

30.0209 -22.6417 4.82193
32.2919 -25.5317 5.90193
29.9029 -27.8617 7.53293
27.9819 -28.8367 4.47993
31.1959 -29.5597 2.59593
32.5629 -31.5687 5.43693
29.3859 -33.4777 5.73293
29.4579 -34.4677 2.08393

32.9469 -35.8497 2.06393
34.3489 -39.3447 2.73893
36.6329 -39.9527 5.70393

39.8899 -39.3337 3.94893
38.9219 -36.1247 2.37693
37.4279 -34.8017 5.59593
40.9099 -35.1917 7.01693
42.2919 -32.9537 4.15993
39.7259 -30.2777 5.01093
40.6819 -30.5067 8.68393
44.3769 -30.0147 7.71093
43.6649 -26.7677 5.79793
41.5649 -25.4747 8.63693
44.2759 -26.2787 11.0769
46.7319 -24.4067 9.01593
44.8289 -21.3767 7.96993

41.8709 -21.1197 10.1359
38.1699 -21.4247 9.44993

37.9819 -18.0037 7.96093
40.7809 -18.5697 5.46393
39.3259 -21.8247 4.24393
35.7569 -20.6357 4.03293
37.0359 -18.0917 1.55893
37.9619 -20.8067 -1.00707

34.4299 -20.4487 -2.27407

34.9019 -21.9697 -5.66107
36.9919 -24.9077 -4.54007
34.4829 -25.7267 -1.75107
31.6929 -25.8977 -4.24907
33.6749 -28.1937 -6.51707
34.4959 -30.4377 -3.62007
30.8929 -30.5127 -2.63807
30.1089 -31.4107 -6.12607

32.7339 -34.1507 -6.15107
34.6649 -32.5837 -9.03707
37.9769 -33.8007 -7.74207

40.2399 -32.8277 -10.6241
38.7629 -29.4527 -11.0291
38.9409 -28.5607 -7.37307
42.5849 -29.7277 -7.28207
43.3839 -27.3117 -10.0681
41.4029 -24.5197 -8.40207
43.0589 -25.0427 -5.05607
46.5299 -24.6717 -6.69607
45.7079 -21.1247 -7.69507
46.3299 -19.6877 -4.27007

48.9059 -17.9677 -2.19707

48.6539 -21.0307 -0.0660743
49.9559 -23.2197 -2.72407
52.6529 -20.7737 -3.84707
53.9949 -20.2867 -0.327074
53.9879 -23.8977 0.881926

53.8959 -25.9867 -2.25907

54.9759 -29.3337 -0.948074
52.5349 -29.3127 1.84593
49.7199 -27.8747 -0.342074
50.4499 -30.6287 -2.86707
50.0449 -33.3897 -0.304074
46.6939 -31.9967 0.746926
45.5139 -31.4097 -2.81107
46.4269 -34.9897 -3.80407
44.4689 -36.2357 -0.876074
41.4379 -34.4187 -2.07407
42.0059 -35.5197 -5.58307
42.4789 -39.1937 -4.89507

40.7449 -39.7207 -1.69507
43.6069 -41.9937 -0.513074
46.6179 -41.3537 1.77593
49.1169 -42.0577 -1.00007

50.7699 -38.6067 -0.602074
51.7249 -39.4727 2.94693
52.7349 -43.1617 2.77593

56.5209 -43.0347 2.72893
56.7999 -39.8257 4.89293

End chain 1
