36.887 -23.463 8.956
34.76 -20.902 10.706
34.477 -17.198 11.189

36.964 -17.128 14.061
39.617 -19.041 12.22
38.916 -16.953 9.158
39.302 -13.605 10.789
42.19 -14.84 12.785
44.013 -15.477 9.498
43.018 -12.034 8.052
43.819 -9.866 11.138

45.9697 -11.6515 13.7765
47.5718 -12.9888 17.0584
47.0695 -16.1282 19.1908
44.5959 -16.6485 16.4796
46.0343 -15.9784 13.0506
49.0242 -17.7592 14.4209
48.4063 -21.4371 15.4656
47.2106 -20.7544 12.0167
49.0983 -19.384 9.13413
50.8988 -22.1255 11.0435
48.6789 -25.1674 11.4573
45.55 -25.7036 9.32486
48.2304 -24.1616 6.97999
51.5556 -25.9982 7.45859
50.4466 -29.5303 8.01027
48.6935 -28.9442 4.78236

48.4811 -27.3492 1.33944
49.394 -23.9425 2.75489
52.404 -25.3935 4.56513

51.009 -23.5385 7.59313
50.966 -19.9015 6.68713
51.828 -17.7315 9.61913
51.571 -14.1755 8.34613
51.726 -12.1935 5.14113
53.545 -9.52749 7.11013
57.23 -8.91549 6.48313
57.984 -9.02849 10.2061
59.684 -11.9835 11.7581

58.411 -10.7925 15.0031
54.948 -10.7675 13.6981
55.447 -14.3775 12.5191
56.964 -15.5205 15.7891
54.018 -13.9655 17.6711
51.58 -15.6775 15.3951
53.462 -18.8675 15.8341
53.321 -18.8095 19.6621
49.631 -17.9065 19.5751
48.936 -20.8405 17.2621
50.982 -23.3345 19.3701

50.192 -22.0955 22.7771
53.743 -21.5765 23.9171
56.969 -19.6395 23.6381
58.435 -21.3525 20.5611
61.282 -19.2245 19.4801
60.312 -19.9585 15.8831
60.815 -23.7035 16.2721
58.253 -26.4675 16.6481
58.17 -30.1385 16.9861
56.959 -32.6945 14.5011

53.919 -33.4335 16.6021
53.079 -29.7275 16.7301
53.518 -29.4995 12.8901
51.011 -32.2565 12.4351
48.496 -30.9075 14.8041
48.48 -27.6725 12.8151
48.217 -29.7425 9.63213
45.184 -31.5905 10.9241
43.49 -28.3815 11.8361
44.289 -26.8795 8.47013
42.979 -29.8215 6.49513
39.851 -29.7815 8.49713
39.406 -26.1245 8.04013
39.866 -26.4515 4.23913
37.211 -29.0915 3.95213
34.783 -27.1265 6.12013
35.448 -23.9255 4.06013
34.59 -25.7845 0.873132
31.381 -27.1545 2.48913
30.184 -23.7395 3.49513

31.147 -22.0365 0.275132
28.106 -21.6965 -1.96087

30.274 -21.8265 -5.03187
32.545 -24.7165 -3.95187
30.156 -27.0465 -2.32087
28.235 -28.0215 -5.37387
31.449 -28.7445 -7.25787
32.816 -30.7535 -4.41687
29.639 -32.6625 -4.12087
29.711 -33.6525 -7.76987

33.2 -35.0345 -7.78987
34.602 -38.5295 -7.11487
36.886 -39.1375 -4.14987

40.143 -38.5185 -5.90487
39.175 -35.3095 -7.47687
37.681 -33.9865 -4.25787
41.163 -34.3765 -2.83687
42.545 -32.1385 -5.69387
39.979 -29.4625 -4.84287
40.935 -29.6915 -1.16987
44.63 -29.1995 -2.14287
43.918 -25.9525 -4.05587
41.818 -24.6595 -1.21687
44.529 -25.4635 1.22313
46.985 -23.5915 -0.837868
45.082 -20.5615 -1.88387

42.124 -20.3045 0.282132
38.423 -20.6095 -0.403868

38.235 -17.1885 -1.89287
41.034 -17.7545 -4.38987
39.579 -21.0095 -5.60987
36.01 -19.8205 -5.82087
37.289 -17.2765 -8.29487
38.215 -19.9915 -10.8609

34.683 -19.6335 -12.1279

35.155 -21.1545 -15.5149
37.245 -24.0925 -14.3939
34.736 -24.9115 -11.6049
31.946 -25.0825 -14.1029
33.928 -27.3785 -16.3709
34.749 -29.6225 -13.4739
31.146 -29.6975 -12.4919
30.362 -30.5955 -15.9799

32.987 -33.3355 -16.0049
34.918 -31.7685 -18.8909
38.23 -32.9855 -17.5959

40.493 -32.0125 -20.4779
39.016 -28.6375 -20.8829
39.194 -27.7455 -17.2269
42.838 -28.9125 -17.1359
43.637 -26.4965 -19.9219
41.656 -23.7045 -18.2559
43.312 -24.2275 -14.9099
46.783 -23.8565 -16.5499
45.961 -20.3095 -17.5489
46.583 -18.8725 -14.1239

49.159 -17.1525 -12.0509

48.907 -20.2155 -9.91987
50.209 -22.4045 -12.5779
52.906 -19.9585 -13.7009
54.248 -19.4715 -10.1809
54.241 -23.0825 -8.97187

54.149 -25.1715 -12.1129

55.229 -28.5185 -10.8019
52.788 -28.4975 -8.00787
49.973 -27.0595 -10.1959
50.703 -29.8135 -12.7209
50.298 -32.5745 -10.1579
46.947 -31.1815 -9.10687
45.767 -30.5945 -12.6649
46.68 -34.1745 -13.6579
44.722 -35.4205 -10.7299
41.691 -33.6035 -11.9279
42.259 -34.7045 -15.4369
42.732 -38.3785 -14.7489

40.998 -38.9055 -11.5489
43.86 -41.1785 -10.3669
46.871 -40.5385 -8.07787
49.37 -41.2425 -10.8539

51.023 -37.7915 -10.4559
51.978 -38.6575 -6.90687
52.988 -42.3465 -7.07787

56.774 -42.2195 -7.12487
57.053 -39.0105 -4.96087

End chain 1
