36.887 -23.463 8.956
34.76 -20.902 10.706
34.477 -17.198 11.189

36.964 -17.128 14.061
39.617 -19.041 12.22
38.916 -16.953 9.158
39.302 -13.605 10.789
42.19 -14.84 12.785
44.013 -15.477 9.498
43.018 -12.034 8.052
43.819 -9.866 11.138

46.667 -11.773 12.722
47.514 -11.664 16.413
49.57 -8.806 18.102
50.066 -8.48 21.836
51.352 -4.91 21.69
49.663 -1.798 20.443
50.45 -1.367 16.785
49.448 0.755 13.823
47.162 -1.084 11.504
47.332 -0.454 7.847
45.314 2.936 7.988
47.723 4.167 10.708
45.249 3.604 13.564
46.062 2.098 16.866
45.084 -1.481 17.205
45.91 -4.534 19.228

45.084 -8.237 19.563
43.098 -9.676 16.642
42.161 -6.61 14.663

40.766 -4.755 17.691
40.723 -1.118 16.785
41.585 1.052 19.717
41.328 4.608 18.444
41.483 6.59 15.239
43.302 9.256 17.208
46.987 9.868 16.581
47.741 9.755 20.304
49.441 6.8 21.856

48.168 7.991 25.101
44.705 8.016 23.796
45.204 4.406 22.617
46.721 3.263 25.887
43.775 4.818 27.769
41.337 3.106 25.493
43.219 -0.084 25.932
43.078 -0.026 29.76
39.388 0.877 29.673
38.693 -2.057 27.36
40.739 -4.551 29.468

40.4869 -3.54784 33.2072
36.9244 -4.64422 33.8237
34.0353 -7.20808 33.6555
31.8333 -6.57207 36.7212
29.9091 -6.43062 39.9235
28.5522 -9.6516 38.4494
30.8921 -11.6107 36.0544
29.8138 -11.5178 32.4793
28.8746 -7.76096 32.6314
25.4563 -8.7136 31.4954

24.289 -12.0516 32.8874
22.0502 -10.3207 35.4241
20.4948 -8.15363 32.7172
19.7913 -11.1957 30.5506
18.1307 -13 33.454
15.9257 -9.99291 34.1879
14.8528 -9.76961 30.5489
13.9604 -13.4632 30.4846
11.878 -13.1143 33.6445
9.99745 -10.1476 32.1937
9.24208 -12.0645 29.0003
7.92328 -15.03 30.9775
5.66034 -12.7749 33.0358
4.2642 -11.1488 29.8974
3.53368 -14.5412 28.3479
1.72247 -15.692 31.4844
-0.407096 -12.5446 31.5264
-1.35367 -13.0199 27.8766
-2.36203 -16.6293 28.5077
-4.53353 -15.6089 31.455

-3.57053 -13.9059 28.235
-6.61153 -13.5659 25.999

-4.44353 -13.6959 22.928
-2.17253 -16.5859 24.008
-4.56153 -18.9159 25.639
-6.48253 -19.8909 22.586
-3.26853 -20.6139 20.702
-1.90153 -22.6229 23.543
-5.07853 -24.5319 23.839
-5.00653 -25.5219 20.19

-1.51753 -26.9039 20.17
-0.11553 -30.3989 20.845
2.16847 -31.0069 23.81

5.42547 -30.3879 22.055
4.45747 -27.1789 20.483
2.96347 -25.8559 23.702
6.44547 -26.2459 25.123
7.82747 -24.0079 22.266
5.26147 -21.3319 23.117
6.21747 -21.5609 26.79
9.91247 -21.0689 25.817
9.20047 -17.8219 23.904
7.10047 -16.5289 26.743
9.81147 -17.3329 29.183
12.2675 -15.4609 27.122
10.3645 -12.4309 26.076

7.40647 -12.1739 28.242
3.70547 -12.4789 27.556

3.51747 -9.05788 26.067
6.31647 -9.62388 23.57
4.86147 -12.8789 22.35
1.29247 -11.6899 22.139
2.57147 -9.14588 19.665
3.49747 -11.8609 17.099

-0.03453 -11.5029 15.832

0.43747 -13.0239 12.445
2.52747 -15.9619 13.566
0.01847 -16.7809 16.355
-2.77153 -16.9519 13.857
-0.78953 -19.2479 11.589
0.03147 -21.4919 14.486
-3.57153 -21.5669 15.468
-4.35553 -22.4649 11.98

-1.73053 -25.2049 11.955
0.20047 -23.6379 9.06895
3.51247 -24.8549 10.364

5.77547 -23.8819 7.48195
4.29847 -20.5069 7.07695
4.47647 -19.6149 10.733
8.12047 -20.7819 10.824
8.91947 -18.3659 8.03795
6.93847 -15.5739 9.70395
8.59447 -16.0969 13.05
12.0655 -15.7259 11.41
11.2435 -12.1789 10.411
11.8655 -10.7419 13.836

14.4415 -9.02188 15.909

14.1895 -12.0849 18.04
15.4915 -14.2739 15.382
18.1885 -11.8279 14.259
19.5305 -11.3409 17.779
19.5235 -14.9519 18.988

19.4315 -17.0409 15.847

20.5115 -20.3879 17.158
18.0705 -20.3669 19.952
15.2555 -18.9289 17.764
15.9855 -21.6829 15.239
15.5805 -24.4439 17.802
12.2295 -23.0509 18.853
11.0495 -22.4639 15.295
11.9625 -26.0439 14.302
10.0045 -27.2899 17.23
6.97347 -25.4729 16.032
7.54147 -26.5739 12.523
8.01447 -30.2479 13.211

6.28047 -30.7749 16.411
9.14247 -33.0479 17.593
12.1535 -32.4079 19.882
14.6525 -33.1119 17.106

16.3055 -29.6609 17.504
17.2605 -30.5269 21.053
18.2705 -34.2159 20.882

22.0565 -34.0889 20.835
22.3355 -30.8799 22.999

End chain 1
