36.887 -23.463 8.956
34.76 -20.902 10.706
34.477 -17.198 11.189

36.964 -17.128 14.061
39.617 -19.041 12.22
38.916 -16.953 9.158
39.302 -13.605 10.789
42.19 -14.84 12.785
44.013 -15.477 9.498
43.018 -12.034 8.052
43.819 -9.866 11.138

46.667 -11.773 12.722
47.514 -11.664 16.413
49.57 -8.806 18.102
50.066 -8.48 21.836
51.352 -4.91 21.69
49.663 -1.798 20.443
50.45 -1.367 16.785
49.448 0.755 13.823
47.162 -1.084 11.504
47.332 -0.454 7.847
45.314 2.936 7.988
47.723 4.167 10.708
45.249 3.604 13.564
46.062 2.098 16.866
45.084 -1.481 17.205
45.91 -4.534 19.228

45.084 -8.237 19.563
43.098 -9.676 16.642
42.161 -6.61 14.663

40.766 -4.755 17.691
40.723 -1.118 16.785
41.585 1.052 19.717
41.328 4.608 18.444
41.483 6.59 15.239
43.302 9.256 17.208
46.987 9.868 16.581
47.741 9.755 20.304
49.441 6.8 21.856

48.168 7.991 25.101
44.705 8.016 23.796
45.204 4.406 22.617
46.721 3.263 25.887
43.775 4.818 27.769
41.337 3.106 25.493
43.219 -0.084 25.932
43.078 -0.026 29.76
39.388 0.877 29.673
38.693 -2.057 27.36
40.739 -4.551 29.468

39.949 -3.312 32.875
43.5 -2.793 34.015
46.726 -0.856 33.736
48.192 -2.569 30.659
51.039 -0.441 29.578
50.069 -1.175 25.981
50.572 -4.92 26.37
48.01 -7.684 26.746
47.927 -11.355 27.084
46.716 -13.911 24.599

43.676 -14.65 26.7
42.836 -10.944 26.828
43.275 -10.716 22.988
40.768 -13.473 22.533
38.253 -12.124 24.902
38.237 -8.889 22.913
37.974 -10.959 19.73
34.941 -12.807 21.022
33.247 -9.598 21.934
34.046 -8.096 18.568
32.736 -11.038 16.593
29.608 -10.998 18.595
29.163 -7.341 18.138
29.623 -7.668 14.337
26.968 -10.308 14.05
24.54 -8.343 16.218
25.205 -5.142 14.158
24.347 -7.001 10.971
21.138 -8.371 12.587
19.941 -4.956 13.593

20.904 -3.253 10.373
17.863 -2.913 8.137

20.031 -3.043 5.066
22.302 -5.933 6.146
19.913 -8.263 7.777
17.992 -9.238 4.724
21.206 -9.961 2.84
22.573 -11.97 5.681
19.396 -13.879 5.977
19.468 -14.869 2.328

22.957 -16.251 2.308
24.359 -19.746 2.983
26.643 -20.354 5.948

29.9 -19.735 4.193
28.932 -16.526 2.621
27.438 -15.203 5.84
30.92 -15.593 7.261
32.302 -13.355 4.404
29.736 -10.679 5.255
30.692 -10.908 8.928
34.387 -10.416 7.955
33.675 -7.169 6.042
31.575 -5.876 8.881
34.286 -6.68 11.321
36.742 -4.808 9.26
34.839 -1.778 8.214

31.881 -1.521 10.38
28.18 -1.826 9.694

27.992 1.595 8.205
30.791 1.029 5.708
29.336 -2.226 4.488
25.767 -1.037 4.277
27.046 1.507 1.803
27.972 -1.208 -0.763

24.4339 -1.44942 -2.2885

23.3587 -4.50611 -4.27431
20.7114 -5.3741 -1.68948
19.3344 -1.83286 -1.76877
19.1212 -1.89715 -5.56262
17.2638 -5.2121 -5.49873
14.7709 -3.87696 -2.95991
14.1264 -0.785404 -5.07411
13.5235 -2.90833 -8.16807

16.1485 -5.64833 -8.19307
18.0795 -4.08133 -11.0791
21.3915 -5.29833 -9.78407

23.6545 -4.32533 -12.6661
22.1775 -0.950333 -13.0711
22.3555 -0.0583327 -9.41507
25.9995 -1.22533 -9.32407
26.7985 1.19067 -12.1101
24.8175 3.98267 -10.4441
26.4735 3.45967 -7.09807
29.9445 3.83067 -8.73807
29.1225 7.37767 -9.73707
29.7445 8.81467 -6.31207

32.3205 10.5347 -4.23907

32.0685 7.47167 -2.10807
33.3705 5.28267 -4.76607
36.0675 7.72867 -5.88907
37.4095 8.21567 -2.36907
37.4025 4.60467 -1.16007

37.3105 2.51567 -4.30107

38.3905 -0.831333 -2.99007
35.9495 -0.810333 -0.196068
33.1345 0.627667 -2.38407
33.8645 -2.12633 -4.90907
33.4595 -4.88733 -2.34607
30.1085 -3.49433 -1.29507
28.9285 -2.90733 -4.85307
29.8415 -6.48733 -5.84607
27.8835 -7.73333 -2.91807
24.8525 -5.91633 -4.11607
25.4205 -7.01733 -7.62507
25.8935 -10.6913 -6.93707

24.1595 -11.2183 -3.73707
27.0215 -13.4913 -2.55507
30.0325 -12.8513 -0.266068
32.5315 -13.5553 -3.04207

34.1845 -10.1043 -2.64407
35.1395 -10.9703 0.904932
36.1495 -14.6593 0.733932

39.9355 -14.5323 0.686932
40.2145 -11.3233 2.85093

End chain 1
