36.887 -23.463 8.956
34.76 -20.902 10.706
34.477 -17.198 11.189

36.964 -17.128 14.061
39.617 -19.041 12.22
38.916 -16.953 9.158
39.302 -13.605 10.789
42.19 -14.84 12.785
44.013 -15.477 9.498
43.018 -12.034 8.052
43.819 -9.866 11.138

46.667 -11.773 12.722
47.514 -11.664 16.413
49.57 -8.806 18.102
50.066 -8.48 21.836
51.352 -4.91 21.69
49.663 -1.798 20.443
50.45 -1.367 16.785
49.448 0.755 13.823
47.162 -1.084 11.504
47.332 -0.454 7.847
45.314 2.936 7.988
47.723 4.167 10.708
45.249 3.604 13.564
46.062 2.098 16.866
45.084 -1.481 17.205
45.91 -4.534 19.228

45.084 -8.237 19.563
43.098 -9.676 16.642
42.161 -6.61 14.663

40.766 -4.755 17.691
40.723 -1.118 16.785
41.585 1.052 19.717
41.328 4.608 18.444
41.483 6.59 15.239
43.302 9.256 17.208
46.987 9.868 16.581
47.741 9.755 20.304
49.441 6.8 21.856

48.168 7.991 25.101
44.705 8.016 23.796
45.204 4.406 22.617
46.721 3.263 25.887
43.775 4.818 27.769
41.337 3.106 25.493
43.219 -0.084 25.932
43.078 -0.026 29.76
39.388 0.877 29.673
38.693 -2.057 27.36
40.739 -4.551 29.468

39.949 -3.312 32.875
43.5 -2.793 34.015
46.726 -0.856 33.736
48.192 -2.569 30.659
51.039 -0.441 29.578
50.069 -1.175 25.981
50.572 -4.92 26.37
48.01 -7.684 26.746
47.927 -11.355 27.084
46.716 -13.911 24.599

43.676 -14.65 26.7
42.836 -10.944 26.828
43.275 -10.716 22.988
40.768 -13.473 22.533
38.253 -12.124 24.902
38.237 -8.889 22.913
37.974 -10.959 19.73
34.941 -12.807 21.022
33.247 -9.598 21.934
34.046 -8.096 18.568
32.736 -11.038 16.593
29.608 -10.998 18.595
29.163 -7.341 18.138
29.623 -7.668 14.337
26.968 -10.308 14.05
24.54 -8.343 16.218
25.205 -5.142 14.158
24.347 -7.001 10.971
21.138 -8.371 12.587
19.941 -4.956 13.593

20.1885 -3.99399 9.88551
20.1468 -6.69638 7.3542

17.0273 -5.14403 5.83703
16.8906 -2.50923 8.57236
20.5443 -1.61605 8.02866
19.9972 -1.24569 4.28615
17.0096 1.0343 4.85055
19.007 3.22347 7.2298
21.843 3.53219 4.71896
19.4246 4.53599 1.96463

22.9136 3.15399 1.94463
24.3156 -0.341008 2.61963
26.5996 -0.949008 5.58463

29.8566 -0.330008 3.82963
28.8886 2.87899 2.25763
27.3946 4.20199 5.47663
30.8766 3.81199 6.89763
32.2586 6.04999 4.04063
29.6926 8.72599 4.89163
30.6486 8.49699 8.56463
34.3436 8.98899 7.59163
33.6316 12.236 5.67863
31.5316 13.529 8.51763
34.2426 12.725 10.9576
36.6986 14.597 8.89663
34.7956 17.627 7.85063

31.8376 17.884 10.0166
28.1366 17.579 9.33063

27.9486 21 7.84163
30.7476 20.434 5.34463
29.2926 17.179 4.12463
25.7236 18.368 3.91363
27.0026 20.912 1.43963
27.9286 18.197 -1.12637

24.3966 18.555 -2.39337

24.8686 17.034 -5.78037
26.9586 14.096 -4.65937
24.4496 13.277 -1.87037
21.6596 13.106 -4.36837
23.6416 10.81 -6.63637
24.4626 8.56599 -3.73937
20.8596 8.49099 -2.75737
20.0756 7.59299 -6.24537

22.7006 4.85299 -6.27037
24.6316 6.41999 -9.15637
27.9436 5.20299 -7.86137

30.2066 6.17599 -10.7434
28.7296 9.55099 -11.1484
28.9076 10.443 -7.49237
32.5516 9.27599 -7.40137
33.3506 11.692 -10.1874
31.3696 14.484 -8.52137
33.0256 13.961 -5.17537
36.4966 14.332 -6.81537
35.6746 17.879 -7.81437
36.2966 19.316 -4.38937

38.8726 21.036 -2.31637

38.6206 17.973 -0.185367
39.9226 15.784 -2.84337
42.6196 18.23 -3.96637
43.9616 18.717 -0.446367
43.9546 15.106 0.762633

43.8626 13.017 -2.37837

44.9426 9.66999 -1.06737
42.5016 9.69099 1.72663
39.6866 11.129 -0.461367
40.4166 8.37499 -2.98637
40.0116 5.61399 -0.423367
36.6606 7.00699 0.627633
35.4806 7.59399 -2.93037
36.3936 4.01399 -3.92337
34.4356 2.76799 -0.995367
31.4046 4.58499 -2.19337
31.9726 3.48399 -5.70237
32.4456 -0.190008 -5.01437

30.7116 -0.717008 -1.81437
33.5736 -2.99001 -0.632367
36.5846 -2.35001 1.65663
39.0836 -3.05401 -1.11937

40.7366 0.396992 -0.721367
41.6916 -0.469008 2.82763
42.7016 -4.15801 2.65663

46.4876 -4.03101 2.60963
46.7666 -0.822008 4.77363

End chain 1
