36.887 -23.463 8.956
34.76 -20.902 10.706
34.477 -17.198 11.189

36.964 -17.128 14.061
39.617 -19.041 12.22
38.916 -16.953 9.158
39.302 -13.605 10.789
42.19 -14.84 12.785
44.013 -15.477 9.498
43.018 -12.034 8.052
43.819 -9.866 11.138

46.667 -11.773 12.722
47.514 -11.664 16.413
49.57 -8.806 18.102
50.066 -8.48 21.836
51.352 -4.91 21.69
49.663 -1.798 20.443
50.45 -1.367 16.785
49.448 0.755 13.823
47.162 -1.084 11.504
47.332 -0.454 7.847
45.314 2.936 7.988
47.723 4.167 10.708
45.249 3.604 13.564
46.062 2.098 16.866
45.084 -1.481 17.205
45.91 -4.534 19.228

45.084 -8.237 19.563
43.098 -9.676 16.642
42.161 -6.61 14.663

40.766 -4.755 17.691
40.723 -1.118 16.785
41.585 1.052 19.717
41.328 4.608 18.444
41.483 6.59 15.239
43.302 9.256 17.208
46.987 9.868 16.581
47.741 9.755 20.304
49.441 6.8 21.856

48.168 7.991 25.101
44.705 8.016 23.796
45.204 4.406 22.617
46.721 3.263 25.887
43.775 4.818 27.769
41.337 3.106 25.493
43.219 -0.084 25.932
43.078 -0.026 29.76
39.388 0.877 29.673
38.693 -2.057 27.36
40.739 -4.551 29.468

39.949 -3.312 32.875
43.5 -2.793 34.015
46.726 -0.856 33.736
48.192 -2.569 30.659
51.039 -0.441 29.578
50.069 -1.175 25.981
50.572 -4.92 26.37
48.01 -7.684 26.746
47.927 -11.355 27.084
46.716 -13.911 24.599

43.676 -14.65 26.7
42.836 -10.944 26.828
43.275 -10.716 22.988
40.768 -13.473 22.533
38.253 -12.124 24.902
38.237 -8.889 22.913
37.974 -10.959 19.73
34.941 -12.807 21.022
33.247 -9.598 21.934
34.046 -8.096 18.568
32.736 -11.038 16.593
29.608 -10.998 18.595
29.163 -7.341 18.138
29.623 -7.668 14.337
26.968 -10.308 14.05
24.54 -8.343 16.218
25.205 -5.142 14.158
24.347 -7.001 10.971
21.138 -8.371 12.587
19.941 -4.956 13.593

20.904 -3.253 10.373
17.863 -2.913 8.137

20.031 -3.043 5.066
22.302 -5.933 6.146
19.913 -8.263 7.777
17.992 -9.238 4.724
21.206 -9.961 2.84
22.573 -11.97 5.681
19.396 -13.879 5.977
19.468 -14.869 2.328

22.957 -16.251 2.308
24.359 -19.746 2.983
26.643 -20.354 5.948

29.9 -19.735 4.193
28.932 -16.526 2.621
27.438 -15.203 5.84
30.92 -15.593 7.261
32.302 -13.355 4.404
29.736 -10.679 5.255
30.692 -10.908 8.928
34.387 -10.416 7.955
33.675 -7.169 6.042
31.575 -5.876 8.881
34.286 -6.68 11.321
36.742 -4.808 9.26
34.839 -1.778 8.214

31.2104 -2.14368 9.48324
28.4594 -2.30749 12.1874

25.3863 -4.53897 12.3259
23.9092 -2.49268 15.1674
24.4623 0.743572 13.2533
22.7669 -0.68032 10.1644
19.7639 -1.79671 12.2086
19.4295 1.64824 13.7781

15.8975 2.00624 12.5111

16.3695 0.485239 9.12413
18.4595 -2.45276 10.2451
15.9505 -3.27176 13.0341
13.1605 -3.44276 10.5361
15.1425 -5.73876 8.26813
15.9635 -7.98276 11.1651
12.3605 -8.05776 12.1471
11.5765 -8.95576 8.65913

14.2015 -11.6958 8.63413
16.1325 -10.1288 5.74813
19.4445 -11.3458 7.04313

21.7075 -10.3728 4.16113
20.2305 -6.99776 3.75613
20.4085 -6.10576 7.41213
24.0525 -7.27276 7.50313
24.8515 -4.85676 4.71713
22.8705 -2.06476 6.38313
24.5265 -2.58776 9.72913
27.9975 -2.21676 8.08913
27.1755 1.33024 7.09013
27.7975 2.76724 10.5151

30.3735 4.48724 12.5881

30.1215 1.42424 14.7191
31.4235 -0.764761 12.0611
34.1205 1.68124 10.9381
35.4625 2.16824 14.4581
35.4555 -1.44276 15.6671

35.3635 -3.53176 12.5261

36.4435 -6.87876 13.8371
34.0025 -6.85776 16.6311
31.1875 -5.41976 14.4431
31.9175 -8.17376 11.9181
31.5125 -10.9348 14.4811
28.1615 -9.54176 15.5321
26.9815 -8.95476 11.9741
27.8945 -12.5348 10.9811
25.9365 -13.7808 13.9091
22.9055 -11.9638 12.7111
23.4735 -13.0648 9.20213
23.9465 -16.7388 9.89013

22.2125 -17.2658 13.0901
25.0745 -19.5388 14.2721
28.0855 -18.8988 16.5611
30.5845 -19.6028 13.7851

32.2375 -16.1518 14.1831
33.1925 -17.0178 17.7321
34.2025 -20.7068 17.5611

37.9885 -20.5798 17.5141
38.2675 -17.3708 19.6781

End chain 1
