36.887 -23.463 8.956
34.76 -20.902 10.706
34.477 -17.198 11.189

36.964 -17.128 14.061
39.617 -19.041 12.22
38.916 -16.953 9.158
39.302 -13.605 10.789
42.19 -14.84 12.785
44.013 -15.477 9.498
43.018 -12.034 8.052
43.819 -9.866 11.138

46.667 -11.773 12.722
47.514 -11.664 16.413
49.57 -8.806 18.102
50.066 -8.48 21.836
51.352 -4.91 21.69
49.663 -1.798 20.443
50.45 -1.367 16.785
49.448 0.755 13.823
47.162 -1.084 11.504
47.332 -0.454 7.847
45.314 2.936 7.988
47.723 4.167 10.708
45.249 3.604 13.564
46.062 2.098 16.866
45.084 -1.481 17.205
45.91 -4.534 19.228

45.084 -8.237 19.563
43.098 -9.676 16.642
42.161 -6.61 14.663

40.766 -4.755 17.691
40.723 -1.118 16.785
41.585 1.052 19.717
41.328 4.608 18.444
41.483 6.59 15.239
43.302 9.256 17.208
46.987 9.868 16.581
47.741 9.755 20.304
49.441 6.8 21.856

48.168 7.991 25.101
44.705 8.016 23.796
45.204 4.406 22.617
46.721 3.263 25.887
43.775 4.818 27.769
41.337 3.106 25.493
43.219 -0.084 25.932
43.078 -0.026 29.76
39.388 0.877 29.673
38.693 -2.057 27.36
40.739 -4.551 29.468

39.949 -3.312 32.875
43.5 -2.793 34.015
46.726 -0.856 33.736
48.192 -2.569 30.659
51.039 -0.441 29.578
50.069 -1.175 25.981
50.572 -4.92 26.37
48.01 -7.684 26.746
47.927 -11.355 27.084
46.716 -13.911 24.599

43.676 -14.65 26.7
42.836 -10.944 26.828
43.275 -10.716 22.988
40.768 -13.473 22.533
38.253 -12.124 24.902
38.237 -8.889 22.913
37.974 -10.959 19.73
34.941 -12.807 21.022
33.247 -9.598 21.934
34.046 -8.096 18.568
32.736 -11.038 16.593
29.608 -10.998 18.595
29.163 -7.341 18.138
29.623 -7.668 14.337
26.968 -10.308 14.05
24.54 -8.343 16.218
25.205 -5.142 14.158
24.347 -7.001 10.971
21.138 -8.371 12.587
19.941 -4.956 13.593

21.9838 -1.88915 14.0374
23.4134 1.19084 15.6444

24.7122 3.88099 13.2951
27.502 4.78226 15.7134
28.5393 1.13957 16.0259
28.6488 0.745906 12.2476
30.8089 3.85217 11.8895
33.2378 2.58476 14.5233
33.5298 -0.777164 12.7754
34.2396 0.907628 9.44364

37.7286 -0.474372 9.42364
39.1306 -3.96937 10.0986
41.4146 -4.57737 13.0636

44.6716 -3.95837 11.3086
43.7036 -0.749372 9.73664
42.2096 0.573628 12.9556
45.6916 0.183628 14.3766
47.0736 2.42163 11.5196
44.5076 5.09763 12.3706
45.4636 4.86863 16.0436
49.1586 5.36063 15.0706
48.4466 8.60763 13.1576
46.3466 9.90063 15.9966
49.0576 9.09663 18.4366
51.5136 10.9686 16.3756
49.6106 13.9986 15.3296

46.6526 14.2556 17.4956
42.9516 13.9506 16.8096

42.7636 17.3716 15.3206
45.5626 16.8056 12.8236
44.1076 13.5506 11.6036
40.5386 14.7396 11.3926
41.8176 17.2836 8.91864
42.7436 14.5686 6.35264

39.2116 14.9266 5.08564

39.6836 13.4056 1.69864
41.7736 10.4676 2.81964
39.2646 9.64863 5.60864
36.4746 9.47763 3.11064
38.4566 7.18163 0.842637
39.2776 4.93763 3.73964
35.6746 4.86263 4.72164
34.8906 3.96463 1.23364

37.5156 1.22463 1.20864
39.4466 2.79163 -1.67736
42.7586 1.57463 -0.382363

45.0216 2.54763 -3.26436
43.5446 5.92263 -3.66936
43.7226 6.81463 -0.0133633
47.3666 5.64763 0.0776367
48.1656 8.06363 -2.70836
46.1846 10.8556 -1.04236
47.8406 10.3326 2.30364
51.3116 10.7036 0.663637
50.4896 14.2506 -0.335363
51.1116 15.6876 3.08964

53.6876 17.4076 5.16264

53.4356 14.3446 7.29364
54.7376 12.1556 4.63564
57.4346 14.6016 3.51264
58.7766 15.0886 7.03264
58.7696 11.4776 8.24164

58.6776 9.38863 5.10064

59.7576 6.04163 6.41164
57.3166 6.06263 9.20564
54.5016 7.50063 7.01764
55.2316 4.74663 4.49264
54.8266 1.98563 7.05564
51.4756 3.37863 8.10664
50.2956 3.96563 4.54864
51.2086 0.385628 3.55564
49.2506 -0.860372 6.48364
46.2196 0.956628 5.28564
46.7876 -0.144372 1.77664
47.2606 -3.81837 2.46464

45.5266 -4.34537 5.66464
48.3886 -6.61837 6.84664
51.3996 -5.97837 9.13564
53.8986 -6.68237 6.35964

55.5516 -3.23137 6.75764
56.5066 -4.09737 10.3066
57.5166 -7.78637 10.1356

61.3026 -7.65937 10.0886
61.5816 -4.45037 12.2526

End chain 1
