36.887 -23.463 8.956
34.76 -20.902 10.706
34.477 -17.198 11.189

36.964 -17.128 14.061
39.617 -19.041 12.22
38.916 -16.953 9.158
39.302 -13.605 10.789
42.19 -14.84 12.785
44.013 -15.477 9.498
43.018 -12.034 8.052
43.819 -9.866 11.138

46.9202 -9.6919 9.12257
47.0598 -13.0269 7.40298
44.6555 -15.2614 9.4369
41.3735 -13.376 8.85188
39.7289 -11.4898 11.6764
41.5759 -8.45694 10.3994
40.8473 -5.83687 13.1839
38.7848 -2.80474 14.091
36.8909 0.254055 15.2123
35.5617 -2.98466 16.5024
35.3045 -6.71103 16.9217
32.9499 -7.61826 14.1042
30.5325 -7.83861 11.0662
27.0123 -9.12682 12.0512
25.2717 -5.67342 12.529
24.1357 -2.34847 11.0578

26.3754 -0.670695 13.6291
26.8491 -3.94654 15.4965
27.7857 -5.75282 12.2867

26.3907 -3.89782 15.3147
26.3477 -0.260817 14.4087
27.2097 1.90918 17.3407
26.9527 5.46518 16.0677
27.1077 7.44718 12.8627
28.9267 10.1132 14.8317
32.6117 10.7252 14.2047
33.3657 10.6122 17.9277
35.0657 7.65718 19.4797

33.7927 8.84818 22.7247
30.3297 8.87318 21.4197
30.8287 5.26318 20.2407
32.3457 4.12018 23.5107
29.3997 5.67518 25.3927
26.9617 3.96318 23.1167
28.8437 0.773183 23.5557
28.7027 0.831183 27.3837
25.0127 1.73418 27.2967
24.3177 -1.19982 24.9837
26.3637 -3.69382 27.0917

25.5737 -2.45482 30.4987
29.1247 -1.93582 31.6387
32.3507 0.00118262 31.3597
33.8167 -1.71182 28.2827
36.6637 0.416183 27.2017
35.6937 -0.317817 23.6047
36.1967 -4.06282 23.9937
33.6347 -6.82682 24.3697
33.5517 -10.4978 24.7077
32.3407 -13.0538 22.2227

29.3007 -13.7928 24.3237
28.4607 -10.0868 24.4517
28.8997 -9.85882 20.6117
26.3927 -12.6158 20.1567
23.8777 -11.2668 22.5257
23.8617 -8.03182 20.5367
23.5987 -10.1018 17.3537
20.5657 -11.9498 18.6457
18.8717 -8.74082 19.5577
19.6707 -7.23882 16.1917
18.3607 -10.1808 14.2167
15.2327 -10.1408 16.2187
14.7877 -6.48382 15.7617
15.2477 -6.81082 11.9607
12.5927 -9.45082 11.6737
10.1647 -7.48582 13.8417
10.8297 -4.28482 11.7817
9.97172 -6.14382 8.5947
6.76272 -7.51382 10.2107
5.56572 -4.09882 11.2167

6.52872 -2.39582 7.9967
3.48772 -2.05582 5.7607

5.65572 -2.18582 2.6897
7.92672 -5.07582 3.7697
5.53772 -7.40582 5.4007
3.61672 -8.38082 2.3477
6.83072 -9.10382 0.463703
8.19772 -11.1128 3.3047
5.02072 -13.0218 3.6007
5.09272 -14.0118 -0.0482968

8.58172 -15.3938 -0.0682968
9.98372 -18.8888 0.606703
12.2677 -19.4968 3.5717

15.5247 -18.8778 1.8167
14.5567 -15.6688 0.244703
13.0627 -14.3458 3.4637
16.5447 -14.7358 4.8847
17.9267 -12.4978 2.0277
15.3607 -9.82182 2.8787
16.3167 -10.0508 6.5517
20.0117 -9.55882 5.5787
19.2997 -6.31182 3.6657
17.1997 -5.01882 6.5047
19.9107 -5.82282 8.9447
22.3667 -3.95082 6.8837
20.4637 -0.920817 5.8377

17.5057 -0.663817 8.0037
13.8047 -0.968817 7.3177

13.6167 2.45218 5.8287
16.4157 1.88618 3.3317
14.9607 -1.36882 2.1117
11.3917 -0.179817 1.9007
12.6707 2.36418 -0.573297
13.5967 -0.350817 -3.1393

10.0647 0.00718262 -4.4063

10.5367 -1.51382 -7.7933
12.6267 -4.45182 -6.6723
10.1177 -5.27082 -3.8833
7.32772 -5.44182 -6.3813
9.30972 -7.73782 -8.6493
10.1307 -9.98182 -5.7523
6.52772 -10.0568 -4.7703
5.74372 -10.9548 -8.2583

8.36872 -13.6948 -8.2833
10.2997 -12.1278 -11.1693
13.6117 -13.3448 -9.8743

15.8747 -12.3718 -12.7563
14.3977 -8.99682 -13.1613
14.5757 -8.10482 -9.5053
18.2197 -9.27182 -9.4143
19.0187 -6.85582 -12.2003
17.0377 -4.06382 -10.5343
18.6937 -4.58682 -7.1883
22.1647 -4.21582 -8.8283
21.3427 -0.668817 -9.8273
21.9647 0.768183 -6.4023

24.5407 2.48818 -4.3293

24.2887 -0.574817 -2.1983
25.5907 -2.76382 -4.8563
28.2877 -0.317817 -5.9793
29.6297 0.169183 -2.4593
29.6227 -3.44182 -1.2503

29.5307 -5.53082 -4.3913

30.6107 -8.87782 -3.0803
28.1697 -8.85682 -0.286297
25.3547 -7.41882 -2.4743
26.0847 -10.1728 -4.9993
25.6797 -12.9338 -2.4363
22.3287 -11.5408 -1.3853
21.1487 -10.9538 -4.9433
22.0617 -14.5338 -5.9363
20.1037 -15.7798 -3.0083
17.0727 -13.9628 -4.2063
17.6407 -15.0638 -7.7153
18.1137 -18.7378 -7.0273

16.3797 -19.2648 -3.8273
19.2417 -21.5378 -2.6453
22.2527 -20.8978 -0.356297
24.7517 -21.6018 -3.1323

26.4047 -18.1508 -2.7343
27.3597 -19.0168 0.814703
28.3697 -22.7058 0.643703

32.1557 -22.5788 0.596703
32.4347 -19.3698 2.7607

End chain 1
