36.887 -23.463 8.956
34.76 -20.902 10.706
34.477 -17.198 11.189

36.964 -17.128 14.061
39.617 -19.041 12.22
38.916 -16.953 9.158
39.302 -13.605 10.789
42.19 -14.84 12.785
44.013 -15.477 9.498
43.018 -12.034 8.052
43.819 -9.866 11.138

46.667 -11.773 12.722
47.514 -11.664 16.413
49.57 -8.806 18.102
50.066 -8.48 21.836
51.352 -4.91 21.69
49.663 -1.798 20.443
50.45 -1.367 16.785
49.448 0.755 13.823
47.162 -1.084 11.504
47.332 -0.454 7.847
45.314 2.936 7.988
47.723 4.167 10.708
45.249 3.604 13.564
46.062 2.098 16.866
45.084 -1.481 17.205
45.91 -4.534 19.228

45.084 -8.237 19.563
43.098 -9.676 16.642
42.161 -6.61 14.663

40.766 -4.755 17.691
40.723 -1.118 16.785
41.585 1.052 19.717
41.328 4.608 18.444
41.483 6.59 15.239
43.302 9.256 17.208
46.987 9.868 16.581
47.741 9.755 20.304
49.441 6.8 21.856

48.168 7.991 25.101
44.705 8.016 23.796
45.204 4.406 22.617
46.721 3.263 25.887
43.775 4.818 27.769
41.337 3.106 25.493
43.219 -0.084 25.932
43.078 -0.026 29.76
39.388 0.877 29.673
38.693 -2.057 27.36
40.739 -4.551 29.468

39.949 -3.312 32.875
43.5 -2.793 34.015
46.726 -0.856 33.736
48.192 -2.569 30.659
51.039 -0.441 29.578
50.069 -1.175 25.981
50.572 -4.92 26.37
48.01 -7.684 26.746
47.927 -11.355 27.084
46.716 -13.911 24.599

43.676 -14.65 26.7
42.836 -10.944 26.828
43.275 -10.716 22.988
40.768 -13.473 22.533
38.253 -12.124 24.902
38.237 -8.889 22.913
37.974 -10.959 19.73
34.941 -12.807 21.022
33.247 -9.598 21.934
34.046 -8.096 18.568
32.736 -11.038 16.593
29.608 -10.998 18.595
29.163 -7.341 18.138
29.623 -7.668 14.337
26.968 -10.308 14.05
24.54 -8.343 16.218
25.205 -5.142 14.158
24.347 -7.001 10.971
21.138 -8.371 12.587
19.941 -4.956 13.593

20.4849 -3.66079 10.1437
20.0664 -1.65528 6.92055

20.4601 -3.22164 3.48044
19.9333 -6.70712 4.90058
16.7775 -5.5999 6.70564
15.3871 -4.04936 3.52675
16.0583 -7.23398 1.56447
14.3018 -9.34033 4.19519
11.2637 -7.05802 4.13341
11.0652 -7.2642 0.343823

14.5542 -8.6462 0.323823
15.9562 -12.1412 0.998823
18.2402 -12.7492 3.96382

21.4972 -12.1302 2.20882
20.5292 -8.9212 0.636823
19.0352 -7.5982 3.85582
22.5172 -7.9882 5.27682
23.8992 -5.7502 2.41982
21.3332 -3.0742 3.27082
22.2892 -3.3032 6.94382
25.9842 -2.8112 5.97082
25.2722 0.435798 4.05782
23.1722 1.7288 6.89682
25.8832 0.924798 9.33682
28.3392 2.7968 7.27582
26.4362 5.8268 6.22982

23.4782 6.0838 8.39582
19.7772 5.7788 7.70982

19.5892 9.1998 6.22082
22.3882 8.6338 3.72382
20.9332 5.3788 2.50382
17.3642 6.5678 2.29282
18.6432 9.1118 -0.181177
19.5692 6.3968 -2.74718

16.0372 6.7548 -4.01418

16.5092 5.2338 -7.40118
18.5992 2.2958 -6.28018
16.0902 1.4768 -3.49118
13.3002 1.3058 -5.98918
15.2822 -0.990202 -8.25718
16.1032 -3.2342 -5.36018
12.5002 -3.3092 -4.37818
11.7162 -4.2072 -7.86618

14.3412 -6.9472 -7.89118
16.2722 -5.3802 -10.7772
19.5842 -6.5972 -9.48218

21.8472 -5.6242 -12.3642
20.3702 -2.2492 -12.7692
20.5482 -1.3572 -9.11318
24.1922 -2.5242 -9.02218
24.9912 -0.108202 -11.8082
23.0102 2.6838 -10.1422
24.6662 2.1608 -6.79618
28.1372 2.5318 -8.43618
27.3152 6.0788 -9.43518
27.9372 7.5158 -6.01018

30.5132 9.2358 -3.93718

30.2612 6.1728 -1.80618
31.5632 3.9838 -4.46418
34.2602 6.4298 -5.58718
35.6022 6.9168 -2.06718
35.5952 3.3058 -0.858177

35.5032 1.2168 -3.99918

36.5832 -2.1302 -2.68818
34.1422 -2.1092 0.105823
31.3272 -0.671202 -2.08218
32.0572 -3.4252 -4.60718
31.6522 -6.1862 -2.04418
28.3012 -4.7932 -0.993177
27.1212 -4.2062 -4.55118
28.0342 -7.7862 -5.54418
26.0762 -9.0322 -2.61618
23.0452 -7.2152 -3.81418
23.6132 -8.3162 -7.32318
24.0862 -11.9902 -6.63518

22.3522 -12.5172 -3.43518
25.2142 -14.7902 -2.25318
28.2252 -14.1502 0.0358226
30.7242 -14.8542 -2.74018

32.3772 -11.4032 -2.34218
33.3322 -12.2692 1.20682
34.3422 -15.9582 1.03582

38.1282 -15.8312 0.988823
38.4072 -12.6222 3.15282

End chain 1
