36.887 -23.463 8.956
34.76 -20.902 10.706
34.477 -17.198 11.189

36.964 -17.128 14.061
39.617 -19.041 12.22
38.916 -16.953 9.158
39.302 -13.605 10.789
42.19 -14.84 12.785
44.013 -15.477 9.498
43.018 -12.034 8.052
43.819 -9.866 11.138

40.8135 -11.8404 12.3069
41.3742 -15.4618 13.4489
42.5686 -17.8401 16.0701
41.6569 -14.4471 17.4983
38.4441 -12.7441 16.3625
38.0047 -16.4144 16.845
38.0483 -16.4786 20.7094
35.7096 -13.3937 20.4573
33.772 -13.4674 17.2788
31.9835 -16.7314 17.8645
29.5975 -14.2958 19.428
28.1989 -11.2843 17.6066
27.6645 -14.5227 15.8824
26.1807 -17.6866 17.1682
24.4815 -15.2024 19.5087
23.4198 -12.4996 17.2018

21.9474 -11.9503 13.7416
19.3297 -9.56923 15.1274
21.9844 -7.56922 16.9701

20.5894 -5.71422 19.9981
20.5464 -2.07722 19.0921
21.4084 0.0927791 22.0241
21.1514 3.64878 20.7511
21.3064 5.63078 17.5461
23.1254 8.29678 19.5151
26.8104 8.90878 18.8881
27.5644 8.79578 22.6111
29.2644 5.84078 24.1631

27.9914 7.03178 27.4081
24.5284 7.05678 26.1031
25.0274 3.44678 24.9241
26.5444 2.30378 28.1941
23.5984 3.85878 30.0761
21.1604 2.14678 27.8001
23.0424 -1.04322 28.2391
22.9014 -0.985221 32.0671
19.2114 -0.0822209 31.9801
18.5164 -3.01622 29.6671
20.5624 -5.51022 31.7751

19.7724 -4.27122 35.1821
23.3234 -3.75222 36.3221
26.5494 -1.81522 36.0431
28.0154 -3.52822 32.9661
30.8624 -1.40022 31.8851
29.8924 -2.13422 28.2881
30.3954 -5.87922 28.6771
27.8334 -8.64322 29.0531
27.7504 -12.3142 29.3911
26.5394 -14.8702 26.9061

23.4994 -15.6092 29.0071
22.6594 -11.9032 29.1351
23.0984 -11.6752 25.2951
20.5914 -14.4322 24.8401
18.0764 -13.0832 27.2091
18.0604 -9.84822 25.2201
17.7974 -11.9182 22.0371
14.7644 -13.7662 23.3291
13.0704 -10.5572 24.2411
13.8694 -9.05522 20.8751
12.5594 -11.9972 18.9001
9.43138 -11.9572 20.9021
8.98638 -8.30022 20.4451
9.44638 -8.62722 16.6441
6.79138 -11.2672 16.3571
4.36338 -9.30222 18.5251
5.02838 -6.10122 16.4651
4.17038 -7.96022 13.2781
0.961385 -9.33022 14.8941
-0.235615 -5.91522 15.9001

0.727385 -4.21222 12.6801
-2.31362 -3.87222 10.4441

-0.145615 -4.00222 7.37309
2.12538 -6.89222 8.45309
-0.263615 -9.22222 10.0841
-2.18462 -10.1972 7.03109
1.02938 -10.9202 5.14709
2.39638 -12.9292 7.98809
-0.780615 -14.8382 8.28409
-0.708615 -15.8282 4.63509

2.78038 -17.2102 4.61509
4.18238 -20.7052 5.29009
6.46638 -21.3132 8.25509

9.72338 -20.6942 6.50009
8.75538 -17.4852 4.92809
7.26138 -16.1622 8.14709
10.7434 -16.5522 9.56809
12.1254 -14.3142 6.71109
9.55938 -11.6382 7.56209
10.5154 -11.8672 11.2351
14.2104 -11.3752 10.2621
13.4984 -8.12822 8.34909
11.3984 -6.83522 11.1881
14.1094 -7.63922 13.6281
16.5654 -5.76722 11.5671
14.6624 -2.73722 10.5211

11.7044 -2.48022 12.6871
8.00338 -2.78522 12.0011

7.81538 0.635779 10.5121
10.6144 0.0697791 8.01509
9.15938 -3.18522 6.79509
5.59038 -1.99622 6.58409
6.86938 0.547779 4.11009
7.79538 -2.16722 1.54409

4.26338 -1.80922 0.277091

4.73538 -3.33022 -3.10991
6.82538 -6.26822 -1.98891
4.31638 -7.08722 0.800091
1.52638 -7.25822 -1.69791
3.50838 -9.55422 -3.96591
4.32938 -11.7982 -1.06891
0.726385 -11.8732 -0.0869087
-0.0576152 -12.7712 -3.57491

2.56738 -15.5112 -3.59991
4.49838 -13.9442 -6.48591
7.81038 -15.1612 -5.19091

10.0734 -14.1882 -8.07291
8.59638 -10.8132 -8.47791
8.77438 -9.92122 -4.82191
12.4184 -11.0882 -4.73091
13.2174 -8.67222 -7.51691
11.2364 -5.88022 -5.85091
12.8924 -6.40322 -2.50491
16.3634 -6.03222 -4.14491
15.5414 -2.48522 -5.14391
16.1634 -1.04822 -1.71891

18.7394 0.671779 0.354091

18.4874 -2.39122 2.48509
19.7894 -4.58022 -0.172909
22.4864 -2.13422 -1.29591
23.8284 -1.64722 2.22409
23.8214 -5.25822 3.43309

23.7294 -7.34722 0.292091

24.8094 -10.6942 1.60309
22.3684 -10.6732 4.39709
19.5534 -9.23522 2.20909
20.2834 -11.9892 -0.315909
19.8784 -14.7502 2.24709
16.5274 -13.3572 3.29809
15.3474 -12.7702 -0.259909
16.2604 -16.3502 -1.25291
14.3024 -17.5962 1.67509
11.2714 -15.7792 0.477091
11.8394 -16.8802 -3.03191
12.3124 -20.5542 -2.34391

10.5784 -21.0812 0.856091
13.4404 -23.3542 2.03809
16.4514 -22.7142 4.32709
18.9504 -23.4182 1.55109

20.6034 -19.9672 1.94909
21.5584 -20.8332 5.49809
22.5684 -24.5222 5.32709

26.3544 -24.3952 5.28009
26.6334 -21.1862 7.44409

End chain 1
