36.887 -23.463 8.956
34.76 -20.902 10.706
34.477 -17.198 11.189

36.964 -17.128 14.061
39.617 -19.041 12.22
38.916 -16.953 9.158
39.302 -13.605 10.789
42.19 -14.84 12.785
44.013 -15.477 9.498
43.018 -12.034 8.052
43.819 -9.866 11.138

46.667 -11.773 12.722
47.514 -11.664 16.413
49.57 -8.806 18.102
50.066 -8.48 21.836
51.352 -4.91 21.69
49.663 -1.798 20.443
50.45 -1.367 16.785
49.448 0.755 13.823
47.162 -1.084 11.504
47.332 -0.454 7.847
45.314 2.936 7.988
47.723 4.167 10.708
45.249 3.604 13.564
46.062 2.098 16.866
45.084 -1.481 17.205
45.91 -4.534 19.228

45.084 -8.237 19.563
43.098 -9.676 16.642
42.161 -6.61 14.663

40.766 -4.755 17.691
40.723 -1.118 16.785
41.585 1.052 19.717
41.328 4.608 18.444
41.483 6.59 15.239
43.302 9.256 17.208
46.987 9.868 16.581
47.741 9.755 20.304
49.441 6.8 21.856

48.168 7.991 25.101
44.705 8.016 23.796
45.204 4.406 22.617
46.721 3.263 25.887
43.775 4.818 27.769
41.337 3.106 25.493
43.219 -0.084 25.932
43.078 -0.026 29.76
39.388 0.877 29.673
38.693 -2.057 27.36
40.739 -4.551 29.468

39.949 -3.312 32.875
43.5 -2.793 34.015
46.726 -0.856 33.736
48.192 -2.569 30.659
51.039 -0.441 29.578
50.069 -1.175 25.981
50.572 -4.92 26.37
48.01 -7.684 26.746
47.927 -11.355 27.084
46.716 -13.911 24.599

43.676 -14.65 26.7
42.836 -10.944 26.828
43.275 -10.716 22.988
40.768 -13.473 22.533
38.253 -12.124 24.902
38.237 -8.889 22.913
37.974 -10.959 19.73
34.941 -12.807 21.022
33.247 -9.598 21.934
34.046 -8.096 18.568
32.736 -11.038 16.593
29.608 -10.998 18.595
29.163 -7.341 18.138
29.623 -7.668 14.337
26.968 -10.308 14.05
24.54 -8.343 16.218
25.205 -5.142 14.158
24.347 -7.001 10.971
21.138 -8.371 12.587
19.941 -4.956 13.593

20.904 -3.253 10.373
17.863 -2.913 8.137

20.031 -3.043 5.066
22.302 -5.933 6.146
19.913 -8.263 7.777
17.992 -9.238 4.724
21.206 -9.961 2.84
22.573 -11.97 5.681
19.396 -13.879 5.977
19.468 -14.869 2.328

22.957 -16.251 2.308
24.359 -19.746 2.983
26.643 -20.354 5.948

29.9 -19.735 4.193
28.932 -16.526 2.621
27.438 -15.203 5.84
30.92 -15.593 7.261
32.302 -13.355 4.404
29.736 -10.679 5.255
30.692 -10.908 8.928
34.387 -10.416 7.955
33.675 -7.169 6.042
31.575 -5.876 8.881
34.286 -6.68 11.321
36.742 -4.808 9.26
34.839 -1.778 8.214

33.8367 -1.57586 11.87
33.2723 -1.00523 15.5876

29.8121 -1.1549 17.1521
30.7022 1.59615 19.6183
31.9959 3.81904 16.8205
28.8097 3.31092 14.8124
26.6593 4.20854 17.8146
28.6561 7.38545 18.4171

25.1241 7.74345 17.1501

25.5961 6.22245 13.7631
27.6861 3.28445 14.8841
25.1771 2.46545 17.6731
22.3871 2.29445 15.1751
24.3691 -0.00155429 12.9071
25.1901 -2.24555 15.8041
21.5871 -2.32055 16.7861
20.8031 -3.21855 13.2981

23.4281 -5.95855 13.2731
25.3591 -4.39155 10.3871
28.6711 -5.60855 11.6821

30.9341 -4.63555 8.80008
29.4571 -1.26055 8.39508
29.6351 -0.368554 12.0511
33.2791 -1.53555 12.1421
34.0781 0.880446 9.35608
32.0971 3.67245 11.0221
33.7531 3.14945 14.3681
37.2241 3.52045 12.7281
36.4021 7.06745 11.7291
37.0241 8.50445 15.1541

39.6001 10.2244 17.2271

39.3481 7.16145 19.3581
40.6501 4.97245 16.7001
43.3471 7.41845 15.5771
44.6891 7.90545 19.0971
44.6821 4.29445 20.3061

44.5901 2.20545 17.1651

45.6701 -1.14155 18.4761
43.2291 -1.12055 21.2701
40.4141 0.317446 19.0821
41.1441 -2.43655 16.5571
40.7391 -5.19755 19.1201
37.3881 -3.80455 20.1711
36.2081 -3.21755 16.6131
37.1211 -6.79755 15.6201
35.1631 -8.04355 18.5481
32.1321 -6.22655 17.3501
32.7001 -7.32755 13.8411
33.1731 -11.0016 14.5291

31.4391 -11.5286 17.7291
34.3011 -13.8016 18.9111
37.3121 -13.1616 21.2001
39.8111 -13.8656 18.4241

41.4641 -10.4146 18.8221
42.4191 -11.2806 22.3711
43.4291 -14.9696 22.2001

47.2151 -14.8426 22.1531
47.4941 -11.6336 24.3171

End chain 1
