36.887 -23.463 8.956
34.76 -20.902 10.706
34.477 -17.198 11.189

36.964 -17.128 14.061
39.617 -19.041 12.22
38.916 -16.953 9.158
39.302 -13.605 10.789
42.19 -14.84 12.785
44.013 -15.477 9.498
43.018 -12.034 8.052
43.819 -9.866 11.138

46.8528 -11.7048 12.6133
49.4708 -9.41553 11.1596
52.2677 -7.72156 9.10615
48.9031 -6.69591 7.89391
45.2285 -7.52376 8.61806
41.4399 -7.19838 8.98154
40.4516 -10.2457 7.10035
42.6444 -12.3558 9.49382
40.3283 -11.1332 12.3459
37.7309 -8.35778 11.6279
34.4309 -10.3115 11.6633
30.7385 -9.64058 12.3617
30.7594 -9.616 16.2541
29.4813 -6.05117 16.4615
32.1389 -4.37919 14.2346
32.052 -4.12067 10.3603

29.1169 -2.45161 12.1046
31.4467 -0.626624 14.4888
33.5749 0.629337 11.6015

32.1799 2.48434 14.6295
32.1369 6.12134 13.7235
32.9989 8.29134 16.6555
32.7419 11.8473 15.3825
32.8969 13.8293 12.1775
34.7159 16.4953 14.1465
38.4009 17.1073 13.5195
39.1549 16.9943 17.2425
40.8549 14.0393 18.7945

39.5819 15.2303 22.0395
36.1189 15.2553 20.7345
36.6179 11.6453 19.5555
38.1349 10.5023 22.8255
35.1889 12.0573 24.7075
32.7509 10.3453 22.4315
34.6329 7.15534 22.8705
34.4919 7.21334 26.6985
30.8019 8.11634 26.6115
30.1069 5.18234 24.2985
32.1529 2.68834 26.4065

31.3629 3.92734 29.8135
34.9139 4.44634 30.9535
38.1399 6.38334 30.6745
39.6059 4.67034 27.5975
42.4529 6.79834 26.5165
41.4829 6.06434 22.9195
41.9859 2.31934 23.3085
39.4239 -0.444663 23.6845
39.3409 -4.11566 24.0225
38.1299 -6.67166 21.5375

35.0899 -7.41066 23.6385
34.2499 -3.70466 23.7665
34.6889 -3.47666 19.9265
32.1819 -6.23366 19.4715
29.6669 -4.88466 21.8405
29.6509 -1.64966 19.8515
29.3879 -3.71966 16.6685
26.3549 -5.56766 17.9605
24.6609 -2.35866 18.8725
25.4599 -0.856663 15.5065
24.1499 -3.79866 13.5315
21.0219 -3.75866 15.5335
20.5769 -0.101663 15.0765
21.0369 -0.428663 11.2755
18.3819 -3.06866 10.9885
15.9539 -1.10366 13.1565
16.6189 2.09734 11.0965
15.7609 0.238337 7.90952
12.5519 -1.13166 9.52552
11.3549 2.28334 10.5315

12.3179 3.98634 7.31152
9.27692 4.32634 5.07552

11.4449 4.19634 2.00452
13.7159 1.30634 3.08452
11.3269 -1.02366 4.71552
9.40592 -1.99866 1.66252
12.6199 -2.72166 -0.221483
13.9869 -4.73066 2.61952
10.8099 -6.63966 2.91552
10.8819 -7.62966 -0.733483

14.3709 -9.01166 -0.753483
15.7729 -12.5067 -0.0784826
18.0569 -13.1147 2.88652

21.3139 -12.4957 1.13152
20.3459 -9.28666 -0.440483
18.8519 -7.96366 2.77852
22.3339 -8.35366 4.19952
23.7159 -6.11566 1.34252
21.1499 -3.43966 2.19352
22.1059 -3.66866 5.86652
25.8009 -3.17666 4.89352
25.0889 0.0703365 2.98052
22.9889 1.36334 5.81952
25.6999 0.559337 8.25952
28.1559 2.43134 6.19852
26.2529 5.46134 5.15252

23.2949 5.71834 7.31852
19.5939 5.41334 6.63252

19.4059 8.83434 5.14352
22.2049 8.26834 2.64652
20.7499 5.01334 1.42652
17.1809 6.20234 1.21552
18.4599 8.74634 -1.25848
19.3859 6.03134 -3.82448

15.8539 6.38934 -5.09148

16.3259 4.86834 -8.47848
18.4159 1.93034 -7.35748
15.9069 1.11134 -4.56848
13.1169 0.940337 -7.06648
15.0989 -1.35566 -9.33448
15.9199 -3.59966 -6.43748
12.3169 -3.67466 -5.45548
11.5329 -4.57266 -8.94348

14.1579 -7.31266 -8.96848
16.0889 -5.74566 -11.8545
19.4009 -6.96266 -10.5595

21.6639 -5.98966 -13.4415
20.1869 -2.61466 -13.8465
20.3649 -1.72266 -10.1905
24.0089 -2.88966 -10.0995
24.8079 -0.473663 -12.8855
22.8269 2.31834 -11.2195
24.4829 1.79534 -7.87348
27.9539 2.16634 -9.51348
27.1319 5.71334 -10.5125
27.7539 7.15034 -7.08748

30.3299 8.87034 -5.01448

30.0779 5.80734 -2.88348
31.3799 3.61834 -5.54148
34.0769 6.06434 -6.66448
35.4189 6.55134 -3.14448
35.4119 2.94034 -1.93548

35.3199 0.851337 -5.07648

36.3999 -2.49566 -3.76548
33.9589 -2.47466 -0.971483
31.1439 -1.03666 -3.15948
31.8739 -3.79066 -5.68448
31.4689 -6.55166 -3.12148
28.1179 -5.15866 -2.07048
26.9379 -4.57166 -5.62848
27.8509 -8.15166 -6.62148
25.8929 -9.39766 -3.69348
22.8619 -7.58066 -4.89148
23.4299 -8.68166 -8.40048
23.9029 -12.3557 -7.71248

22.1689 -12.8827 -4.51248
25.0309 -15.1557 -3.33048
28.0419 -14.5157 -1.04148
30.5409 -15.2197 -3.81748

32.1939 -11.7687 -3.41948
33.1489 -12.6347 0.129517
34.1589 -16.3237 -0.0414826

37.9449 -16.1967 -0.0884826
38.2239 -12.9877 2.07552

End chain 1
