0 0 0
0 0 3.77003
0.353966 0.0476506 7.61482

-0.832527 -3.30144 8.96342
-3.06808 -1.59081 11.5166
-4.60724 0.616947 8.8334
-5.32111 -2.39477 6.62821
-6.99657 -4.2264 9.50586
-9.18833 -1.21776 10.2722
-10.2526 -0.944563 6.63409
-11.1629 -4.63263 6.52263

-8.31486 -6.53963 8.10663
-7.46786 -6.43063 11.7976
-5.41186 -3.57263 13.4866
-4.91586 -3.24663 17.2206
-3.62986 0.323366 17.0746
-5.31886 3.43537 15.8276
-4.53186 3.86637 12.1696
-5.53386 5.98837 9.20763
-7.81986 4.14937 6.88863
-7.64986 4.77937 3.23163
-9.66786 8.16937 3.37263
-7.25886 9.40037 6.09263
-9.73286 8.83737 8.94863
-8.91986 7.33137 12.2506
-9.89786 3.75237 12.5896
-9.07186 0.699366 14.6126

-9.89786 -3.00363 14.9476
-11.8839 -4.44263 12.0266
-12.8209 -1.37663 10.0476

-14.2159 0.478366 13.0756
-14.2589 4.11537 12.1696
-13.3969 6.28537 15.1016
-13.6539 9.84137 13.8286
-13.4989 11.8234 10.6236
-11.6799 14.4894 12.5926
-7.99486 15.1014 11.9656
-7.24086 14.9884 15.6886
-5.54086 12.0334 17.2406

-6.81386 13.2244 20.4856
-10.2769 13.2494 19.1806
-9.77786 9.63937 18.0016
-8.26086 8.49637 21.2716
-11.2069 10.0514 23.1536
-13.6449 8.33937 20.8776
-11.7629 5.14937 21.3166
-11.9039 5.20737 25.1446
-15.5939 6.11037 25.0576
-16.2889 3.17637 22.7446
-14.2429 0.682366 24.8526

-15.0329 1.92137 28.2596
-11.4819 2.44037 29.3996
-8.25586 4.37737 29.1206
-6.78986 2.66437 26.0436
-3.94286 4.79237 24.9626
-4.91286 4.05837 21.3656
-4.40986 0.313366 21.7546
-6.97186 -2.45063 22.1306
-7.05486 -6.12163 22.4686
-8.26586 -8.67763 19.9836

-11.3059 -9.41663 22.0846
-12.1459 -5.71063 22.2126
-11.7069 -5.48263 18.3726
-14.2139 -8.23963 17.9176
-16.7289 -6.89063 20.2866
-16.7449 -3.65563 18.2976
-17.0079 -5.72563 15.1146
-20.0409 -7.57363 16.4066
-21.7349 -4.36463 17.3186
-20.9359 -2.86263 13.9526
-22.2459 -5.80463 11.9776
-25.3739 -5.76463 13.9796
-25.8189 -2.10763 13.5226
-25.3589 -2.43463 9.72163
-28.0139 -5.07463 9.43463
-30.4419 -3.10963 11.6026
-29.7769 0.0913657 9.54263
-30.6349 -1.76763 6.35563
-33.8439 -3.13763 7.97163
-35.0409 0.277366 8.97763

-34.0779 1.98037 5.75763
-37.1189 2.32037 3.52163

-34.9509 2.19037 0.450631
-32.6799 -0.699634 1.53063
-35.0689 -3.02963 3.16163
-36.9899 -4.00463 0.108631
-33.7759 -4.72763 -1.77537
-32.4089 -6.73663 1.06563
-35.5859 -8.64563 1.36163
-35.5139 -9.63563 -2.28737

-32.0249 -11.0176 -2.30737
-30.6229 -14.5126 -1.63237
-28.3389 -15.1206 1.33263

-25.0819 -14.5016 -0.422369
-26.0499 -11.2926 -1.99437
-27.5439 -9.96963 1.22463
-24.0619 -10.3596 2.64563
-22.6799 -8.12163 -0.211369
-25.2459 -5.44563 0.639631
-24.2899 -5.67463 4.31263
-20.5949 -5.18263 3.33963
-21.3069 -1.93563 1.42663
-23.4069 -0.642634 4.26563
-20.6959 -1.44663 6.70563
-18.2399 0.425366 4.64463
-20.1429 3.45537 3.59863

-23.1009 3.71237 5.76463
-26.8019 3.40737 5.07863

-26.9899 6.82837 3.58963
-24.1909 6.26237 1.09263
-25.6459 3.00737 -0.127369
-29.2149 4.19637 -0.338369
-27.9359 6.74037 -2.81237
-27.0099 4.02537 -5.37837

-30.5419 4.38337 -6.64537

-30.0699 2.86237 -10.0324
-27.9799 -0.0756343 -8.91137
-30.4889 -0.894634 -6.12237
-33.2789 -1.06563 -8.62037
-31.2969 -3.36163 -10.8884
-30.4759 -5.60563 -7.99137
-34.0789 -5.68063 -7.00937
-34.8629 -6.57863 -10.4974

-32.2379 -9.31863 -10.5224
-30.3069 -7.75163 -13.4084
-26.9949 -8.96863 -12.1134

-24.7319 -7.99563 -14.9954
-26.2089 -4.62063 -15.4004
-26.0309 -3.72863 -11.7444
-22.3869 -4.89563 -11.6534
-21.5879 -2.47963 -14.4394
-23.5689 0.312366 -12.7734
-21.9129 -0.210634 -9.42737
-18.4419 0.160366 -11.0674
-19.2639 3.70737 -12.0664
-18.6419 5.14437 -8.64137

-16.0659 6.86437 -6.56837

-16.3179 3.80137 -4.43737
-15.0159 1.61237 -7.09537
-12.3189 4.05837 -8.21837
-10.9769 4.54537 -4.69837
-10.9839 0.934366 -3.48937

-11.0759 -1.15463 -6.63037

-9.99586 -4.50163 -5.31937
-12.4369 -4.48063 -2.52537
-15.2519 -3.04263 -4.71337
-14.5219 -5.79663 -7.23837
-14.9269 -8.55763 -4.67537
-18.2779 -7.16463 -3.62437
-19.4579 -6.57763 -7.18237
-18.5449 -10.1576 -8.17537
-20.5029 -11.4036 -5.24737
-23.5339 -9.58663 -6.44537
-22.9659 -10.6876 -9.95437
-22.4929 -14.3616 -9.26637

-24.2269 -14.8886 -6.06637
-21.3649 -17.1616 -4.88437
-18.3539 -16.5216 -2.59537
-15.8549 -17.2256 -5.37137

-14.2019 -13.7746 -4.97337
-13.2469 -14.6406 -1.42437
-12.2369 -18.3296 -1.59537

-8.45086 -18.2026 -1.64237
-8.17186 -14.9936 0.521631

End chain 1
