36.887 -23.463 8.956
34.76 -20.902 10.706
34.477 -17.198 11.189

36.964 -17.128 14.061
39.617 -19.041 12.22
38.916 -16.953 9.158
39.302 -13.605 10.789
42.19 -14.84 12.785
44.013 -15.477 9.498
43.018 -12.034 8.052
43.819 -9.866 11.138

46.667 -11.773 12.722
47.514 -11.664 16.413
49.57 -8.806 18.102
50.066 -8.48 21.836
51.352 -4.91 21.69
49.663 -1.798 20.443
50.45 -1.367 16.785
49.448 0.755 13.823
47.162 -1.084 11.504
47.332 -0.454 7.847
45.314 2.936 7.988
47.723 4.167 10.708
45.249 3.604 13.564
46.062 2.098 16.866
45.084 -1.481 17.205
45.91 -4.534 19.228

45.084 -8.237 19.563
43.098 -9.676 16.642
42.161 -6.61 14.663

40.766 -4.755 17.691
40.723 -1.118 16.785
41.585 1.052 19.717
41.328 4.608 18.444
41.483 6.59 15.239
43.302 9.256 17.208
46.987 9.868 16.581
47.741 9.755 20.304
49.441 6.8 21.856

48.168 7.991 25.101
44.705 8.016 23.796
45.204 4.406 22.617
46.721 3.263 25.887
43.775 4.818 27.769
41.337 3.106 25.493
43.219 -0.084 25.932
43.078 -0.026 29.76
39.388 0.877 29.673
38.693 -2.057 27.36
40.739 -4.551 29.468

39.949 -3.312 32.875
43.5 -2.793 34.015
46.726 -0.856 33.736
48.192 -2.569 30.659
51.039 -0.441 29.578
50.069 -1.175 25.981
50.572 -4.92 26.37
48.01 -7.684 26.746
47.927 -11.355 27.084
46.716 -13.911 24.599

43.676 -14.65 26.7
42.836 -10.944 26.828
43.275 -10.716 22.988
40.768 -13.473 22.533
38.253 -12.124 24.902
38.237 -8.889 22.913
37.974 -10.959 19.73
34.941 -12.807 21.022
33.247 -9.598 21.934
34.046 -8.096 18.568
32.736 -11.038 16.593
29.608 -10.998 18.595
29.163 -7.341 18.138
29.623 -7.668 14.337
26.968 -10.308 14.05
24.54 -8.343 16.218
25.205 -5.142 14.158
24.347 -7.001 10.971
21.138 -8.371 12.587
19.941 -4.956 13.593

20.0909 -4.03349 9.98886
18.9221 -7.36417 8.78929

15.2788 -7.42729 7.70993
14.3012 -5.07777 10.5325
17.06 -2.64022 9.58886
15.9524 -2.64359 5.95348
12.3508 -1.95063 6.94929
13.4171 0.959487 9.14866
15.4773 2.46083 6.33009
12.5503 2.19769 3.9204

16.0393 0.815694 3.9004
17.4413 -2.67931 4.5754
19.7253 -3.28731 7.5404

22.9823 -2.66831 5.7854
22.0143 0.540694 4.2134
20.5203 1.86369 7.4324
24.0023 1.47369 8.8534
25.3843 3.71169 5.9964
22.8183 6.38769 6.8474
23.7743 6.15869 10.5204
27.4693 6.65069 9.5474
26.7573 9.89769 7.6344
24.6573 11.1907 10.4734
27.3683 10.3867 12.9134
29.8243 12.2587 10.8524
27.9213 15.2887 9.8064

24.9633 15.5457 11.9724
21.2623 15.2407 11.2864

21.0743 18.6617 9.7974
23.8733 18.0957 7.3004
22.4183 14.8407 6.0804
18.8493 16.0297 5.8694
20.1283 18.5737 3.3954
21.0543 15.8587 0.829401

17.5223 16.2167 -0.437599

17.9943 14.6957 -3.8246
20.0843 11.7577 -2.7036
17.5753 10.9387 0.085401
14.7853 10.7677 -2.4126
16.7673 8.47169 -4.6806
17.5883 6.22769 -1.7836
13.9853 6.15269 -0.801599
13.2013 5.25469 -4.2896

15.8263 2.51469 -4.3146
17.7573 4.08169 -7.2006
21.0693 2.86469 -5.9056

23.3323 3.83769 -8.7876
21.8553 7.21269 -9.1926
22.0333 8.10469 -5.5366
25.6773 6.93769 -5.4456
26.4763 9.35369 -8.2316
24.4953 12.1457 -6.5656
26.1513 11.6227 -3.2196
29.6223 11.9937 -4.8596
28.8003 15.5407 -5.8586
29.4223 16.9777 -2.4336

31.9983 18.6977 -0.360599

31.7463 15.6347 1.7704
33.0483 13.4457 -0.887599
35.7453 15.8917 -2.0106
37.0873 16.3787 1.5094
37.0803 12.7677 2.7184

36.9883 10.6787 -0.422599

38.0683 7.33169 0.888401
35.6273 7.35269 3.6824
32.8123 8.79069 1.4944
33.5423 6.03669 -1.0306
33.1373 3.27569 1.5324
29.7863 4.66869 2.5834
28.6063 5.25569 -0.974599
29.5193 1.67569 -1.9676
27.5613 0.429694 0.960401
24.5303 2.24669 -0.237599
25.0983 1.14569 -3.7466
25.5713 -2.52831 -3.0586

23.8373 -3.05531 0.141401
26.6993 -5.32831 1.3234
29.7103 -4.68831 3.6124
32.2093 -5.39231 0.836401

33.8623 -1.94131 1.2344
34.8173 -2.80731 4.7834
35.8273 -6.49631 4.6124

39.6133 -6.36931 4.5654
39.8923 -3.16031 6.7294

End chain 1
