36.887 -23.463 8.956
34.76 -20.902 10.706
34.477 -17.198 11.189

36.964 -17.128 14.061
39.617 -19.041 12.22
38.916 -16.953 9.158
39.302 -13.605 10.789
42.19 -14.84 12.785
44.013 -15.477 9.498
43.018 -12.034 8.052
43.819 -9.866 11.138

46.667 -11.773 12.722
47.514 -11.664 16.413
49.57 -8.806 18.102
50.066 -8.48 21.836
51.352 -4.91 21.69
49.663 -1.798 20.443
50.45 -1.367 16.785
49.448 0.755 13.823
47.162 -1.084 11.504
47.332 -0.454 7.847
45.314 2.936 7.988
47.723 4.167 10.708
45.249 3.604 13.564
46.062 2.098 16.866
45.084 -1.481 17.205
45.91 -4.534 19.228

45.084 -8.237 19.563
43.098 -9.676 16.642
42.161 -6.61 14.663

40.766 -4.755 17.691
40.723 -1.118 16.785
41.585 1.052 19.717
41.328 4.608 18.444
41.483 6.59 15.239
43.302 9.256 17.208
46.987 9.868 16.581
47.741 9.755 20.304
49.441 6.8 21.856

48.168 7.991 25.101
44.705 8.016 23.796
45.204 4.406 22.617
46.721 3.263 25.887
43.775 4.818 27.769
41.337 3.106 25.493
43.219 -0.084 25.932
43.078 -0.026 29.76
39.388 0.877 29.673
38.693 -2.057 27.36
40.739 -4.551 29.468

39.949 -3.312 32.875
43.5 -2.793 34.015
46.726 -0.856 33.736
48.192 -2.569 30.659
51.039 -0.441 29.578
50.069 -1.175 25.981
50.572 -4.92 26.37
48.01 -7.684 26.746
47.927 -11.355 27.084
46.716 -13.911 24.599

43.676 -14.65 26.7
42.836 -10.944 26.828
43.275 -10.716 22.988
40.768 -13.473 22.533
38.253 -12.124 24.902
38.237 -8.889 22.913
37.974 -10.959 19.73
34.941 -12.807 21.022
33.247 -9.598 21.934
34.046 -8.096 18.568
32.736 -11.038 16.593
29.608 -10.998 18.595
29.163 -7.341 18.138
29.623 -7.668 14.337
26.968 -10.308 14.05
24.54 -8.343 16.218
25.205 -5.142 14.158
24.347 -7.001 10.971
21.138 -8.371 12.587
19.941 -4.956 13.593

19.7864 -4.48548 9.843
21.1597 -7.02898 7.39578

18.0041 -8.32851 5.72352
15.82 -6.77203 8.4161
17.5579 -3.41539 8.02162
17.064 -3.49321 4.25427
13.3653 -4.26758 4.65781
12.9282 -1.38366 7.09396
14.6478 1.02127 4.70607
12.4129 -0.0781736 1.83571

15.9019 -1.46017 1.81571
17.3039 -4.95517 2.49071
19.5879 -5.56317 5.45571

22.8449 -4.94417 3.70071
21.8769 -1.73517 2.12871
20.3829 -0.412174 5.34771
23.8649 -0.802174 6.76871
25.2469 1.43583 3.91171
22.6809 4.11183 4.76271
23.6369 3.88283 8.43571
27.3319 4.37483 7.46271
26.6199 7.62183 5.54971
24.5199 8.91483 8.38871
27.2309 8.11083 10.8287
29.6869 9.98283 8.76771
27.7839 13.0128 7.72171

24.8259 13.2698 9.88771
21.1249 12.9648 9.20171

20.9369 16.3858 7.71271
23.7359 15.8198 5.21571
22.2809 12.5648 3.99571
18.7119 13.7538 3.78471
19.9909 16.2978 1.31071
20.9169 13.5828 -1.25529

17.3849 13.9408 -2.52229

17.8569 12.4198 -5.90929
19.9469 9.48183 -4.78829
17.4379 8.66283 -1.99929
14.6479 8.49183 -4.49729
16.6299 6.19583 -6.76529
17.4509 3.95183 -3.86829
13.8479 3.87683 -2.88629
13.0639 2.97883 -6.37429

15.6889 0.238826 -6.39929
17.6199 1.80583 -9.28529
20.9319 0.588826 -7.99029

23.1949 1.56183 -10.8723
21.7179 4.93683 -11.2773
21.8959 5.82883 -7.62129
25.5399 4.66183 -7.53029
26.3389 7.07783 -10.3163
24.3579 9.86983 -8.65029
26.0139 9.34683 -5.30429
29.4849 9.71783 -6.94429
28.6629 13.2648 -7.94329
29.2849 14.7018 -4.51829

31.8609 16.4218 -2.44529

31.6089 13.3588 -0.314294
32.9109 11.1698 -2.97229
35.6079 13.6158 -4.09529
36.9499 14.1028 -0.575294
36.9429 10.4918 0.633706

36.8509 8.40283 -2.50729

37.9309 5.05583 -1.19629
35.4899 5.07683 1.59771
32.6749 6.51483 -0.590294
33.4049 3.76083 -3.11529
32.9999 0.999826 -0.552294
29.6489 2.39283 0.498706
28.4689 2.97983 -3.05929
29.3819 -0.600174 -4.05229
27.4239 -1.84617 -1.12429
24.3929 -0.0291736 -2.32229
24.9609 -1.13017 -5.83129
25.4339 -4.80417 -5.14329

23.6999 -5.33117 -1.94329
26.5619 -7.60417 -0.761294
29.5729 -6.96417 1.52771
32.0719 -7.66817 -1.24829

33.7249 -4.21717 -0.850294
34.6799 -5.08317 2.69871
35.6899 -8.77217 2.52771

39.4759 -8.64517 2.48071
39.7549 -5.43617 4.64471

End chain 1
