36.887 -23.463 8.956
34.76 -20.902 10.706
34.477 -17.198 11.189

36.964 -17.128 14.061
39.617 -19.041 12.22
38.916 -16.953 9.158
39.302 -13.605 10.789
42.19 -14.84 12.785
44.013 -15.477 9.498
43.018 -12.034 8.052
43.819 -9.866 11.138

46.667 -11.773 12.722
47.514 -11.664 16.413
49.57 -8.806 18.102
50.066 -8.48 21.836
51.352 -4.91 21.69
49.663 -1.798 20.443
50.45 -1.367 16.785
49.448 0.755 13.823
47.162 -1.084 11.504
47.332 -0.454 7.847
45.314 2.936 7.988
47.723 4.167 10.708
45.249 3.604 13.564
46.062 2.098 16.866
45.084 -1.481 17.205
45.91 -4.534 19.228

45.084 -8.237 19.563
43.098 -9.676 16.642
42.161 -6.61 14.663

40.766 -4.755 17.691
40.723 -1.118 16.785
41.585 1.052 19.717
41.328 4.608 18.444
41.483 6.59 15.239
43.302 9.256 17.208
46.987 9.868 16.581
47.741 9.755 20.304
49.441 6.8 21.856

48.168 7.991 25.101
44.705 8.016 23.796
45.204 4.406 22.617
46.721 3.263 25.887
43.775 4.818 27.769
41.337 3.106 25.493
43.219 -0.084 25.932
43.078 -0.026 29.76
39.388 0.877 29.673
38.693 -2.057 27.36
40.739 -4.551 29.468

38.7699 -3.63336 32.6867
39.3796 -4.48624 36.2399
40.025 -5.45961 39.9479
38.054 -3.83341 42.8478
41.1851 -3.91965 45.0843
44.2598 -5.49702 43.3203
47.8761 -4.93064 43.8674
50.0942 -3.77878 40.931
52.2469 -6.48691 39.3594
48.7125 -7.84652 38.7017

46.911 -5.71906 36.1189
47.0219 -2.68217 38.4009
50.7499 -3.13565 38.9838
51.403 -3.37698 35.2478
49.4272 -0.196112 34.5988
51.371 1.67293 37.2767
54.6842 0.541316 35.7986
53.6378 1.68574 32.3289
52.6229 5.09945 33.6553
55.9574 5.50792 35.4321
57.8629 4.61279 32.2681
55.8781 7.1418 30.2414
56.5725 9.87411 32.79
60.2962 9.11695 32.7311
60.3673 9.27779 28.9347
58.5827 12.6331 28.9469
61.0471 14.0439 31.4726
64.0018 12.8851 29.3822
62.55 14.4965 26.2615
62.0239 17.7874 28.0881

62.9869 19.4904 24.8681
59.9459 19.8304 22.6321

62.1139 19.7004 19.5611
64.3849 16.8104 20.6411
61.9959 14.4804 22.2721
60.0749 13.5054 19.2191
63.2889 12.7824 17.3351
64.6559 10.7734 20.1761
61.4789 8.86436 20.4721
61.5509 7.87436 16.8231

65.0399 6.49236 16.8031
66.4419 2.99736 17.4781
68.7259 2.38936 20.4431

71.9829 3.00836 18.6881
71.0149 6.21736 17.1161
69.5209 7.54036 20.3351
73.0029 7.15036 21.7561
74.3849 9.38836 18.8991
71.8189 12.0644 19.7501
72.7749 11.8354 23.4231
76.4699 12.3274 22.4501
75.7579 15.5744 20.5371
73.6579 16.8674 23.3761
76.3689 16.0634 25.8161
78.8249 17.9354 23.7551
76.9219 20.9654 22.7091

73.9639 21.2224 24.8751
70.2629 20.9174 24.1891

70.0749 24.3384 22.7001
72.8739 23.7724 20.2031
71.4189 20.5174 18.9831
67.8499 21.7064 18.7721
69.1289 24.2504 16.2981
70.0549 21.5354 13.7321

66.5229 21.8934 12.4651

66.9949 20.3724 9.07807
69.0849 17.4344 10.1991
66.5759 16.6154 12.9881
63.7859 16.4444 10.4901
65.7679 14.1484 8.22207
66.5889 11.9044 11.1191
62.9859 11.8294 12.1011
62.2019 10.9314 8.61307

64.8269 8.19136 8.58807
66.7579 9.75836 5.70207
70.0699 8.54136 6.99707

72.3329 9.51436 4.11507
70.8559 12.8894 3.71007
71.0339 13.7814 7.36607
74.6779 12.6144 7.45707
75.4769 15.0304 4.67107
73.4959 17.8224 6.33707
75.1519 17.2994 9.68307
78.6229 17.6704 8.04307
77.8009 21.2174 7.04407
78.4229 22.6544 10.4691

80.9989 24.3744 12.5421

80.7469 21.3114 14.6731
82.0489 19.1224 12.0151
84.7459 21.5684 10.8921
86.0879 22.0554 14.4121
86.0809 18.4444 15.6211

85.9889 16.3554 12.4801

87.0689 13.0084 13.7911
84.6279 13.0294 16.5851
81.8129 14.4674 14.3971
82.5429 11.7134 11.8721
82.1379 8.95236 14.4351
78.7869 10.3454 15.4861
77.6069 10.9324 11.9281
78.5199 7.35236 10.9351
76.5619 6.10636 13.8631
73.5309 7.92336 12.6651
74.0989 6.82236 9.15607
74.5719 3.14836 9.84407

72.8379 2.62136 13.0441
75.6999 0.34836 14.2261
78.7109 0.98836 16.5151
81.2099 0.28436 13.7391

82.8629 3.73536 14.1371
83.8179 2.86936 17.6861
84.8279 -0.81964 17.5151

88.6139 -0.69264 17.4681
88.8929 2.51636 19.6321

End chain 1
