36.887 -23.463 8.956
34.76 -20.902 10.706
34.477 -17.198 11.189

36.964 -17.128 14.061
39.617 -19.041 12.22
38.916 -16.953 9.158
39.302 -13.605 10.789
42.19 -14.84 12.785
44.013 -15.477 9.498
43.018 -12.034 8.052
43.819 -9.866 11.138

46.667 -11.773 12.722
47.514 -11.664 16.413
49.57 -8.806 18.102
50.066 -8.48 21.836
51.352 -4.91 21.69
49.663 -1.798 20.443
50.45 -1.367 16.785
49.448 0.755 13.823
47.162 -1.084 11.504
47.332 -0.454 7.847
45.314 2.936 7.988
47.723 4.167 10.708
45.249 3.604 13.564
46.062 2.098 16.866
45.084 -1.481 17.205
45.91 -4.534 19.228

45.084 -8.237 19.563
43.098 -9.676 16.642
42.161 -6.61 14.663

40.766 -4.755 17.691
40.723 -1.118 16.785
41.585 1.052 19.717
41.328 4.608 18.444
41.483 6.59 15.239
43.302 9.256 17.208
46.987 9.868 16.581
47.741 9.755 20.304
49.441 6.8 21.856

48.168 7.991 25.101
44.705 8.016 23.796
45.204 4.406 22.617
46.721 3.263 25.887
43.775 4.818 27.769
41.337 3.106 25.493
43.219 -0.084 25.932
43.078 -0.026 29.76
39.388 0.877 29.673
38.693 -2.057 27.36
40.739 -4.551 29.468

39.949 -3.312 32.875
43.5 -2.793 34.015
46.726 -0.856 33.736
48.192 -2.569 30.659
51.039 -0.441 29.578
50.069 -1.175 25.981
50.572 -4.92 26.37
48.01 -7.684 26.746
47.927 -11.355 27.084
46.716 -13.911 24.599

43.676 -14.65 26.7
42.836 -10.944 26.828
43.275 -10.716 22.988
40.768 -13.473 22.533
38.253 -12.124 24.902
38.237 -8.889 22.913
37.974 -10.959 19.73
34.941 -12.807 21.022
33.247 -9.598 21.934
34.046 -8.096 18.568
32.736 -11.038 16.593
29.608 -10.998 18.595
29.163 -7.341 18.138
29.623 -7.668 14.337
26.968 -10.308 14.05
24.54 -8.343 16.218
25.205 -5.142 14.158
24.347 -7.001 10.971
21.138 -8.371 12.587
19.941 -4.956 13.593

20.904 -3.253 10.373
17.863 -2.913 8.137

20.031 -3.043 5.066
22.302 -5.933 6.146
19.913 -8.263 7.777
17.992 -9.238 4.724
21.206 -9.961 2.84
22.573 -11.97 5.681
19.396 -13.879 5.977
19.468 -14.869 2.328

22.957 -16.251 2.308
24.359 -19.746 2.983
26.643 -20.354 5.948

29.9 -19.735 4.193
28.932 -16.526 2.621
27.438 -15.203 5.84
30.92 -15.593 7.261
32.302 -13.355 4.404
29.736 -10.679 5.255
30.692 -10.908 8.928
34.387 -10.416 7.955
33.675 -7.169 6.042
31.575 -5.876 8.881
34.286 -6.68 11.321
36.742 -4.808 9.26
34.839 -1.778 8.214

34.1169 -1.32769 11.9285
31.365 0.698842 13.7961

29.2453 -2.33195 14.6702
27.4121 -0.390771 17.3747
26.6798 2.45845 14.9687
25.3073 0.0439168 12.3747
23.0395 -1.58723 14.9514
21.6997 1.79366 16.0547

18.1677 2.15166 14.7877

18.6397 0.630656 11.4007
20.7297 -2.30734 12.5217
18.2207 -3.12634 15.3107
15.4307 -3.29734 12.8127
17.4127 -5.59334 10.5447
18.2337 -7.83734 13.4417
14.6307 -7.91234 14.4237
13.8467 -8.81034 10.9357

16.4717 -11.5503 10.9107
18.4027 -9.98334 8.02475
21.7147 -11.2003 9.31975

23.9777 -10.2273 6.43775
22.5007 -6.85234 6.03275
22.6787 -5.96034 9.68875
26.3227 -7.12734 9.77975
27.1217 -4.71134 6.99375
25.1407 -1.91934 8.65975
26.7967 -2.44234 12.0057
30.2677 -2.07134 10.3657
29.4457 1.47566 9.36675
30.0677 2.91266 12.7917

32.6437 4.63266 14.8647

32.3917 1.56966 16.9957
33.6937 -0.619344 14.3377
36.3907 1.82666 13.2147
37.7327 2.31366 16.7347
37.7257 -1.29734 17.9437

37.6337 -3.38634 14.8027

38.7137 -6.73334 16.1137
36.2727 -6.71234 18.9077
33.4577 -5.27434 16.7197
34.1877 -8.02834 14.1947
33.7827 -10.7893 16.7577
30.4317 -9.39634 17.8087
29.2517 -8.80934 14.2507
30.1647 -12.3893 13.2577
28.2067 -13.6353 16.1857
25.1757 -11.8183 14.9877
25.7437 -12.9193 11.4787
26.2167 -16.5933 12.1667

24.4827 -17.1203 15.3667
27.3447 -19.3933 16.5487
30.3557 -18.7533 18.8377
32.8547 -19.4573 16.0617

34.5077 -16.0063 16.4597
35.4627 -16.8723 20.0087
36.4727 -20.5613 19.8377

40.2587 -20.4343 19.7907
40.5377 -17.2253 21.9547

End chain 1
