36.887 -23.463 8.956
34.76 -20.902 10.706
34.477 -17.198 11.189

36.964 -17.128 14.061
39.617 -19.041 12.22
38.916 -16.953 9.158
39.302 -13.605 10.789
42.19 -14.84 12.785
44.013 -15.477 9.498
43.018 -12.034 8.052
43.819 -9.866 11.138

46.667 -11.773 12.722
47.514 -11.664 16.413
49.57 -8.806 18.102
50.066 -8.48 21.836
51.352 -4.91 21.69
49.663 -1.798 20.443
50.45 -1.367 16.785
49.448 0.755 13.823
47.162 -1.084 11.504
47.332 -0.454 7.847
45.314 2.936 7.988
47.723 4.167 10.708
45.249 3.604 13.564
46.062 2.098 16.866
45.084 -1.481 17.205
45.91 -4.534 19.228

45.084 -8.237 19.563
43.098 -9.676 16.642
42.161 -6.61 14.663

40.766 -4.755 17.691
40.723 -1.118 16.785
41.585 1.052 19.717
41.328 4.608 18.444
41.483 6.59 15.239
43.302 9.256 17.208
46.987 9.868 16.581
47.741 9.755 20.304
49.441 6.8 21.856

48.168 7.991 25.101
44.705 8.016 23.796
45.204 4.406 22.617
46.721 3.263 25.887
43.775 4.818 27.769
41.337 3.106 25.493
43.219 -0.084 25.932
43.078 -0.026 29.76
39.388 0.877 29.673
38.693 -2.057 27.36
40.739 -4.551 29.468

39.949 -3.312 32.875
43.5 -2.793 34.015
46.726 -0.856 33.736
48.192 -2.569 30.659
51.039 -0.441 29.578
50.069 -1.175 25.981
50.572 -4.92 26.37
48.01 -7.684 26.746
47.927 -11.355 27.084
46.716 -13.911 24.599

43.676 -14.65 26.7
42.836 -10.944 26.828
43.275 -10.716 22.988
40.768 -13.473 22.533
38.253 -12.124 24.902
38.237 -8.889 22.913
37.974 -10.959 19.73
34.941 -12.807 21.022
33.247 -9.598 21.934
34.046 -8.096 18.568
32.736 -11.038 16.593
29.608 -10.998 18.595
29.163 -7.341 18.138
29.623 -7.668 14.337
26.968 -10.308 14.05
24.54 -8.343 16.218
25.205 -5.142 14.158
24.347 -7.001 10.971
21.138 -8.371 12.587
19.941 -4.956 13.593

20.904 -3.253 10.373
17.863 -2.913 8.137

20.031 -3.043 5.066
22.302 -5.933 6.146
19.913 -8.263 7.777
17.992 -9.238 4.724
21.206 -9.961 2.84
22.573 -11.97 5.681
19.396 -13.879 5.977
19.468 -14.869 2.328

22.957 -16.251 2.308
24.359 -19.746 2.983
26.643 -20.354 5.948

29.9 -19.735 4.193
28.932 -16.526 2.621
27.438 -15.203 5.84
30.92 -15.593 7.261
32.302 -13.355 4.404
29.736 -10.679 5.255
30.692 -10.908 8.928
34.387 -10.416 7.955
33.675 -7.169 6.042
31.575 -5.876 8.881
34.286 -6.68 11.321
36.742 -4.808 9.26
34.839 -1.778 8.214

31.881 -1.521 10.38
28.18 -1.826 9.694

27.992 1.595 8.205
30.791 1.029 5.708
29.336 -2.226 4.488
25.767 -1.037 4.277
27.046 1.507 1.803
27.972 -1.208 -0.763

24.44 -0.85 -2.03

24.912 -2.371 -5.417
27.002 -5.309 -4.296
24.493 -6.128 -1.507
21.703 -6.299 -4.005
23.685 -8.595 -6.273
24.506 -10.839 -3.376
20.903 -10.914 -2.394
20.119 -11.812 -5.882

22.5158 -14.745 -6.10845
20.0482 -17.3848 -6.98525
18.3429 -20.2411 -9.00217

19.4905 -17.8632 -11.7356
22.3231 -16.5709 -9.5563
23.4772 -20.1097 -8.78963
23.4855 -21.0105 -12.4817
25.5406 -17.9279 -13.3284
28.0837 -18.7633 -10.6307
28.4232 -22.3231 -11.9173
28.9829 -21.0894 -15.4681
31.6753 -18.6717 -14.3069
33.4623 -21.4279 -12.3958

36.0383 -19.7079 -10.3228

35.7863 -22.7709 -8.19178
37.0883 -24.9599 -10.8498
39.7853 -22.5139 -11.9728
41.1273 -22.0269 -8.45278
41.1203 -25.6379 -7.24378

41.0283 -27.7269 -10.3848

42.1083 -31.0739 -9.07378
39.6673 -31.0529 -6.27978
36.8523 -29.6149 -8.46778
37.5823 -32.3689 -10.9928
37.1773 -35.1299 -8.42978
33.8263 -33.7369 -7.37878
32.6463 -33.1499 -10.9368
33.5593 -36.7299 -11.9298
31.6013 -37.9759 -9.00178
28.5703 -36.1589 -10.1998
29.1383 -37.2599 -13.7088
29.6113 -40.9339 -13.0208

27.8773 -41.4609 -9.82078
30.7393 -43.7339 -8.63878
33.7503 -43.0939 -6.34978
36.2493 -43.7979 -9.12578

37.9023 -40.3469 -8.72778
38.8573 -41.2129 -5.17878
39.8673 -44.9019 -5.34978

43.6533 -44.7749 -5.39678
43.9323 -41.5659 -3.23278

End chain 1
