36.887 -23.463 8.956
34.76 -20.902 10.706
34.477 -17.198 11.189

36.964 -17.128 14.061
39.617 -19.041 12.22
38.916 -16.953 9.158
39.302 -13.605 10.789
42.19 -14.84 12.785
44.013 -15.477 9.498
43.018 -12.034 8.052
43.819 -9.866 11.138

46.667 -11.773 12.722
47.514 -11.664 16.413
49.57 -8.806 18.102
50.066 -8.48 21.836
51.352 -4.91 21.69
49.663 -1.798 20.443
50.45 -1.367 16.785
49.448 0.755 13.823
47.162 -1.084 11.504
47.332 -0.454 7.847
45.314 2.936 7.988
47.723 4.167 10.708
45.249 3.604 13.564
46.062 2.098 16.866
45.084 -1.481 17.205
45.91 -4.534 19.228

45.084 -8.237 19.563
43.098 -9.676 16.642
42.161 -6.61 14.663

45.96 -5.93191 15.0729
49.4774 -6.71986 16.0103
50.9426 -3.33003 15.24
53.1635 -0.554435 14.0721
52.5771 -3.21959 11.3002
51.5375 -6.58865 9.72456
48.1813 -5.1689 10.5872
45.0946 -3.08137 9.78144
44.11 -0.711688 12.6574

45.5404 0.575697 15.9345
46.4053 -2.95142 17.0544
48.1666 -3.66829 13.764
50.2054 -0.473692 14.048
51.2587 -1.34623 17.5937
52.3511 -4.82332 16.517
54.4165 -3.39634 13.6638
56.1301 -0.940666 16.004
56.9837 -3.71962 18.4518
58.4655 -5.84519 15.6716
60.6054 -2.94609 14.4638

59.8154 -1.70709 17.8708
63.3664 -1.18809 19.0108
66.5924 0.748908 18.7318
68.0584 -0.964092 15.6548
70.9054 1.16391 14.5738
69.9354 0.429908 10.9768
70.4384 -3.31509 11.3658
67.8764 -6.07909 11.7418
67.7934 -9.75009 12.0798
66.5824 -12.3061 9.5948

63.5424 -13.0451 11.6958
62.7024 -9.33909 11.8238
63.1414 -9.11109 7.9838
60.6344 -11.8681 7.5288
58.1194 -10.5191 9.8978
58.1034 -7.28409 7.9088
57.8404 -9.35409 4.7258
54.8074 -11.2021 6.0178
53.1134 -7.99309 6.9298
53.9124 -6.49109 3.5638
52.6024 -9.43309 1.5888
49.4744 -9.39309 3.5908
49.0294 -5.73609 3.1338
49.4894 -6.06309 -0.6672
46.8344 -8.70309 -0.9542
44.4064 -6.73809 1.2138
45.0714 -3.53709 -0.8462
44.2134 -5.39609 -4.0332
41.0044 -6.76609 -2.4172
39.8074 -3.35109 -1.4112

40.7704 -1.64809 -4.6312
37.7294 -1.30809 -6.8672

39.8974 -1.43809 -9.9382
42.1684 -4.32809 -8.8582
39.7794 -6.65809 -7.2272
37.8584 -7.63309 -10.2802
41.0724 -8.35609 -12.1642
42.4394 -10.3651 -9.3232
39.2624 -12.2741 -9.0272
39.3344 -13.2641 -12.6762

42.8234 -14.6461 -12.6962
44.2254 -18.1411 -12.0212
46.5094 -18.7491 -9.0562

49.7664 -18.1301 -10.8112
48.7984 -14.9211 -12.3832
47.3044 -13.5981 -9.1642
50.7864 -13.9881 -7.7432
52.1684 -11.7501 -10.6002
49.6024 -9.07409 -9.7492
50.5584 -9.30309 -6.0762
54.2534 -8.81109 -7.0492
53.5414 -5.56409 -8.9622
51.4414 -4.27109 -6.1232
54.1524 -5.07509 -3.6832
56.6084 -3.20309 -5.7442
54.7054 -0.173092 -6.7902

51.7474 0.0839081 -4.6242
48.0464 -0.221092 -5.3102

47.8584 3.19991 -6.7992
50.6574 2.63391 -9.2962
49.2024 -0.621092 -10.5162
45.6334 0.567908 -10.7272
46.9124 3.11191 -13.2012
47.8384 0.396908 -15.7672

44.3064 0.754908 -17.0342

44.7784 -0.766092 -20.4212
46.8684 -3.70409 -19.3002
44.3594 -4.52309 -16.5112
41.5694 -4.69409 -19.0092
43.5514 -6.99009 -21.2772
44.3724 -9.23409 -18.3802
40.7694 -9.30909 -17.3982
39.9854 -10.2071 -20.8862

42.6104 -12.9471 -20.9112
44.5414 -11.3801 -23.7972
47.8534 -12.5971 -22.5022

50.1164 -11.6241 -25.3842
48.6394 -8.24909 -25.7892
48.8174 -7.35709 -22.1332
52.4614 -8.52409 -22.0422
53.2604 -6.10809 -24.8282
51.2794 -3.31609 -23.1622
52.9354 -3.83909 -19.8162
56.4064 -3.46809 -21.4562
55.5844 0.0789081 -22.4552
56.2064 1.51591 -19.0302

58.7824 3.23591 -16.9572

58.5304 0.172908 -14.8262
59.8324 -2.01609 -17.4842
62.5294 0.429908 -18.6072
63.8714 0.916908 -15.0872
63.8644 -2.69409 -13.8782

63.7724 -4.78309 -17.0192

64.8524 -8.13009 -15.7082
62.4114 -8.10909 -12.9142
59.5964 -6.67109 -15.1022
60.3264 -9.42509 -17.6272
59.9214 -12.1861 -15.0642
56.5704 -10.7931 -14.0132
55.3904 -10.2061 -17.5712
56.3034 -13.7861 -18.5642
54.3454 -15.0321 -15.6362
51.3144 -13.2151 -16.8342
51.8824 -14.3161 -20.3432
52.3554 -17.9901 -19.6552

50.6214 -18.5171 -16.4552
53.4834 -20.7901 -15.2732
56.4944 -20.1501 -12.9842
58.9934 -20.8541 -15.7602

60.6464 -17.4031 -15.3622
61.6014 -18.2691 -11.8132
62.6114 -21.9581 -11.9842

66.3974 -21.8311 -12.0312
66.6764 -18.6221 -9.8672

End chain 1
