36.887 -23.463 8.956
34.76 -20.902 10.706
34.477 -17.198 11.189

36.964 -17.128 14.061
39.617 -19.041 12.22
38.916 -16.953 9.158
39.302 -13.605 10.789
42.19 -14.84 12.785
44.013 -15.477 9.498
43.018 -12.034 8.052
43.819 -9.866 11.138

46.667 -11.773 12.722
47.514 -11.664 16.413
49.57 -8.806 18.102
50.066 -8.48 21.836
51.352 -4.91 21.69
49.663 -1.798 20.443
50.45 -1.367 16.785
49.448 0.755 13.823
47.162 -1.084 11.504
47.332 -0.454 7.847
45.314 2.936 7.988
47.723 4.167 10.708
45.249 3.604 13.564
46.062 2.098 16.866
45.084 -1.481 17.205
45.91 -4.534 19.228

45.084 -8.237 19.563
43.098 -9.676 16.642
42.161 -6.61 14.663

40.766 -4.755 17.691
40.723 -1.118 16.785
41.585 1.052 19.717
41.328 4.608 18.444
41.483 6.59 15.239
43.302 9.256 17.208
46.987 9.868 16.581
47.741 9.755 20.304
49.441 6.8 21.856

48.168 7.991 25.101
44.705 8.016 23.796
45.204 4.406 22.617
46.721 3.263 25.887
43.775 4.818 27.769
41.337 3.106 25.493
43.219 -0.084 25.932
43.078 -0.026 29.76
39.388 0.877 29.673
38.693 -2.057 27.36
40.739 -4.551 29.468

39.949 -3.312 32.875
43.5 -2.793 34.015
46.726 -0.856 33.736
48.192 -2.569 30.659
51.039 -0.441 29.578
50.069 -1.175 25.981
50.572 -4.92 26.37
48.01 -7.684 26.746
47.927 -11.355 27.084
46.716 -13.911 24.599

43.676 -14.65 26.7
42.836 -10.944 26.828
43.275 -10.716 22.988
40.768 -13.473 22.533
38.253 -12.124 24.902
38.237 -8.889 22.913
37.974 -10.959 19.73
34.941 -12.807 21.022
33.247 -9.598 21.934
34.046 -8.096 18.568
32.736 -11.038 16.593
29.608 -10.998 18.595
29.163 -7.341 18.138
29.623 -7.668 14.337
26.968 -10.308 14.05
24.54 -8.343 16.218
25.205 -5.142 14.158
24.347 -7.001 10.971
21.138 -8.371 12.587
19.941 -4.956 13.593

20.904 -3.253 10.373
17.863 -2.913 8.137

20.031 -3.043 5.066
22.302 -5.933 6.146
19.913 -8.263 7.777
17.992 -9.238 4.724
21.206 -9.961 2.84
22.573 -11.97 5.681
19.396 -13.879 5.977
19.468 -14.869 2.328

22.957 -16.251 2.308
24.359 -19.746 2.983
26.643 -20.354 5.948

29.9 -19.735 4.193
28.932 -16.526 2.621
27.438 -15.203 5.84
30.92 -15.593 7.261
32.302 -13.355 4.404
29.736 -10.679 5.255
30.692 -10.908 8.928
34.387 -10.416 7.955
33.675 -7.169 6.042
31.575 -5.876 8.881
34.286 -6.68 11.321
36.742 -4.808 9.26
34.839 -1.778 8.214

34.3018 -1.34269 11.9925
36.7115 -4.1925 13.0012

40.3244 -4.90002 12.0579
40.6779 -7.39999 14.8984
37.505 -9.20206 13.8363
38.7245 -9.43594 10.2445
42.0591 -10.8716 11.3681
40.3215 -13.4893 13.5062

36.7895 -13.1313 12.2392

37.2615 -14.6523 8.8522
39.3515 -17.5903 9.9732
36.8425 -18.4093 12.7622
34.0525 -18.5803 10.2642
36.0345 -20.8763 7.9962
36.8555 -23.1203 10.8932
33.2525 -23.1953 11.8752
32.4685 -24.0933 8.3872

35.0935 -26.8333 8.3622
37.0245 -25.2663 5.4762
40.3365 -26.4833 6.7712

42.5995 -25.5103 3.8892
41.1225 -22.1353 3.4842
41.3005 -21.2433 7.1402
44.9445 -22.4103 7.2312
45.7435 -19.9943 4.4452
43.7625 -17.2023 6.1112
45.4185 -17.7253 9.4572
48.8895 -17.3543 7.8172
48.0675 -13.8073 6.8182
48.6895 -12.3703 10.2432

51.2655 -10.6503 12.3162

51.0135 -13.7133 14.4472
52.3155 -15.9023 11.7892
55.0125 -13.4563 10.6662
56.3545 -12.9693 14.1862
56.3475 -16.5803 15.3952

56.2555 -18.6693 12.2542

57.3355 -22.0163 13.5652
54.8945 -21.9953 16.3592
52.0795 -20.5573 14.1712
52.8095 -23.3113 11.6462
52.4045 -26.0723 14.2092
49.0535 -24.6793 15.2602
47.8735 -24.0923 11.7022
48.7865 -27.6723 10.7092
46.8285 -28.9183 13.6372
43.7975 -27.1013 12.4392
44.3655 -28.2023 8.9302
44.8385 -31.8763 9.6182

43.1045 -32.4033 12.8182
45.9665 -34.6763 14.0002
48.9775 -34.0363 16.2892
51.4765 -34.7403 13.5132

53.1295 -31.2893 13.9112
54.0845 -32.1553 17.4602
55.0945 -35.8443 17.2892

58.8805 -35.7173 17.2422
59.1595 -32.5083 19.4062

End chain 1
