36.887 -23.463 8.956
34.76 -20.902 10.706
34.477 -17.198 11.189

36.964 -17.128 14.061
39.617 -19.041 12.22
38.916 -16.953 9.158
39.302 -13.605 10.789
42.19 -14.84 12.785
44.013 -15.477 9.498
43.018 -12.034 8.052
43.819 -9.866 11.138

46.667 -11.773 12.722
47.514 -11.664 16.413
49.57 -8.806 18.102
50.066 -8.48 21.836
51.352 -4.91 21.69
49.663 -1.798 20.443
50.45 -1.367 16.785
49.448 0.755 13.823
47.162 -1.084 11.504
47.332 -0.454 7.847
45.314 2.936 7.988
47.723 4.167 10.708
45.249 3.604 13.564
46.062 2.098 16.866
45.084 -1.481 17.205
45.91 -4.534 19.228

45.084 -8.237 19.563
43.098 -9.676 16.642
42.161 -6.61 14.663

40.766 -4.755 17.691
40.723 -1.118 16.785
41.585 1.052 19.717
41.328 4.608 18.444
41.483 6.59 15.239
43.302 9.256 17.208
46.987 9.868 16.581
47.741 9.755 20.304
49.441 6.8 21.856

48.168 7.991 25.101
44.705 8.016 23.796
45.204 4.406 22.617
46.721 3.263 25.887
43.775 4.818 27.769
41.337 3.106 25.493
43.219 -0.084 25.932
43.078 -0.026 29.76
39.388 0.877 29.673
38.693 -2.057 27.36
40.739 -4.551 29.468

39.949 -3.312 32.875
43.5 -2.793 34.015
46.726 -0.856 33.736
48.192 -2.569 30.659
51.039 -0.441 29.578
50.069 -1.175 25.981
50.572 -4.92 26.37
48.01 -7.684 26.746
47.927 -11.355 27.084
46.716 -13.911 24.599

43.676 -14.65 26.7
42.836 -10.944 26.828
43.275 -10.716 22.988
40.768 -13.473 22.533
38.253 -12.124 24.902
38.237 -8.889 22.913
37.974 -10.959 19.73
34.941 -12.807 21.022
33.247 -9.598 21.934
34.046 -8.096 18.568
32.736 -11.038 16.593
29.608 -10.998 18.595
29.163 -7.341 18.138
29.623 -7.668 14.337
26.968 -10.308 14.05
24.54 -8.343 16.218
25.205 -5.142 14.158
24.347 -7.001 10.971
21.138 -8.371 12.587
19.941 -4.956 13.593

20.904 -3.253 10.373
17.863 -2.913 8.137

20.031 -3.043 5.066
22.302 -5.933 6.146
19.913 -8.263 7.777
17.992 -9.238 4.724
21.206 -9.961 2.84
22.573 -11.97 5.681
19.396 -13.879 5.977
19.468 -14.869 2.328

23.2814 -14.8851 2.02728
26.9901 -14.9546 1.7975
30.6854 -14.3279 1.29002

30.2809 -15.7089 -2.22737
28.2137 -18.6296 -0.947121
25.9433 -16.2914 1.00762
25.4009 -14.1034 -2.05202
24.5065 -17.1261 -4.17485
21.9971 -18.3241 -1.58433
20.3588 -14.8978 -1.44519
20.0554 -14.7821 -5.23168
18.4521 -18.2269 -5.30535
15.9315 -17.2171 -2.64645
15.0057 -14.0781 -4.57844
14.4846 -16.078 -7.76778
12.2387 -18.5556 -5.9622

9.28074 -18.2986 -3.7962
5.57974 -18.6036 -4.4822

5.39174 -15.1826 -5.9712
8.19074 -15.7486 -8.4682
6.73574 -19.0036 -9.6882
3.16674 -17.8146 -9.8992
4.44574 -15.2706 -12.3732
5.37174 -17.9856 -14.9392

1.83974 -17.6276 -16.2062

2.31174 -19.1486 -19.5932
4.40174 -22.0866 -18.4722
1.89274 -22.9056 -15.6832
-0.897263 -23.0766 -18.1812
1.08474 -25.3726 -20.4492
1.90574 -27.6166 -17.5522
-1.69726 -27.6916 -16.5702
-2.48126 -28.5896 -20.0582

0.143737 -31.3296 -20.0832
2.07474 -29.7626 -22.9692
5.38674 -30.9796 -21.6742

7.64974 -30.0066 -24.5562
6.17274 -26.6316 -24.9612
6.35074 -25.7396 -21.3052
9.99474 -26.9066 -21.2142
10.7937 -24.4906 -24.0002
8.81274 -21.6986 -22.3342
10.4687 -22.2216 -18.9882
13.9397 -21.8506 -20.6282
13.1177 -18.3036 -21.6272
13.7397 -16.8666 -18.2022

16.3157 -15.1466 -16.1292

16.0637 -18.2096 -13.9982
17.3657 -20.3986 -16.6562
20.0627 -17.9526 -17.7792
21.4047 -17.4656 -14.2592
21.3977 -21.0766 -13.0502

21.3057 -23.1656 -16.1912

22.3857 -26.5126 -14.8802
19.9447 -26.4916 -12.0862
17.1297 -25.0536 -14.2742
17.8597 -27.8076 -16.7992
17.4547 -30.5686 -14.2362
14.1037 -29.1756 -13.1852
12.9237 -28.5886 -16.7432
13.8367 -32.1686 -17.7362
11.8787 -33.4146 -14.8082
8.84774 -31.5976 -16.0062
9.41574 -32.6986 -19.5152
9.88874 -36.3726 -18.8272

8.15474 -36.8996 -15.6272
11.0167 -39.1726 -14.4452
14.0277 -38.5326 -12.1562
16.5267 -39.2366 -14.9322

18.1797 -35.7856 -14.5342
19.1347 -36.6516 -10.9852
20.1447 -40.3406 -11.1562

23.9307 -40.2136 -11.2032
24.2097 -37.0046 -9.0392

End chain 1
