36.887 -23.463 8.956
34.76 -20.902 10.706
34.477 -17.198 11.189

36.964 -17.128 14.061
39.617 -19.041 12.22
38.916 -16.953 9.158
39.302 -13.605 10.789
42.19 -14.84 12.785
44.013 -15.477 9.498
43.018 -12.034 8.052
43.819 -9.866 11.138

46.667 -11.773 12.722
47.514 -11.664 16.413
49.57 -8.806 18.102
50.066 -8.48 21.836
51.352 -4.91 21.69
49.663 -1.798 20.443
50.45 -1.367 16.785
49.448 0.755 13.823
47.162 -1.084 11.504
47.332 -0.454 7.847
45.314 2.936 7.988
47.723 4.167 10.708
45.249 3.604 13.564
46.062 2.098 16.866
45.084 -1.481 17.205
45.91 -4.534 19.228

45.084 -8.237 19.563
43.098 -9.676 16.642
42.161 -6.61 14.663

40.766 -4.755 17.691
40.723 -1.118 16.785
41.585 1.052 19.717
41.328 4.608 18.444
41.483 6.59 15.239
43.302 9.256 17.208
46.987 9.868 16.581
47.741 9.755 20.304
49.441 6.8 21.856

48.168 7.991 25.101
44.705 8.016 23.796
45.204 4.406 22.617
46.721 3.263 25.887
43.775 4.818 27.769
41.337 3.106 25.493
43.219 -0.084 25.932
43.078 -0.026 29.76
39.388 0.877 29.673
38.693 -2.057 27.36
40.739 -4.551 29.468

39.949 -3.312 32.875
43.5 -2.793 34.015
46.726 -0.856 33.736
48.192 -2.569 30.659
51.039 -0.441 29.578
50.069 -1.175 25.981
50.572 -4.92 26.37
48.01 -7.684 26.746
47.927 -11.355 27.084
46.716 -13.911 24.599

43.676 -14.65 26.7
42.836 -10.944 26.828
43.275 -10.716 22.988
40.768 -13.473 22.533
38.253 -12.124 24.902
38.237 -8.889 22.913
37.974 -10.959 19.73
34.941 -12.807 21.022
33.247 -9.598 21.934
34.046 -8.096 18.568
32.736 -11.038 16.593
29.608 -10.998 18.595
29.163 -7.341 18.138
29.623 -7.668 14.337
26.968 -10.308 14.05
24.54 -8.343 16.218
25.205 -5.142 14.158
24.347 -7.001 10.971
21.138 -8.371 12.587
19.941 -4.956 13.593

20.904 -3.253 10.373
17.863 -2.913 8.137

20.031 -3.043 5.066
22.302 -5.933 6.146
19.913 -8.263 7.777
17.992 -9.238 4.724
21.206 -9.961 2.84
22.573 -11.97 5.681
19.396 -13.879 5.977
19.468 -14.869 2.328

22.957 -16.251 2.308
24.359 -19.746 2.983
26.643 -20.354 5.948

29.9 -19.735 4.193
28.932 -16.526 2.621
27.438 -15.203 5.84
30.92 -15.593 7.261
32.302 -13.355 4.404
29.736 -10.679 5.255
30.692 -10.908 8.928
34.387 -10.416 7.955
33.675 -7.169 6.042
31.575 -5.876 8.881
34.286 -6.68 11.321
36.742 -4.808 9.26
34.839 -1.778 8.214

31.881 -1.521 10.38
28.18 -1.826 9.694

27.992 1.595 8.205
30.791 1.029 5.708
29.336 -2.226 4.488
25.767 -1.037 4.277
27.046 1.507 1.803
27.972 -1.208 -0.763

24.3714 -2.52016 -0.818711

21.9347 0.396172 -0.808849
23.8021 2.07262 2.0451
27.1169 1.69849 0.224353
25.6624 3.22317 -2.93834
24.2931 6.18827 -0.995115
27.6657 6.7917 0.649338
29.4294 6.71361 -2.71612
26.9681 9.21618 -4.17294

29.5931 6.47618 -4.19794
31.5241 8.04318 -7.08394
34.8361 6.82618 -5.78894

37.0991 7.79918 -8.67094
35.6221 11.1742 -9.07594
35.8001 12.0662 -5.41994
39.4441 10.8992 -5.32894
40.2431 13.3152 -8.11494
38.2621 16.1072 -6.44894
39.9181 15.5842 -3.10294
43.3891 15.9552 -4.74294
42.5671 19.5022 -5.74194
43.1891 20.9392 -2.31694

45.7651 22.6592 -0.243944

45.5131 19.5962 1.88706
46.8151 17.4072 -0.770944
49.5121 19.8532 -1.89394
50.8541 20.3402 1.62606
50.8471 16.7292 2.83506

50.7551 14.6402 -0.305944

51.8351 11.2932 1.00506
49.3941 11.3142 3.79906
46.5791 12.7522 1.61106
47.3091 9.99818 -0.913944
46.9041 7.23718 1.64906
43.5531 8.63018 2.70006
42.3731 9.21718 -0.857944
43.2861 5.63718 -1.85094
41.3281 4.39118 1.07706
38.2971 6.20818 -0.120944
38.8651 5.10718 -3.62994
39.3381 1.43318 -2.94194

37.6041 0.906176 0.258056
40.4661 -1.36682 1.44006
43.4771 -0.726824 3.72906
45.9761 -1.43082 0.953056

47.6291 2.02018 1.35106
48.5841 1.15418 4.90006
49.5941 -2.53482 4.72906

53.3801 -2.40782 4.68206
53.6591 0.801176 6.84606

End chain 1
