36.887 -23.463 8.956
34.76 -20.902 10.706
34.477 -17.198 11.189

36.964 -17.128 14.061
39.617 -19.041 12.22
38.916 -16.953 9.158
39.302 -13.605 10.789
42.19 -14.84 12.785
44.013 -15.477 9.498
43.018 -12.034 8.052
43.819 -9.866 11.138

46.667 -11.773 12.722
47.514 -11.664 16.413
49.57 -8.806 18.102
50.066 -8.48 21.836
51.352 -4.91 21.69
49.663 -1.798 20.443
50.45 -1.367 16.785
49.448 0.755 13.823
47.162 -1.084 11.504
47.332 -0.454 7.847
45.314 2.936 7.988
47.723 4.167 10.708
45.249 3.604 13.564
46.062 2.098 16.866
45.084 -1.481 17.205
45.91 -4.534 19.228

45.084 -8.237 19.563
43.098 -9.676 16.642
42.161 -6.61 14.663

40.766 -4.755 17.691
40.723 -1.118 16.785
41.585 1.052 19.717
41.328 4.608 18.444
41.483 6.59 15.239
43.302 9.256 17.208
46.987 9.868 16.581
47.741 9.755 20.304
49.441 6.8 21.856

48.168 7.991 25.101
44.705 8.016 23.796
45.204 4.406 22.617
46.721 3.263 25.887
43.775 4.818 27.769
41.337 3.106 25.493
43.219 -0.084 25.932
43.078 -0.026 29.76
39.388 0.877 29.673
38.693 -2.057 27.36
40.739 -4.551 29.468

39.949 -3.312 32.875
43.5 -2.793 34.015
46.726 -0.856 33.736
48.192 -2.569 30.659
51.039 -0.441 29.578
50.069 -1.175 25.981
50.572 -4.92 26.37
48.01 -7.684 26.746
47.927 -11.355 27.084
46.716 -13.911 24.599

43.676 -14.65 26.7
42.836 -10.944 26.828
43.275 -10.716 22.988
40.768 -13.473 22.533
38.253 -12.124 24.902
38.237 -8.889 22.913
37.974 -10.959 19.73
34.941 -12.807 21.022
33.247 -9.598 21.934
34.046 -8.096 18.568
32.736 -11.038 16.593
29.608 -10.998 18.595
29.163 -7.341 18.138
29.623 -7.668 14.337
26.968 -10.308 14.05
24.54 -8.343 16.218
25.205 -5.142 14.158
24.347 -7.001 10.971
21.138 -8.371 12.587
19.941 -4.956 13.593

20.2494 -3.86431 9.94832
21.4954 -2.85592 6.55621

23.6847 -5.55414 8.09556
20.9582 -6.48905 10.5725
18.3865 -6.75989 7.78763
20.6808 -9.00744 5.75592
21.2567 -11.2839 8.74408
17.5188 -11.5743 9.36596
16.8854 -12.474 5.72835
19.5683 -15.164 5.82574

23.0573 -16.546 5.80574
24.4593 -20.041 6.48074
26.7433 -20.649 9.44574

30.0003 -20.03 7.69074
29.0323 -16.821 6.11874
27.5383 -15.498 9.33774
31.0203 -15.888 10.7587
32.4023 -13.65 7.90174
29.8363 -10.974 8.75274
30.7923 -11.203 12.4257
34.4873 -10.711 11.4527
33.7753 -7.46396 9.53974
31.6753 -6.17096 12.3787
34.3863 -6.97496 14.8187
36.8423 -5.10296 12.7577
34.9393 -2.07296 11.7117

31.9813 -1.81596 13.8777
28.2803 -2.12096 13.1917

28.0923 1.30004 11.7027
30.8913 0.734043 9.20574
29.4363 -2.52096 7.98574
25.8673 -1.33196 7.77474
27.1463 1.21204 5.30074
28.0723 -1.50296 2.73474

24.5403 -1.14496 1.46774

25.0123 -2.66596 -1.91926
27.1023 -5.60396 -0.798259
24.5933 -6.42296 1.99074
21.8033 -6.59396 -0.507259
23.7853 -8.88996 -2.77526
24.6063 -11.134 0.121741
21.0033 -11.209 1.10374
20.2193 -12.107 -2.38426

22.8443 -14.847 -2.40926
24.7753 -13.28 -5.29526
28.0873 -14.497 -4.00026

30.3503 -13.524 -6.88226
28.8733 -10.149 -7.28726
29.0513 -9.25696 -3.63126
32.6953 -10.424 -3.54026
33.4943 -8.00796 -6.32626
31.5133 -5.21596 -4.66026
33.1693 -5.73896 -1.31426
36.6403 -5.36796 -2.95426
35.8183 -1.82096 -3.95326
36.4403 -0.383957 -0.528259

39.0163 1.33604 1.54474

38.7643 -1.72696 3.67574
40.0663 -3.91596 1.01774
42.7633 -1.46996 -0.105259
44.1053 -0.982957 3.41474
44.0983 -4.59396 4.62374

44.0063 -6.68296 1.48274

45.0863 -10.03 2.79374
42.6453 -10.009 5.58774
39.8303 -8.57096 3.39974
40.5603 -11.325 0.874741
40.1553 -14.086 3.43774
36.8043 -12.693 4.48874
35.6243 -12.106 0.930741
36.5373 -15.686 -0.0622587
34.5793 -16.932 2.86574
31.5483 -15.115 1.66774
32.1163 -16.216 -1.84126
32.5893 -19.89 -1.15326

30.8553 -20.417 2.04674
33.7173 -22.69 3.22874
36.7283 -22.05 5.51774
39.2273 -22.754 2.74174

40.8803 -19.303 3.13974
41.8353 -20.169 6.68874
42.8453 -23.858 6.51774

46.6313 -23.731 6.47074
46.9103 -20.522 8.63474

End chain 1
