36.887 -23.463 8.956
34.76 -20.902 10.706
34.477 -17.198 11.189

36.964 -17.128 14.061
39.617 -19.041 12.22
38.916 -16.953 9.158
39.302 -13.605 10.789
42.19 -14.84 12.785
44.013 -15.477 9.498
43.018 -12.034 8.052
43.819 -9.866 11.138

46.667 -11.773 12.722
47.514 -11.664 16.413
49.57 -8.806 18.102
50.066 -8.48 21.836
51.352 -4.91 21.69
49.663 -1.798 20.443
50.45 -1.367 16.785
49.448 0.755 13.823
47.162 -1.084 11.504
47.332 -0.454 7.847
45.314 2.936 7.988
47.723 4.167 10.708
45.249 3.604 13.564
46.062 2.098 16.866
45.084 -1.481 17.205
45.91 -4.534 19.228

45.084 -8.237 19.563
43.098 -9.676 16.642
42.161 -6.61 14.663

45.8389 -5.82274 15.1613
49.4841 -4.98024 16.1995
51.9976 -5.91343 18.8993
55.2559 -4.62945 17.5515
58.8754 -4.66828 16.4559
57.2739 -5.30644 13.0199
53.837 -4.30071 11.7775
52.0349 -1.26463 12.9646
50.9053 0.197667 9.71028

49.7934 1.72742 6.41388
49.2948 5.12282 8.04654
52.7591 4.99088 9.6035
54.3366 4.12676 6.25572
52.5575 7.02526 4.55971
53.7438 9.44686 7.23766
57.3338 8.25911 6.85834
57.186 8.70805 3.08746
55.8356 12.2404 3.46369
58.6094 13.1453 5.89886
61.2606 11.811 3.52531

60.4706 13.05 6.93231
64.0216 13.569 8.07231
67.2476 15.506 7.79331
68.7136 13.793 4.71631
71.5606 15.921 3.63531
70.5906 15.187 0.0383136
71.0936 11.442 0.427314
68.5316 8.67803 0.803314
68.4486 5.00703 1.14131
67.2376 2.45103 -1.34369

64.1976 1.71203 0.757314
63.3576 5.41803 0.885314
63.7966 5.64603 -2.95469
61.2896 2.88903 -3.40969
58.7746 4.23803 -1.04069
58.7586 7.47303 -3.02969
58.4956 5.40303 -6.21269
55.4626 3.55503 -4.92069
53.7686 6.76403 -4.00869
54.5676 8.26603 -7.37469
53.2576 5.32403 -9.34969
50.1296 5.36403 -7.34769
49.6846 9.02103 -7.80469
50.1446 8.69403 -11.6057
47.4896 6.05403 -11.8927
45.0616 8.01903 -9.72469
45.7266 11.22 -11.7847
44.8686 9.36103 -14.9717
41.6596 7.99103 -13.3557
40.4626 11.406 -12.3497

41.4256 13.109 -15.5697
38.3846 13.449 -17.8057

40.5526 13.319 -20.8767
42.8236 10.429 -19.7967
40.4346 8.09903 -18.1657
38.5136 7.12403 -21.2187
41.7276 6.40103 -23.1027
43.0946 4.39203 -20.2617
39.9176 2.48303 -19.9657
39.9896 1.49303 -23.6147

43.4786 0.111025 -23.6347
44.8806 -3.38397 -22.9597
47.1646 -3.99197 -19.9947

50.4216 -3.37297 -21.7497
49.4536 -0.163975 -23.3217
47.9596 1.15903 -20.1027
51.4416 0.769025 -18.6817
52.8236 3.00703 -21.5387
50.2576 5.68303 -20.6877
51.2136 5.45403 -17.0147
54.9086 5.94603 -17.9877
54.1966 9.19303 -19.9007
52.0966 10.486 -17.0617
54.8076 9.68203 -14.6217
57.2636 11.554 -16.6827
55.3606 14.584 -17.7287

52.4026 14.841 -15.5627
48.7016 14.536 -16.2487

48.5136 17.957 -17.7377
51.3126 17.391 -20.2347
49.8576 14.136 -21.4547
46.2886 15.325 -21.6657
47.5676 17.869 -24.1397
48.4936 15.154 -26.7057

44.9616 15.512 -27.9727

45.4336 13.991 -31.3597
47.5236 11.053 -30.2387
45.0146 10.234 -27.4497
42.2246 10.063 -29.9477
44.2066 7.76703 -32.2157
45.0276 5.52303 -29.3187
41.4246 5.44803 -28.3367
40.6406 4.55003 -31.8247

43.2656 1.81003 -31.8497
45.1966 3.37703 -34.7357
48.5086 2.16003 -33.4407

50.7716 3.13303 -36.3227
49.2946 6.50803 -36.7277
49.4726 7.40003 -33.0717
53.1166 6.23303 -32.9807
53.9156 8.64903 -35.7667
51.9346 11.441 -34.1007
53.5906 10.918 -30.7547
57.0616 11.289 -32.3947
56.2396 14.836 -33.3937
56.8616 16.273 -29.9687

59.4376 17.993 -27.8957

59.1856 14.93 -25.7647
60.4876 12.741 -28.4227
63.1846 15.187 -29.5457
64.5266 15.674 -26.0257
64.5196 12.063 -24.8167

64.4276 9.97403 -27.9577

65.5076 6.62703 -26.6467
63.0666 6.64803 -23.8527
60.2516 8.08603 -26.0407
60.9816 5.33203 -28.5657
60.5766 2.57103 -26.0027
57.2256 3.96403 -24.9517
56.0456 4.55103 -28.5097
56.9586 0.971025 -29.5027
55.0006 -0.274975 -26.5747
51.9696 1.54203 -27.7727
52.5376 0.441025 -31.2817
53.0106 -3.23297 -30.5937

51.2766 -3.75997 -27.3937
54.1386 -6.03297 -26.2117
57.1496 -5.39297 -23.9227
59.6486 -6.09697 -26.6987

61.3016 -2.64597 -26.3007
62.2566 -3.51197 -22.7517
63.2666 -7.20097 -22.9227

67.0526 -7.07397 -22.9697
67.3316 -3.86497 -20.8057

End chain 1
