0 0 0
0 0 3.72468
0.313566 -0.922492 7.35635

-3.16997 -1.80592 8.59224
-3.05875 0.969317 11.1862
-1.99516 3.50804 8.56578
-4.83236 2.4641 6.26288
-7.36846 2.80791 9.0723
-6.10053 6.28845 9.92145
-6.35607 7.3733 6.28817
-9.9261 6.09123 6.05554

-7.0781 4.18423 7.63954
-6.2311 4.29323 11.3305
-4.1751 7.15123 13.0195
-3.6791 7.47723 16.7535
-2.3931 11.0472 16.6075
-4.0821 14.1592 15.3605
-3.2951 14.5902 11.7025
-4.2971 16.7122 8.74054
-6.5831 14.8732 6.42154
-6.4131 15.5032 2.76454
-8.4311 18.8932 2.90554
-6.0221 20.1242 5.62554
-8.4961 19.5612 8.48154
-7.6831 18.0552 11.7835
-8.6611 14.4762 12.1225
-7.8351 11.4232 14.1455

-8.6611 7.72023 14.4805
-10.6471 6.28123 11.5595
-11.5841 9.34723 9.58054

-12.9791 11.2022 12.6085
-13.0221 14.8392 11.7025
-12.1601 17.0092 14.6345
-12.4171 20.5652 13.3615
-12.2621 22.5472 10.1565
-10.4431 25.2132 12.1255
-6.7581 25.8252 11.4985
-6.0041 25.7122 15.2215
-4.3041 22.7572 16.7735

-5.5771 23.9482 20.0185
-9.0401 23.9732 18.7135
-8.5411 20.3632 17.5345
-7.0241 19.2202 20.8045
-9.9701 20.7752 22.6865
-12.4081 19.0632 20.4105
-10.5261 15.8732 20.8495
-10.6671 15.9312 24.6775
-14.3571 16.8342 24.5905
-15.0521 13.9002 22.2775
-13.0061 11.4062 24.3855

-13.7961 12.6452 27.7925
-10.2451 13.1642 28.9325
-7.0191 15.1012 28.6535
-5.5531 13.3882 25.5765
-2.7061 15.5162 24.4955
-3.6761 14.7822 20.8985
-3.1731 11.0372 21.2875
-5.7351 8.27323 21.6635
-5.8181 4.60223 22.0015
-7.0291 2.04623 19.5165

-10.0691 1.30723 21.6175
-10.9091 5.01323 21.7455
-10.4701 5.24123 17.9055
-12.9771 2.48423 17.4505
-15.4921 3.83323 19.8195
-15.5081 7.06823 17.8305
-15.7711 4.99823 14.6475
-18.8041 3.15023 15.9395
-20.4981 6.35923 16.8515
-19.6991 7.86123 13.4855
-21.0091 4.91923 11.5105
-24.1371 4.95923 13.5125
-24.5821 8.61623 13.0555
-24.1221 8.28923 9.25454
-26.7771 5.64923 8.96754
-29.2051 7.61423 11.1355
-28.5401 10.8152 9.07554
-29.3981 8.95623 5.88854
-32.6071 7.58623 7.50454
-33.8041 11.0012 8.51054

-32.8411 12.7042 5.29054
-35.8821 13.0442 3.05454

-33.7141 12.9142 -0.0164623
-31.4431 10.0242 1.06354
-33.8321 7.69423 2.69454
-35.7531 6.71923 -0.358462
-32.5391 5.99623 -2.24246
-31.1721 3.98723 0.598538
-34.3491 2.07823 0.894538
-34.2771 1.08823 -2.75446

-30.7881 -0.293768 -2.77446
-29.3861 -3.78877 -2.09946
-27.1021 -4.39677 0.865538

-23.8451 -3.77777 -0.889462
-24.8131 -0.568768 -2.46146
-26.3071 0.754232 0.757538
-22.8251 0.364232 2.17854
-21.4431 2.60223 -0.678462
-24.0091 5.27823 0.172538
-23.0531 5.04923 3.84554
-19.3581 5.54123 2.87254
-20.0701 8.78823 0.959538
-22.1701 10.0812 3.79854
-19.4591 9.27723 6.23854
-17.0031 11.1492 4.17754
-18.9061 14.1792 3.13154

-21.8641 14.4362 5.29754
-25.5651 14.1312 4.61154

-25.7531 17.5522 3.12254
-22.9541 16.9862 0.625538
-24.4091 13.7312 -0.594462
-27.9781 14.9202 -0.805462
-26.6991 17.4642 -3.27946
-25.7731 14.7492 -5.84546

-29.3051 15.1072 -7.11246

-28.8331 13.5862 -10.4995
-26.7431 10.6482 -9.37846
-29.2521 9.82923 -6.58946
-32.0421 9.65823 -9.08746
-30.0601 7.36223 -11.3555
-29.2391 5.11823 -8.45846
-32.8421 5.04323 -7.47646
-33.6261 4.14523 -10.9645

-31.0011 1.40523 -10.9895
-29.0701 2.97223 -13.8755
-25.7581 1.75523 -12.5805

-23.4951 2.72823 -15.4625
-24.9721 6.10323 -15.8675
-24.7941 6.99523 -12.2115
-21.1501 5.82823 -12.1205
-20.3511 8.24423 -14.9065
-22.3321 11.0362 -13.2405
-20.6761 10.5132 -9.89446
-17.2051 10.8842 -11.5345
-18.0271 14.4312 -12.5335
-17.4051 15.8682 -9.10846

-14.8291 17.5882 -7.03546

-15.0811 14.5252 -4.90446
-13.7791 12.3362 -7.56246
-11.0821 14.7822 -8.68546
-9.7401 15.2692 -5.16546
-9.7471 11.6582 -3.95646

-9.8391 9.56923 -7.09746

-8.7591 6.22223 -5.78646
-11.2001 6.24323 -2.99246
-14.0151 7.68123 -5.18046
-13.2851 4.92723 -7.70546
-13.6901 2.16623 -5.14246
-17.0411 3.55923 -4.09146
-18.2211 4.14623 -7.64946
-17.3081 0.566232 -8.64246
-19.2661 -0.679768 -5.71446
-22.2971 1.13723 -6.91246
-21.7291 0.0362317 -10.4215
-21.2561 -3.63777 -9.73346

-22.9901 -4.16477 -6.53346
-20.1281 -6.43777 -5.35146
-17.1171 -5.79777 -3.06246
-14.6181 -6.50177 -5.83846

-12.9651 -3.05077 -5.44046
-12.0101 -3.91677 -1.89146
-11.0001 -7.60577 -2.06246

-7.2141 -7.47877 -2.10946
-6.9351 -4.26977 0.0545377

End chain 1
