36.887 -23.463 8.956
34.76 -20.902 10.706
34.477 -17.198 11.189

36.964 -17.128 14.061
39.617 -19.041 12.22
38.916 -16.953 9.158
39.302 -13.605 10.789
42.19 -14.84 12.785
44.013 -15.477 9.498
43.018 -12.034 8.052
43.819 -9.866 11.138

46.667 -11.773 12.722
47.514 -11.664 16.413
49.57 -8.806 18.102
50.066 -8.48 21.836
51.352 -4.91 21.69
49.663 -1.798 20.443
50.45 -1.367 16.785
49.448 0.755 13.823
47.162 -1.084 11.504
47.332 -0.454 7.847
45.314 2.936 7.988
47.723 4.167 10.708
45.249 3.604 13.564
46.062 2.098 16.866
45.084 -1.481 17.205
45.91 -4.534 19.228

45.084 -8.237 19.563
43.098 -9.676 16.642
42.161 -6.61 14.663

40.766 -4.755 17.691
40.723 -1.118 16.785
41.585 1.052 19.717
41.328 4.608 18.444
41.483 6.59 15.239
43.302 9.256 17.208
46.987 9.868 16.581
47.741 9.755 20.304
49.441 6.8 21.856

48.168 7.991 25.101
44.705 8.016 23.796
45.204 4.406 22.617
46.721 3.263 25.887
43.775 4.818 27.769
41.337 3.106 25.493
43.219 -0.084 25.932
43.078 -0.026 29.76
39.388 0.877 29.673
38.693 -2.057 27.36
40.739 -4.551 29.468

37.9048 -3.78031 31.9416
38.3554 0.0474195 31.4596
38.3604 2.68576 28.5976
35.7796 0.498413 26.743
33.8853 -1.31599 29.591
34.249 -1.82819 33.4154
30.7177 -2.30908 34.4822
30.5 -5.4577 32.53
34.083 -6.70222 32.1955
37.5014 -8.30059 31.3554

40.3365 -5.83298 31.918
41.7876 -7.9845 34.6943
41.6767 -11.0768 32.4879
43.4515 -9.24774 29.6689
46.1825 -8.05924 32.0294
46.7205 -11.5863 33.3382
47.007 -12.9575 29.8054
49.5674 -10.3059 28.8801
51.6485 -11.1029 31.9585
51.6097 -14.8145 31.1429
52.7314 -14.141 27.5749
55.6001 -11.9619 28.7853
56.747 -14.6517 31.2127
56.7002 -17.2826 28.4706
58.7587 -15.0634 26.1726
61.3344 -14.4617 28.9015
61.6386 -18.1903 29.5708
62.1555 -18.91 25.8752
64.8756 -16.2662 25.6416
66.675 -17.7122 28.6606

67.638 -16.0092 25.4406
64.597 -15.6692 23.2046

66.765 -15.7992 20.1336
69.036 -18.6892 21.2136
66.647 -21.0192 22.8446
64.726 -21.9942 19.7916
67.94 -22.7172 17.9076
69.307 -24.7262 20.7486
66.13 -26.6352 21.0446
66.202 -27.6252 17.3956

69.691 -29.0072 17.3756
71.093 -32.5022 18.0506
73.377 -33.1102 21.0156

76.634 -32.4912 19.2606
75.666 -29.2822 17.6886
74.172 -27.9592 20.9076
77.654 -28.3492 22.3286
79.036 -26.1112 19.4716
76.47 -23.4352 20.3226
77.426 -23.6642 23.9956
81.121 -23.1722 23.0226
80.409 -19.9252 21.1096
78.309 -18.6322 23.9486
81.02 -19.4362 26.3886
83.476 -17.5642 24.3276
81.573 -14.5342 23.2816

78.615 -14.2772 25.4476
74.914 -14.5822 24.7616

74.726 -11.1612 23.2726
77.525 -11.7272 20.7756
76.07 -14.9822 19.5556
72.501 -13.7932 19.3446
73.78 -11.2492 16.8706
74.706 -13.9642 14.3046

71.174 -13.6062 13.0376

71.646 -15.1272 9.65063
73.736 -18.0652 10.7716
71.227 -18.8842 13.5606
68.437 -19.0552 11.0626
70.419 -21.3512 8.79463
71.24 -23.5952 11.6916
67.637 -23.6702 12.6736
66.853 -24.5682 9.18563

69.478 -27.3082 9.16063
71.409 -25.7412 6.27463
74.721 -26.9582 7.56963

76.984 -25.9852 4.68763
75.507 -22.6102 4.28263
75.685 -21.7182 7.93863
79.329 -22.8852 8.02963
80.128 -20.4692 5.24363
78.147 -17.6772 6.90963
79.803 -18.2002 10.2556
83.274 -17.8292 8.61563
82.452 -14.2822 7.61663
83.074 -12.8452 11.0416

85.65 -11.1252 13.1146

85.398 -14.1882 15.2456
86.7 -16.3772 12.5876
89.397 -13.9312 11.4646
90.739 -13.4442 14.9846
90.732 -17.0552 16.1936

90.64 -19.1442 13.0526

91.72 -22.4912 14.3636
89.279 -22.4702 17.1576
86.464 -21.0322 14.9696
87.194 -23.7862 12.4446
86.789 -26.5472 15.0076
83.438 -25.1542 16.0586
82.258 -24.5672 12.5006
83.171 -28.1472 11.5076
81.213 -29.3932 14.4356
78.182 -27.5762 13.2376
78.75 -28.6772 9.72863
79.223 -32.3512 10.4166

77.489 -32.8782 13.6166
80.351 -35.1512 14.7986
83.362 -34.5112 17.0876
85.861 -35.2152 14.3116

87.514 -31.7642 14.7096
88.469 -32.6302 18.2586
89.479 -36.3192 18.0876

93.265 -36.1922 18.0406
93.544 -32.9832 20.2046

End chain 1
