36.887 -23.463 8.956
34.76 -20.902 10.706
34.477 -17.198 11.189

36.964 -17.128 14.061
39.617 -19.041 12.22
38.916 -16.953 9.158
39.302 -13.605 10.789
42.19 -14.84 12.785
44.013 -15.477 9.498
43.018 -12.034 8.052
43.819 -9.866 11.138

46.667 -11.773 12.722
47.514 -11.664 16.413
49.57 -8.806 18.102
50.066 -8.48 21.836
51.352 -4.91 21.69
49.663 -1.798 20.443
50.45 -1.367 16.785
49.448 0.755 13.823
47.162 -1.084 11.504
47.332 -0.454 7.847
45.314 2.936 7.988
47.723 4.167 10.708
45.249 3.604 13.564
46.062 2.098 16.866
45.084 -1.481 17.205
45.91 -4.534 19.228

45.084 -8.237 19.563
43.098 -9.676 16.642
42.161 -6.61 14.663

45.9117 -6.66186 14.432
46.5212 -3.3958 12.5377
44.1895 -0.712341 11.5061
43.6768 -2.08296 15.0318
46.9259 -2.09537 17.1277
47.6711 0.501561 14.4252
44.6344 2.82835 14.1749
42.88 3.59232 17.3555
46.509 4.83075 17.8018

50.0335 6.19169 18.2122
50.7609 3.73166 21.0162
49.5244 0.818578 18.9119
51.7161 1.87204 15.9914
54.7701 2.10397 18.2414
54.1188 -1.36666 19.6461
53.7958 -2.82599 16.152
57.0727 -1.22906 15.0773
58.8644 -2.62552 18.124
57.5336 -6.11636 17.4269
58.6912 -5.94081 13.8114

57.9012 -4.70181 17.2184
61.4522 -4.18281 18.3584
64.6782 -2.24581 18.0794
66.1442 -3.95881 15.0024
68.9912 -1.83081 13.9214
68.0212 -2.56481 10.3244
68.5242 -6.30981 10.7134
65.9622 -9.07381 11.0894
65.8792 -12.7448 11.4274
64.6682 -15.3008 8.94244

61.6282 -16.0398 11.0434
60.7882 -12.3338 11.1714
61.2272 -12.1058 7.33144
58.7202 -14.8628 6.87644
56.2052 -13.5138 9.24544
56.1892 -10.2788 7.25644
55.9262 -12.3488 4.07344
52.8932 -14.1968 5.36544
51.1992 -10.9878 6.27744
51.9982 -9.48581 2.91144
50.6882 -12.4278 0.936438
47.5602 -12.3878 2.93844
47.1152 -8.73081 2.48144
47.5752 -9.05781 -1.31956
44.9202 -11.6978 -1.60656
42.4922 -9.73281 0.561438
43.1572 -6.53181 -1.49856
42.2992 -8.39081 -4.68556
39.0902 -9.76081 -3.06956
37.8932 -6.34581 -2.06356

38.8562 -4.64281 -5.28356
35.8152 -4.30281 -7.51956

37.9832 -4.43281 -10.5906
40.2542 -7.32281 -9.51056
37.8652 -9.65281 -7.87956
35.9442 -10.6278 -10.9326
39.1582 -11.3508 -12.8166
40.5252 -13.3598 -9.97556
37.3482 -15.2688 -9.67956
37.4202 -16.2588 -13.3286

40.9092 -17.6408 -13.3486
42.3112 -21.1358 -12.6736
44.5952 -21.7438 -9.70856

47.8522 -21.1248 -11.4636
46.8842 -17.9158 -13.0356
45.3902 -16.5928 -9.81656
48.8722 -16.9828 -8.39556
50.2542 -14.7448 -11.2526
47.6882 -12.0688 -10.4016
48.6442 -12.2978 -6.72856
52.3392 -11.8058 -7.70156
51.6272 -8.55881 -9.61456
49.5272 -7.26581 -6.77556
52.2382 -8.06981 -4.33556
54.6942 -6.19781 -6.39656
52.7912 -3.16781 -7.44256

49.8332 -2.91081 -5.27656
46.1322 -3.21581 -5.96256

45.9442 0.205193 -7.45156
48.7432 -0.360807 -9.94856
47.2882 -3.61581 -11.1686
43.7192 -2.42681 -11.3796
44.9982 0.117193 -13.8536
45.9242 -2.59781 -16.4196

42.3922 -2.23981 -17.6866

42.8642 -3.76081 -21.0736
44.9542 -6.69881 -19.9526
42.4452 -7.51781 -17.1636
39.6552 -7.68881 -19.6616
41.6372 -9.98481 -21.9296
42.4582 -12.2288 -19.0326
38.8552 -12.3038 -18.0506
38.0712 -13.2018 -21.5386

40.6962 -15.9418 -21.5636
42.6272 -14.3748 -24.4496
45.9392 -15.5918 -23.1546

48.2022 -14.6188 -26.0366
46.7252 -11.2438 -26.4416
46.9032 -10.3518 -22.7856
50.5472 -11.5188 -22.6946
51.3462 -9.10281 -25.4806
49.3652 -6.31081 -23.8146
51.0212 -6.83381 -20.4686
54.4922 -6.46281 -22.1086
53.6702 -2.91581 -23.1076
54.2922 -1.47881 -19.6826

56.8682 0.241193 -17.6096

56.6162 -2.82181 -15.4786
57.9182 -5.01081 -18.1366
60.6152 -2.56481 -19.2596
61.9572 -2.07781 -15.7396
61.9502 -5.68881 -14.5306

61.8582 -7.77781 -17.6716

62.9382 -11.1248 -16.3606
60.4972 -11.1038 -13.5666
57.6822 -9.66581 -15.7546
58.4122 -12.4198 -18.2796
58.0072 -15.1808 -15.7166
54.6562 -13.7878 -14.6656
53.4762 -13.2008 -18.2236
54.3892 -16.7808 -19.2166
52.4312 -18.0268 -16.2886
49.4002 -16.2098 -17.4866
49.9682 -17.3108 -20.9956
50.4412 -20.9848 -20.3076

48.7072 -21.5118 -17.1076
51.5692 -23.7848 -15.9256
54.5802 -23.1448 -13.6366
57.0792 -23.8488 -16.4126

58.7322 -20.3978 -16.0146
59.6872 -21.2638 -12.4656
60.6972 -24.9528 -12.6366

64.4832 -24.8258 -12.6836
64.7622 -21.6168 -10.5196

End chain 1
