36.887 -23.463 8.956
34.76 -20.902 10.706
34.477 -17.198 11.189

36.964 -17.128 14.061
39.617 -19.041 12.22
38.916 -16.953 9.158
39.302 -13.605 10.789
42.19 -14.84 12.785
44.013 -15.477 9.498
43.018 -12.034 8.052
43.819 -9.866 11.138

46.667 -11.773 12.722
47.514 -11.664 16.413
49.57 -8.806 18.102
50.066 -8.48 21.836
51.352 -4.91 21.69
49.663 -1.798 20.443
50.45 -1.367 16.785
49.448 0.755 13.823
47.162 -1.084 11.504
47.332 -0.454 7.847
45.314 2.936 7.988
47.723 4.167 10.708
45.249 3.604 13.564
46.062 2.098 16.866
45.084 -1.481 17.205
45.91 -4.534 19.228

45.084 -8.237 19.563
43.098 -9.676 16.642
42.161 -6.61 14.663

40.766 -4.755 17.691
40.723 -1.118 16.785
41.585 1.052 19.717
41.328 4.608 18.444
41.483 6.59 15.239
43.302 9.256 17.208
46.987 9.868 16.581
47.741 9.755 20.304
49.441 6.8 21.856

48.168 7.991 25.101
44.705 8.016 23.796
45.204 4.406 22.617
46.721 3.263 25.887
43.775 4.818 27.769
41.337 3.106 25.493
43.219 -0.084 25.932
43.078 -0.026 29.76
39.388 0.877 29.673
38.693 -2.057 27.36
40.739 -4.551 29.468

39.1789 -3.37495 32.6389
40.2 0.282351 32.7591
41.1969 2.69946 29.9552
38.626 5.32905 31.1808
35.8868 7.87971 32.2213
35.0452 8.97252 35.7095
35.797 5.32651 35.4356
36.6189 1.71982 35.115
37.4399 1.41733 38.9136
34.0737 3.02647 39.8711

32.0687 0.341789 41.6642
30.5589 2.90931 44.0245
29.5546 5.13713 41.114
27.8927 2.2219 39.33
25.9365 1.29902 42.4549
24.7325 4.87897 42.8758
23.5811 5.01965 39.2568
21.6606 1.76266 39.6399
19.9347 3.03673 42.7769
18.9153 6.25249 41.0268
17.4743 4.31325 38.0933
15.4623 2.08881 40.427
14.0553 5.11101 42.2518
13.025 6.73247 38.9727
11.2686 3.55741 37.8427
9.36887 3.32437 41.126
8.24127 6.94249 40.842
7.00888 6.38106 37.2911
5.03802 3.31152 38.3572
3.40925 5.22747 41.2066

4.37225 6.93047 37.9866
1.33125 7.27047 35.7506

3.49925 7.14047 32.6796
5.77025 4.25047 33.7596
3.38125 1.92047 35.3906
1.46025 0.945471 32.3376
4.67425 0.222471 30.4536
6.04125 -1.78653 33.2946
2.86425 -3.69553 33.5906
2.93625 -4.68553 29.9416

6.42525 -6.06753 29.9216
7.82725 -9.56253 30.5966
10.1113 -10.1705 33.5616

13.3683 -9.55153 31.8066
12.4003 -6.34253 30.2346
10.9063 -5.01953 33.4536
14.3883 -5.40953 34.8746
15.7703 -3.17153 32.0176
13.2043 -0.495529 32.8686
14.1603 -0.724529 36.5416
17.8553 -0.232529 35.5686
17.1433 3.01447 33.6556
15.0433 4.30747 36.4946
17.7543 3.50347 38.9346
20.2103 5.37547 36.8736
18.3073 8.40547 35.8276

15.3493 8.66247 37.9936
11.6483 8.35747 37.3076

11.4603 11.7785 35.8186
14.2593 11.2125 33.3216
12.8043 7.95747 32.1016
9.23525 9.14647 31.8906
10.5143 11.6905 29.4166
11.4403 8.97547 26.8506

7.90825 9.33347 25.5836

8.38025 7.81247 22.1966
10.4703 4.87447 23.3176
7.96125 4.05547 26.1066
5.17125 3.88447 23.6086
7.15325 1.58847 21.3406
7.97425 -0.655529 24.2376
4.37125 -0.730529 25.2196
3.58725 -1.62853 21.7316

6.21225 -4.36853 21.7066
8.14325 -2.80153 18.8206
11.4553 -4.01853 20.1156

13.7183 -3.04553 17.2336
12.2413 0.329471 16.8286
12.4193 1.22147 20.4846
16.0633 0.0544705 20.5756
16.8623 2.47047 17.7896
14.8813 5.26247 19.4556
16.5373 4.73947 22.8016
20.0083 5.11047 21.1616
19.1863 8.65747 20.1626
19.8083 10.0945 23.5876

22.3843 11.8145 25.6606

22.1323 8.75147 27.7916
23.4343 6.56247 25.1336
26.1313 9.00847 24.0106
27.4733 9.49547 27.5306
27.4663 5.88447 28.7396

27.3743 3.79547 25.5986

28.4543 0.448471 26.9096
26.0133 0.469471 29.7036
23.1983 1.90747 27.5156
23.9283 -0.846529 24.9906
23.5233 -3.60753 27.5536
20.1723 -2.21453 28.6046
18.9923 -1.62753 25.0466
19.9053 -5.20753 24.0536
17.9473 -6.45353 26.9816
14.9163 -4.63653 25.7836
15.4843 -5.73753 22.2746
15.9573 -9.41153 22.9626

14.2233 -9.93853 26.1626
17.0853 -12.2115 27.3446
20.0963 -11.5715 29.6336
22.5953 -12.2755 26.8576

24.2483 -8.82453 27.2556
25.2033 -9.69053 30.8046
26.2133 -13.3795 30.6336

29.9993 -13.2525 30.5866
30.2783 -10.0435 32.7506

End chain 1
