0 0 0
0 0 3.81176
-1.90563 -1.75284 6.66846

1.65842 -1.99399 7.9655
0.648666 -4.60299 10.5377
-1.10344 -6.68275 7.883
1.95679 -6.56471 5.63268
4.213 -7.68216 8.47938
1.91524 -10.6004 9.2838
1.88484 -11.7045 5.64747
5.67985 -11.5907 5.48038

8.52785 -13.4977 7.06438
9.37485 -13.3887 10.7554
11.4308 -10.5307 12.4444
11.9268 -10.2047 16.1784
13.2128 -6.63474 16.0324
11.5238 -3.52274 14.7854
12.3108 -3.09174 11.1274
11.3088 -0.969736 8.16538
9.02285 -2.80874 5.84638
9.19285 -2.17874 2.18938
7.17485 1.21126 2.33038
9.58385 2.44226 5.05038
7.10985 1.87926 7.90638
7.92285 0.373264 11.2084
6.94485 -3.20574 11.5474
7.77085 -6.25874 13.5704

6.94485 -9.96174 13.9054
4.95885 -11.4007 10.9844
4.02185 -8.33474 9.00538

2.62685 -6.47974 12.0334
2.58385 -2.84274 11.1274
3.44585 -0.672736 14.0594
3.18885 2.88326 12.7864
3.34385 4.86526 9.58138
5.16285 7.53126 11.5504
8.84785 8.14326 10.9234
9.60185 8.03026 14.6464
11.3018 5.07526 16.1984

10.0288 6.26626 19.4434
6.56585 6.29126 18.1384
7.06485 2.68126 16.9594
8.58185 1.53826 20.2294
5.63585 3.09326 22.1114
3.19785 1.38126 19.8354
5.07985 -1.80874 20.2744
4.93885 -1.75074 24.1024
1.24885 -0.847736 24.0154
0.553846 -3.78174 21.7024
2.59985 -6.27574 23.8104

1.80985 -5.03674 27.2174
5.36085 -4.51774 28.3574
8.58685 -2.58074 28.0784
10.0528 -4.29374 25.0014
12.8998 -2.16574 23.9204
11.9298 -2.89974 20.3234
12.4328 -6.64474 20.7124
9.87085 -9.40874 21.0884
9.78785 -13.0797 21.4264
8.57685 -15.6357 18.9414

5.53685 -16.3747 21.0424
4.69685 -12.6687 21.1704
5.13585 -12.4407 17.3304
2.62885 -15.1977 16.8754
0.113846 -13.8487 19.2444
0.0978462 -10.6137 17.2554
-0.165154 -12.6837 14.0724
-3.19815 -14.5317 15.3644
-4.89215 -11.3227 16.2764
-4.09315 -9.82074 12.9104
-5.40315 -12.7627 10.9354
-8.53115 -12.7227 12.9374
-8.97615 -9.06574 12.4804
-8.51615 -9.39274 8.67938
-11.1712 -12.0327 8.39238
-13.5992 -10.0677 10.5604
-12.9342 -6.86674 8.50038
-13.7922 -8.72574 5.31338
-17.0012 -10.0957 6.92938
-18.1982 -6.68074 7.93538

-17.2352 -4.97774 4.71538
-20.2762 -4.63774 2.47938

-18.1082 -4.76774 -0.59162
-15.8372 -7.65774 0.48838
-18.2262 -9.98774 2.11938
-20.1472 -10.9627 -0.93362
-16.9332 -11.6857 -2.81762
-15.5662 -13.6947 0.0233804
-18.7432 -15.6037 0.31938
-18.6712 -16.5937 -3.32962

-15.1822 -17.9757 -3.34962
-13.7802 -21.4707 -2.67462
-11.4962 -22.0787 0.29038

-8.23915 -21.4597 -1.46462
-9.20715 -18.2507 -3.03662
-10.7012 -16.9277 0.18238
-7.21915 -17.3177 1.60338
-5.83715 -15.0797 -1.25362
-8.40315 -12.4037 -0.40262
-7.44715 -12.6327 3.27038
-3.75215 -12.1407 2.29738
-4.46415 -8.89374 0.38438
-6.56415 -7.60074 3.22338
-3.85315 -8.40474 5.66338
-1.39715 -6.53274 3.60238
-3.30015 -3.50274 2.55638

-6.25815 -3.24574 4.72238
-9.95915 -3.55074 4.03638

-10.1472 -0.129736 2.54738
-7.34815 -0.695736 0.0503804
-8.80315 -3.95074 -1.16962
-12.3722 -2.76174 -1.38062
-11.0932 -0.217736 -3.85462
-10.1672 -2.93274 -6.42062

-13.6992 -2.57474 -7.68762

-13.2272 -4.09574 -11.0746
-11.1372 -7.03374 -9.95362
-13.6462 -7.85274 -7.16462
-16.4362 -8.02374 -9.66262
-14.4542 -10.3197 -11.9306
-13.6332 -12.5637 -9.03362
-17.2362 -12.6387 -8.05162
-18.0202 -13.5367 -11.5396

-15.3952 -16.2767 -11.5646
-13.4642 -14.7097 -14.4506
-10.1522 -15.9267 -13.1556

-7.88915 -14.9537 -16.0376
-9.36615 -11.5787 -16.4426
-9.18815 -10.6867 -12.7866
-5.54415 -11.8537 -12.6956
-4.74515 -9.43774 -15.4816
-6.72615 -6.64574 -13.8156
-5.07015 -7.16874 -10.4696
-1.59915 -6.79774 -12.1096
-2.42115 -3.25074 -13.1086
-1.79915 -1.81374 -9.68362

0.776846 -0.0937362 -7.61062

0.524846 -3.15674 -5.47962
1.82685 -5.34574 -8.13762
4.52385 -2.89974 -9.26062
5.86585 -2.41274 -5.74062
5.85885 -6.02374 -4.53162

5.76685 -8.11274 -7.67262

6.84685 -11.4597 -6.36162
4.40585 -11.4387 -3.56762
1.59085 -10.0007 -5.75562
2.32085 -12.7547 -8.28062
1.91585 -15.5157 -5.71762
-1.43515 -14.1227 -4.66662
-2.61515 -13.5357 -8.22462
-1.70215 -17.1157 -9.21762
-3.66015 -18.3617 -6.28962
-6.69115 -16.5447 -7.48762
-6.12315 -17.6457 -10.9966
-5.65015 -21.3197 -10.3086

-7.38415 -21.8467 -7.10862
-4.52215 -24.1197 -5.92662
-1.51115 -23.4797 -3.63762
0.987846 -24.1837 -6.41362

2.64085 -20.7327 -6.01562
3.59585 -21.5987 -2.46662
4.60585 -25.2877 -2.63762

8.39185 -25.1607 -2.68462
8.67085 -21.9517 -0.52062

End chain 1
