0 0 0
0 0 3.75663
-1.50424 -2.2618 6.33034

1.85534 -4.03395 6.45519
0.6814 -6.26608 9.29814
-2.47308 -7.19665 7.39389
-0.457624 -8.08548 4.29699
1.87709 -10.2893 6.33052
-1.06072 -12.1123 7.90812
-2.62354 -12.7427 4.50179
0.644335 -14.1371 3.15291

3.49233 -16.0441 4.73691
4.33933 -15.9351 8.42791
6.39533 -13.0771 10.1169
6.89133 -12.7511 13.8509
8.17733 -9.1811 13.7049
6.48833 -6.0691 12.4579
7.27533 -5.6381 8.79991
6.27333 -3.5161 5.83791
3.98733 -5.3551 3.51891
4.15733 -4.7251 -0.138093
2.13933 -1.3351 0.00290693
4.54833 -0.104095 2.72291
2.07433 -0.667095 5.57891
2.88733 -2.1731 8.88091
1.90933 -5.7521 9.21991
2.73533 -8.8051 11.2429

1.90933 -12.5081 11.5779
-0.0766654 -13.9471 8.65691
-1.01367 -10.8811 6.67791

-2.40867 -9.0261 9.70591
-2.45167 -5.3891 8.79991
-1.58967 -3.2191 11.7319
-1.84667 0.336905 10.4589
-1.69167 2.3189 7.25391
0.127335 4.9849 9.22291
3.81233 5.5969 8.59591
4.56633 5.4839 12.3189
6.26633 2.5289 13.8709

4.99333 3.7199 17.1159
1.53033 3.7449 15.8109
2.02933 0.134905 14.6319
3.54633 -1.0081 17.9019
0.600335 0.546905 19.7839
-1.83767 -1.1651 17.5079
0.0443346 -4.3551 17.9469
-0.0966654 -4.2971 21.7749
-3.78667 -3.3941 21.6879
-4.48167 -6.3281 19.3749
-2.43567 -8.8221 21.4829

-3.22567 -7.5831 24.8899
0.325335 -7.0641 26.0299
3.55133 -5.1271 25.7509
5.01733 -6.8401 22.6739
7.86433 -4.7121 21.5929
6.89433 -5.4461 17.9959
7.39733 -9.1911 18.3849
4.83533 -11.9551 18.7609
4.75233 -15.6261 19.0989
3.54133 -18.1821 16.6139

0.501335 -18.9211 18.7149
-0.338665 -15.2151 18.8429
0.100335 -14.9871 15.0029
-2.40667 -17.7441 14.5479
-4.92167 -16.3951 16.9169
-4.93767 -13.1601 14.9279
-5.20067 -15.2301 11.7449
-8.23367 -17.0781 13.0369
-9.92767 -13.8691 13.9489
-9.12867 -12.3671 10.5829
-10.4387 -15.3091 8.60791
-13.5667 -15.2691 10.6099
-14.0117 -11.6121 10.1529
-13.5517 -11.9391 6.35191
-16.2067 -14.5791 6.06491
-18.6347 -12.6141 8.23291
-17.9697 -9.4131 6.17291
-18.8277 -11.2721 2.98591
-22.0367 -12.6421 4.60191
-23.2337 -9.2271 5.60791

-22.2707 -7.5241 2.38791
-25.3117 -7.1841 0.151907

-23.1437 -7.3141 -2.91909
-20.8727 -10.2041 -1.83909
-23.2617 -12.5341 -0.208093
-25.1827 -13.5091 -3.26109
-21.9687 -14.2321 -5.14509
-20.6017 -16.2411 -2.30409
-23.7787 -18.1501 -2.00809
-23.7067 -19.1401 -5.65709

-20.2177 -20.5221 -5.67709
-18.8157 -24.0171 -5.00209
-16.5317 -24.6251 -2.03709

-13.2747 -24.0061 -3.79209
-14.2427 -20.7971 -5.36409
-15.7367 -19.4741 -2.14509
-12.2547 -19.8641 -0.724093
-10.8727 -17.6261 -3.58109
-13.4387 -14.9501 -2.73009
-12.4827 -15.1791 0.942907
-8.78767 -14.6871 -0.0300931
-9.49967 -11.4401 -1.94309
-11.5997 -10.1471 0.895907
-8.88867 -10.9511 3.33591
-6.43267 -9.0791 1.27491
-8.33567 -6.0491 0.228907

-11.2937 -5.7921 2.39491
-14.9947 -6.0971 1.70891

-15.1827 -2.6761 0.219907
-12.3837 -3.2421 -2.27709
-13.8387 -6.4971 -3.49709
-17.4077 -5.3081 -3.70809
-16.1287 -2.7641 -6.18209
-15.2027 -5.4791 -8.74809

-18.7347 -5.1211 -10.0151

-18.2627 -6.6421 -13.4021
-16.1727 -9.5801 -12.2811
-18.6817 -10.3991 -9.49209
-21.4717 -10.5701 -11.9901
-19.4897 -12.8661 -14.2581
-18.6687 -15.1101 -11.3611
-22.2717 -15.1851 -10.3791
-23.0557 -16.0831 -13.8671

-20.4307 -18.8231 -13.8921
-18.4997 -17.2561 -16.7781
-15.1877 -18.4731 -15.4831

-12.9247 -17.5001 -18.3651
-14.4017 -14.1251 -18.7701
-14.2237 -13.2331 -15.1141
-10.5797 -14.4001 -15.0231
-9.78067 -11.9841 -17.8091
-11.7617 -9.1921 -16.1431
-10.1057 -9.7151 -12.7971
-6.63467 -9.3441 -14.4371
-7.45667 -5.7971 -15.4361
-6.83467 -4.3601 -12.0111

-4.25867 -2.6401 -9.93809

-4.51067 -5.7031 -7.80709
-3.20867 -7.8921 -10.4651
-0.511665 -5.4461 -11.5881
0.830335 -4.9591 -8.06809
0.823335 -8.5701 -6.85909

0.731335 -10.6591 -10.0001

1.81133 -14.0061 -8.68909
-0.629665 -13.9851 -5.89509
-3.44467 -12.5471 -8.08309
-2.71467 -15.3011 -10.6081
-3.11967 -18.0621 -8.04509
-6.47067 -16.6691 -6.99409
-7.65067 -16.0821 -10.5521
-6.73767 -19.6621 -11.5451
-8.69567 -20.9081 -8.61709
-11.7267 -19.0911 -9.81509
-11.1587 -20.1921 -13.3241
-10.6857 -23.8661 -12.6361

-12.4197 -24.3931 -9.43609
-9.55767 -26.6661 -8.25409
-6.54667 -26.0261 -5.96509
-4.04767 -26.7301 -8.74109

-2.39467 -23.2791 -8.34309
-1.43967 -24.1451 -4.79409
-0.429665 -27.8341 -4.96509

3.35633 -27.7071 -5.01209
3.63533 -24.4981 -2.84809

End chain 1
