36.887 -23.463 8.956
34.76 -20.902 10.706
34.477 -17.198 11.189

36.964 -17.128 14.061
39.617 -19.041 12.22
38.916 -16.953 9.158
39.302 -13.605 10.789
42.19 -14.84 12.785
44.013 -15.477 9.498
43.018 -12.034 8.052
43.819 -9.866 11.138

46.667 -11.773 12.722
47.514 -11.664 16.413
49.57 -8.806 18.102
50.066 -8.48 21.836
51.352 -4.91 21.69
49.663 -1.798 20.443
50.45 -1.367 16.785
49.448 0.755 13.823
47.162 -1.084 11.504
47.332 -0.454 7.847
45.314 2.936 7.988
47.723 4.167 10.708
45.249 3.604 13.564
46.062 2.098 16.866
45.084 -1.481 17.205
45.91 -4.534 19.228

45.084 -8.237 19.563
43.098 -9.676 16.642
42.161 -6.61 14.663

45.9279 -6.23824 15.0256
49.7219 -6.48565 14.8936
52.8053 -7.48673 12.8519
53.6776 -3.77281 12.8812
53.0611 -2.38163 16.3882
50.0728 -0.794333 14.8325
48.4816 -2.95454 12.1004
49.9581 -4.78803 9.18056
48.1617 -4.34926 5.74784

51.3318 -2.80143 4.33434
53.4348 -4.35091 7.09464
51.9249 -7.77903 6.45351
52.643 -7.50617 2.73157
56.258 -6.54392 3.40104
56.7142 -9.50418 5.7402
55.2885 -11.8934 3.15141
57.6263 -10.5436 0.476469
60.6367 -10.9663 2.75715
59.6674 -14.5585 3.53157
59.3044 -15.3596 -0.165615

58.5144 -14.1206 3.24139
62.0654 -13.6016 4.38139
65.2914 -11.6646 4.10239
66.7574 -13.3776 1.02539
69.6044 -11.2496 -0.0556149
68.6344 -11.9836 -3.65261
69.1374 -15.7286 -3.26361
66.5754 -18.4926 -2.88761
66.4924 -22.1636 -2.54961
65.2814 -24.7196 -5.03461

62.2414 -25.4586 -2.93361
61.4014 -21.7526 -2.80561
61.8404 -21.5246 -6.64561
59.3334 -24.2816 -7.10061
56.8184 -22.9326 -4.73161
56.8024 -19.6976 -6.72061
56.5394 -21.7676 -9.90361
53.5064 -23.6156 -8.61161
51.8124 -20.4066 -7.69961
52.6114 -18.9046 -11.0656
51.3014 -21.8466 -13.0406
48.1734 -21.8066 -11.0386
47.7284 -18.1496 -11.4956
48.1884 -18.4766 -15.2966
45.5334 -21.1166 -15.5836
43.1054 -19.1516 -13.4156
43.7704 -15.9506 -15.4756
42.9124 -17.8096 -18.6626
39.7034 -19.1796 -17.0466
38.5064 -15.7646 -16.0406

39.4694 -14.0616 -19.2606
36.4284 -13.7216 -21.4966

38.5964 -13.8516 -24.5676
40.8674 -16.7416 -23.4876
38.4784 -19.0716 -21.8566
36.5574 -20.0466 -24.9096
39.7714 -20.7696 -26.7936
41.1384 -22.7786 -23.9526
37.9614 -24.6876 -23.6566
38.0334 -25.6776 -27.3056

41.5224 -27.0596 -27.3256
42.9244 -30.5546 -26.6506
45.2084 -31.1626 -23.6856

48.4654 -30.5436 -25.4406
47.4974 -27.3346 -27.0126
46.0034 -26.0116 -23.7936
49.4854 -26.4016 -22.3726
50.8674 -24.1636 -25.2296
48.3014 -21.4876 -24.3786
49.2574 -21.7166 -20.7056
52.9524 -21.2246 -21.6786
52.2404 -17.9776 -23.5916
50.1404 -16.6846 -20.7526
52.8514 -17.4886 -18.3126
55.3074 -15.6166 -20.3736
53.4044 -12.5866 -21.4196

50.4464 -12.3296 -19.2536
46.7454 -12.6346 -19.9396

46.5574 -9.21363 -21.4286
49.3564 -9.77963 -23.9256
47.9014 -13.0346 -25.1456
44.3324 -11.8456 -25.3566
45.6114 -9.30163 -27.8306
46.5374 -12.0166 -30.3966

43.0054 -11.6586 -31.6636

43.4774 -13.1796 -35.0506
45.5674 -16.1176 -33.9296
43.0584 -16.9366 -31.1406
40.2684 -17.1076 -33.6386
42.2504 -19.4036 -35.9066
43.0714 -21.6476 -33.0096
39.4684 -21.7226 -32.0276
38.6844 -22.6206 -35.5156

41.3094 -25.3606 -35.5406
43.2404 -23.7936 -38.4266
46.5524 -25.0106 -37.1316

48.8154 -24.0376 -40.0136
47.3384 -20.6626 -40.4186
47.5164 -19.7706 -36.7626
51.1604 -20.9376 -36.6716
51.9594 -18.5216 -39.4576
49.9784 -15.7296 -37.7916
51.6344 -16.2526 -34.4456
55.1054 -15.8816 -36.0856
54.2834 -12.3346 -37.0846
54.9054 -10.8976 -33.6596

57.4814 -9.17763 -31.5866

57.2294 -12.2406 -29.4556
58.5314 -14.4296 -32.1136
61.2284 -11.9836 -33.2366
62.5704 -11.4966 -29.7166
62.5634 -15.1076 -28.5076

62.4714 -17.1966 -31.6486

63.5514 -20.5436 -30.3376
61.1104 -20.5226 -27.5436
58.2954 -19.0846 -29.7316
59.0254 -21.8386 -32.2566
58.6204 -24.5996 -29.6936
55.2694 -23.2066 -28.6426
54.0894 -22.6196 -32.2006
55.0024 -26.1996 -33.1936
53.0444 -27.4456 -30.2656
50.0134 -25.6286 -31.4636
50.5814 -26.7296 -34.9726
51.0544 -30.4036 -34.2846

49.3204 -30.9306 -31.0846
52.1824 -33.2036 -29.9026
55.1934 -32.5636 -27.6136
57.6924 -33.2676 -30.3896

59.3454 -29.8166 -29.9916
60.3004 -30.6826 -26.4426
61.3104 -34.3716 -26.6136

65.0964 -34.2446 -26.6606
65.3754 -31.0356 -24.4966

End chain 1
