36.887 -23.463 8.956
34.76 -20.902 10.706
34.477 -17.198 11.189

36.964 -17.128 14.061
39.617 -19.041 12.22
38.916 -16.953 9.158
39.302 -13.605 10.789
42.19 -14.84 12.785
44.013 -15.477 9.498
43.018 -12.034 8.052
43.819 -9.866 11.138

46.667 -11.773 12.722
47.514 -11.664 16.413
49.57 -8.806 18.102
50.066 -8.48 21.836
51.352 -4.91 21.69
49.663 -1.798 20.443
50.45 -1.367 16.785
49.448 0.755 13.823
47.162 -1.084 11.504
47.332 -0.454 7.847
45.314 2.936 7.988
47.723 4.167 10.708
45.249 3.604 13.564
46.062 2.098 16.866
45.084 -1.481 17.205
45.91 -4.534 19.228

45.084 -8.237 19.563
43.098 -9.676 16.642
42.161 -6.61 14.663

40.766 -4.755 17.691
40.723 -1.118 16.785
41.585 1.052 19.717
41.328 4.608 18.444
41.483 6.59 15.239
43.302 9.256 17.208
46.987 9.868 16.581
47.741 9.755 20.304
49.441 6.8 21.856

48.168 7.991 25.101
44.705 8.016 23.796
45.204 4.406 22.617
46.721 3.263 25.887
43.775 4.818 27.769
41.337 3.106 25.493
43.219 -0.084 25.932
43.078 -0.026 29.76
39.388 0.877 29.673
38.693 -2.057 27.36
40.739 -4.551 29.468

40.6692 -3.22838 33.1227
42.4112 -0.623634 35.4009
45.6818 -0.456571 37.224
46.541 -3.97908 36.2814
43.6442 -5.66993 38.2404
40.2198 -6.02261 36.7695
38.44 -4.05462 39.5215
35.8337 -2.76353 41.9029
33.5103 -0.899666 39.4485
31.3665 -2.48159 36.7458

29.9927 -1.82245 33.2643
27.5456 0.753821 34.6124
30.3185 2.54451 36.4958
32.4873 2.6705 33.3776
29.6302 4.11701 31.3313
28.9922 6.80388 33.9421
32.6671 7.77167 33.9846
32.7369 8.05149 30.1952
29.6524 10.2715 30.2055
31.1864 12.556 32.8267
34.3908 12.8796 30.8092
32.4398 13.7688 27.6713
30.4751 16.4371 29.5322
33.6701 17.9682 30.9071
35.2209 18.0855 27.4395
32.1402 19.7944 26.014
32.1922 22.4056 28.7747
35.8688 23.1353 28.1483
35.2482 23.5673 24.4239
32.3837 25.9765 25.0822

33.3467 27.6795 21.8622
30.3057 28.0195 19.6262

32.4737 27.8895 16.5552
34.7447 24.9995 17.6352
32.3557 22.6695 19.2662
30.4347 21.6945 16.2132
33.6487 20.9715 14.3292
35.0157 18.9625 17.1702
31.8387 17.0535 17.4662
31.9107 16.0635 13.8172

35.3997 14.6815 13.7972
36.8017 11.1865 14.4722
39.0857 10.5785 17.4372

42.3427 11.1975 15.6822
41.3747 14.4065 14.1102
39.8807 15.7295 17.3292
43.3627 15.3395 18.7502
44.7447 17.5775 15.8932
42.1787 20.2535 16.7442
43.1347 20.0245 20.4172
46.8297 20.5165 19.4442
46.1177 23.7635 17.5312
44.0177 25.0565 20.3702
46.7287 24.2525 22.8102
49.1847 26.1245 20.7492
47.2817 29.1545 19.7032

44.3237 29.4115 21.8692
40.6227 29.1065 21.1832

40.4347 32.5275 19.6942
43.2337 31.9615 17.1972
41.7787 28.7065 15.9772
38.2097 29.8955 15.7662
39.4887 32.4395 13.2922
40.4147 29.7245 10.7262

36.8827 30.0825 9.45922

37.3547 28.5615 6.07222
39.4447 25.6235 7.19322
36.9357 24.8045 9.98222
34.1457 24.6335 7.48422
36.1277 22.3375 5.21622
36.9487 20.0935 8.11322
33.3457 20.0185 9.09522
32.5617 19.1205 5.60722

35.1867 16.3805 5.58222
37.1177 17.9475 2.69622
40.4297 16.7305 3.99122

42.6927 17.7035 1.10922
41.2157 21.0785 0.704217
41.3937 21.9705 4.36022
45.0377 20.8035 4.45122
45.8367 23.2195 1.66522
43.8557 26.0115 3.33122
45.5117 25.4885 6.67722
48.9827 25.8595 5.03722
48.1607 29.4065 4.03822
48.7827 30.8435 7.46322

51.3587 32.5635 9.53622

51.1067 29.5005 11.6672
52.4087 27.3115 9.00922
55.1057 29.7575 7.88622
56.4477 30.2445 11.4062
56.4407 26.6335 12.6152

56.3487 24.5445 9.47422

57.4287 21.1975 10.7852
54.9877 21.2185 13.5792
52.1727 22.6565 11.3912
52.9027 19.9025 8.86622
52.4977 17.1415 11.4292
49.1467 18.5345 12.4802
47.9667 19.1215 8.92222
48.8797 15.5415 7.92922
46.9217 14.2955 10.8572
43.8907 16.1125 9.65922
44.4587 15.0115 6.15022
44.9317 11.3375 6.83822

43.1977 10.8105 10.0382
46.0597 8.53749 11.2202
49.0707 9.17749 13.5092
51.5697 8.47349 10.7332

53.2227 11.9245 11.1312
54.1777 11.0585 14.6802
55.1877 7.36949 14.5092

58.9737 7.49649 14.4622
59.2527 10.7055 16.6262

End chain 1
