36.887 -23.463 8.956
34.76 -20.902 10.706
34.477 -17.198 11.189

36.964 -17.128 14.061
39.617 -19.041 12.22
38.916 -16.953 9.158
39.302 -13.605 10.789
42.19 -14.84 12.785
44.013 -15.477 9.498
43.018 -12.034 8.052
43.819 -9.866 11.138

46.667 -11.773 12.722
47.514 -11.664 16.413
49.57 -8.806 18.102
50.066 -8.48 21.836
51.352 -4.91 21.69
49.663 -1.798 20.443
50.45 -1.367 16.785
49.448 0.755 13.823
47.162 -1.084 11.504
47.332 -0.454 7.847
45.314 2.936 7.988
47.723 4.167 10.708
45.249 3.604 13.564
46.062 2.098 16.866
45.084 -1.481 17.205
45.91 -4.534 19.228

45.084 -8.237 19.563
43.098 -9.676 16.642
42.161 -6.61 14.663

40.766 -4.755 17.691
40.723 -1.118 16.785
41.585 1.052 19.717
41.328 4.608 18.444
41.483 6.59 15.239
43.302 9.256 17.208
46.987 9.868 16.581
47.741 9.755 20.304
49.441 6.8 21.856

48.168 7.991 25.101
44.705 8.016 23.796
45.204 4.406 22.617
46.721 3.263 25.887
43.775 4.818 27.769
41.337 3.106 25.493
43.219 -0.084 25.932
43.078 -0.026 29.76
39.388 0.877 29.673
38.693 -2.057 27.36
40.739 -4.551 29.468

39.949 -3.312 32.875
43.5 -2.793 34.015
46.726 -0.856 33.736
48.192 -2.569 30.659
51.039 -0.441 29.578
50.069 -1.175 25.981
50.572 -4.92 26.37
48.01 -7.684 26.746
47.927 -11.355 27.084
46.716 -13.911 24.599

43.676 -14.65 26.7
42.836 -10.944 26.828
43.275 -10.716 22.988
40.768 -13.473 22.533
38.253 -12.124 24.902
38.237 -8.889 22.913
37.974 -10.959 19.73
34.941 -12.807 21.022
33.247 -9.598 21.934
34.046 -8.096 18.568
32.736 -11.038 16.593
29.608 -10.998 18.595
29.163 -7.341 18.138
29.623 -7.668 14.337
26.968 -10.308 14.05
24.54 -8.343 16.218
25.205 -5.142 14.158
24.347 -7.001 10.971
21.138 -8.371 12.587
19.941 -4.956 13.593

20.904 -3.253 10.373
17.863 -2.913 8.137

20.031 -3.043 5.066
22.302 -5.933 6.146
19.913 -8.263 7.777
17.992 -9.238 4.724
21.206 -9.961 2.84
22.573 -11.97 5.681
19.396 -13.879 5.977
19.468 -14.869 2.328

22.957 -16.251 2.308
24.359 -19.746 2.983
26.643 -20.354 5.948

29.9 -19.735 4.193
28.932 -16.526 2.621
27.438 -15.203 5.84
30.92 -15.593 7.261
32.302 -13.355 4.404
29.736 -10.679 5.255
30.692 -10.908 8.928
34.387 -10.416 7.955
33.675 -7.169 6.042
31.575 -5.876 8.881
34.286 -6.68 11.321
36.742 -4.808 9.26
34.839 -1.778 8.214

31.881 -1.521 10.38
28.18 -1.826 9.694

27.992 1.595 8.205
30.791 1.029 5.708
29.336 -2.226 4.488
25.767 -1.037 4.277
27.046 1.507 1.803
27.972 -1.208 -0.763

26.7545 -4.65656 0.0722312

23.3216 -3.51618 -1.09299
23.1086 -0.965446 1.71615
26.5394 0.42021 0.848604
25.5794 0.769899 -2.81186
22.3866 2.61755 -1.89817
24.302 5.01983 0.338602
26.8088 5.74591 -2.42394
24.0173 6.456 -4.9031

26.6423 3.716 -4.9281
28.5733 5.283 -7.8141
31.8853 4.066 -6.5191

34.1483 5.039 -9.4011
32.6713 8.414 -9.8061
32.8493 9.306 -6.1501
36.4933 8.139 -6.0591
37.2923 10.555 -8.8451
35.3113 13.347 -7.1791
36.9673 12.824 -3.8331
40.4383 13.195 -5.4731
39.6163 16.742 -6.4721
40.2383 18.179 -3.0471

42.8143 19.899 -0.974101

42.5623 16.836 1.1569
43.8643 14.647 -1.5011
46.5613 17.093 -2.6241
47.9033 17.58 0.895899
47.8963 13.969 2.1049

47.8043 11.88 -1.0361

48.8843 8.533 0.274899
46.4433 8.554 3.0689
43.6283 9.992 0.880899
44.3583 7.238 -1.6441
43.9533 4.477 0.918899
40.6023 5.87 1.9699
39.4223 6.457 -1.5881
40.3353 2.877 -2.5811
38.3773 1.631 0.346899
35.3463 3.448 -0.851101
35.9143 2.347 -4.3601
36.3873 -1.327 -3.6721

34.6533 -1.854 -0.472101
37.5153 -4.127 0.709899
40.5263 -3.487 2.9989
43.0253 -4.191 0.222899

44.6783 -0.739997 0.620899
45.6333 -1.606 4.1699
46.6433 -5.295 3.9989

50.4293 -5.168 3.9519
50.7083 -1.959 6.1159

End chain 1
