36.887 -23.463 8.956
34.76 -20.902 10.706
34.477 -17.198 11.189

36.964 -17.128 14.061
39.617 -19.041 12.22
38.916 -16.953 9.158
39.302 -13.605 10.789
42.19 -14.84 12.785
44.013 -15.477 9.498
43.018 -12.034 8.052
43.819 -9.866 11.138

46.667 -11.773 12.722
47.514 -11.664 16.413
49.57 -8.806 18.102
50.066 -8.48 21.836
51.352 -4.91 21.69
49.663 -1.798 20.443
50.45 -1.367 16.785
49.448 0.755 13.823
47.162 -1.084 11.504
47.332 -0.454 7.847
45.314 2.936 7.988
47.723 4.167 10.708
45.249 3.604 13.564
46.062 2.098 16.866
45.084 -1.481 17.205
45.91 -4.534 19.228

45.084 -8.237 19.563
43.098 -9.676 16.642
42.161 -6.61 14.663

40.766 -4.755 17.691
40.723 -1.118 16.785
41.585 1.052 19.717
41.328 4.608 18.444
41.483 6.59 15.239
43.302 9.256 17.208
46.987 9.868 16.581
47.741 9.755 20.304
49.441 6.8 21.856

48.168 7.991 25.101
44.705 8.016 23.796
45.204 4.406 22.617
46.721 3.263 25.887
43.775 4.818 27.769
41.337 3.106 25.493
43.219 -0.084 25.932
43.078 -0.026 29.76
39.388 0.877 29.673
38.693 -2.057 27.36
40.739 -4.551 29.468

38.3852 -3.49894 32.3868
35.6885 -2.38243 34.6868
32.4478 -2.87334 36.7134
35.0225 -4.11811 39.2651
37.3962 -2.53425 41.8935
34.3568 -3.8932 43.8962
36.42 -4.42445 47.0688
37.0775 -4.77712 50.834
39.3272 -1.82737 50.705
39.4287 0.991438 48.2369

35.6784 0.791557 47.6553
35.0079 3.19322 50.5232
37.5364 5.68091 49.1591
35.9572 5.53942 45.7052
32.4988 6.15675 47.155
33.7521 9.15943 49.1187
35.3704 10.6368 46.0137
32.1599 10.2189 44.0235
30.1359 11.9354 46.7438
32.5595 14.8612 46.8357
32.3674 15.2642 43.0616
28.5683 15.2684 43.1583
28.5439 17.9237 45.877
30.9136 20.1258 43.8825
28.7393 19.8224 40.7804
25.631 20.7774 42.7475
27.3669 23.8334 44.1933
28.4801 24.956 40.7374
24.9492 24.5988 39.3779
23.5333 26.6505 42.2464

24.4963 28.3535 39.0264
21.4553 28.6935 36.7904

23.6233 28.5635 33.7194
25.8943 25.6735 34.7994
23.5053 23.3435 36.4304
21.5843 22.3685 33.3774
24.7983 21.6455 31.4934
26.1653 19.6365 34.3344
22.9883 17.7275 34.6304
23.0603 16.7375 30.9814

26.5493 15.3555 30.9614
27.9513 11.8605 31.6364
30.2353 11.2525 34.6014

33.4923 11.8715 32.8464
32.5243 15.0805 31.2744
31.0303 16.4035 34.4934
34.5123 16.0135 35.9144
35.8943 18.2515 33.0574
33.3283 20.9275 33.9084
34.2843 20.6985 37.5814
37.9793 21.1905 36.6084
37.2673 24.4375 34.6954
35.1673 25.7305 37.5344
37.8783 24.9265 39.9744
40.3343 26.7985 37.9134
38.4313 29.8285 36.8674

35.4733 30.0855 39.0334
31.7723 29.7805 38.3474

31.5843 33.2015 36.8584
34.3833 32.6355 34.3614
32.9283 29.3805 33.1414
29.3593 30.5695 32.9304
30.6383 33.1135 30.4564
31.5643 30.3985 27.8904

28.0323 30.7565 26.6234

28.5043 29.2355 23.2364
30.5943 26.2975 24.3574
28.0853 25.4785 27.1464
25.2953 25.3075 24.6484
27.2773 23.0115 22.3804
28.0983 20.7675 25.2774
24.4953 20.6925 26.2594
23.7113 19.7945 22.7714

26.3363 17.0545 22.7464
28.2673 18.6215 19.8604
31.5793 17.4045 21.1554

33.8423 18.3775 18.2734
32.3653 21.7525 17.8684
32.5433 22.6445 21.5244
36.1873 21.4775 21.6154
36.9863 23.8935 18.8294
35.0053 26.6855 20.4954
36.6613 26.1625 23.8414
40.1323 26.5335 22.2014
39.3103 30.0805 21.2024
39.9323 31.5175 24.6274

42.5083 33.2375 26.7004

42.2563 30.1745 28.8314
43.5583 27.9855 26.1734
46.2553 30.4315 25.0504
47.5973 30.9185 28.5704
47.5903 27.3075 29.7794

47.4983 25.2185 26.6384

48.5783 21.8715 27.9494
46.1373 21.8925 30.7434
43.3223 23.3305 28.5554
44.0523 20.5765 26.0304
43.6473 17.8155 28.5934
40.2963 19.2085 29.6444
39.1163 19.7955 26.0864
40.0293 16.2155 25.0934
38.0713 14.9695 28.0214
35.0403 16.7865 26.8234
35.6083 15.6855 23.3144
36.0813 12.0115 24.0024

34.3473 11.4845 27.2024
37.2093 9.21153 28.3844
40.2203 9.85153 30.6734
42.7193 9.14753 27.8974

44.3723 12.5985 28.2954
45.3273 11.7325 31.8444
46.3373 8.04353 31.6734

50.1233 8.17053 31.6264
50.4023 11.3795 33.7904

End chain 1
