36.887 -23.463 8.956
34.76 -20.902 10.706
34.477 -17.198 11.189

36.964 -17.128 14.061
39.617 -19.041 12.22
38.916 -16.953 9.158
39.302 -13.605 10.789
42.19 -14.84 12.785
44.013 -15.477 9.498
43.018 -12.034 8.052
43.819 -9.866 11.138

46.667 -11.773 12.722
47.514 -11.664 16.413
49.57 -8.806 18.102
50.066 -8.48 21.836
51.352 -4.91 21.69
49.663 -1.798 20.443
50.45 -1.367 16.785
49.448 0.755 13.823
47.162 -1.084 11.504
47.332 -0.454 7.847
45.314 2.936 7.988
47.723 4.167 10.708
45.249 3.604 13.564
46.062 2.098 16.866
45.084 -1.481 17.205
45.91 -4.534 19.228

45.084 -8.237 19.563
43.098 -9.676 16.642
42.161 -6.61 14.663

40.766 -4.755 17.691
40.723 -1.118 16.785
41.585 1.052 19.717
41.328 4.608 18.444
41.483 6.59 15.239
43.302 9.256 17.208
46.987 9.868 16.581
47.741 9.755 20.304
49.441 6.8 21.856

48.168 7.991 25.101
44.705 8.016 23.796
45.204 4.406 22.617
46.721 3.263 25.887
43.775 4.818 27.769
41.337 3.106 25.493
43.219 -0.084 25.932
43.078 -0.026 29.76
39.388 0.877 29.673
38.693 -2.057 27.36
40.739 -4.551 29.468

39.949 -3.312 32.875
43.5 -2.793 34.015
46.726 -0.856 33.736
48.192 -2.569 30.659
51.039 -0.441 29.578
50.069 -1.175 25.981
50.572 -4.92 26.37
48.01 -7.684 26.746
47.927 -11.355 27.084
46.716 -13.911 24.599

43.676 -14.65 26.7
42.836 -10.944 26.828
43.275 -10.716 22.988
40.768 -13.473 22.533
38.253 -12.124 24.902
38.237 -8.889 22.913
37.974 -10.959 19.73
34.941 -12.807 21.022
33.247 -9.598 21.934
34.046 -8.096 18.568
32.736 -11.038 16.593
29.608 -10.998 18.595
29.163 -7.341 18.138
29.623 -7.668 14.337
26.968 -10.308 14.05
24.54 -8.343 16.218
25.205 -5.142 14.158
24.347 -7.001 10.971
21.138 -8.371 12.587
19.941 -4.956 13.593

20.8291 -3.37716 10.2035
24.4334 -2.85441 11.0701

28.0659 -2.13425 11.9239
28.0582 -4.79882 14.6337
26.6008 -7.3661 12.2404
29.2495 -6.57992 9.63091
32.0284 -6.96861 12.194
30.6594 -10.3332 13.3111
30.493 -11.5667 9.72031
34.0881 -10.5091 9.08827

37.5771 -11.8911 9.06827
38.9791 -15.3861 9.74327
41.2631 -15.9941 12.7083

44.5201 -15.3751 10.9533
43.5521 -12.1661 9.38127
42.0581 -10.8431 12.6003
45.5401 -11.2331 14.0213
46.9221 -8.99507 11.1643
44.3561 -6.31907 12.0153
45.3121 -6.54807 15.6883
49.0071 -6.05607 14.7153
48.2951 -2.80907 12.8023
46.1951 -1.51607 15.6413
48.9061 -2.32007 18.0813
51.3621 -0.448074 16.0203
49.4591 2.58193 14.9743

46.5011 2.83893 17.1403
42.8001 2.53393 16.4543

42.6121 5.95493 14.9653
45.4111 5.38893 12.4683
43.9561 2.13393 11.2483
40.3871 3.32293 11.0373
41.6661 5.86693 8.56327
42.5921 3.15193 5.99727

39.0601 3.50993 4.73027

39.5321 1.98893 1.34327
41.6221 -0.949074 2.46427
39.1131 -1.76807 5.25327
36.3231 -1.93907 2.75527
38.3051 -4.23507 0.487273
39.1261 -6.47907 3.38427
35.5231 -6.55407 4.36627
34.7391 -7.45207 0.878273

37.3641 -10.1921 0.853273
39.2951 -8.62507 -2.03273
42.6071 -9.84207 -0.737727

44.8701 -8.86907 -3.61973
43.3931 -5.49407 -4.02473
43.5711 -4.60207 -0.368727
47.2151 -5.76907 -0.277727
48.0141 -3.35307 -3.06373
46.0331 -0.561074 -1.39773
47.6891 -1.08407 1.94827
51.1601 -0.713074 0.308273
50.3381 2.83393 -0.690727
50.9601 4.27093 2.73427

53.5361 5.99093 4.80727

53.2841 2.92793 6.93827
54.5861 0.738926 4.28027
57.2831 3.18493 3.15727
58.6251 3.67193 6.67727
58.6181 0.0609263 7.88627

58.5261 -2.02807 4.74527

59.6061 -5.37507 6.05627
57.1651 -5.35407 8.85027
54.3501 -3.91607 6.66227
55.0801 -6.67007 4.13727
54.6751 -9.43107 6.70027
51.3241 -8.03807 7.75127
50.1441 -7.45107 4.19327
51.0571 -11.0311 3.20027
49.0991 -12.2771 6.12827
46.0681 -10.4601 4.93027
46.6361 -11.5611 1.42127
47.1091 -15.2351 2.10927

45.3751 -15.7621 5.30927
48.2371 -18.0351 6.49127
51.2481 -17.3951 8.78027
53.7471 -18.0991 6.00427

55.4001 -14.6481 6.40227
56.3551 -15.5141 9.95127
57.3651 -19.2031 9.78027

61.1511 -19.0761 9.73327
61.4301 -15.8671 11.8973

End chain 1
