36.887 -23.463 8.956
34.76 -20.902 10.706
34.477 -17.198 11.189

36.964 -17.128 14.061
39.617 -19.041 12.22
38.916 -16.953 9.158
39.302 -13.605 10.789
42.19 -14.84 12.785
44.013 -15.477 9.498
43.018 -12.034 8.052
43.819 -9.866 11.138

46.667 -11.773 12.722
47.514 -11.664 16.413
49.57 -8.806 18.102
50.066 -8.48 21.836
51.352 -4.91 21.69
49.663 -1.798 20.443
50.45 -1.367 16.785
49.448 0.755 13.823
47.162 -1.084 11.504
47.332 -0.454 7.847
45.314 2.936 7.988
47.723 4.167 10.708
45.249 3.604 13.564
46.062 2.098 16.866
45.084 -1.481 17.205
45.91 -4.534 19.228

45.084 -8.237 19.563
43.098 -9.676 16.642
42.161 -6.61 14.663

40.766 -4.755 17.691
40.723 -1.118 16.785
41.585 1.052 19.717
41.328 4.608 18.444
41.483 6.59 15.239
43.302 9.256 17.208
46.987 9.868 16.581
47.741 9.755 20.304
49.441 6.8 21.856

48.168 7.991 25.101
44.705 8.016 23.796
45.204 4.406 22.617
46.721 3.263 25.887
43.775 4.818 27.769
41.337 3.106 25.493
43.219 -0.084 25.932
43.078 -0.026 29.76
39.388 0.877 29.673
38.693 -2.057 27.36
40.739 -4.551 29.468

39.949 -3.312 32.875
43.5 -2.793 34.015
46.726 -0.856 33.736
48.192 -2.569 30.659
51.039 -0.441 29.578
50.069 -1.175 25.981
50.572 -4.92 26.37
48.01 -7.684 26.746
47.927 -11.355 27.084
46.716 -13.911 24.599

43.676 -14.65 26.7
42.836 -10.944 26.828
43.275 -10.716 22.988
40.768 -13.473 22.533
38.253 -12.124 24.902
38.237 -8.889 22.913
37.974 -10.959 19.73
34.941 -12.807 21.022
33.247 -9.598 21.934
34.046 -8.096 18.568
32.736 -11.038 16.593
29.608 -10.998 18.595
29.163 -7.341 18.138
29.623 -7.668 14.337
26.968 -10.308 14.05
24.54 -8.343 16.218
25.205 -5.142 14.158
24.347 -7.001 10.971
21.138 -8.371 12.587
19.941 -4.956 13.593

20.904 -3.253 10.373
17.863 -2.913 8.137

20.031 -3.043 5.066
22.302 -5.933 6.146
19.913 -8.263 7.777
17.992 -9.238 4.724
21.206 -9.961 2.84
22.573 -11.97 5.681
19.396 -13.879 5.977
19.468 -14.869 2.328

23.1456 -15.9339 2.93319
26.6125 -15.5445 4.20082
30.3532 -14.8324 4.46764

32.1244 -17.398 2.29433
31.4004 -20.1627 4.79943
27.7198 -19.2238 4.91834
27.4843 -19.276 1.12562
29.0985 -22.7132 0.976028
26.6731 -24.0717 3.5674
23.6962 -22.713 1.63488
24.936 -24.3063 -1.58492
25.3724 -27.6681 0.132825
21.8502 -27.5097 1.55124
20.4035 -26.7139 -1.87171
22.2484 -29.6432 -3.43962
20.9602 -32.0128 -0.762262

18.0022 -31.7558 1.40374
14.3012 -32.0608 0.717738

14.1132 -28.6398 -0.771262
16.9122 -29.2058 -3.26826
15.4572 -32.4608 -4.48826
11.8882 -31.2718 -4.69926
13.1672 -28.7278 -7.17326
14.0932 -31.4428 -9.73926

10.5612 -31.0848 -11.0063

11.0332 -32.6058 -14.3933
13.1232 -35.5438 -13.2723
10.6142 -36.3628 -10.4833
7.8242 -36.5338 -12.9813
9.8062 -38.8298 -15.2493
10.6272 -41.0738 -12.3523
7.0242 -41.1488 -11.3703
6.2402 -42.0468 -14.8583

8.8652 -44.7868 -14.8833
10.7962 -43.2198 -17.7693
14.1082 -44.4368 -16.4743

16.3712 -43.4638 -19.3563
14.8942 -40.0888 -19.7613
15.0722 -39.1968 -16.1053
18.7162 -40.3638 -16.0143
19.5152 -37.9478 -18.8003
17.5342 -35.1558 -17.1343
19.1902 -35.6788 -13.7883
22.6612 -35.3078 -15.4283
21.8392 -31.7608 -16.4273
22.4612 -30.3238 -13.0023

25.0372 -28.6038 -10.9293

24.7852 -31.6668 -8.79826
26.0872 -33.8558 -11.4563
28.7842 -31.4098 -12.5793
30.1262 -30.9228 -9.05926
30.1192 -34.5338 -7.85026

30.0272 -36.6228 -10.9913

31.1072 -39.9698 -9.68026
28.6662 -39.9488 -6.88626
25.8512 -38.5108 -9.07426
26.5812 -41.2648 -11.5993
26.1762 -44.0258 -9.03626
22.8252 -42.6328 -7.98526
21.6452 -42.0458 -11.5433
22.5582 -45.6258 -12.5363
20.6002 -46.8718 -9.60826
17.5692 -45.0548 -10.8063
18.1372 -46.1558 -14.3153
18.6102 -49.8298 -13.6273

16.8762 -50.3568 -10.4273
19.7382 -52.6298 -9.24526
22.7492 -51.9898 -6.95626
25.2482 -52.6938 -9.73226

26.9012 -49.2428 -9.33426
27.8562 -50.1088 -5.78526
28.8662 -53.7978 -5.95626

32.6522 -53.6708 -6.00326
32.9312 -50.4618 -3.83926

End chain 1
