36.887 -23.463 8.956
34.76 -20.902 10.706
34.477 -17.198 11.189

36.964 -17.128 14.061
39.617 -19.041 12.22
38.916 -16.953 9.158
39.302 -13.605 10.789
42.19 -14.84 12.785
44.013 -15.477 9.498
43.018 -12.034 8.052
43.819 -9.866 11.138

46.667 -11.773 12.722
47.514 -11.664 16.413
49.57 -8.806 18.102
50.066 -8.48 21.836
51.352 -4.91 21.69
49.663 -1.798 20.443
50.45 -1.367 16.785
49.448 0.755 13.823
47.162 -1.084 11.504
47.332 -0.454 7.847
45.314 2.936 7.988
47.723 4.167 10.708
45.249 3.604 13.564
46.062 2.098 16.866
45.084 -1.481 17.205
45.91 -4.534 19.228

45.084 -8.237 19.563
43.098 -9.676 16.642
42.161 -6.61 14.663

40.766 -4.755 17.691
40.723 -1.118 16.785
41.585 1.052 19.717
41.328 4.608 18.444
41.483 6.59 15.239
43.302 9.256 17.208
46.987 9.868 16.581
47.741 9.755 20.304
49.441 6.8 21.856

48.168 7.991 25.101
44.705 8.016 23.796
45.204 4.406 22.617
46.721 3.263 25.887
43.775 4.818 27.769
41.337 3.106 25.493
43.219 -0.084 25.932
43.078 -0.026 29.76
39.388 0.877 29.673
38.693 -2.057 27.36
40.739 -4.551 29.468

38.549 -3.60755 32.3532
36.2085 -2.36373 35.1322
34.2173 -5.3216 36.3672
31.451 -7.33429 34.5857
27.9468 -7.05983 36.2577
27.8571 -7.16691 40.1076
26.8625 -7.67692 43.6818
27.7609 -9.0418 47.0666
24.7985 -11.168 48.3509
23.0632 -12.2632 51.6115

20.9158 -13.4119 54.5291
21.0031 -9.94521 56.0839
19.9612 -8.34052 52.8002
17.0476 -10.7529 52.4341
15.8645 -10.0125 55.9689
15.9971 -6.26807 55.3327
13.9764 -6.64178 52.1358
11.3319 -8.69615 53.9328
11.0412 -6.09236 56.6857
10.6179 -3.30474 54.1376
7.88346 -5.23436 52.337
6.02424 -5.83198 55.5972
6.19492 -2.14039 56.4837
4.83811 -1.15907 53.0721
1.94222 -3.59605 53.4154
1.0684 -2.22434 56.8501
1.08388 1.3418 55.5367
-1.20846 0.394103 52.6574
-3.64852 -1.29758 55.0296
-3.73329 1.76366 57.2801

-2.77029 3.46666 54.0601
-5.81129 3.80666 51.8241

-3.64329 3.67666 48.7531
-1.37229 0.786662 49.8331
-3.76129 -1.54334 51.4641
-5.68229 -2.51834 48.4111
-2.46829 -3.24134 46.5271
-1.10129 -5.25034 49.3681
-4.27829 -7.15934 49.6641
-4.20629 -8.14934 46.0151

-0.717292 -9.53134 45.9951
0.684708 -13.0263 46.6701
2.96871 -13.6343 49.6351

6.22571 -13.0153 47.8801
5.25771 -9.80634 46.3081
3.76371 -8.48334 49.5271
7.24571 -8.87334 50.9481
8.62771 -6.63534 48.0911
6.06171 -3.95934 48.9421
7.01771 -4.18834 52.6151
10.7127 -3.69634 51.6421
10.0007 -0.449338 49.7291
7.90071 0.843662 52.5681
10.6117 0.0396616 55.0081
13.0677 1.91166 52.9471
11.1647 4.94166 51.9011

8.20671 5.19866 54.0671
4.50571 4.89366 53.3811

4.31771 8.31466 51.8921
7.11671 7.74866 49.3951
5.66171 4.49366 48.1751
2.09271 5.68266 47.9641
3.37171 8.22666 45.4901
4.29771 5.51166 42.9241

0.765708 5.86966 41.6571

1.23771 4.34866 38.2701
3.32771 1.41066 39.3911
0.818708 0.591662 42.1801
-1.97129 0.420662 39.6821
0.0107083 -1.87534 37.4141
0.831708 -4.11934 40.3111
-2.77129 -4.19434 41.2931
-3.55529 -5.09234 37.8051

-0.930292 -7.83234 37.7801
1.00071 -6.26534 34.8941
4.31271 -7.48234 36.1891

6.57571 -6.50934 33.3071
5.09871 -3.13434 32.9021
5.27671 -2.24234 36.5581
8.92071 -3.40934 36.6491
9.71971 -0.993338 33.8631
7.73871 1.79866 35.5291
9.39471 1.27566 38.8751
12.8657 1.64666 37.2351
12.0437 5.19366 36.2361
12.6657 6.63066 39.6611

15.2417 8.35066 41.7341

14.9897 5.28766 43.8651
16.2917 3.09866 41.2071
18.9887 5.54466 40.0841
20.3307 6.03166 43.6041
20.3237 2.42066 44.8131

20.2317 0.331662 41.6721

21.3117 -3.01534 42.9831
18.8707 -2.99434 45.7771
16.0557 -1.55634 43.5891
16.7857 -4.31034 41.0641
16.3807 -7.07134 43.6271
13.0297 -5.67834 44.6781
11.8497 -5.09134 41.1201
12.7627 -8.67134 40.1271
10.8047 -9.91734 43.0551
7.77371 -8.10034 41.8571
8.34171 -9.20134 38.3481
8.81471 -12.8753 39.0361

7.08071 -13.4023 42.2361
9.94271 -15.6753 43.4181
12.9537 -15.0353 45.7071
15.4527 -15.7393 42.9311

17.1057 -12.2883 43.3291
18.0607 -13.1543 46.8781
19.0707 -16.8433 46.7071

22.8567 -16.7163 46.6601
23.1357 -13.5073 48.8241

End chain 1
