36.887 -23.463 8.956
34.76 -20.902 10.706
34.477 -17.198 11.189

36.964 -17.128 14.061
39.617 -19.041 12.22
38.916 -16.953 9.158
39.302 -13.605 10.789
42.19 -14.84 12.785
44.013 -15.477 9.498
43.018 -12.034 8.052
43.819 -9.866 11.138

46.667 -11.773 12.722
47.514 -11.664 16.413
49.57 -8.806 18.102
50.066 -8.48 21.836
51.352 -4.91 21.69
49.663 -1.798 20.443
50.45 -1.367 16.785
49.448 0.755 13.823
47.162 -1.084 11.504
47.332 -0.454 7.847
45.314 2.936 7.988
47.723 4.167 10.708
45.249 3.604 13.564
46.062 2.098 16.866
45.084 -1.481 17.205
45.91 -4.534 19.228

45.084 -8.237 19.563
43.098 -9.676 16.642
42.161 -6.61 14.663

40.766 -4.755 17.691
40.723 -1.118 16.785
41.585 1.052 19.717
41.328 4.608 18.444
41.483 6.59 15.239
43.302 9.256 17.208
46.987 9.868 16.581
47.741 9.755 20.304
49.441 6.8 21.856

48.168 7.991 25.101
44.705 8.016 23.796
45.204 4.406 22.617
46.721 3.263 25.887
43.775 4.818 27.769
41.337 3.106 25.493
43.219 -0.084 25.932
43.078 -0.026 29.76
39.388 0.877 29.673
38.693 -2.057 27.36
40.739 -4.551 29.468

38.2168 -4.39001 32.2033
35.7479 -1.80052 33.717
34.6902 -3.23833 37.0619
33.8866 -2.83508 40.6952
32.6046 0.593574 39.7612
32.4048 4.31099 39.6936
34.1355 4.30098 43.0299
37.2411 2.45874 43.9483
36.1507 -0.67757 45.8282
32.4407 -0.414479 45.4008

31.8145 0.35308 41.7318
29.7006 3.382 42.6263
32.4049 4.70547 44.9454
35.0486 4.31561 42.2433
32.8936 6.18174 39.73
32.3412 9.03629 42.1773
36.0725 9.31722 42.8417
36.8247 9.43674 39.1184
34.2505 12.1817 38.588
35.7243 14.2445 41.4192
39.2237 13.901 39.9774
38.0243 15.0129 36.547
36.3091 18.0635 38.0286
39.4585 19.0356 39.9205
41.5605 18.737 36.7685
39.1345 20.9252 34.827
39.2108 23.5849 37.5404
43.0112 23.6065 37.5475
43.1124 24.0041 33.7693
40.6784 26.9191 33.9139

41.6414 28.6221 30.6939
38.6004 28.9621 28.4579

40.7684 28.8321 25.3869
43.0394 25.9421 26.4669
40.6504 23.6121 28.0979
38.7294 22.6371 25.0449
41.9434 21.9141 23.1609
43.3104 19.9051 26.0019
40.1334 17.9961 26.2979
40.2054 17.0061 22.6489

43.6944 15.6241 22.6289
45.0964 12.1291 23.3039
47.3804 11.5211 26.2689

50.6374 12.1401 24.5139
49.6694 15.3491 22.9419
48.1754 16.6721 26.1609
51.6574 16.2821 27.5819
53.0394 18.5201 24.7249
50.4734 21.1961 25.5759
51.4294 20.9671 29.2489
55.1244 21.4591 28.2759
54.4124 24.7061 26.3629
52.3124 25.9991 29.2019
55.0234 25.1951 31.6419
57.4794 27.0671 29.5809
55.5764 30.0971 28.5349

52.6184 30.3541 30.7009
48.9174 30.0491 30.0149

48.7294 33.4701 28.5259
51.5284 32.9041 26.0289
50.0734 29.6491 24.8089
46.5044 30.8381 24.5979
47.7834 33.3821 22.1239
48.7094 30.6671 19.5579

45.1774 31.0251 18.2909

45.6494 29.5041 14.9039
47.7394 26.5661 16.0249
45.2304 25.7471 18.8139
42.4404 25.5761 16.3159
44.4224 23.2801 14.0479
45.2434 21.0361 16.9449
41.6404 20.9611 17.9269
40.8564 20.0631 14.4389

43.4814 17.3231 14.4139
45.4124 18.8901 11.5279
48.7244 17.6731 12.8229

50.9874 18.6461 9.94087
49.5104 22.0211 9.53587
49.6884 22.9131 13.1919
53.3324 21.7461 13.2829
54.1314 24.1621 10.4969
52.1504 26.9541 12.1629
53.8064 26.4311 15.5089
57.2774 26.8021 13.8689
56.4554 30.3491 12.8699
57.0774 31.7861 16.2949

59.6534 33.5061 18.3679

59.4014 30.4431 20.4989
60.7034 28.2541 17.8409
63.4004 30.7001 16.7179
64.7424 31.1871 20.2379
64.7354 27.5761 21.4469

64.6434 25.4871 18.3059

65.7234 22.1401 19.6169
63.2824 22.1611 22.4109
60.4674 23.5991 20.2229
61.1974 20.8451 17.6979
60.7924 18.0841 20.2609
57.4414 19.4771 21.3119
56.2614 20.0641 17.7539
57.1744 16.4841 16.7609
55.2164 15.2381 19.6889
52.1854 17.0551 18.4909
52.7534 15.9541 14.9819
53.2264 12.2801 15.6699

51.4924 11.7531 18.8699
54.3544 9.48015 20.0519
57.3654 10.1201 22.3409
59.8644 9.41615 19.5649

61.5174 12.8671 19.9629
62.4724 12.0011 23.5119
63.4824 8.31215 23.3409

67.2684 8.43915 23.2939
67.5474 11.6481 25.4579

End chain 1
