36.887 -23.463 8.956
34.76 -20.902 10.706
34.477 -17.198 11.189

36.964 -17.128 14.061
39.617 -19.041 12.22
38.916 -16.953 9.158
39.302 -13.605 10.789
42.19 -14.84 12.785
44.013 -15.477 9.498
43.018 -12.034 8.052
43.819 -9.866 11.138

46.667 -11.773 12.722
47.514 -11.664 16.413
49.57 -8.806 18.102
50.066 -8.48 21.836
51.352 -4.91 21.69
49.663 -1.798 20.443
50.45 -1.367 16.785
49.448 0.755 13.823
47.162 -1.084 11.504
47.332 -0.454 7.847
45.314 2.936 7.988
47.723 4.167 10.708
45.249 3.604 13.564
46.062 2.098 16.866
45.084 -1.481 17.205
45.91 -4.534 19.228

45.084 -8.237 19.563
43.098 -9.676 16.642
42.161 -6.61 14.663

40.766 -4.755 17.691
40.723 -1.118 16.785
41.585 1.052 19.717
41.328 4.608 18.444
41.483 6.59 15.239
43.302 9.256 17.208
46.987 9.868 16.581
47.741 9.755 20.304
49.441 6.8 21.856

48.168 7.991 25.101
44.705 8.016 23.796
45.204 4.406 22.617
46.721 3.263 25.887
43.775 4.818 27.769
41.337 3.106 25.493
43.219 -0.084 25.932
43.078 -0.026 29.76
39.388 0.877 29.673
38.693 -2.057 27.36
40.739 -4.551 29.468

39.949 -3.312 32.875
43.5 -2.793 34.015
46.726 -0.856 33.736
48.192 -2.569 30.659
51.039 -0.441 29.578
50.069 -1.175 25.981
50.572 -4.92 26.37
48.01 -7.684 26.746
47.927 -11.355 27.084
46.716 -13.911 24.599

43.676 -14.65 26.7
42.836 -10.944 26.828
43.275 -10.716 22.988
40.768 -13.473 22.533
38.253 -12.124 24.902
38.237 -8.889 22.913
37.974 -10.959 19.73
34.941 -12.807 21.022
33.247 -9.598 21.934
34.046 -8.096 18.568
32.736 -11.038 16.593
29.608 -10.998 18.595
29.163 -7.341 18.138
29.623 -7.668 14.337
26.968 -10.308 14.05
24.54 -8.343 16.218
25.205 -5.142 14.158
24.347 -7.001 10.971
21.138 -8.371 12.587
19.941 -4.956 13.593

20.904 -3.253 10.373
17.863 -2.913 8.137

20.031 -3.043 5.066
22.302 -5.933 6.146
19.913 -8.263 7.777
17.992 -9.238 4.724
21.206 -9.961 2.84
22.573 -11.97 5.681
19.396 -13.879 5.977
19.468 -14.869 2.328

22.7825 -16.6192 2.78108
26.0958 -14.9411 2.60494
29.2026 -12.7534 2.64911

31.8024 -12.886 -0.119715
34.1296 -14.9814 2.03336
31.3354 -17.4262 2.84455
30.4594 -17.7959 -0.834977
34.0885 -18.483 -1.72958
34.3517 -21.1433 0.971627
31.1914 -22.852 -0.267546
32.4971 -22.8934 -3.83635
35.7913 -24.4221 -2.71617
33.9804 -27.1402 -0.773108
31.8216 -27.9888 -3.78344
34.8795 -28.2487 -6.02496
36.6091 -30.5673 -3.56013

33.6511 -30.3103 -1.39413
29.9501 -30.6153 -2.08013

29.7621 -27.1943 -3.56913
32.5611 -27.7603 -6.06613
31.1061 -31.0153 -7.28613
27.5371 -29.8263 -7.49713
28.8161 -27.2823 -9.97113
29.7421 -29.9973 -12.5371

26.2101 -29.6393 -13.8041

26.6821 -31.1603 -17.1911
28.7721 -34.0983 -16.0701
26.2631 -34.9173 -13.2811
23.4731 -35.0883 -15.7791
25.4551 -37.3843 -18.0471
26.2761 -39.6283 -15.1501
22.6731 -39.7033 -14.1681
21.8891 -40.6013 -17.6561

24.5141 -43.3413 -17.6811
26.4451 -41.7743 -20.5671
29.7571 -42.9913 -19.2721

32.0201 -42.0183 -22.1541
30.5431 -38.6433 -22.5591
30.7211 -37.7513 -18.9031
34.3651 -38.9183 -18.8121
35.1641 -36.5023 -21.5981
33.1831 -33.7103 -19.9321
34.8391 -34.2333 -16.5861
38.3101 -33.8623 -18.2261
37.4881 -30.3153 -19.2251
38.1101 -28.8783 -15.8001

40.6861 -27.1583 -13.7271

40.4341 -30.2213 -11.5961
41.7361 -32.4103 -14.2541
44.4331 -29.9643 -15.3771
45.7751 -29.4773 -11.8571
45.7681 -33.0883 -10.6481

45.6761 -35.1773 -13.7891

46.7561 -38.5243 -12.4781
44.3151 -38.5033 -9.68413
41.5001 -37.0653 -11.8721
42.2301 -39.8193 -14.3971
41.8251 -42.5803 -11.8341
38.4741 -41.1873 -10.7831
37.2941 -40.6003 -14.3411
38.2071 -44.1803 -15.3341
36.2491 -45.4263 -12.4061
33.2181 -43.6093 -13.6041
33.7861 -44.7103 -17.1131
34.2591 -48.3843 -16.4251

32.5251 -48.9113 -13.2251
35.3871 -51.1843 -12.0431
38.3981 -50.5443 -9.75413
40.8971 -51.2483 -12.5301

42.5501 -47.7973 -12.1321
43.5051 -48.6633 -8.58313
44.5151 -52.3523 -8.75413

48.3011 -52.2253 -8.80113
48.5801 -49.0163 -6.63713

End chain 1
