36.887 -23.463 8.956
34.76 -20.902 10.706
34.477 -17.198 11.189

36.964 -17.128 14.061
39.617 -19.041 12.22
38.916 -16.953 9.158
39.302 -13.605 10.789
42.19 -14.84 12.785
44.013 -15.477 9.498
43.018 -12.034 8.052
43.819 -9.866 11.138

46.667 -11.773 12.722
47.514 -11.664 16.413
49.57 -8.806 18.102
50.066 -8.48 21.836
51.352 -4.91 21.69
49.663 -1.798 20.443
50.45 -1.367 16.785
49.448 0.755 13.823
47.162 -1.084 11.504
47.332 -0.454 7.847
45.314 2.936 7.988
47.723 4.167 10.708
45.249 3.604 13.564
46.062 2.098 16.866
45.084 -1.481 17.205
45.91 -4.534 19.228

45.084 -8.237 19.563
43.098 -9.676 16.642
42.161 -6.61 14.663

40.766 -4.755 17.691
40.723 -1.118 16.785
41.585 1.052 19.717
41.328 4.608 18.444
41.483 6.59 15.239
43.302 9.256 17.208
46.987 9.868 16.581
47.741 9.755 20.304
49.441 6.8 21.856

48.168 7.991 25.101
44.705 8.016 23.796
45.204 4.406 22.617
46.721 3.263 25.887
43.775 4.818 27.769
41.337 3.106 25.493
43.219 -0.084 25.932
43.078 -0.026 29.76
39.388 0.877 29.673
38.693 -2.057 27.36
40.739 -4.551 29.468

39.949 -3.312 32.875
43.5 -2.793 34.015
46.726 -0.856 33.736
48.192 -2.569 30.659
51.039 -0.441 29.578
50.069 -1.175 25.981
50.572 -4.92 26.37
48.01 -7.684 26.746
47.927 -11.355 27.084
46.716 -13.911 24.599

43.676 -14.65 26.7
42.836 -10.944 26.828
43.275 -10.716 22.988
40.768 -13.473 22.533
38.253 -12.124 24.902
38.237 -8.889 22.913
37.974 -10.959 19.73
34.941 -12.807 21.022
33.247 -9.598 21.934
34.046 -8.096 18.568
32.736 -11.038 16.593
29.608 -10.998 18.595
29.163 -7.341 18.138
29.623 -7.668 14.337
26.968 -10.308 14.05
24.54 -8.343 16.218
25.205 -5.142 14.158
24.347 -7.001 10.971
21.138 -8.371 12.587
19.941 -4.956 13.593

20.904 -3.253 10.373
17.863 -2.913 8.137

20.031 -3.043 5.066
22.302 -5.933 6.146
19.913 -8.263 7.777
17.992 -9.238 4.724
21.206 -9.961 2.84
22.573 -11.97 5.681
19.396 -13.879 5.977
19.468 -14.869 2.328

22.957 -16.251 2.308
24.359 -19.746 2.983
26.643 -20.354 5.948

29.9 -19.735 4.193
28.932 -16.526 2.621
27.438 -15.203 5.84
30.92 -15.593 7.261
32.302 -13.355 4.404
29.736 -10.679 5.255
30.692 -10.908 8.928
34.387 -10.416 7.955
33.675 -7.169 6.042
31.575 -5.876 8.881
34.286 -6.68 11.321
36.742 -4.808 9.26
34.839 -1.778 8.214

34.6306 -0.732226 11.8102
34.1389 -0.752101 15.5154

30.4387 -0.104524 14.9393
30.329 2.38635 17.8075
33.3496 4.24258 16.4389
31.7738 4.45945 12.9874
28.5447 5.83775 14.442
30.4432 8.4822 16.403

26.9112 8.8402 15.136

27.3832 7.3192 11.749
29.4732 4.3812 12.87
26.9642 3.5622 15.659
24.1742 3.3912 13.161
26.1562 1.0952 10.893
26.9772 -1.1488 13.79
23.3742 -1.2238 14.772
22.5902 -2.1218 11.284

25.2152 -4.8618 11.259
27.1462 -3.2948 8.37295
30.4582 -4.5118 9.66795

32.7212 -3.5388 6.78595
31.2442 -0.163803 6.38095
31.4222 0.728197 10.037
35.0662 -0.438803 10.128
35.8652 1.9772 7.34195
33.8842 4.7692 9.00795
35.5402 4.2462 12.354
39.0112 4.6172 10.714
38.1892 8.1642 9.71495
38.8112 9.6012 13.14

41.3872 11.3212 15.213

41.1352 8.2582 17.344
42.4372 6.0692 14.686
45.1342 8.5152 13.563
46.4762 9.0022 17.083
46.4692 5.3912 18.292

46.3772 3.3022 15.151

47.4572 -0.0448029 16.462
45.0162 -0.0238029 19.256
42.2012 1.4142 17.068
42.9312 -1.3398 14.543
42.5262 -4.1008 17.106
39.1752 -2.7078 18.157
37.9952 -2.1208 14.599
38.9082 -5.7008 13.606
36.9502 -6.9468 16.534
33.9192 -5.1298 15.336
34.4872 -6.2308 11.827
34.9602 -9.9048 12.515

33.2262 -10.4318 15.715
36.0882 -12.7048 16.897
39.0992 -12.0648 19.186
41.5982 -12.7688 16.41

43.2512 -9.3178 16.808
44.2062 -10.1838 20.357
45.2162 -13.8728 20.186

49.0022 -13.7458 20.139
49.2812 -10.5368 22.303

End chain 1
