36.887 -23.463 8.956
34.76 -20.902 10.706
34.477 -17.198 11.189

36.964 -17.128 14.061
39.617 -19.041 12.22
38.916 -16.953 9.158
39.302 -13.605 10.789
42.19 -14.84 12.785
44.013 -15.477 9.498
43.018 -12.034 8.052
43.819 -9.866 11.138

46.667 -11.773 12.722
47.514 -11.664 16.413
49.57 -8.806 18.102
50.066 -8.48 21.836
51.352 -4.91 21.69
49.663 -1.798 20.443
50.45 -1.367 16.785
49.448 0.755 13.823
47.162 -1.084 11.504
47.332 -0.454 7.847
45.314 2.936 7.988
47.723 4.167 10.708
45.249 3.604 13.564
46.062 2.098 16.866
45.084 -1.481 17.205
45.91 -4.534 19.228

45.084 -8.237 19.563
43.098 -9.676 16.642
42.161 -6.61 14.663

45.9646 -6.54079 14.4528
46.6566 -8.82312 17.4924
45.3101 -12.1781 18.2883
44.5746 -12.1139 14.5403
43.7252 -11.4136 10.9889
42.591 -12.4859 7.50328
46.0701 -13.7357 6.70424
46.1573 -17.5181 6.2404
46.4793 -21.3157 5.97319

47.3155 -22.1219 2.35469
49.4009 -25.1209 3.40353
46.5824 -26.4402 5.58484
44.0905 -26.1066 2.73491
46.3976 -27.9837 0.369228
46.8359 -30.8035 2.87918
43.0758 -31.1095 3.33817
42.5335 -31.2807 -0.419429
45.1557 -34.0089 -0.771129
43.5432 -36.0503 1.99932
40.127 -35.7553 0.360619

39.337 -34.5163 3.76762
42.888 -33.9973 4.90762
46.114 -32.0603 4.62862
47.58 -33.7733 1.55162
50.427 -31.6453 0.470619
49.457 -32.3793 -3.12638
49.96 -36.1243 -2.73738
47.398 -38.8883 -2.36138
47.315 -42.5593 -2.02338
46.104 -45.1153 -4.50838

43.064 -45.8543 -2.40738
42.224 -42.1483 -2.27938
42.663 -41.9203 -6.11938
40.156 -44.6773 -6.57438
37.641 -43.3283 -4.20538
37.625 -40.0933 -6.19438
37.362 -42.1633 -9.37738
34.329 -44.0113 -8.08538
32.635 -40.8023 -7.17338
33.434 -39.3003 -10.5394
32.124 -42.2423 -12.5144
28.996 -42.2023 -10.5124
28.551 -38.5453 -10.9694
29.011 -38.8723 -14.7704
26.356 -41.5123 -15.0574
23.928 -39.5473 -12.8894
24.593 -36.3463 -14.9494
23.735 -38.2053 -18.1364
20.526 -39.5753 -16.5204
19.329 -36.1603 -15.5144

20.292 -34.4573 -18.7344
17.251 -34.1173 -20.9704

19.419 -34.2473 -24.0414
21.69 -37.1373 -22.9614
19.301 -39.4673 -21.3304
17.38 -40.4423 -24.3834
20.594 -41.1653 -26.2674
21.961 -43.1743 -23.4264
18.784 -45.0833 -23.1304
18.856 -46.0733 -26.7794

22.345 -47.4553 -26.7994
23.747 -50.9503 -26.1244
26.031 -51.5583 -23.1594

29.288 -50.9393 -24.9144
28.32 -47.7303 -26.4864
26.826 -46.4073 -23.2674
30.308 -46.7973 -21.8464
31.69 -44.5593 -24.7034
29.124 -41.8833 -23.8524
30.08 -42.1123 -20.1794
33.775 -41.6203 -21.1524
33.063 -38.3733 -23.0654
30.963 -37.0803 -20.2264
33.674 -37.8843 -17.7864
36.13 -36.0123 -19.8474
34.227 -32.9823 -20.8934

31.269 -32.7253 -18.7274
27.568 -33.0303 -19.4134

27.38 -29.6093 -20.9024
30.179 -30.1753 -23.3994
28.724 -33.4303 -24.6194
25.155 -32.2413 -24.8304
26.434 -29.6973 -27.3044
27.36 -32.4123 -29.8704

23.828 -32.0543 -31.1374

24.3 -33.5753 -34.5244
26.39 -36.5133 -33.4034
23.881 -37.3323 -30.6144
21.091 -37.5033 -33.1124
23.073 -39.7993 -35.3804
23.894 -42.0433 -32.4834
20.291 -42.1183 -31.5014
19.507 -43.0163 -34.9894

22.132 -45.7563 -35.0144
24.063 -44.1893 -37.9004
27.375 -45.4063 -36.6054

29.638 -44.4333 -39.4874
28.161 -41.0583 -39.8924
28.339 -40.1663 -36.2364
31.983 -41.3333 -36.1454
32.782 -38.9173 -38.9314
30.801 -36.1253 -37.2654
32.457 -36.6483 -33.9194
35.928 -36.2773 -35.5594
35.106 -32.7303 -36.5584
35.728 -31.2933 -33.1334

38.304 -29.5733 -31.0604

38.052 -32.6363 -28.9294
39.354 -34.8253 -31.5874
42.051 -32.3793 -32.7104
43.393 -31.8923 -29.1904
43.386 -35.5033 -27.9814

43.294 -37.5923 -31.1224

44.374 -40.9393 -29.8114
41.933 -40.9183 -27.0174
39.118 -39.4803 -29.2054
39.848 -42.2343 -31.7304
39.443 -44.9953 -29.1674
36.092 -43.6023 -28.1164
34.912 -43.0153 -31.6744
35.825 -46.5953 -32.6674
33.867 -47.8413 -29.7394
30.836 -46.0243 -30.9374
31.404 -47.1253 -34.4464
31.877 -50.7993 -33.7584

30.143 -51.3263 -30.5584
33.005 -53.5993 -29.3764
36.016 -52.9593 -27.0874
38.515 -53.6633 -29.8634

40.168 -50.2123 -29.4654
41.123 -51.0783 -25.9164
42.133 -54.7673 -26.0874

45.919 -54.6403 -26.1344
46.198 -51.4313 -23.9704

End chain 1
