36.887 -23.463 8.956
34.76 -20.902 10.706
34.477 -17.198 11.189

36.964 -17.128 14.061
39.617 -19.041 12.22
38.916 -16.953 9.158
39.302 -13.605 10.789
42.19 -14.84 12.785
44.013 -15.477 9.498
43.018 -12.034 8.052
43.819 -9.866 11.138

46.667 -11.773 12.722
47.514 -11.664 16.413
49.57 -8.806 18.102
50.066 -8.48 21.836
51.352 -4.91 21.69
49.663 -1.798 20.443
50.45 -1.367 16.785
49.448 0.755 13.823
47.162 -1.084 11.504
47.332 -0.454 7.847
45.314 2.936 7.988
47.723 4.167 10.708
45.249 3.604 13.564
46.062 2.098 16.866
45.084 -1.481 17.205
45.91 -4.534 19.228

45.084 -8.237 19.563
43.098 -9.676 16.642
42.161 -6.61 14.663

40.766 -4.755 17.691
40.723 -1.118 16.785
41.585 1.052 19.717
41.328 4.608 18.444
41.483 6.59 15.239
43.302 9.256 17.208
46.987 9.868 16.581
47.741 9.755 20.304
49.441 6.8 21.856

48.168 7.991 25.101
44.705 8.016 23.796
45.204 4.406 22.617
46.721 3.263 25.887
43.775 4.818 27.769
41.337 3.106 25.493
43.219 -0.084 25.932
43.078 -0.026 29.76
39.388 0.877 29.673
38.693 -2.057 27.36
40.739 -4.551 29.468

39.949 -3.312 32.875
43.5 -2.793 34.015
46.726 -0.856 33.736
48.192 -2.569 30.659
51.039 -0.441 29.578
50.069 -1.175 25.981
50.572 -4.92 26.37
48.01 -7.684 26.746
47.927 -11.355 27.084
46.716 -13.911 24.599

43.676 -14.65 26.7
42.836 -10.944 26.828
43.275 -10.716 22.988
40.768 -13.473 22.533
38.253 -12.124 24.902
38.237 -8.889 22.913
37.974 -10.959 19.73
34.941 -12.807 21.022
33.247 -9.598 21.934
34.046 -8.096 18.568
32.736 -11.038 16.593
29.608 -10.998 18.595
29.163 -7.341 18.138
29.623 -7.668 14.337
26.968 -10.308 14.05
24.54 -8.343 16.218
25.205 -5.142 14.158
24.347 -7.001 10.971
21.138 -8.371 12.587
19.941 -4.956 13.593

20.904 -3.253 10.373
17.863 -2.913 8.137

20.031 -3.043 5.066
22.302 -5.933 6.146
19.913 -8.263 7.777
17.992 -9.238 4.724
21.206 -9.961 2.84
22.573 -11.97 5.681
19.396 -13.879 5.977
19.468 -14.869 2.328

22.4286 -16.9379 3.28251
24.8478 -17.0105 0.354536
27.0736 -18.5823 -2.32206

30.5503 -17.5956 -1.14649
30.5545 -20.3537 1.46799
29.5205 -22.9395 -1.11799
32.2926 -21.8358 -3.47179
34.8798 -22.0901 -0.699735
33.7204 -25.5974 0.193015
33.9497 -26.7015 -3.4362
37.4795 -25.3248 -3.73304
38.56 -27.1484 -0.578727
37.1271 -30.4246 -1.86577
38.9511 -30.0335 -5.1768
42.2419 -29.3684 -3.39609
41.8045 -32.4586 -1.22755

38.8465 -32.2016 0.938447
35.1455 -32.5066 0.252447

34.9575 -29.0856 -1.23655
37.7565 -29.6516 -3.73355
36.3015 -32.9066 -4.95355
32.7325 -31.7176 -5.16455
34.0115 -29.1736 -7.63855
34.9375 -31.8886 -10.2046

31.4055 -31.5306 -11.4716

31.8775 -33.0516 -14.8586
33.9675 -35.9896 -13.7376
31.4585 -36.8086 -10.9486
28.6685 -36.9796 -13.4466
30.6505 -39.2756 -15.7146
31.4715 -41.5196 -12.8176
27.8685 -41.5946 -11.8356
27.0845 -42.4926 -15.3236

29.7095 -45.2326 -15.3486
31.6405 -43.6656 -18.2346
34.9525 -44.8826 -16.9396

37.2155 -43.9096 -19.8216
35.7385 -40.5346 -20.2266
35.9165 -39.6426 -16.5706
39.5605 -40.8096 -16.4796
40.3595 -38.3936 -19.2656
38.3785 -35.6016 -17.5996
40.0345 -36.1246 -14.2536
43.5055 -35.7536 -15.8936
42.6835 -32.2066 -16.8926
43.3055 -30.7696 -13.4676

45.8815 -29.0496 -11.3946

45.6295 -32.1126 -9.26355
46.9315 -34.3016 -11.9216
49.6285 -31.8556 -13.0446
50.9705 -31.3686 -9.52455
50.9635 -34.9796 -8.31555

50.8715 -37.0686 -11.4566

51.9515 -40.4156 -10.1456
49.5105 -40.3946 -7.35155
46.6955 -38.9566 -9.53955
47.4255 -41.7106 -12.0646
47.0205 -44.4716 -9.50155
43.6695 -43.0786 -8.45055
42.4895 -42.4916 -12.0086
43.4025 -46.0716 -13.0016
41.4445 -47.3176 -10.0736
38.4135 -45.5006 -11.2716
38.9815 -46.6016 -14.7806
39.4545 -50.2756 -14.0926

37.7205 -50.8026 -10.8926
40.5825 -53.0756 -9.71055
43.5935 -52.4356 -7.42155
46.0925 -53.1396 -10.1976

47.7455 -49.6886 -9.79955
48.7005 -50.5546 -6.25055
49.7105 -54.2436 -6.42155

53.4965 -54.1166 -6.46855
53.7755 -50.9076 -4.30455

End chain 1
