36.887 -23.463 8.956
34.76 -20.902 10.706
34.477 -17.198 11.189

36.964 -17.128 14.061
39.617 -19.041 12.22
38.916 -16.953 9.158
39.302 -13.605 10.789
42.19 -14.84 12.785
44.013 -15.477 9.498
43.018 -12.034 8.052
43.819 -9.866 11.138

47.4186 -10.5633 10.0448
51.1237 -10.7985 9.07796
52.7722 -12.1102 12.2575
52.1194 -11.4103 15.9644
52.1815 -10.7498 19.6663
53.2266 -7.52902 17.8333
55.734 -5.4313 16.0812
55.5384 -9.01353 14.8419
58.0301 -8.56568 11.9706
56.3481 -9.14159 8.64335
57.2649 -12.5727 7.49592
60.1831 -13.321 5.18943
61.4519 -15.971 2.71734
62.963 -18.4217 0.384686
62.1642 -16.8262 -2.98608
65.5967 -16.3603 -4.6342

68.1473 -16.0936 -1.82952
66.7872 -19.2273 -0.164078
66.9783 -21.1625 -3.42921

65.5833 -19.3075 -0.401215
65.5403 -15.6705 -1.30721
66.4023 -13.5005 1.62479
66.1453 -9.94453 0.351785
66.3003 -7.96253 -2.85321
68.1193 -5.29653 -0.884215
71.8043 -4.68453 -1.51121
72.5583 -4.79753 2.21179
74.2583 -7.75253 3.76379

72.9853 -6.56153 7.00879
69.5223 -6.53653 5.70379
70.0213 -10.1465 4.52479
71.5383 -11.2895 7.79479
68.5923 -9.73453 9.67679
66.1543 -11.4465 7.40079
68.0363 -14.6365 7.83979
67.8953 -14.5785 11.6678
64.2053 -13.6755 11.5808
63.5103 -16.6095 9.26779
65.5563 -19.1035 11.3758

64.7663 -17.8645 14.7828
68.3173 -17.3455 15.9228
71.5433 -15.4085 15.6438
73.0093 -17.1215 12.5668
75.8563 -14.9935 11.4858
74.8863 -15.7275 7.88879
75.3893 -19.4725 8.27779
72.8273 -22.2365 8.65379
72.7443 -25.9075 8.99179
71.5333 -28.4635 6.50679

68.4933 -29.2025 8.60779
67.6533 -25.4965 8.73579
68.0923 -25.2685 4.89579
65.5853 -28.0255 4.44079
63.0703 -26.6765 6.80979
63.0543 -23.4415 4.82079
62.7913 -25.5115 1.63779
59.7583 -27.3595 2.92979
58.0643 -24.1505 3.84179
58.8633 -22.6485 0.475785
57.5533 -25.5905 -1.49921
54.4253 -25.5505 0.502785
53.9803 -21.8935 0.0457854
54.4403 -22.2205 -3.75521
51.7853 -24.8605 -4.04221
49.3573 -22.8955 -1.87421
50.0223 -19.6945 -3.93421
49.1643 -21.5535 -7.12121
45.9553 -22.9235 -5.50521
44.7583 -19.5085 -4.49921

45.7213 -17.8055 -7.71921
42.6803 -17.4655 -9.95521

44.8483 -17.5955 -13.0262
47.1193 -20.4855 -11.9462
44.7303 -22.8155 -10.3152
42.8093 -23.7905 -13.3682
46.0233 -24.5135 -15.2522
47.3903 -26.5225 -12.4112
44.2133 -28.4315 -12.1152
44.2853 -29.4215 -15.7642

47.7743 -30.8035 -15.7842
49.1763 -34.2985 -15.1092
51.4603 -34.9065 -12.1442

54.7173 -34.2875 -13.8992
53.7493 -31.0785 -15.4712
52.2553 -29.7555 -12.2522
55.7373 -30.1455 -10.8312
57.1193 -27.9075 -13.6882
54.5533 -25.2315 -12.8372
55.5093 -25.4605 -9.16421
59.2043 -24.9685 -10.1372
58.4923 -21.7215 -12.0502
56.3923 -20.4285 -9.21121
59.1033 -21.2325 -6.77121
61.5593 -19.3605 -8.83221
59.6563 -16.3305 -9.87821

56.6983 -16.0735 -7.71221
52.9973 -16.3785 -8.39821

52.8093 -12.9575 -9.88721
55.6083 -13.5235 -12.3842
54.1533 -16.7785 -13.6042
50.5843 -15.5895 -13.8152
51.8633 -13.0455 -16.2892
52.7893 -15.7605 -18.8552

49.2573 -15.4025 -20.1222

49.7293 -16.9235 -23.5092
51.8193 -19.8615 -22.3882
49.3103 -20.6805 -19.5992
46.5203 -20.8515 -22.0972
48.5023 -23.1475 -24.3652
49.3233 -25.3915 -21.4682
45.7203 -25.4665 -20.4862
44.9363 -26.3645 -23.9742

47.5613 -29.1045 -23.9992
49.4923 -27.5375 -26.8852
52.8043 -28.7545 -25.5902

55.0673 -27.7815 -28.4722
53.5903 -24.4065 -28.8772
53.7683 -23.5145 -25.2212
57.4123 -24.6815 -25.1302
58.2113 -22.2655 -27.9162
56.2303 -19.4735 -26.2502
57.8863 -19.9965 -22.9042
61.3573 -19.6255 -24.5442
60.5353 -16.0785 -25.5432
61.1573 -14.6415 -22.1182

63.7333 -12.9215 -20.0452

63.4813 -15.9845 -17.9142
64.7833 -18.1735 -20.5722
67.4803 -15.7275 -21.6952
68.8223 -15.2405 -18.1752
68.8153 -18.8515 -16.9662

68.7233 -20.9405 -20.1072

69.8033 -24.2875 -18.7962
67.3623 -24.2665 -16.0022
64.5473 -22.8285 -18.1902
65.2773 -25.5825 -20.7152
64.8723 -28.3435 -18.1522
61.5213 -26.9505 -17.1012
60.3413 -26.3635 -20.6592
61.2543 -29.9435 -21.6522
59.2963 -31.1895 -18.7242
56.2653 -29.3725 -19.9222
56.8333 -30.4735 -23.4312
57.3063 -34.1475 -22.7432

55.5723 -34.6745 -19.5432
58.4343 -36.9475 -18.3612
61.4453 -36.3075 -16.0722
63.9443 -37.0115 -18.8482

65.5973 -33.5605 -18.4502
66.5523 -34.4265 -14.9012
67.5623 -38.1155 -15.0722

71.3483 -37.9885 -15.1192
71.6273 -34.7795 -12.9552

End chain 1
