36.887 -23.463 8.956
34.76 -20.902 10.706
34.477 -17.198 11.189

36.964 -17.128 14.061
39.617 -19.041 12.22
38.916 -16.953 9.158
39.302 -13.605 10.789
42.19 -14.84 12.785
44.013 -15.477 9.498
43.018 -12.034 8.052
43.819 -9.866 11.138

46.667 -11.773 12.722
47.514 -11.664 16.413
49.57 -8.806 18.102
50.066 -8.48 21.836
51.352 -4.91 21.69
49.663 -1.798 20.443
50.45 -1.367 16.785
49.448 0.755 13.823
47.162 -1.084 11.504
47.332 -0.454 7.847
45.314 2.936 7.988
47.723 4.167 10.708
45.249 3.604 13.564
46.062 2.098 16.866
45.084 -1.481 17.205
45.91 -4.534 19.228

45.084 -8.237 19.563
43.098 -9.676 16.642
42.161 -6.61 14.663

40.766 -4.755 17.691
40.723 -1.118 16.785
41.585 1.052 19.717
41.328 4.608 18.444
41.483 6.59 15.239
43.302 9.256 17.208
46.987 9.868 16.581
47.741 9.755 20.304
49.441 6.8 21.856

48.168 7.991 25.101
44.705 8.016 23.796
45.204 4.406 22.617
46.721 3.263 25.887
43.775 4.818 27.769
41.337 3.106 25.493
43.219 -0.084 25.932
43.078 -0.026 29.76
39.388 0.877 29.673
38.693 -2.057 27.36
40.739 -4.551 29.468

39.949 -3.312 32.875
43.5 -2.793 34.015
46.726 -0.856 33.736
48.192 -2.569 30.659
51.039 -0.441 29.578
50.069 -1.175 25.981
50.572 -4.92 26.37
48.01 -7.684 26.746
47.927 -11.355 27.084
46.716 -13.911 24.599

43.676 -14.65 26.7
42.836 -10.944 26.828
43.275 -10.716 22.988
40.768 -13.473 22.533
38.253 -12.124 24.902
38.237 -8.889 22.913
37.974 -10.959 19.73
34.941 -12.807 21.022
33.247 -9.598 21.934
34.046 -8.096 18.568
32.736 -11.038 16.593
29.608 -10.998 18.595
29.163 -7.341 18.138
29.623 -7.668 14.337
26.968 -10.308 14.05
24.54 -8.343 16.218
25.205 -5.142 14.158
24.347 -7.001 10.971
21.138 -8.371 12.587
19.941 -4.956 13.593

21.8249 -2.27634 11.6212
21.1974 -2.40805 7.88539

22.8659 -5.10441 5.7905
21.9517 -7.77945 8.33045
18.3251 -6.64389 8.36551
18.1528 -6.75413 4.57064
19.583 -10.2747 4.51135
17.0439 -11.4535 7.08162
14.1778 -9.97458 5.07134
15.386 -11.6913 1.90339

18.875 -13.0733 1.88339
20.277 -16.5683 2.55839
22.561 -17.1763 5.52339

25.818 -16.5573 3.76839
24.85 -13.3483 2.19639
23.356 -12.0253 5.41539
26.838 -12.4153 6.83639
28.22 -10.1773 3.97939
25.654 -7.50133 4.83039
26.61 -7.73033 8.50339
30.305 -7.23833 7.53039
29.593 -3.99133 5.61739
27.493 -2.69833 8.45639
30.204 -3.50233 10.8964
32.66 -1.63033 8.83539
30.757 1.39967 7.78939

27.799 1.65667 9.95539
24.098 1.35167 9.26939

23.91 4.77267 7.78039
26.709 4.20667 5.28339
25.254 0.951667 4.06339
21.685 2.14067 3.85239
22.964 4.68467 1.37839
23.89 1.96967 -1.18761

20.358 2.32767 -2.45461

20.83 0.806667 -5.84161
22.92 -2.13133 -4.72061
20.411 -2.95033 -1.93161
17.621 -3.12133 -4.42961
19.603 -5.41733 -6.69761
20.424 -7.66133 -3.80061
16.821 -7.73633 -2.81861
16.037 -8.63433 -6.30661

18.662 -11.3743 -6.33161
20.593 -9.80733 -9.21761
23.905 -11.0243 -7.92261

26.168 -10.0513 -10.8046
24.691 -6.67633 -11.2096
24.869 -5.78433 -7.55361
28.513 -6.95133 -7.46261
29.312 -4.53533 -10.2486
27.331 -1.74333 -8.58261
28.987 -2.26633 -5.23661
32.458 -1.89533 -6.87661
31.636 1.65167 -7.87561
32.258 3.08867 -4.45061

34.834 4.80867 -2.37761

34.582 1.74567 -0.246605
35.884 -0.443333 -2.90461
38.581 2.00267 -4.02761
39.923 2.48967 -0.507605
39.916 -1.12133 0.701395

39.824 -3.21033 -2.43961

40.904 -6.55733 -1.12861
38.463 -6.53633 1.66539
35.648 -5.09833 -0.522605
36.378 -7.85233 -3.04761
35.973 -10.6133 -0.484605
32.622 -9.22033 0.566395
31.442 -8.63333 -2.99161
32.355 -12.2133 -3.98461
30.397 -13.4593 -1.05661
27.366 -11.6423 -2.25461
27.934 -12.7433 -5.76361
28.407 -16.4173 -5.07561

26.673 -16.9443 -1.87561
29.535 -19.2173 -0.693605
32.546 -18.5773 1.59539
35.045 -19.2813 -1.18061

36.698 -15.8303 -0.782605
37.653 -16.6963 2.76639
38.663 -20.3853 2.59539

42.449 -20.2583 2.54839
42.728 -17.0493 4.71239

End chain 1
