36.887 -23.463 8.956
34.76 -20.902 10.706
34.477 -17.198 11.189

36.964 -17.128 14.061
39.617 -19.041 12.22
38.916 -16.953 9.158
39.302 -13.605 10.789
42.19 -14.84 12.785
44.013 -15.477 9.498
43.018 -12.034 8.052
43.819 -9.866 11.138

46.667 -11.773 12.722
47.514 -11.664 16.413
49.57 -8.806 18.102
50.066 -8.48 21.836
51.352 -4.91 21.69
49.663 -1.798 20.443
50.45 -1.367 16.785
49.448 0.755 13.823
47.162 -1.084 11.504
47.332 -0.454 7.847
45.314 2.936 7.988
47.723 4.167 10.708
45.249 3.604 13.564
46.062 2.098 16.866
45.084 -1.481 17.205
45.91 -4.534 19.228

45.084 -8.237 19.563
43.098 -9.676 16.642
42.161 -6.61 14.663

40.766 -4.755 17.691
40.723 -1.118 16.785
41.585 1.052 19.717
41.328 4.608 18.444
41.483 6.59 15.239
43.302 9.256 17.208
46.987 9.868 16.581
47.741 9.755 20.304
49.441 6.8 21.856

48.168 7.991 25.101
44.705 8.016 23.796
45.204 4.406 22.617
46.721 3.263 25.887
43.775 4.818 27.769
41.337 3.106 25.493
43.219 -0.084 25.932
43.078 -0.026 29.76
39.388 0.877 29.673
38.693 -2.057 27.36
40.739 -4.551 29.468

39.949 -3.312 32.875
43.5 -2.793 34.015
46.726 -0.856 33.736
48.192 -2.569 30.659
51.039 -0.441 29.578
50.069 -1.175 25.981
50.572 -4.92 26.37
48.01 -7.684 26.746
47.927 -11.355 27.084
46.716 -13.911 24.599

43.676 -14.65 26.7
42.836 -10.944 26.828
43.275 -10.716 22.988
40.768 -13.473 22.533
38.253 -12.124 24.902
38.237 -8.889 22.913
37.974 -10.959 19.73
34.941 -12.807 21.022
33.247 -9.598 21.934
34.046 -8.096 18.568
32.736 -11.038 16.593
29.608 -10.998 18.595
29.163 -7.341 18.138
29.623 -7.668 14.337
26.968 -10.308 14.05
24.54 -8.343 16.218
25.205 -5.142 14.158
24.347 -7.001 10.971
21.138 -8.371 12.587
19.941 -4.956 13.593

20.904 -3.253 10.373
17.863 -2.913 8.137

20.031 -3.043 5.066
22.302 -5.933 6.146
19.913 -8.263 7.777
17.992 -9.238 4.724
21.206 -9.961 2.84
22.573 -11.97 5.681
19.396 -13.879 5.977
19.468 -14.869 2.328

23.1325 -14.7913 1.07804
26.8362 -14.0032 0.303918
30.4776 -12.923 -0.486902

30.8261 -15.4847 -3.27248
29.2072 -18.1756 -1.13207
26.2857 -15.892 -0.299658
25.75 -15.0777 -3.97293
25.7504 -18.7657 -4.89036
23.1926 -19.5378 -2.18766
20.9208 -16.7445 -3.40408
21.1153 -18.0129 -6.98127
20.2313 -21.5413 -5.88075
17.2276 -20.282 -3.92257
15.9835 -18.301 -6.9177
16.2937 -21.3397 -9.17882
14.3448 -23.4871 -6.72248

11.3868 -23.2301 -4.55648
7.68581 -23.5351 -5.24248

7.49781 -20.1141 -6.73148
10.2968 -20.6801 -9.22848
8.84181 -23.9351 -10.4485
5.27281 -22.7461 -10.6595
6.55181 -20.2021 -13.1335
7.47781 -22.9171 -15.6995

3.94581 -22.5591 -16.9665

4.41781 -24.0801 -20.3535
6.50781 -27.0181 -19.2325
3.99881 -27.8371 -16.4435
1.20881 -28.0081 -18.9415
3.19081 -30.3041 -21.2095
4.01181 -32.5481 -18.3125
0.408813 -32.6231 -17.3305
-0.375187 -33.5211 -20.8185

2.24981 -36.2611 -20.8435
4.18081 -34.6941 -23.7295
7.49281 -35.9111 -22.4345

9.75581 -34.9381 -25.3165
8.27881 -31.5631 -25.7215
8.45681 -30.6711 -22.0655
12.1008 -31.8381 -21.9745
12.8998 -29.4221 -24.7605
10.9188 -26.6301 -23.0945
12.5748 -27.1531 -19.7485
16.0458 -26.7821 -21.3885
15.2238 -23.2351 -22.3875
15.8458 -21.7981 -18.9625

18.4218 -20.0781 -16.8895

18.1698 -23.1411 -14.7585
19.4718 -25.3301 -17.4165
22.1688 -22.8841 -18.5395
23.5108 -22.3971 -15.0195
23.5038 -26.0081 -13.8105

23.4118 -28.0971 -16.9515

24.4918 -31.4441 -15.6405
22.0508 -31.4231 -12.8465
19.2358 -29.9851 -15.0345
19.9658 -32.7391 -17.5595
19.5608 -35.5001 -14.9965
16.2098 -34.1071 -13.9455
15.0298 -33.5201 -17.5035
15.9428 -37.1001 -18.4965
13.9848 -38.3461 -15.5685
10.9538 -36.5291 -16.7665
11.5218 -37.6301 -20.2755
11.9948 -41.3041 -19.5875

10.2608 -41.8311 -16.3875
13.1228 -44.1041 -15.2055
16.1338 -43.4641 -12.9165
18.6328 -44.1681 -15.6925

20.2858 -40.7171 -15.2945
21.2408 -41.5831 -11.7455
22.2508 -45.2721 -11.9165

26.0368 -45.1451 -11.9635
26.3158 -41.9361 -9.79948

End chain 1
