36.887 -23.463 8.956
34.76 -20.902 10.706
34.477 -17.198 11.189

36.964 -17.128 14.061
39.617 -19.041 12.22
38.916 -16.953 9.158
39.302 -13.605 10.789
42.19 -14.84 12.785
44.013 -15.477 9.498
43.018 -12.034 8.052
43.819 -9.866 11.138

46.667 -11.773 12.722
47.514 -11.664 16.413
49.57 -8.806 18.102
50.066 -8.48 21.836
51.352 -4.91 21.69
49.663 -1.798 20.443
50.45 -1.367 16.785
49.448 0.755 13.823
47.162 -1.084 11.504
47.332 -0.454 7.847
45.314 2.936 7.988
47.723 4.167 10.708
45.249 3.604 13.564
46.062 2.098 16.866
45.084 -1.481 17.205
45.91 -4.534 19.228

45.084 -8.237 19.563
43.098 -9.676 16.642
42.161 -6.61 14.663

40.766 -4.755 17.691
40.723 -1.118 16.785
41.585 1.052 19.717
41.328 4.608 18.444
41.483 6.59 15.239
43.302 9.256 17.208
46.987 9.868 16.581
47.741 9.755 20.304
49.441 6.8 21.856

48.168 7.991 25.101
44.705 8.016 23.796
45.204 4.406 22.617
46.721 3.263 25.887
43.775 4.818 27.769
41.337 3.106 25.493
43.219 -0.084 25.932
43.078 -0.026 29.76
39.388 0.877 29.673
38.693 -2.057 27.36
40.739 -4.551 29.468

39.949 -3.312 32.875
43.5 -2.793 34.015
46.726 -0.856 33.736
48.192 -2.569 30.659
51.039 -0.441 29.578
50.069 -1.175 25.981
50.572 -4.92 26.37
48.01 -7.684 26.746
47.927 -11.355 27.084
46.716 -13.911 24.599

43.676 -14.65 26.7
42.836 -10.944 26.828
43.275 -10.716 22.988
40.768 -13.473 22.533
38.253 -12.124 24.902
38.237 -8.889 22.913
37.974 -10.959 19.73
34.941 -12.807 21.022
33.247 -9.598 21.934
34.046 -8.096 18.568
32.736 -11.038 16.593
29.608 -10.998 18.595
29.163 -7.341 18.138
29.623 -7.668 14.337
26.968 -10.308 14.05
24.54 -8.343 16.218
25.205 -5.142 14.158
24.347 -7.001 10.971
21.138 -8.371 12.587
19.941 -4.956 13.593

20.904 -3.253 10.373
17.863 -2.913 8.137

20.031 -3.043 5.066
22.302 -5.933 6.146
19.913 -8.263 7.777
17.992 -9.238 4.724
21.206 -9.961 2.84
22.573 -11.97 5.681
19.396 -13.879 5.977
19.468 -14.869 2.328

22.957 -16.251 2.308
24.359 -19.746 2.983
26.643 -20.354 5.948

29.9 -19.735 4.193
28.932 -16.526 2.621
27.438 -15.203 5.84
30.92 -15.593 7.261
32.302 -13.355 4.404
29.736 -10.679 5.255
30.692 -10.908 8.928
34.387 -10.416 7.955
33.675 -7.169 6.042
31.575 -5.876 8.881
34.286 -6.68 11.321
36.742 -4.808 9.26
34.839 -1.778 8.214

36.0636 -1.32064 11.7393
38.2396 0.0407459 14.6411

40.6452 -0.920491 11.8605
42.1832 -3.65543 14.0047
38.7541 -5.07021 14.8308
37.7887 -5.1355 11.1557
40.9988 -6.95459 10.245
40.4034 -9.55961 12.9473

36.8714 -9.20161 11.6803

37.3434 -10.7226 8.29329
39.4334 -13.6606 9.41429
36.9244 -14.4796 12.2033
34.1344 -14.6506 9.70529
36.1164 -16.9466 7.43729
36.9374 -19.1906 10.3343
33.3344 -19.2656 11.3163
32.5504 -20.1636 7.82829

35.1754 -22.9036 7.80329
37.1064 -21.3366 4.91729
40.4184 -22.5536 6.21229

42.6814 -21.5806 3.33029
41.2044 -18.2056 2.92529
41.3824 -17.3136 6.58129
45.0264 -18.4806 6.67229
45.8254 -16.0646 3.88629
43.8444 -13.2726 5.55229
45.5004 -13.7956 8.89829
48.9714 -13.4246 7.25829
48.1494 -9.87761 6.25929
48.7714 -8.44061 9.68429

51.3474 -6.72061 11.7573

51.0954 -9.78361 13.8883
52.3974 -11.9726 11.2303
55.0944 -9.52661 10.1073
56.4364 -9.03961 13.6273
56.4294 -12.6506 14.8363

56.3374 -14.7396 11.6953

57.4174 -18.0866 13.0063
54.9764 -18.0656 15.8003
52.1614 -16.6276 13.6123
52.8914 -19.3816 11.0873
52.4864 -22.1426 13.6503
49.1354 -20.7496 14.7013
47.9554 -20.1626 11.1433
48.8684 -23.7426 10.1503
46.9104 -24.9886 13.0783
43.8794 -23.1716 11.8803
44.4474 -24.2726 8.37129
44.9204 -27.9466 9.05929

43.1864 -28.4736 12.2593
46.0484 -30.7466 13.4413
49.0594 -30.1066 15.7303
51.5584 -30.8106 12.9543

53.2114 -27.3596 13.3523
54.1664 -28.2256 16.9013
55.1764 -31.9146 16.7303

58.9624 -31.7876 16.6833
59.2414 -28.5786 18.8473

End chain 1
