0 0 0
0 0 3.87628
-3.01819 1.31288 5.71814

-4.52737 0.178273 2.41997
-7.91489 -0.378193 4.05029
-7.84157 3.08655 5.61013
-7.002 4.68099 2.26412
-9.8695 2.85522 0.56502
-12.312 3.99879 3.24255
-11.1841 7.60841 2.86681
-11.6284 7.45627 -0.904437

-8.78038 5.54927 0.679563
-7.93338 5.65827 4.37056
-5.87738 8.51627 6.05956
-5.38138 8.84227 9.79356
-4.09538 12.4123 9.64756
-5.78438 15.5243 8.40056
-4.99738 15.9553 4.74256
-5.99938 18.0773 1.78056
-8.28538 16.2383 -0.538437
-8.11538 16.8683 -4.19544
-10.1334 20.2583 -4.05444
-7.72438 21.4893 -1.33444
-10.1984 20.9263 1.52156
-9.38538 19.4203 4.82356
-10.3634 15.8413 5.16256
-9.53738 12.7883 7.18556

-10.3634 9.08527 7.52056
-12.3494 7.64627 4.59956
-13.2864 10.7123 2.62056

-14.6814 12.5673 5.64856
-14.7244 16.2043 4.74256
-13.8624 18.3743 7.67456
-14.1194 21.9303 6.40156
-13.9644 23.9123 3.19656
-12.1454 26.5783 5.16556
-8.46038 27.1903 4.53856
-7.70638 27.0773 8.26156
-6.00638 24.1223 9.81356

-7.27938 25.3133 13.0586
-10.7424 25.3383 11.7536
-10.2434 21.7283 10.5746
-8.72638 20.5853 13.8446
-11.6724 22.1403 15.7266
-14.1104 20.4283 13.4506
-12.2284 17.2383 13.8896
-12.3694 17.2963 17.7176
-16.0594 18.1993 17.6306
-16.7544 15.2653 15.3176
-14.7084 12.7713 17.4256

-15.4984 14.0103 20.8326
-11.9474 14.5293 21.9726
-8.72138 16.4663 21.6936
-7.25538 14.7533 18.6166
-4.40838 16.8813 17.5356
-5.37838 16.1473 13.9386
-4.87538 12.4023 14.3276
-7.43738 9.63827 14.7036
-7.52038 5.96727 15.0416
-8.73138 3.41127 12.5566

-11.7714 2.67227 14.6576
-12.6114 6.37827 14.7856
-12.1724 6.60627 10.9456
-14.6794 3.84927 10.4906
-17.1944 5.19827 12.8596
-17.2104 8.43327 10.8706
-17.4734 6.36327 7.68756
-20.5064 4.51527 8.97956
-22.2004 7.72427 9.89156
-21.4014 9.22627 6.52556
-22.7114 6.28427 4.55056
-25.8394 6.32427 6.55256
-26.2844 9.98127 6.09556
-25.8244 9.65427 2.29456
-28.4794 7.01427 2.00756
-30.9074 8.97927 4.17556
-30.2424 12.1803 2.11556
-31.1004 10.3213 -1.07144
-34.3094 8.95127 0.544563
-35.5064 12.3663 1.55056

-34.5434 14.0693 -1.66944
-37.5844 14.4093 -3.90544

-35.4164 14.2793 -6.97644
-33.1454 11.3893 -5.89644
-35.5344 9.05927 -4.26544
-37.4554 8.08427 -7.31844
-34.2414 7.36127 -9.20244
-32.8744 5.35227 -6.36144
-36.0514 3.44327 -6.06544
-35.9794 2.45327 -9.71444

-32.4904 1.07127 -9.73444
-31.0884 -2.42373 -9.05944
-28.8044 -3.03173 -6.09444

-25.5474 -2.41273 -7.84944
-26.5154 0.79627 -9.42144
-28.0094 2.11927 -6.20244
-24.5274 1.72927 -4.78144
-23.1454 3.96727 -7.63844
-25.7114 6.64327 -6.78744
-24.7554 6.41427 -3.11444
-21.0604 6.90627 -4.08744
-21.7724 10.1533 -6.00044
-23.8724 11.4463 -3.16144
-21.1614 10.6423 -0.721437
-18.7054 12.5143 -2.78244
-20.6084 15.5443 -3.82844

-23.5664 15.8013 -1.66244
-27.2674 15.4963 -2.34844

-27.4554 18.9173 -3.83744
-24.6564 18.3513 -6.33444
-26.1114 15.0963 -7.55444
-29.6804 16.2853 -7.76544
-28.4014 18.8293 -10.2394
-27.4754 16.1143 -12.8054

-31.0074 16.4723 -14.0724

-30.5354 14.9513 -17.4594
-28.4454 12.0133 -16.3384
-30.9544 11.1943 -13.5494
-33.7444 11.0233 -16.0474
-31.7624 8.72727 -18.3154
-30.9414 6.48327 -15.4184
-34.5444 6.40827 -14.4364
-35.3284 5.51027 -17.9244

-32.7034 2.77027 -17.9494
-30.7724 4.33727 -20.8354
-27.4604 3.12027 -19.5404

-25.1974 4.09327 -22.4224
-26.6744 7.46827 -22.8274
-26.4964 8.36027 -19.1714
-22.8524 7.19327 -19.0804
-22.0534 9.60927 -21.8664
-24.0344 12.4013 -20.2004
-22.3784 11.8783 -16.8544
-18.9074 12.2493 -18.4944
-19.7294 15.7963 -19.4934
-19.1074 17.2333 -16.0684

-16.5314 18.9533 -13.9954

-16.7834 15.8903 -11.8644
-15.4814 13.7013 -14.5224
-12.7844 16.1473 -15.6454
-11.4424 16.6343 -12.1254
-11.4494 13.0233 -10.9164

-11.5414 10.9343 -14.0574

-10.4614 7.58727 -12.7464
-12.9024 7.60827 -9.95244
-15.7174 9.04627 -12.1404
-14.9874 6.29227 -14.6654
-15.3924 3.53127 -12.1024
-18.7434 4.92427 -11.0514
-19.9234 5.51127 -14.6094
-19.0104 1.93127 -15.6024
-20.9684 0.68527 -12.6744
-23.9994 2.50227 -13.8724
-23.4314 1.40127 -17.3814
-22.9584 -2.27273 -16.6934

-24.6924 -2.79973 -13.4934
-21.8304 -5.07273 -12.3114
-18.8194 -4.43273 -10.0224
-16.3204 -5.13673 -12.7984

-14.6674 -1.68573 -12.4004
-13.7124 -2.55173 -8.85144
-12.7024 -6.24073 -9.02244

-8.91638 -6.11373 -9.06944
-8.63738 -2.90473 -6.90544

End chain 1
