36.887 -23.463 8.956
34.76 -20.902 10.706
34.477 -17.198 11.189

36.964 -17.128 14.061
39.617 -19.041 12.22
38.916 -16.953 9.158
39.302 -13.605 10.789
42.19 -14.84 12.785
44.013 -15.477 9.498
43.018 -12.034 8.052
43.819 -9.866 11.138

46.667 -11.773 12.722
47.514 -11.664 16.413
49.57 -8.806 18.102
50.066 -8.48 21.836
51.352 -4.91 21.69
49.663 -1.798 20.443
50.45 -1.367 16.785
49.448 0.755 13.823
47.162 -1.084 11.504
47.332 -0.454 7.847
45.314 2.936 7.988
47.723 4.167 10.708
45.249 3.604 13.564
46.062 2.098 16.866
45.084 -1.481 17.205
45.91 -4.534 19.228

45.084 -8.237 19.563
43.098 -9.676 16.642
42.161 -6.61 14.663

40.766 -4.755 17.691
40.723 -1.118 16.785
41.585 1.052 19.717
41.328 4.608 18.444
41.483 6.59 15.239
43.302 9.256 17.208
46.987 9.868 16.581
47.741 9.755 20.304
49.441 6.8 21.856

48.168 7.991 25.101
44.705 8.016 23.796
45.204 4.406 22.617
46.721 3.263 25.887
43.775 4.818 27.769
41.337 3.106 25.493
43.219 -0.084 25.932
43.078 -0.026 29.76
39.388 0.877 29.673
38.693 -2.057 27.36
40.739 -4.551 29.468

39.949 -3.312 32.875
43.5 -2.793 34.015
46.726 -0.856 33.736
48.192 -2.569 30.659
51.039 -0.441 29.578
50.069 -1.175 25.981
50.572 -4.92 26.37
48.01 -7.684 26.746
47.927 -11.355 27.084
46.716 -13.911 24.599

43.676 -14.65 26.7
42.836 -10.944 26.828
43.275 -10.716 22.988
40.768 -13.473 22.533
38.253 -12.124 24.902
38.237 -8.889 22.913
37.974 -10.959 19.73
34.941 -12.807 21.022
33.247 -9.598 21.934
34.046 -8.096 18.568
32.736 -11.038 16.593
29.608 -10.998 18.595
29.163 -7.341 18.138
29.623 -7.668 14.337
26.968 -10.308 14.05
24.54 -8.343 16.218
25.205 -5.142 14.158
24.347 -7.001 10.971
21.138 -8.371 12.587
19.941 -4.956 13.593

20.904 -3.253 10.373
17.863 -2.913 8.137

20.031 -3.043 5.066
22.302 -5.933 6.146
19.913 -8.263 7.777
17.992 -9.238 4.724
21.206 -9.961 2.84
22.573 -11.97 5.681
19.396 -13.879 5.977
19.468 -14.869 2.328

22.957 -16.251 2.308
24.359 -19.746 2.983
26.643 -20.354 5.948

29.9 -19.735 4.193
28.932 -16.526 2.621
27.438 -15.203 5.84
30.92 -15.593 7.261
32.302 -13.355 4.404
29.736 -10.679 5.255
30.692 -10.908 8.928
34.387 -10.416 7.955
33.675 -7.169 6.042
31.575 -5.876 8.881
34.286 -6.68 11.321
36.742 -4.808 9.26
34.839 -1.778 8.214

31.881 -1.521 10.38
28.18 -1.826 9.694

27.992 1.595 8.205
30.791 1.029 5.708
29.336 -2.226 4.488
25.767 -1.037 4.277
27.046 1.507 1.803
27.972 -1.208 -0.763

24.2144 -1.87802 -1.14517

20.586 -2.41054 -2.14231
19.3794 -0.184295 0.69156
21.7851 2.57694 -0.323972
20.6082 2.4075 -3.93357
16.9703 2.64479 -2.86019
17.7057 5.68207 -0.697557
19.4969 7.41288 -3.56791
16.5755 6.76352 -5.91024

19.2005 4.02352 -5.93524
21.1315 5.59052 -8.82124
24.4435 4.37352 -7.52624

26.7065 5.34652 -10.4082
25.2295 8.72152 -10.8132
25.4075 9.61352 -7.15724
29.0515 8.44652 -7.06624
29.8505 10.8625 -9.85224
27.8695 13.6545 -8.18624
29.5255 13.1315 -4.84024
32.9965 13.5025 -6.48024
32.1745 17.0495 -7.47924
32.7965 18.4865 -4.05424

35.3725 20.2065 -1.98124

35.1205 17.1435 0.149755
36.4225 14.9545 -2.50824
39.1195 17.4005 -3.63124
40.4615 17.8875 -0.111245
40.4545 14.2765 1.09776

40.3625 12.1875 -2.04324

41.4425 8.84052 -0.732245
39.0015 8.86152 2.06176
36.1865 10.2995 -0.126245
36.9165 7.54552 -2.65124
36.5115 4.78452 -0.0882447
33.1605 6.17752 0.962755
31.9805 6.76452 -2.59524
32.8935 3.18452 -3.58824
30.9355 1.93852 -0.660245
27.9045 3.75552 -1.85824
28.4725 2.65452 -5.36724
28.9455 -1.01948 -4.67924

27.2115 -1.54648 -1.47924
30.0735 -3.81948 -0.297245
33.0845 -3.17948 1.99176
35.5835 -3.88348 -0.784245

37.2365 -0.432485 -0.386245
38.1915 -1.29848 3.16276
39.2015 -4.98748 2.99176

42.9875 -4.86048 2.94476
43.2665 -1.65148 5.10876

End chain 1
