36.887 -23.463 8.956
34.76 -20.902 10.706
34.477 -17.198 11.189

36.964 -17.128 14.061
39.617 -19.041 12.22
38.916 -16.953 9.158
39.302 -13.605 10.789
42.19 -14.84 12.785
44.013 -15.477 9.498
43.018 -12.034 8.052
43.819 -9.866 11.138

46.667 -11.773 12.722
47.514 -11.664 16.413
49.57 -8.806 18.102
50.066 -8.48 21.836
51.352 -4.91 21.69
49.663 -1.798 20.443
50.45 -1.367 16.785
49.448 0.755 13.823
47.162 -1.084 11.504
47.332 -0.454 7.847
45.314 2.936 7.988
47.723 4.167 10.708
45.249 3.604 13.564
46.062 2.098 16.866
45.084 -1.481 17.205
45.91 -4.534 19.228

45.084 -8.237 19.563
43.098 -9.676 16.642
42.161 -6.61 14.663

40.766 -4.755 17.691
40.723 -1.118 16.785
41.585 1.052 19.717
41.328 4.608 18.444
41.483 6.59 15.239
43.302 9.256 17.208
46.987 9.868 16.581
47.741 9.755 20.304
49.441 6.8 21.856

48.168 7.991 25.101
44.705 8.016 23.796
45.204 4.406 22.617
46.721 3.263 25.887
43.775 4.818 27.769
41.337 3.106 25.493
43.219 -0.084 25.932
43.078 -0.026 29.76
39.388 0.877 29.673
38.693 -2.057 27.36
40.739 -4.551 29.468

39.7116 -2.77016 32.554
37.8043 -1.58919 35.6841
36.3355 0.644485 38.3532
32.781 1.25222 37.2284
32.0916 -1.82106 35.2587
31.6753 -1.64518 31.3941
28.8191 -4.06737 32.1559
26.556 -6.90446 33.5455
24.7122 -8.0332 30.4665
28.1963 -8.87932 29.463

30.9775 -10.6179 31.3827
28.4663 -12.3119 33.6778
26.4402 -13.5469 30.7091
29.5507 -14.974 29.0565
30.5254 -16.7984 32.2447
27.05 -18.3029 32.5614
27.1402 -19.5131 28.9599
30.5349 -21.1376 29.4891
29.302 -22.9234 32.609
26.2517 -24.243 30.7658
28.413 -25.5511 27.9267
30.717 -27.3291 30.3707
27.7636 -28.9676 32.113
26.3568 -30.181 28.7976
29.7105 -31.6706 27.8092
29.9878 -33.4964 31.1307
26.4932 -34.9381 30.7403
27.2871 -36.1669 27.2328
30.4748 -37.8483 28.4387
28.6048 -39.5972 31.2473

29.5678 -37.8942 28.0273
26.5268 -37.5542 25.7913

28.6948 -37.6842 22.7203
30.9658 -40.5742 23.8003
28.5768 -42.9042 25.4313
26.6558 -43.8792 22.3783
29.8698 -44.6022 20.4943
31.2368 -46.6112 23.3353
28.0598 -48.5202 23.6313
28.1318 -49.5102 19.9823

31.6208 -50.8922 19.9623
33.0228 -54.3872 20.6373
35.3068 -54.9952 23.6023

38.5638 -54.3762 21.8473
37.5958 -51.1672 20.2753
36.1018 -49.8442 23.4943
39.5838 -50.2342 24.9153
40.9658 -47.9962 22.0583
38.3998 -45.3202 22.9093
39.3558 -45.5492 26.5823
43.0508 -45.0572 25.6093
42.3388 -41.8102 23.6963
40.2388 -40.5172 26.5353
42.9498 -41.3212 28.9753
45.4058 -39.4492 26.9143
43.5028 -36.4192 25.8683

40.5448 -36.1622 28.0343
36.8438 -36.4672 27.3483

36.6558 -33.0462 25.8593
39.4548 -33.6122 23.3623
37.9998 -36.8672 22.1423
34.4308 -35.6782 21.9313
35.7098 -33.1342 19.4573
36.6358 -35.8492 16.8913

33.1038 -35.4912 15.6243

33.5758 -37.0122 12.2373
35.6658 -39.9502 13.3583
33.1568 -40.7692 16.1473
30.3668 -40.9402 13.6493
32.3488 -43.2362 11.3813
33.1698 -45.4802 14.2783
29.5668 -45.5552 15.2603
28.7828 -46.4532 11.7723

31.4078 -49.1932 11.7473
33.3388 -47.6262 8.86126
36.6508 -48.8432 10.1563

38.9138 -47.8702 7.27426
37.4368 -44.4952 6.86926
37.6148 -43.6032 10.5253
41.2588 -44.7702 10.6163
42.0578 -42.3542 7.83026
40.0768 -39.5622 9.49626
41.7328 -40.0852 12.8423
45.2038 -39.7142 11.2023
44.3818 -36.1672 10.2033
45.0038 -34.7302 13.6283

47.5798 -33.0102 15.7013

47.3278 -36.0732 17.8323
48.6298 -38.2622 15.1743
51.3268 -35.8162 14.0513
52.6688 -35.3292 17.5713
52.6618 -38.9402 18.7803

52.5698 -41.0292 15.6393

53.6498 -44.3762 16.9503
51.2088 -44.3552 19.7443
48.3938 -42.9172 17.5563
49.1238 -45.6712 15.0313
48.7188 -48.4322 17.5943
45.3678 -47.0392 18.6453
44.1878 -46.4522 15.0873
45.1008 -50.0322 14.0943
43.1428 -51.2782 17.0223
40.1118 -49.4612 15.8243
40.6798 -50.5622 12.3153
41.1528 -54.2362 13.0033

39.4188 -54.7632 16.2033
42.2808 -57.0362 17.3853
45.2918 -56.3962 19.6743
47.7908 -57.1002 16.8983

49.4438 -53.6492 17.2963
50.3988 -54.5152 20.8453
51.4088 -58.2042 20.6743

55.1948 -58.0772 20.6273
55.4738 -54.8682 22.7913

End chain 1
