36.887 -23.463 8.956
34.76 -20.902 10.706
34.477 -17.198 11.189

36.964 -17.128 14.061
39.617 -19.041 12.22
38.916 -16.953 9.158
39.302 -13.605 10.789
42.19 -14.84 12.785
44.013 -15.477 9.498
43.018 -12.034 8.052
43.819 -9.866 11.138

47.3329 -10.521 9.675
50.6263 -11.124 7.96219
54.2426 -12.0049 7.79212
56.5324 -10.1654 5.38003
57.1116 -13.182 3.0491
57.3004 -13.0048 -0.689115
54.8828 -10.4789 -2.1392
51.4455 -11.897 -1.6773
48.8148 -13.6331 -3.75571
49.3876 -16.5121 -1.24261
50.3084 -20.1036 -1.03204
51.1831 -20.7476 -4.7339
54.9383 -20.4961 -5.0316
55.0475 -21.7993 -1.5602
55.0604 -25.0635 0.246224
53.312 -23.3834 3.22056

50.3319 -21.32 2.07857
50.8618 -18.8201 4.89153
54.5387 -18.4533 4.00328

53.1437 -16.5983 7.03128
53.1007 -12.9613 6.12528
53.9627 -10.7913 9.05728
53.7057 -7.23535 7.78428
53.8607 -5.25335 4.57928
55.6797 -2.58735 6.54828
59.3647 -1.97535 5.92128
60.1187 -2.08835 9.64428
61.8187 -5.04335 11.1963

60.5457 -3.85235 14.4413
57.0827 -3.82735 13.1363
57.5817 -7.43735 11.9573
59.0987 -8.58035 15.2273
56.1527 -7.02535 17.1093
53.7147 -8.73735 14.8333
55.5967 -11.9273 15.2723
55.4557 -11.8693 19.1003
51.7657 -10.9663 19.0133
51.0707 -13.9003 16.7003
53.1167 -16.3943 18.8083

52.3267 -15.1553 22.2153
55.8777 -14.6363 23.3553
59.1037 -12.6993 23.0763
60.5697 -14.4123 19.9993
63.4167 -12.2843 18.9183
62.4467 -13.0183 15.3213
62.9497 -16.7633 15.7103
60.3877 -19.5273 16.0863
60.3047 -23.1983 16.4243
59.0937 -25.7543 13.9393

56.0537 -26.4933 16.0403
55.2137 -22.7873 16.1683
55.6527 -22.5593 12.3283
53.1457 -25.3163 11.8733
50.6307 -23.9673 14.2423
50.6147 -20.7323 12.2533
50.3517 -22.8023 9.07028
47.3187 -24.6503 10.3623
45.6247 -21.4413 11.2743
46.4237 -19.9393 7.90828
45.1137 -22.8813 5.93328
41.9857 -22.8413 7.93528
41.5407 -19.1843 7.47828
42.0007 -19.5113 3.67728
39.3457 -22.1513 3.39028
36.9177 -20.1863 5.55828
37.5827 -16.9853 3.49828
36.7247 -18.8443 0.311275
33.5157 -20.2143 1.92728
32.3187 -16.7993 2.93328

33.2817 -15.0963 -0.286725
30.2407 -14.7563 -2.52272

32.4087 -14.8863 -5.59372
34.6797 -17.7763 -4.51372
32.2907 -20.1063 -2.88272
30.3697 -21.0813 -5.93572
33.5837 -21.8043 -7.81972
34.9507 -23.8133 -4.97872
31.7737 -25.7223 -4.68272
31.8457 -26.7123 -8.33172

35.3347 -28.0943 -8.35172
36.7367 -31.5893 -7.67672
39.0207 -32.1973 -4.71172

42.2777 -31.5783 -6.46672
41.3097 -28.3693 -8.03872
39.8157 -27.0463 -4.81972
43.2977 -27.4363 -3.39872
44.6797 -25.1983 -6.25572
42.1137 -22.5223 -5.40472
43.0697 -22.7513 -1.73172
46.7647 -22.2593 -2.70472
46.0527 -19.0123 -4.61772
43.9527 -17.7193 -1.77872
46.6637 -18.5233 0.661275
49.1197 -16.6513 -1.39972
47.2167 -13.6213 -2.44572

44.2587 -13.3643 -0.279725
40.5577 -13.6693 -0.965725

40.3697 -10.2483 -2.45472
43.1687 -10.8143 -4.95172
41.7137 -14.0693 -6.17172
38.1447 -12.8803 -6.38272
39.4237 -10.3363 -8.85672
40.3497 -13.0513 -11.4227

36.8177 -12.6933 -12.6897

37.2897 -14.2143 -16.0767
39.3797 -17.1523 -14.9557
36.8707 -17.9713 -12.1667
34.0807 -18.1423 -14.6647
36.0627 -20.4383 -16.9327
36.8837 -22.6823 -14.0357
33.2807 -22.7573 -13.0537
32.4967 -23.6553 -16.5417

35.1217 -26.3953 -16.5667
37.0527 -24.8283 -19.4527
40.3647 -26.0453 -18.1577

42.6277 -25.0723 -21.0397
41.1507 -21.6973 -21.4447
41.3287 -20.8053 -17.7887
44.9727 -21.9723 -17.6977
45.7717 -19.5563 -20.4837
43.7907 -16.7643 -18.8177
45.4467 -17.2873 -15.4717
48.9177 -16.9163 -17.1117
48.0957 -13.3693 -18.1107
48.7177 -11.9323 -14.6857

51.2937 -10.2123 -12.6127

51.0417 -13.2753 -10.4817
52.3437 -15.4643 -13.1397
55.0407 -13.0183 -14.2627
56.3827 -12.5313 -10.7427
56.3757 -16.1423 -9.53372

56.2837 -18.2313 -12.6747

57.3637 -21.5783 -11.3637
54.9227 -21.5573 -8.56972
52.1077 -20.1193 -10.7577
52.8377 -22.8733 -13.2827
52.4327 -25.6343 -10.7197
49.0817 -24.2413 -9.66872
47.9017 -23.6543 -13.2267
48.8147 -27.2343 -14.2197
46.8567 -28.4803 -11.2917
43.8257 -26.6633 -12.4897
44.3937 -27.7643 -15.9987
44.8667 -31.4383 -15.3107

43.1327 -31.9653 -12.1107
45.9947 -34.2383 -10.9287
49.0057 -33.5983 -8.63972
51.5047 -34.3023 -11.4157

53.1577 -30.8513 -11.0177
54.1127 -31.7173 -7.46872
55.1227 -35.4063 -7.63972

58.9087 -35.2793 -7.68672
59.1877 -32.0703 -5.52272

End chain 1
