0 0 0
0 0 3.74028
-1.46455 -3.14305 5.46082

1.78242 -4.86806 6.42226
0.0194195 -6.90511 9.10276
-2.6631 -7.99976 6.64335
-0.040167 -9.0852 4.1165
1.79745 -11.116 6.75125
-1.41803 -12.8522 7.79482
-2.22446 -13.7378 4.1881
1.2481 -15.1912 3.66687

4.0961 -17.0982 5.25087
4.9431 -16.9892 8.94187
6.9991 -14.1312 10.6309
7.4951 -13.8052 14.3649
8.7811 -10.2352 14.2189
7.0921 -7.12322 12.9719
7.8791 -6.69222 9.31387
6.8771 -4.57022 6.35187
4.5911 -6.40922 4.03287
4.7611 -5.77922 0.375865
2.7431 -2.38922 0.516865
5.1521 -1.15822 3.23687
2.6781 -1.72122 6.09287
3.4911 -3.22722 9.39487
2.5131 -6.80622 9.73387
3.3391 -9.85922 11.7569

2.5131 -13.5622 12.0919
0.527099 -15.0012 9.17087
-0.409901 -11.9352 7.19187

-1.8049 -10.0802 10.2199
-1.8479 -6.44322 9.31387
-0.985901 -4.27322 12.2459
-1.2429 -0.717218 10.9729
-1.0879 1.26478 7.76787
0.731099 3.93078 9.73687
4.4161 4.54278 9.10987
5.1701 4.42978 12.8329
6.8701 1.47478 14.3849

5.5971 2.66578 17.6299
2.1341 2.69078 16.3249
2.6331 -0.919218 15.1459
4.1501 -2.06222 18.4159
1.2041 -0.507218 20.2979
-1.2339 -2.21922 18.0219
0.648099 -5.40922 18.4609
0.507099 -5.35122 22.2889
-3.1829 -4.44822 22.2019
-3.8779 -7.38222 19.8889
-1.8319 -9.87622 21.9969

-2.6219 -8.63722 25.4039
0.929099 -8.11822 26.5439
4.1551 -6.18122 26.2649
5.6211 -7.89422 23.1879
8.4681 -5.76622 22.1069
7.4981 -6.50022 18.5099
8.0011 -10.2452 18.8989
5.4391 -13.0092 19.2749
5.3561 -16.6802 19.6129
4.1451 -19.2362 17.1279

1.1051 -19.9752 19.2289
0.265099 -16.2692 19.3569
0.704099 -16.0412 15.5169
-1.8029 -18.7982 15.0619
-4.3179 -17.4492 17.4309
-4.3339 -14.2142 15.4419
-4.5969 -16.2842 12.2589
-7.6299 -18.1322 13.5509
-9.3239 -14.9232 14.4629
-8.5249 -13.4212 11.0969
-9.8349 -16.3632 9.12187
-12.9629 -16.3232 11.1239
-13.4079 -12.6662 10.6669
-12.9479 -12.9932 6.86587
-15.6029 -15.6332 6.57887
-18.0309 -13.6682 8.74687
-17.3659 -10.4672 6.68687
-18.2239 -12.3262 3.49987
-21.4329 -13.6962 5.11587
-22.6299 -10.2812 6.12187

-21.6669 -8.57822 2.90187
-24.7079 -8.23822 0.665865

-22.5399 -8.36822 -2.40513
-20.2689 -11.2582 -1.32513
-22.6579 -13.5882 0.305865
-24.5789 -14.5632 -2.74713
-21.3649 -15.2862 -4.63113
-19.9979 -17.2952 -1.79013
-23.1749 -19.2042 -1.49413
-23.1029 -20.1942 -5.14313

-19.6139 -21.5762 -5.16313
-18.2119 -25.0712 -4.48813
-15.9279 -25.6792 -1.52313

-12.6709 -25.0602 -3.27813
-13.6389 -21.8512 -4.85013
-15.1329 -20.5282 -1.63113
-11.6509 -20.9182 -0.210135
-10.2689 -18.6802 -3.06713
-12.8349 -16.0042 -2.21613
-11.8789 -16.2332 1.45687
-8.1839 -15.7412 0.483865
-8.8959 -12.4942 -1.42913
-10.9959 -11.2012 1.40987
-8.2849 -12.0052 3.84987
-5.8289 -10.1332 1.78887
-7.7319 -7.10322 0.742865

-10.6899 -6.84622 2.90887
-14.3909 -7.15122 2.22287

-14.5789 -3.73022 0.733865
-11.7799 -4.29622 -1.76313
-13.2349 -7.55122 -2.98313
-16.8039 -6.36222 -3.19413
-15.5249 -3.81822 -5.66813
-14.5989 -6.53322 -8.23413

-18.1309 -6.17522 -9.50113

-17.6589 -7.69622 -12.8881
-15.5689 -10.6342 -11.7671
-18.0779 -11.4532 -8.97813
-20.8679 -11.6242 -11.4761
-18.8859 -13.9202 -13.7441
-18.0649 -16.1642 -10.8471
-21.6679 -16.2392 -9.86513
-22.4519 -17.1372 -13.3531

-19.8269 -19.8772 -13.3781
-17.8959 -18.3102 -16.2641
-14.5839 -19.5272 -14.9691

-12.3209 -18.5542 -17.8511
-13.7979 -15.1792 -18.2561
-13.6199 -14.2872 -14.6001
-9.9759 -15.4542 -14.5091
-9.1769 -13.0382 -17.2951
-11.1579 -10.2462 -15.6291
-9.5019 -10.7692 -12.2831
-6.0309 -10.3982 -13.9231
-6.8529 -6.85122 -14.9221
-6.2309 -5.41422 -11.4971

-3.6549 -3.69422 -9.42413

-3.9069 -6.75722 -7.29313
-2.6049 -8.94622 -9.95113
0.0920994 -6.50022 -11.0741
1.4341 -6.01322 -7.55413
1.4271 -9.62422 -6.34513

1.3351 -11.7132 -9.48613

2.4151 -15.0602 -8.17513
-0.0259006 -15.0392 -5.38113
-2.8409 -13.6012 -7.56913
-2.1109 -16.3552 -10.0941
-2.5159 -19.1162 -7.53113
-5.8669 -17.7232 -6.48013
-7.0469 -17.1362 -10.0381
-6.1339 -20.7162 -11.0311
-8.0919 -21.9622 -8.10313
-11.1229 -20.1452 -9.30113
-10.5549 -21.2462 -12.8101
-10.0819 -24.9202 -12.1221

-11.8159 -25.4472 -8.92213
-8.9539 -27.7202 -7.74013
-5.9429 -27.0802 -5.45113
-3.4439 -27.7842 -8.22713

-1.7909 -24.3332 -7.82913
-0.835901 -25.1992 -4.28013
0.174099 -28.8882 -4.45113

3.9601 -28.7612 -4.49813
4.2391 -25.5522 -2.33413

End chain 1
