36.887 -23.463 8.956
34.76 -20.902 10.706
34.477 -17.198 11.189

36.964 -17.128 14.061
39.617 -19.041 12.22
38.916 -16.953 9.158
39.302 -13.605 10.789
42.19 -14.84 12.785
44.013 -15.477 9.498
43.018 -12.034 8.052
43.819 -9.866 11.138

46.667 -11.773 12.722
47.514 -11.664 16.413
49.57 -8.806 18.102
50.066 -8.48 21.836
51.352 -4.91 21.69
49.663 -1.798 20.443
50.45 -1.367 16.785
49.448 0.755 13.823
47.162 -1.084 11.504
47.332 -0.454 7.847
45.314 2.936 7.988
47.723 4.167 10.708
45.249 3.604 13.564
46.062 2.098 16.866
45.084 -1.481 17.205
45.91 -4.534 19.228

45.084 -8.237 19.563
43.098 -9.676 16.642
42.161 -6.61 14.663

40.766 -4.755 17.691
40.723 -1.118 16.785
41.585 1.052 19.717
41.328 4.608 18.444
41.483 6.59 15.239
43.302 9.256 17.208
46.987 9.868 16.581
47.741 9.755 20.304
49.441 6.8 21.856

48.168 7.991 25.101
44.705 8.016 23.796
45.204 4.406 22.617
46.721 3.263 25.887
43.775 4.818 27.769
41.337 3.106 25.493
43.219 -0.084 25.932
43.078 -0.026 29.76
39.388 0.877 29.673
38.693 -2.057 27.36
40.739 -4.551 29.468

39.949 -3.312 32.875
43.5 -2.793 34.015
46.726 -0.856 33.736
48.192 -2.569 30.659
51.039 -0.441 29.578
50.069 -1.175 25.981
50.572 -4.92 26.37
48.01 -7.684 26.746
47.927 -11.355 27.084
46.716 -13.911 24.599

43.676 -14.65 26.7
42.836 -10.944 26.828
43.275 -10.716 22.988
40.768 -13.473 22.533
38.253 -12.124 24.902
38.237 -8.889 22.913
37.974 -10.959 19.73
34.941 -12.807 21.022
33.247 -9.598 21.934
34.046 -8.096 18.568
32.736 -11.038 16.593
29.608 -10.998 18.595
29.163 -7.341 18.138
29.623 -7.668 14.337
26.968 -10.308 14.05
24.54 -8.343 16.218
25.205 -5.142 14.158
24.347 -7.001 10.971
21.138 -8.371 12.587
19.941 -4.956 13.593

20.904 -3.253 10.373
17.863 -2.913 8.137

20.031 -3.043 5.066
22.302 -5.933 6.146
19.913 -8.263 7.777
17.992 -9.238 4.724
21.206 -9.961 2.84
22.573 -11.97 5.681
19.396 -13.879 5.977
19.468 -14.869 2.328

22.957 -16.251 2.308
24.359 -19.746 2.983
26.643 -20.354 5.948

29.9 -19.735 4.193
28.932 -16.526 2.621
27.438 -15.203 5.84
30.92 -15.593 7.261
32.302 -13.355 4.404
29.736 -10.679 5.255
30.692 -10.908 8.928
34.387 -10.416 7.955
33.675 -7.169 6.042
31.575 -5.876 8.881
34.286 -6.68 11.321
36.742 -4.808 9.26
34.839 -1.778 8.214

34.0809 -1.64499 11.9468
34.9649 1.49901 13.9576

31.302 1.88444 14.8943
32.1571 4.4318 17.5817
34.2525 6.4511 15.1374
31.4312 6.47815 12.5913
28.9497 7.67344 15.2097
31.2756 10.4856 16.2703

27.7436 10.8436 15.0033

28.2156 9.32259 11.6163
30.3056 6.38459 12.7373
27.7966 5.56559 15.5263
25.0066 5.39459 13.0283
26.9886 3.09859 10.7603
27.8096 0.854587 13.6573
24.2066 0.779587 14.6393
23.4226 -0.118413 11.1513

26.0476 -2.85841 11.1263
27.9786 -1.29141 8.24032
31.2906 -2.50841 9.53532

33.5536 -1.53541 6.65332
32.0766 1.83959 6.24832
32.2546 2.73159 9.90432
35.8986 1.56459 9.99532
36.6976 3.98059 7.20932
34.7166 6.77259 8.87532
36.3726 6.24959 12.2213
39.8436 6.62059 10.5813
39.0216 10.1676 9.58232
39.6436 11.6046 13.0073

42.2196 13.3246 15.0803

41.9676 10.2616 17.2113
43.2696 8.07259 14.5533
45.9666 10.5186 13.4303
47.3086 11.0056 16.9503
47.3016 7.39459 18.1593

47.2096 5.30559 15.0183

48.2896 1.95859 16.3293
45.8486 1.97959 19.1233
43.0336 3.41759 16.9353
43.7636 0.663587 14.4103
43.3586 -2.09741 16.9733
40.0076 -0.704413 18.0243
38.8276 -0.117413 14.4663
39.7406 -3.69741 13.4733
37.7826 -4.94341 16.4013
34.7516 -3.12641 15.2033
35.3196 -4.22741 11.6943
35.7926 -7.90141 12.3823

34.0586 -8.42841 15.5823
36.9206 -10.7014 16.7643
39.9316 -10.0614 19.0533
42.4306 -10.7654 16.2773

44.0836 -7.31441 16.6753
45.0386 -8.18041 20.2243
46.0486 -11.8694 20.0533

49.8346 -11.7424 20.0063
50.1136 -8.53341 22.1703

End chain 1
