0 0 0
0 0 3.87409
-1.13014 3.49988 4.70434

-4.53498 2.92012 3.11884
-6.2531 4.94675 5.83615
-3.82309 7.82929 5.35767
-4.41276 7.83039 1.60332
-8.18021 7.9015 2.0974
-7.90686 10.8315 4.50219
-5.75417 12.7729 2.04456
-8.24619 12.173 -0.761305

-5.39819 10.266 0.822695
-4.55119 10.375 4.5137
-2.49519 13.233 6.2027
-1.99919 13.559 9.9367
-0.713191 17.129 9.7907
-2.40219 20.241 8.5437
-1.61519 20.672 4.8857
-2.61719 22.794 1.9237
-4.90319 20.955 -0.395305
-4.73319 21.585 -4.0523
-6.75119 24.975 -3.9113
-4.34219 26.206 -1.1913
-6.81619 25.643 1.6647
-6.00319 24.137 4.9667
-6.98119 20.558 5.3057
-6.15519 17.505 7.3287

-6.98119 13.802 7.6637
-8.96719 12.363 4.7427
-9.90419 15.429 2.7637

-11.2992 17.284 5.7917
-11.3422 20.921 4.8857
-10.4802 23.091 7.8177
-10.7372 26.647 6.5447
-10.5822 28.629 3.3397
-8.76319 31.295 5.3087
-5.07819 31.907 4.6817
-4.32419 31.794 8.4047
-2.62419 28.839 9.9567

-3.89719 30.03 13.2017
-7.36019 30.055 11.8967
-6.86119 26.445 10.7177
-5.34419 25.302 13.9877
-8.29019 26.857 15.8697
-10.7282 25.145 13.5937
-8.84619 21.955 14.0327
-8.98719 22.013 17.8607
-12.6772 22.916 17.7737
-13.3722 19.982 15.4607
-11.3262 17.488 17.5687

-12.1162 18.727 20.9757
-8.56519 19.246 22.1157
-5.33919 21.183 21.8367
-3.87319 19.47 18.7597
-1.02619 21.598 17.6787
-1.99619 20.864 14.0817
-1.49319 17.119 14.4707
-4.05519 14.355 14.8467
-4.13819 10.684 15.1847
-5.34919 8.12804 12.6997

-8.38919 7.38904 14.8007
-9.22919 11.095 14.9287
-8.79019 11.323 11.0887
-11.2972 8.56604 10.6337
-13.8122 9.91504 13.0027
-13.8282 13.15 11.0137
-14.0912 11.08 7.8307
-17.1242 9.23204 9.1227
-18.8182 12.441 10.0347
-18.0192 13.943 6.6687
-19.3292 11.001 4.6937
-22.4572 11.041 6.6957
-22.9022 14.698 6.2387
-22.4422 14.371 2.4377
-25.0972 11.731 2.1507
-27.5252 13.696 4.3187
-26.8602 16.897 2.2587
-27.7182 15.038 -0.928305
-30.9272 13.668 0.687695
-32.1242 17.083 1.6937

-31.1612 18.786 -1.5263
-34.2022 19.126 -3.7623

-32.0342 18.996 -6.8333
-29.7632 16.106 -5.7533
-32.1522 13.776 -4.1223
-34.0732 12.801 -7.1753
-30.8592 12.078 -9.0593
-29.4922 10.069 -6.2183
-32.6692 8.16004 -5.9223
-32.5972 7.17004 -9.5713

-29.1082 5.78804 -9.5913
-27.7062 2.29304 -8.9163
-25.4222 1.68504 -5.9513

-22.1652 2.30404 -7.7063
-23.1332 5.51304 -9.2783
-24.6272 6.83604 -6.0593
-21.1452 6.44604 -4.6383
-19.7632 8.68404 -7.4953
-22.3292 11.36 -6.6443
-21.3732 11.131 -2.9713
-17.6782 11.623 -3.9443
-18.3902 14.87 -5.8573
-20.4902 16.163 -3.0183
-17.7792 15.359 -0.578305
-15.3232 17.231 -2.6393
-17.2262 20.261 -3.6853

-20.1842 20.518 -1.5193
-23.8852 20.213 -2.2053

-24.0732 23.634 -3.6943
-21.2742 23.068 -6.1913
-22.7292 19.813 -7.4113
-26.2982 21.002 -7.6223
-25.0192 23.546 -10.0963
-24.0932 20.831 -12.6623

-27.6252 21.189 -13.9293

-27.1532 19.668 -17.3163
-25.0632 16.73 -16.1953
-27.5722 15.911 -13.4063
-30.3622 15.74 -15.9043
-28.3802 13.444 -18.1723
-27.5592 11.2 -15.2753
-31.1622 11.125 -14.2933
-31.9462 10.227 -17.7813

-29.3212 7.48704 -17.8063
-27.3902 9.05404 -20.6923
-24.0782 7.83704 -19.3973

-21.8152 8.81004 -22.2793
-23.2922 12.185 -22.6843
-23.1142 13.077 -19.0283
-19.4702 11.91 -18.9373
-18.6712 14.326 -21.7233
-20.6522 17.118 -20.0573
-18.9962 16.595 -16.7113
-15.5252 16.966 -18.3513
-16.3472 20.513 -19.3503
-15.7252 21.95 -15.9253

-13.1492 23.67 -13.8523

-13.4012 20.607 -11.7213
-12.0992 18.418 -14.3793
-9.40219 20.864 -15.5023
-8.06019 21.351 -11.9823
-8.06719 17.74 -10.7733

-8.15919 15.651 -13.9143

-7.07919 12.304 -12.6033
-9.52019 12.325 -9.8093
-12.3352 13.763 -11.9973
-11.6052 11.009 -14.5223
-12.0102 8.24804 -11.9593
-15.3612 9.64104 -10.9083
-16.5412 10.228 -14.4663
-15.6282 6.64804 -15.4593
-17.5862 5.40204 -12.5313
-20.6172 7.21904 -13.7293
-20.0492 6.11804 -17.2383
-19.5762 2.44404 -16.5503

-21.3102 1.91704 -13.3503
-18.4482 -0.355957 -12.1683
-15.4372 0.284043 -9.8793
-12.9382 -0.419957 -12.6553

-11.2852 3.03104 -12.2573
-10.3302 2.16504 -8.7083
-9.32019 -1.52396 -8.8793

-5.53419 -1.39696 -8.9263
-5.25519 1.81204 -6.7623

End chain 1
