36.887 -23.463 8.956
34.76 -20.902 10.706
34.477 -17.198 11.189

36.964 -17.128 14.061
39.617 -19.041 12.22
38.916 -16.953 9.158
39.302 -13.605 10.789
42.19 -14.84 12.785
44.013 -15.477 9.498
43.018 -12.034 8.052
43.819 -9.866 11.138

46.667 -11.773 12.722
47.514 -11.664 16.413
49.57 -8.806 18.102
50.066 -8.48 21.836
51.352 -4.91 21.69
49.663 -1.798 20.443
50.45 -1.367 16.785
49.448 0.755 13.823
47.162 -1.084 11.504
47.332 -0.454 7.847
45.314 2.936 7.988
47.723 4.167 10.708
45.249 3.604 13.564
46.062 2.098 16.866
45.084 -1.481 17.205
45.91 -4.534 19.228

45.084 -8.237 19.563
43.098 -9.676 16.642
42.161 -6.61 14.663

40.766 -4.755 17.691
40.723 -1.118 16.785
41.585 1.052 19.717
41.328 4.608 18.444
41.483 6.59 15.239
43.302 9.256 17.208
46.987 9.868 16.581
47.741 9.755 20.304
49.441 6.8 21.856

48.168 7.991 25.101
44.705 8.016 23.796
45.204 4.406 22.617
46.721 3.263 25.887
43.775 4.818 27.769
41.337 3.106 25.493
43.219 -0.084 25.932
43.078 -0.026 29.76
39.388 0.877 29.673
38.693 -2.057 27.36
40.739 -4.551 29.468

39.949 -3.312 32.875
43.5 -2.793 34.015
46.726 -0.856 33.736
48.192 -2.569 30.659
51.039 -0.441 29.578
50.069 -1.175 25.981
50.572 -4.92 26.37
48.01 -7.684 26.746
47.927 -11.355 27.084
46.716 -13.911 24.599

43.676 -14.65 26.7
42.836 -10.944 26.828
43.275 -10.716 22.988
40.768 -13.473 22.533
38.253 -12.124 24.902
38.237 -8.889 22.913
37.974 -10.959 19.73
34.941 -12.807 21.022
33.247 -9.598 21.934
34.046 -8.096 18.568
32.736 -11.038 16.593
29.608 -10.998 18.595
29.163 -7.341 18.138
29.623 -7.668 14.337
26.968 -10.308 14.05
24.54 -8.343 16.218
25.205 -5.142 14.158
24.347 -7.001 10.971
21.138 -8.371 12.587
19.941 -4.956 13.593

19.942 -4.37716 9.74895
23.4057 -4.55439 8.17361

26.261 -3.32236 5.98898
28.8389 -4.56642 8.48885
27.2004 -7.99294 8.62
27.1941 -8.24207 4.8278
30.8798 -7.32974 4.66503
31.7469 -9.96802 7.25934
29.8277 -12.6268 5.33828
31.6224 -11.7284 2.11108

35.1114 -13.1104 2.09108
36.5134 -16.6054 2.76608
38.7974 -17.2134 5.73108

42.0544 -16.5944 3.97608
41.0864 -13.3854 2.40408
39.5924 -12.0624 5.62308
43.0744 -12.4524 7.04408
44.4564 -10.2144 4.18708
41.8904 -7.53842 5.03808
42.8464 -7.76742 8.71108
46.5414 -7.27542 7.73808
45.8294 -4.02842 5.82508
43.7294 -2.73542 8.66408
46.4404 -3.53942 11.1041
48.8964 -1.66742 9.04308
46.9934 1.36258 7.99708

44.0354 1.61958 10.1631
40.3344 1.31458 9.47708

40.1464 4.73558 7.98808
42.9454 4.16958 5.49108
41.4904 0.914576 4.27108
37.9214 2.10358 4.06008
39.2004 4.64758 1.58608
40.1264 1.93258 -0.979919

36.5944 2.29058 -2.24692

37.0664 0.769576 -5.63392
39.1564 -2.16842 -4.51292
36.6474 -2.98742 -1.72392
33.8574 -3.15842 -4.22192
35.8394 -5.45442 -6.48992
36.6604 -7.69842 -3.59292
33.0574 -7.77342 -2.61092
32.2734 -8.67142 -6.09892

34.8984 -11.4114 -6.12392
36.8294 -9.84442 -9.00992
40.1414 -11.0614 -7.71492

42.4044 -10.0884 -10.5969
40.9274 -6.71342 -11.0019
41.1054 -5.82142 -7.34592
44.7494 -6.98842 -7.25492
45.5484 -4.57242 -10.0409
43.5674 -1.78042 -8.37492
45.2234 -2.30342 -5.02892
48.6944 -1.93242 -6.66892
47.8724 1.61458 -7.66792
48.4944 3.05158 -4.24292

51.0704 4.77158 -2.16992

50.8184 1.70858 -0.0389191
52.1204 -0.480424 -2.69692
54.8174 1.96558 -3.81992
56.1594 2.45258 -0.299919
56.1524 -1.15842 0.909081

56.0604 -3.24742 -2.23192

57.1404 -6.59442 -0.920919
54.6994 -6.57342 1.87308
51.8844 -5.13542 -0.314919
52.6144 -7.88942 -2.83992
52.2094 -10.6504 -0.276919
48.8584 -9.25742 0.774081
47.6784 -8.67042 -2.78392
48.5914 -12.2504 -3.77692
46.6334 -13.4964 -0.848919
43.6024 -11.6794 -2.04692
44.1704 -12.7804 -5.55592
44.6434 -16.4544 -4.86792

42.9094 -16.9814 -1.66792
45.7714 -19.2544 -0.485919
48.7824 -18.6144 1.80308
51.2814 -19.3184 -0.972919

52.9344 -15.8674 -0.574919
53.8894 -16.7334 2.97408
54.8994 -20.4224 2.80308

58.6854 -20.2954 2.75608
58.9644 -17.0864 4.92008

End chain 1
