36.887 -23.463 8.956
34.76 -20.902 10.706
34.477 -17.198 11.189

36.964 -17.128 14.061
39.617 -19.041 12.22
38.916 -16.953 9.158
39.302 -13.605 10.789
42.19 -14.84 12.785
44.013 -15.477 9.498
43.018 -12.034 8.052
43.819 -9.866 11.138

46.667 -11.773 12.722
47.514 -11.664 16.413
49.57 -8.806 18.102
50.066 -8.48 21.836
51.352 -4.91 21.69
49.663 -1.798 20.443
50.45 -1.367 16.785
49.448 0.755 13.823
47.162 -1.084 11.504
47.332 -0.454 7.847
45.314 2.936 7.988
47.723 4.167 10.708
45.249 3.604 13.564
46.062 2.098 16.866
45.084 -1.481 17.205
45.91 -4.534 19.228

45.084 -8.237 19.563
43.098 -9.676 16.642
42.161 -6.61 14.663

40.766 -4.755 17.691
40.723 -1.118 16.785
41.585 1.052 19.717
41.328 4.608 18.444
41.483 6.59 15.239
43.302 9.256 17.208
46.987 9.868 16.581
47.741 9.755 20.304
49.441 6.8 21.856

48.168 7.991 25.101
44.705 8.016 23.796
45.204 4.406 22.617
46.721 3.263 25.887
43.775 4.818 27.769
41.337 3.106 25.493
43.219 -0.084 25.932
43.078 -0.026 29.76
39.388 0.877 29.673
38.693 -2.057 27.36
40.739 -4.551 29.468

41.4382 -3.7494 33.1455
39.8845 -5.89093 35.7546
36.793 -3.95546 36.5567
33.3736 -3.68797 34.707
34.6051 -0.0194125 34.232
37.9895 -0.631937 32.8581
36.0567 -2.70409 30.4704
33.2899 -4.38983 28.6384
31.875 -0.77836 28.4512
30.3223 2.25212 26.6647

33.27 4.57219 26.0555
35.2158 3.01083 28.9224
34.5748 -0.486543 27.5806
35.7669 0.519628 24.1152
38.9568 2.01466 25.5407
39.6716 -1.15095 27.5183
39.1839 -3.30778 24.4275
41.5578 -1.12813 22.4134
44.2145 -1.35072 25.1216
43.9189 -5.13787 25.2358
44.289 -5.37736 21.4611
47.3977 -3.19228 21.5301
48.9605 -5.33396 24.2529
48.2816 -8.50986 22.2792
49.8688 -7.02668 19.1609
52.9696 -6.0064 21.1069
53.3179 -9.49646 22.5701
53.0371 -11.0743 19.1241
55.711 -8.75624 17.7385
58.0645 -9.60231 20.5999

59.0275 -7.89931 17.3799
55.9865 -7.55931 15.1439

58.1545 -7.68931 12.0729
60.4255 -10.5793 13.1529
58.0365 -12.9093 14.7839
56.1155 -13.8843 11.7309
59.3295 -14.6073 9.84692
60.6965 -16.6163 12.6879
57.5195 -18.5253 12.9839
57.5915 -19.5153 9.33492

61.0805 -20.8973 9.31492
62.4825 -24.3923 9.98992
64.7665 -25.0003 12.9549

68.0235 -24.3813 11.1999
67.0555 -21.1723 9.62792
65.5615 -19.8493 12.8469
69.0435 -20.2393 14.2679
70.4255 -18.0013 11.4109
67.8595 -15.3253 12.2619
68.8155 -15.5543 15.9349
72.5105 -15.0623 14.9619
71.7985 -11.8153 13.0489
69.6985 -10.5223 15.8879
72.4095 -11.3263 18.3279
74.8655 -9.45431 16.2669
72.9625 -6.42431 15.2209

70.0045 -6.16731 17.3869
66.3035 -6.47231 16.7009

66.1155 -3.05131 15.2119
68.9145 -3.61731 12.7149
67.4595 -6.87231 11.4949
63.8905 -5.68331 11.2839
65.1695 -3.13931 8.80992
66.0955 -5.85431 6.24392

62.5635 -5.49631 4.97692

63.0355 -7.01731 1.58992
65.1255 -9.95531 2.71092
62.6165 -10.7743 5.49992
59.8265 -10.9453 3.00192
61.8085 -13.2413 0.733921
62.6295 -15.4853 3.63092
59.0265 -15.5603 4.61292
58.2425 -16.4583 1.12492

60.8675 -19.1983 1.09992
62.7985 -17.6313 -1.78608
66.1105 -18.8483 -0.491079

68.3735 -17.8753 -3.37308
66.8965 -14.5003 -3.77808
67.0745 -13.6083 -0.122079
70.7185 -14.7753 -0.031079
71.5175 -12.3593 -2.81708
69.5365 -9.56731 -1.15108
71.1925 -10.0903 2.19492
74.6635 -9.71931 0.554921
73.8415 -6.17231 -0.444079
74.4635 -4.73531 2.98092

77.0395 -3.01531 5.05392

76.7875 -6.07831 7.18492
78.0895 -8.26731 4.52692
80.7865 -5.82131 3.40392
82.1285 -5.33431 6.92392
82.1215 -8.94531 8.13292

82.0295 -11.0343 4.99192

83.1095 -14.3813 6.30292
80.6685 -14.3603 9.09692
77.8535 -12.9223 6.90892
78.5835 -15.6763 4.38392
78.1785 -18.4373 6.94692
74.8275 -17.0443 7.99792
73.6475 -16.4573 4.43992
74.5605 -20.0373 3.44692
72.6025 -21.2833 6.37492
69.5715 -19.4663 5.17692
70.1395 -20.5673 1.66792
70.6125 -24.2413 2.35592

68.8785 -24.7683 5.55592
71.7405 -27.0413 6.73792
74.7515 -26.4013 9.02692
77.2505 -27.1053 6.25092

78.9035 -23.6543 6.64892
79.8585 -24.5203 10.1979
80.8685 -28.2093 10.0269

84.6545 -28.0823 9.97992
84.9335 -24.8733 12.1439

End chain 1
