0 0 0
0 0 3.77923
0.839596 -1.0281 7.33619

-2.55293 -1.72522 8.90069
-2.11087 1.13227 11.3669
-1.1865 3.53234 8.56904
-4.2517 2.52479 6.56099
-6.51722 3.06964 9.56323
-5.05013 6.52328 10.1657
-5.58215 7.48982 6.52896
-9.20439 6.34676 6.65424

-6.35639 4.43976 8.23824
-5.50939 4.54876 11.9292
-3.45339 7.40676 13.6182
-2.95739 7.73276 17.3522
-1.67139 11.3028 17.2062
-3.36039 14.4148 15.9592
-2.57339 14.8458 12.3012
-3.57539 16.9678 9.33924
-5.86139 15.1288 7.02024
-5.69139 15.7588 3.36324
-7.70939 19.1488 3.50424
-5.30039 20.3798 6.22424
-7.77439 19.8168 9.08024
-6.96139 18.3108 12.3822
-7.93939 14.7318 12.7212
-7.11339 11.6788 14.7442

-7.93939 7.97576 15.0792
-9.92539 6.53676 12.1582
-10.8624 9.60276 10.1792

-12.2574 11.4578 13.2072
-12.3004 15.0948 12.3012
-11.4384 17.2648 15.2332
-11.6954 20.8208 13.9602
-11.5404 22.8028 10.7552
-9.72139 25.4688 12.7242
-6.03639 26.0808 12.0972
-5.28239 25.9678 15.8202
-3.58239 23.0128 17.3722

-4.85539 24.2038 20.6172
-8.31839 24.2288 19.3122
-7.81939 20.6188 18.1332
-6.30239 19.4758 21.4032
-9.24839 21.0308 23.2852
-11.6864 19.3188 21.0092
-9.80439 16.1288 21.4482
-9.94539 16.1868 25.2762
-13.6354 17.0898 25.1892
-14.3304 14.1558 22.8762
-12.2844 11.6618 24.9842

-13.0744 12.9008 28.3912
-9.52339 13.4198 29.5312
-6.29739 15.3568 29.2522
-4.83139 13.6438 26.1752
-1.98439 15.7718 25.0942
-2.95439 15.0378 21.4972
-2.45139 11.2928 21.8862
-5.01339 8.52876 22.2622
-5.09639 4.85776 22.6002
-6.30739 2.30176 20.1152

-9.34739 1.56276 22.2162
-10.1874 5.26876 22.3442
-9.74839 5.49676 18.5042
-12.2554 2.73976 18.0492
-14.7704 4.08876 20.4182
-14.7864 7.32376 18.4292
-15.0494 5.25376 15.2462
-18.0824 3.40576 16.5382
-19.7764 6.61476 17.4502
-18.9774 8.11676 14.0842
-20.2874 5.17476 12.1092
-23.4154 5.21476 14.1112
-23.8604 8.87176 13.6542
-23.4004 8.54476 9.85324
-26.0554 5.90476 9.56624
-28.4834 7.86976 11.7342
-27.8184 11.0708 9.67424
-28.6764 9.21176 6.48724
-31.8854 7.84176 8.10324
-33.0824 11.2568 9.10924

-32.1194 12.9598 5.88924
-35.1604 13.2998 3.65324

-32.9924 13.1698 0.582243
-30.7214 10.2798 1.66224
-33.1104 7.94976 3.29324
-35.0314 6.97476 0.240243
-31.8174 6.25176 -1.64376
-30.4504 4.24276 1.19724
-33.6274 2.33376 1.49324
-33.5554 1.34376 -2.15576

-30.0664 -0.0382374 -2.17576
-28.6644 -3.53324 -1.50076
-26.3804 -4.14124 1.46424

-23.1234 -3.52224 -0.290757
-24.0914 -0.313237 -1.86276
-25.5854 1.00976 1.35624
-22.1034 0.619763 2.77724
-20.7214 2.85776 -0.0797569
-23.2874 5.53376 0.771243
-22.3314 5.30476 4.44424
-18.6364 5.79676 3.47124
-19.3484 9.04376 1.55824
-21.4484 10.3368 4.39724
-18.7374 9.53276 6.83724
-16.2814 11.4048 4.77624
-18.1844 14.4348 3.73024

-21.1424 14.6918 5.89624
-24.8434 14.3868 5.21024

-25.0314 17.8078 3.72124
-22.2324 17.2418 1.22424
-23.6874 13.9868 0.00424306
-27.2564 15.1758 -0.206757
-25.9774 17.7198 -2.68076
-25.0514 15.0048 -5.24676

-28.5834 15.3628 -6.51376

-28.1114 13.8418 -9.90076
-26.0214 10.9038 -8.77976
-28.5304 10.0848 -5.99076
-31.3204 9.91376 -8.48876
-29.3384 7.61776 -10.7568
-28.5174 5.37376 -7.85976
-32.1204 5.29876 -6.87776
-32.9044 4.40076 -10.3658

-30.2794 1.66076 -10.3908
-28.3484 3.22776 -13.2768
-25.0364 2.01076 -11.9818

-22.7734 2.98376 -14.8638
-24.2504 6.35876 -15.2688
-24.0724 7.25076 -11.6128
-20.4284 6.08376 -11.5218
-19.6294 8.49976 -14.3078
-21.6104 11.2918 -12.6418
-19.9544 10.7688 -9.29576
-16.4834 11.1398 -10.9358
-17.3054 14.6868 -11.9348
-16.6834 16.1238 -8.50976

-14.1074 17.8438 -6.43676

-14.3594 14.7808 -4.30576
-13.0574 12.5918 -6.96376
-10.3604 15.0378 -8.08676
-9.01839 15.5248 -4.56676
-9.02539 11.9138 -3.35776

-9.11739 9.82476 -6.49876

-8.03739 6.47776 -5.18776
-10.4784 6.49876 -2.39376
-13.2934 7.93676 -4.58176
-12.5634 5.18276 -7.10676
-12.9684 2.42176 -4.54376
-16.3194 3.81476 -3.49276
-17.4994 4.40176 -7.05076
-16.5864 0.821763 -8.04376
-18.5444 -0.424237 -5.11576
-21.5754 1.39276 -6.31376
-21.0074 0.291763 -9.82276
-20.5344 -3.38224 -9.13476

-22.2684 -3.90924 -5.93476
-19.4064 -6.18224 -4.75276
-16.3954 -5.54224 -2.46376
-13.8964 -6.24624 -5.23976

-12.2434 -2.79524 -4.84176
-11.2884 -3.66124 -1.29276
-10.2784 -7.35024 -1.46376

-6.49239 -7.22324 -1.51076
-6.21339 -4.01424 0.653243

End chain 1
