0 0 0
0 0 3.85571
0.124893 -0.951119 7.51523

1.65699 -4.2114 6.30438
-0.0231289 -6.15378 9.10568
-3.39839 -4.61523 8.27902
-3.01673 -5.51312 4.60601
-2.14716 -9.10903 5.47558
-5.19129 -9.40153 7.73182
-7.46572 -8.05751 4.99988
-6.07378 -10.5428 2.48417

-3.22578 -12.4498 4.06817
-2.37878 -12.3408 7.75917
-0.322784 -9.48278 9.44817
0.173216 -9.15678 13.1822
1.45922 -5.58678 13.0362
-0.229784 -2.47478 11.7892
0.557216 -2.04378 8.13117
-0.444784 0.0782181 5.16917
-2.73078 -1.76078 2.85017
-2.56078 -1.13078 -0.806832
-4.57878 2.25922 -0.665832
-2.16978 3.49022 2.05417
-4.64378 2.92722 4.91017
-3.83078 1.42122 8.21217
-4.80878 -2.15778 8.55117
-3.98278 -5.21078 10.5742

-4.80878 -8.91378 10.9092
-6.79478 -10.3528 7.98817
-7.73178 -7.28678 6.00917

-9.12678 -5.43178 9.03717
-9.16978 -1.79478 8.13117
-8.30778 0.375218 11.0632
-8.56478 3.93122 9.79017
-8.40978 5.91322 6.58517
-6.59078 8.57922 8.55417
-2.90578 9.19122 7.92717
-2.15178 9.07822 11.6502
-0.451784 6.12322 13.2022

-1.72478 7.31422 16.4472
-5.18778 7.33922 15.1422
-4.68878 3.72922 13.9632
-3.17178 2.58622 17.2332
-6.11778 4.14122 19.1152
-8.55578 2.42922 16.8392
-6.67378 -0.760782 17.2782
-6.81478 -0.702782 21.1062
-10.5048 0.200218 21.0192
-11.1998 -2.73378 18.7062
-9.15378 -5.22778 20.8142

-9.94378 -3.98878 24.2212
-6.39278 -3.46978 25.3612
-3.16678 -1.53278 25.0822
-1.70078 -3.24578 22.0052
1.14622 -1.11778 20.9242
0.176216 -1.85178 17.3272
0.679216 -5.59678 17.7162
-1.88278 -8.36078 18.0922
-1.96578 -12.0318 18.4302
-3.17678 -14.5878 15.9452

-6.21678 -15.3268 18.0462
-7.05678 -11.6208 18.1742
-6.61778 -11.3928 14.3342
-9.12478 -14.1498 13.8792
-11.6398 -12.8008 16.2482
-11.6558 -9.56578 14.2592
-11.9188 -11.6358 11.0762
-14.9518 -13.4838 12.3682
-16.6458 -10.2748 13.2802
-15.8468 -8.77278 9.91417
-17.1568 -11.7148 7.93917
-20.2848 -11.6748 9.94117
-20.7298 -8.01778 9.48417
-20.2698 -8.34478 5.68317
-22.9248 -10.9848 5.39617
-25.3528 -9.01978 7.56417
-24.6878 -5.81878 5.50417
-25.5458 -7.67778 2.31717
-28.7548 -9.04778 3.93317
-29.9518 -5.63278 4.93917

-28.9888 -3.92978 1.71917
-32.0298 -3.58978 -0.516832

-29.8618 -3.71978 -3.58783
-27.5908 -6.60978 -2.50783
-29.9798 -8.93978 -0.876832
-31.9008 -9.91478 -3.92983
-28.6868 -10.6378 -5.81383
-27.3198 -12.6468 -2.97283
-30.4968 -14.5558 -2.67683
-30.4248 -15.5458 -6.32583

-26.9358 -16.9278 -6.34583
-25.5338 -20.4228 -5.67083
-23.2498 -21.0308 -2.70583

-19.9928 -20.4118 -4.46083
-20.9608 -17.2028 -6.03283
-22.4548 -15.8798 -2.81383
-18.9728 -16.2698 -1.39283
-17.5908 -14.0318 -4.24983
-20.1568 -11.3558 -3.39883
-19.2008 -11.5848 0.274168
-15.5058 -11.0928 -0.698832
-16.2178 -7.84578 -2.61183
-18.3178 -6.55278 0.227168
-15.6068 -7.35678 2.66717
-13.1508 -5.48478 0.606168
-15.0538 -2.45478 -0.439832

-18.0118 -2.19778 1.72617
-21.7128 -2.50278 1.04017

-21.9008 0.918218 -0.448832
-19.1018 0.352218 -2.94583
-20.5568 -2.90278 -4.16583
-24.1258 -1.71378 -4.37683
-22.8468 0.830218 -6.85083
-21.9208 -1.88478 -9.41683

-25.4528 -1.52678 -10.6838

-24.9808 -3.04778 -14.0708
-22.8908 -5.98578 -12.9498
-25.3998 -6.80478 -10.1608
-28.1898 -6.97578 -12.6588
-26.2078 -9.27178 -14.9268
-25.3868 -11.5158 -12.0298
-28.9898 -11.5908 -11.0478
-29.7738 -12.4888 -14.5358

-27.1488 -15.2288 -14.5608
-25.2178 -13.6618 -17.4468
-21.9058 -14.8788 -16.1518

-19.6428 -13.9058 -19.0338
-21.1198 -10.5308 -19.4388
-20.9418 -9.63878 -15.7828
-17.2978 -10.8058 -15.6918
-16.4988 -8.38978 -18.4778
-18.4798 -5.59778 -16.8118
-16.8238 -6.12078 -13.4658
-13.3528 -5.74978 -15.1058
-14.1748 -2.20278 -16.1048
-13.5528 -0.765782 -12.6798

-10.9768 0.954218 -10.6068

-11.2288 -2.10878 -8.47583
-9.92678 -4.29778 -11.1338
-7.22978 -1.85178 -12.2568
-5.88778 -1.36478 -8.73683
-5.89478 -4.97578 -7.52783

-5.98678 -7.06478 -10.6688

-4.90678 -10.4118 -9.35783
-7.34778 -10.3908 -6.56383
-10.1628 -8.95278 -8.75183
-9.43278 -11.7068 -11.2768
-9.83778 -14.4678 -8.71383
-13.1888 -13.0748 -7.66283
-14.3688 -12.4878 -11.2208
-13.4558 -16.0678 -12.2138
-15.4138 -17.3138 -9.28583
-18.4448 -15.4968 -10.4838
-17.8768 -16.5978 -13.9928
-17.4038 -20.2718 -13.3048

-19.1378 -20.7988 -10.1048
-16.2758 -23.0718 -8.92283
-13.2648 -22.4318 -6.63383
-10.7658 -23.1358 -9.40983

-9.11278 -19.6848 -9.01183
-8.15778 -20.5508 -5.46283
-7.14778 -24.2398 -5.63383

-3.36178 -24.1128 -5.68083
-3.08278 -20.9038 -3.51683

End chain 1
