36.887 -23.463 8.956
34.76 -20.902 10.706
34.477 -17.198 11.189

36.964 -17.128 14.061
39.617 -19.041 12.22
38.916 -16.953 9.158
39.302 -13.605 10.789
42.19 -14.84 12.785
44.013 -15.477 9.498
43.018 -12.034 8.052
43.819 -9.866 11.138

46.667 -11.773 12.722
47.514 -11.664 16.413
49.57 -8.806 18.102
50.066 -8.48 21.836
51.352 -4.91 21.69
49.663 -1.798 20.443
50.45 -1.367 16.785
49.448 0.755 13.823
47.162 -1.084 11.504
47.332 -0.454 7.847
45.314 2.936 7.988
47.723 4.167 10.708
45.249 3.604 13.564
46.062 2.098 16.866
45.084 -1.481 17.205
45.91 -4.534 19.228

45.084 -8.237 19.563
43.098 -9.676 16.642
42.161 -6.61 14.663

40.766 -4.755 17.691
40.723 -1.118 16.785
41.585 1.052 19.717
41.328 4.608 18.444
41.483 6.59 15.239
43.302 9.256 17.208
46.987 9.868 16.581
47.741 9.755 20.304
49.441 6.8 21.856

48.168 7.991 25.101
44.705 8.016 23.796
45.204 4.406 22.617
46.721 3.263 25.887
43.775 4.818 27.769
41.337 3.106 25.493
43.219 -0.084 25.932
43.078 -0.026 29.76
39.388 0.877 29.673
38.693 -2.057 27.36
40.739 -4.551 29.468

39.949 -3.312 32.875
43.5 -2.793 34.015
46.726 -0.856 33.736
48.192 -2.569 30.659
51.039 -0.441 29.578
50.069 -1.175 25.981
50.572 -4.92 26.37
48.01 -7.684 26.746
47.927 -11.355 27.084
46.716 -13.911 24.599

43.676 -14.65 26.7
42.836 -10.944 26.828
43.275 -10.716 22.988
40.768 -13.473 22.533
38.253 -12.124 24.902
38.237 -8.889 22.913
37.974 -10.959 19.73
34.941 -12.807 21.022
33.247 -9.598 21.934
34.046 -8.096 18.568
32.736 -11.038 16.593
29.608 -10.998 18.595
29.163 -7.341 18.138
29.623 -7.668 14.337
26.968 -10.308 14.05
24.54 -8.343 16.218
25.205 -5.142 14.158
24.347 -7.001 10.971
21.138 -8.371 12.587
19.941 -4.956 13.593

20.904 -3.253 10.373
17.863 -2.913 8.137

20.031 -3.043 5.066
22.302 -5.933 6.146
19.913 -8.263 7.777
17.992 -9.238 4.724
21.206 -9.961 2.84
22.573 -11.97 5.681
19.396 -13.879 5.977
19.468 -14.869 2.328

22.957 -16.251 2.308
24.359 -19.746 2.983
26.643 -20.354 5.948

29.9 -19.735 4.193
28.932 -16.526 2.621
27.438 -15.203 5.84
30.92 -15.593 7.261
32.302 -13.355 4.404
29.736 -10.679 5.255
30.692 -10.908 8.928
34.387 -10.416 7.955
33.675 -7.169 6.042
31.575 -5.876 8.881
34.286 -6.68 11.321
36.742 -4.808 9.26
34.839 -1.778 8.214

31.881 -1.521 10.38
28.18 -1.826 9.694

27.992 1.595 8.205
30.791 1.029 5.708
29.336 -2.226 4.488
25.767 -1.037 4.277
27.046 1.507 1.803
27.972 -1.208 -0.763

24.3933 -2.22572 -1.0901

20.6619 -1.88526 -0.455101
21.2653 0.655031 2.30636
23.5312 2.71129 0.0524109
20.928 2.72325 -2.71637
18.227 3.87615 -0.304306
20.4265 6.70673 0.957798
21.1491 7.85727 -2.59142
17.4458 7.86999 -3.44463

20.0708 5.12999 -3.46963
22.0018 6.69699 -6.35563
25.3138 5.47999 -5.06063

27.5768 6.45299 -7.94263
26.0998 9.82799 -8.34763
26.2778 10.72 -4.69163
29.9218 9.55299 -4.60063
30.7208 11.969 -7.38663
28.7398 14.761 -5.72063
30.3958 14.238 -2.37463
33.8668 14.609 -4.01463
33.0448 18.156 -5.01363
33.6668 19.593 -1.58863

36.2428 21.313 0.484374

35.9908 18.25 2.61537
37.2928 16.061 -0.0426262
39.9898 18.507 -1.16563
41.3318 18.994 2.35437
41.3248 15.383 3.56337

41.2328 13.294 0.422374

42.3128 9.94699 1.73337
39.8718 9.96799 4.52737
37.0568 11.406 2.33937
37.7868 8.65199 -0.185626
37.3818 5.89099 2.37737
34.0308 7.28399 3.42837
32.8508 7.87099 -0.129626
33.7638 4.29099 -1.12263
31.8058 3.04499 1.80537
28.7748 4.86199 0.607374
29.3428 3.76099 -2.90163
29.8158 0.0869893 -2.21363

28.0818 -0.440011 0.986374
30.9438 -2.71301 2.16837
33.9548 -2.07301 4.45737
36.4538 -2.77701 1.68137

38.1068 0.673989 2.07937
39.0618 -0.192011 5.62837
40.0718 -3.88101 5.45737

43.8578 -3.75401 5.41037
44.1368 -0.545011 7.57437

End chain 1
