36.887 -23.463 8.956
34.76 -20.902 10.706
34.477 -17.198 11.189

36.964 -17.128 14.061
39.617 -19.041 12.22
38.916 -16.953 9.158
39.302 -13.605 10.789
42.19 -14.84 12.785
44.013 -15.477 9.498
43.018 -12.034 8.052
43.819 -9.866 11.138

46.667 -11.773 12.722
47.514 -11.664 16.413
49.57 -8.806 18.102
50.066 -8.48 21.836
51.352 -4.91 21.69
49.663 -1.798 20.443
50.45 -1.367 16.785
49.448 0.755 13.823
47.162 -1.084 11.504
47.332 -0.454 7.847
45.314 2.936 7.988
47.723 4.167 10.708
45.249 3.604 13.564
46.062 2.098 16.866
45.084 -1.481 17.205
45.91 -4.534 19.228

45.084 -8.237 19.563
43.098 -9.676 16.642
42.161 -6.61 14.663

40.766 -4.755 17.691
40.723 -1.118 16.785
41.585 1.052 19.717
41.328 4.608 18.444
41.483 6.59 15.239
43.302 9.256 17.208
46.987 9.868 16.581
47.741 9.755 20.304
49.441 6.8 21.856

48.168 7.991 25.101
44.705 8.016 23.796
45.204 4.406 22.617
46.721 3.263 25.887
43.775 4.818 27.769
41.337 3.106 25.493
43.219 -0.084 25.932
43.078 -0.026 29.76
39.388 0.877 29.673
38.693 -2.057 27.36
40.739 -4.551 29.468

38.1159 -3.81902 32.1234
35.843 -2.97403 35.0222
33.1871 -0.33897 35.8113
34.7501 1.50632 38.6789
35.2174 2.01576 42.4592
33.9158 5.33064 40.8877
35.7924 7.0249 38.0747
32.9001 7.49337 35.7976
30.3567 6.00133 33.5492
31.4621 7.92272 30.5361

34.3032 5.95261 28.9583
34.1067 3.30512 31.6776
30.3546 2.94617 31.1918
30.7827 2.52921 27.4387
33.4231 -0.157645 27.9407
31.1724 -2.0571 30.3427
28.2811 -1.93967 27.879
30.4868 -3.25774 25.0789
31.6952 -6.13142 27.2525
28.1271 -7.06973 28.1644
27.0911 -7.07433 24.5079
30.018 -9.31434 23.5812
29.1394 -11.7697 26.3456
25.5207 -11.9205 25.1942
26.588 -12.5965 21.6099
28.8896 -15.4083 22.7233
26.1086 -17.0086 24.7599
23.7266 -16.8623 21.8023
26.2989 -18.4888 19.5262
26.8802 -21.2922 22.0254

27.8432 -19.5892 18.8054
24.8022 -19.2492 16.5694

26.9702 -19.3792 13.4984
29.2412 -22.2692 14.5784
26.8522 -24.5992 16.2094
24.9312 -25.5742 13.1564
28.1452 -26.2972 11.2724
29.5122 -28.3062 14.1134
26.3352 -30.2152 14.4094
26.4072 -31.2052 10.7604

29.8962 -32.5872 10.7404
31.2982 -36.0822 11.4154
33.5822 -36.6902 14.3804

36.8392 -36.0712 12.6254
35.8712 -32.8622 11.0534
34.3772 -31.5392 14.2724
37.8592 -31.9292 15.6934
39.2412 -29.6912 12.8364
36.6752 -27.0152 13.6874
37.6312 -27.2442 17.3604
41.3262 -26.7522 16.3874
40.6142 -23.5052 14.4744
38.5142 -22.2122 17.3134
41.2252 -23.0162 19.7534
43.6812 -21.1442 17.6924
41.7782 -18.1142 16.6464

38.8202 -17.8572 18.8124
35.1192 -18.1622 18.1264

34.9312 -14.7412 16.6374
37.7302 -15.3072 14.1404
36.2752 -18.5622 12.9204
32.7062 -17.3732 12.7094
33.9852 -14.8292 10.2354
34.9112 -17.5442 7.66939

31.3792 -17.1862 6.40239

31.8512 -18.7072 3.01539
33.9412 -21.6452 4.13639
31.4322 -22.4642 6.92539
28.6422 -22.6352 4.42739
30.6242 -24.9312 2.15939
31.4452 -27.1752 5.05639
27.8422 -27.2502 6.03839
27.0582 -28.1482 2.55039

29.6832 -30.8882 2.52539
31.6142 -29.3212 -0.360608
34.9262 -30.5382 0.934392

37.1892 -29.5652 -1.94761
35.7122 -26.1902 -2.35261
35.8902 -25.2982 1.30339
39.5342 -26.4652 1.39439
40.3332 -24.0492 -1.39161
38.3522 -21.2572 0.274392
40.0082 -21.7802 3.62039
43.4792 -21.4092 1.98039
42.6572 -17.8622 0.981392
43.2792 -16.4252 4.40639

45.8552 -14.7052 6.47939

45.6032 -17.7682 8.61039
46.9052 -19.9572 5.95239
49.6022 -17.5112 4.82939
50.9442 -17.0242 8.34939
50.9372 -20.6352 9.55839

50.8452 -22.7242 6.41739

51.9252 -26.0712 7.72839
49.4842 -26.0502 10.5224
46.6692 -24.6122 8.33439
47.3992 -27.3662 5.80939
46.9942 -30.1272 8.37239
43.6432 -28.7342 9.42339
42.4632 -28.1472 5.86539
43.3762 -31.7272 4.87239
41.4182 -32.9732 7.80039
38.3872 -31.1562 6.60239
38.9552 -32.2572 3.09339
39.4282 -35.9312 3.78139

37.6942 -36.4582 6.98139
40.5562 -38.7312 8.16339
43.5672 -38.0912 10.4524
46.0662 -38.7952 7.67639

47.7192 -35.3442 8.07439
48.6742 -36.2102 11.6234
49.6842 -39.8992 11.4524

53.4702 -39.7722 11.4054
53.7492 -36.5632 13.5694

End chain 1
