36.887 -23.463 8.956
34.76 -20.902 10.706
34.477 -17.198 11.189

36.964 -17.128 14.061
39.617 -19.041 12.22
38.916 -16.953 9.158
39.302 -13.605 10.789
42.19 -14.84 12.785
44.013 -15.477 9.498
43.018 -12.034 8.052
43.819 -9.866 11.138

46.667 -11.773 12.722
47.514 -11.664 16.413
49.57 -8.806 18.102
50.066 -8.48 21.836
51.352 -4.91 21.69
49.663 -1.798 20.443
50.45 -1.367 16.785
49.448 0.755 13.823
47.162 -1.084 11.504
47.332 -0.454 7.847
45.314 2.936 7.988
47.723 4.167 10.708
45.249 3.604 13.564
46.062 2.098 16.866
45.084 -1.481 17.205
45.91 -4.534 19.228

45.084 -8.237 19.563
43.098 -9.676 16.642
42.161 -6.61 14.663

45.9586 -5.90846 14.8685
45.6967 -2.05647 14.8206
42.4583 -1.48392 13.0908
40.0894 -2.04289 16.0612
41.0846 -1.20325 19.6781
41.3304 -4.73579 21.1346
41.7226 -6.23266 24.6106
45.4317 -6.60856 25.0723
46.198 -3.54761 22.9254

42.9574 -1.56503 23.0299
44.2567 0.593719 25.875
47.4736 1.31778 23.9854
45.5344 2.32668 20.8766
43.3344 4.67874 22.8943
46.3743 6.31436 24.4838
47.9912 6.83704 21.0845
44.8255 8.43378 19.7164
44.6197 10.7983 22.6845
48.2453 11.8421 22.2279
47.6799 12.5425 18.5357

46.8899 13.7815 21.9427
50.4409 14.3005 23.0827
53.6669 16.2375 22.8037
55.1329 14.5245 19.7267
57.9799 16.6525 18.6457
57.0099 15.9185 15.0487
57.5129 12.1735 15.4377
54.9509 9.40947 15.8137
54.8679 5.73847 16.1517
53.6569 3.18247 13.6667

50.6169 2.44347 15.7677
49.7769 6.14947 15.8957
50.2159 6.37747 12.0557
47.7089 3.62047 11.6007
45.1939 4.96947 13.9697
45.1779 8.20447 11.9807
44.9149 6.13447 8.7977
41.8819 4.28647 10.0897
40.1879 7.49547 11.0017
40.9869 8.99747 7.6357
39.6769 6.05547 5.6607
36.5489 6.09547 7.6627
36.1039 9.75247 7.2057
36.5639 9.42547 3.4047
33.9089 6.78547 3.1177
31.4809 8.75047 5.2857
32.1459 11.9515 3.2257
31.2879 10.0925 0.0386974
28.0789 8.72247 1.6547
26.8819 12.1375 2.6607

27.8449 13.8405 -0.559303
24.8039 14.1805 -2.7953

26.9719 14.0505 -5.8663
29.2429 11.1605 -4.7863
26.8539 8.83047 -3.1553
24.9329 7.85547 -6.2083
28.1469 7.13247 -8.0923
29.5139 5.12347 -5.2513
26.3369 3.21447 -4.9553
26.4089 2.22447 -8.6043

29.8979 0.842466 -8.6243
31.2999 -2.65253 -7.9493
33.5839 -3.26053 -4.9843

36.8409 -2.64153 -6.7393
35.8729 0.567466 -8.3113
34.3789 1.89047 -5.0923
37.8609 1.50047 -3.6713
39.2429 3.73847 -6.5283
36.6769 6.41447 -5.6773
37.6329 6.18547 -2.0043
41.3279 6.67747 -2.9773
40.6159 9.92447 -4.8903
38.5159 11.2175 -2.0513
41.2269 10.4135 0.388697
43.6829 12.2855 -1.6723
41.7799 15.3155 -2.7183

38.8219 15.5725 -0.552303
35.1209 15.2675 -1.2383

34.9329 18.6885 -2.7273
37.7319 18.1225 -5.2243
36.2769 14.8675 -6.4443
32.7079 16.0565 -6.6553
33.9869 18.6005 -9.1293
34.9129 15.8855 -11.6953

31.3809 16.2435 -12.9623

31.8529 14.7225 -16.3493
33.9429 11.7845 -15.2283
31.4339 10.9655 -12.4393
28.6439 10.7945 -14.9373
30.6259 8.49847 -17.2053
31.4469 6.25447 -14.3083
27.8439 6.17947 -13.3263
27.0599 5.28147 -16.8143

29.6849 2.54147 -16.8393
31.6159 4.10847 -19.7253
34.9279 2.89147 -18.4303

37.1909 3.86447 -21.3123
35.7139 7.23947 -21.7173
35.8919 8.13147 -18.0613
39.5359 6.96447 -17.9703
40.3349 9.38047 -20.7563
38.3539 12.1725 -19.0903
40.0099 11.6495 -15.7443
43.4809 12.0205 -17.3843
42.6589 15.5675 -18.3833
43.2809 17.0045 -14.9583

45.8569 18.7245 -12.8853

45.6049 15.6615 -10.7543
46.9069 13.4725 -13.4123
49.6039 15.9185 -14.5353
50.9459 16.4055 -11.0153
50.9389 12.7945 -9.8063

50.8469 10.7055 -12.9473

51.9269 7.35847 -11.6363
49.4859 7.37947 -8.8423
46.6709 8.81747 -11.0303
47.4009 6.06347 -13.5553
46.9959 3.30247 -10.9923
43.6449 4.69547 -9.9413
42.4649 5.28247 -13.4993
43.3779 1.70247 -14.4923
41.4199 0.456466 -11.5643
38.3889 2.27347 -12.7623
38.9569 1.17247 -16.2713
39.4299 -2.50153 -15.5833

37.6959 -3.02853 -12.3833
40.5579 -5.30153 -11.2013
43.5689 -4.66153 -8.9123
46.0679 -5.36553 -11.6883

47.7209 -1.91453 -11.2903
48.6759 -2.78053 -7.7413
49.6859 -6.46953 -7.9123

53.4719 -6.34253 -7.9593
53.7509 -3.13353 -5.7953

End chain 1
