36.887 -23.463 8.956
34.76 -20.902 10.706
34.477 -17.198 11.189

36.964 -17.128 14.061
39.617 -19.041 12.22
38.916 -16.953 9.158
39.302 -13.605 10.789
42.19 -14.84 12.785
44.013 -15.477 9.498
43.018 -12.034 8.052
43.819 -9.866 11.138

46.667 -11.773 12.722
47.514 -11.664 16.413
49.57 -8.806 18.102
50.066 -8.48 21.836
51.352 -4.91 21.69
49.663 -1.798 20.443
50.45 -1.367 16.785
49.448 0.755 13.823
47.162 -1.084 11.504
47.332 -0.454 7.847
45.314 2.936 7.988
47.723 4.167 10.708
45.249 3.604 13.564
46.062 2.098 16.866
45.084 -1.481 17.205
45.91 -4.534 19.228

45.084 -8.237 19.563
43.098 -9.676 16.642
42.161 -6.61 14.663

40.766 -4.755 17.691
40.723 -1.118 16.785
41.585 1.052 19.717
41.328 4.608 18.444
41.483 6.59 15.239
43.302 9.256 17.208
46.987 9.868 16.581
47.741 9.755 20.304
49.441 6.8 21.856

48.168 7.991 25.101
44.705 8.016 23.796
45.204 4.406 22.617
46.721 3.263 25.887
43.775 4.818 27.769
41.337 3.106 25.493
43.219 -0.084 25.932
43.078 -0.026 29.76
39.388 0.877 29.673
38.693 -2.057 27.36
40.739 -4.551 29.468

39.949 -3.312 32.875
43.5 -2.793 34.015
46.726 -0.856 33.736
48.192 -2.569 30.659
51.039 -0.441 29.578
50.069 -1.175 25.981
50.572 -4.92 26.37
48.01 -7.684 26.746
47.927 -11.355 27.084
46.716 -13.911 24.599

43.676 -14.65 26.7
42.836 -10.944 26.828
43.275 -10.716 22.988
40.768 -13.473 22.533
38.253 -12.124 24.902
38.237 -8.889 22.913
37.974 -10.959 19.73
34.941 -12.807 21.022
33.247 -9.598 21.934
34.046 -8.096 18.568
32.736 -11.038 16.593
29.608 -10.998 18.595
29.163 -7.341 18.138
29.623 -7.668 14.337
26.968 -10.308 14.05
24.54 -8.343 16.218
25.205 -5.142 14.158
24.347 -7.001 10.971
21.138 -8.371 12.587
19.941 -4.956 13.593

20.904 -3.253 10.373
17.863 -2.913 8.137

20.031 -3.043 5.066
22.302 -5.933 6.146
19.913 -8.263 7.777
17.992 -9.238 4.724
21.206 -9.961 2.84
22.573 -11.97 5.681
19.396 -13.879 5.977
19.468 -14.869 2.328

22.957 -16.251 2.308
24.359 -19.746 2.983
26.643 -20.354 5.948

29.9 -19.735 4.193
28.932 -16.526 2.621
27.438 -15.203 5.84
30.92 -15.593 7.261
32.302 -13.355 4.404
29.736 -10.679 5.255
30.692 -10.908 8.928
34.387 -10.416 7.955
33.675 -7.169 6.042
31.575 -5.876 8.881
34.286 -6.68 11.321
36.742 -4.808 9.26
34.839 -1.778 8.214

31.881 -1.521 10.38
28.18 -1.826 9.694

27.992 1.595 8.205
30.791 1.029 5.708
29.336 -2.226 4.488
25.767 -1.037 4.277
27.046 1.507 1.803
27.972 -1.208 -0.763

24.44 -0.85 -2.03

24.912 -2.371 -5.417
27.002 -5.309 -4.296
24.493 -6.128 -1.507
21.703 -6.299 -4.005
23.685 -8.595 -6.273
24.506 -10.839 -3.376
20.903 -10.914 -2.394
20.119 -11.812 -5.882

22.5687 -14.7746 -6.32382
25.7348 -15.7516 -8.30049
28.2292 -16.8388 -10.9458

30.969 -19.2893 -9.98068
28.768 -20.8446 -7.30121
25.9037 -21.2678 -9.76285
28.1934 -22.95 -12.2868
29.4902 -25.3596 -9.64967
25.9521 -26.2766 -8.60863
24.9605 -26.9456 -12.2158
27.9855 -29.1872 -12.7333
27.1733 -31.1712 -9.59533
23.5775 -31.6656 -10.7217

26.1535 -29.9456 -8.64875

25.9015 -33.0086 -6.51775
27.2035 -35.1976 -9.17575
29.9005 -32.7516 -10.2987
31.2425 -32.2646 -6.77875
31.2355 -35.8756 -5.56975

31.1435 -37.9646 -8.71075

32.2235 -41.3116 -7.39975
29.7825 -41.2906 -4.60575
26.9675 -39.8526 -6.79375
27.6975 -42.6066 -9.31875
27.2925 -45.3676 -6.75575
23.9415 -43.9746 -5.70475
22.7615 -43.3876 -9.26275
23.6745 -46.9676 -10.2557
21.7165 -48.2136 -7.32775
18.6855 -46.3966 -8.52575
19.2535 -47.4976 -12.0347
19.7265 -51.1716 -11.3467

17.9925 -51.6986 -8.14675
20.8545 -53.9716 -6.96475
23.8655 -53.3316 -4.67575
26.3645 -54.0356 -7.45175

28.0175 -50.5846 -7.05375
28.9725 -51.4506 -3.50475
29.9825 -55.1396 -3.67575

33.7685 -55.0126 -3.72275
34.0475 -51.8036 -1.55875

End chain 1
