36.887 -23.463 8.956
34.76 -20.902 10.706
34.477 -17.198 11.189

36.964 -17.128 14.061
39.617 -19.041 12.22
38.916 -16.953 9.158
39.302 -13.605 10.789
42.19 -14.84 12.785
44.013 -15.477 9.498
43.018 -12.034 8.052
43.819 -9.866 11.138

46.667 -11.773 12.722
47.514 -11.664 16.413
49.57 -8.806 18.102
50.066 -8.48 21.836
51.352 -4.91 21.69
49.663 -1.798 20.443
50.45 -1.367 16.785
49.448 0.755 13.823
47.162 -1.084 11.504
47.332 -0.454 7.847
45.314 2.936 7.988
47.723 4.167 10.708
45.249 3.604 13.564
46.062 2.098 16.866
45.084 -1.481 17.205
45.91 -4.534 19.228

45.084 -8.237 19.563
43.098 -9.676 16.642
42.161 -6.61 14.663

40.766 -4.755 17.691
40.723 -1.118 16.785
41.585 1.052 19.717
41.328 4.608 18.444
41.483 6.59 15.239
43.302 9.256 17.208
46.987 9.868 16.581
47.741 9.755 20.304
49.441 6.8 21.856

48.168 7.991 25.101
44.705 8.016 23.796
45.204 4.406 22.617
46.721 3.263 25.887
43.775 4.818 27.769
41.337 3.106 25.493
43.219 -0.084 25.932
43.078 -0.026 29.76
39.388 0.877 29.673
38.693 -2.057 27.36
40.739 -4.551 29.468

39.949 -3.312 32.875
43.5 -2.793 34.015
46.726 -0.856 33.736
48.192 -2.569 30.659
51.039 -0.441 29.578
50.069 -1.175 25.981
50.572 -4.92 26.37
48.01 -7.684 26.746
47.927 -11.355 27.084
46.716 -13.911 24.599

43.676 -14.65 26.7
42.836 -10.944 26.828
43.275 -10.716 22.988
40.768 -13.473 22.533
38.253 -12.124 24.902
38.237 -8.889 22.913
37.974 -10.959 19.73
34.941 -12.807 21.022
33.247 -9.598 21.934
34.046 -8.096 18.568
32.736 -11.038 16.593
29.608 -10.998 18.595
29.163 -7.341 18.138
29.623 -7.668 14.337
26.968 -10.308 14.05
24.54 -8.343 16.218
25.205 -5.142 14.158
24.347 -7.001 10.971
21.138 -8.371 12.587
19.941 -4.956 13.593

20.904 -3.253 10.373
17.863 -2.913 8.137

20.031 -3.043 5.066
22.302 -5.933 6.146
19.913 -8.263 7.777
17.992 -9.238 4.724
21.206 -9.961 2.84
22.573 -11.97 5.681
19.396 -13.879 5.977
19.468 -14.869 2.328

22.957 -16.251 2.308
24.359 -19.746 2.983
26.643 -20.354 5.948

29.9 -19.735 4.193
28.932 -16.526 2.621
27.438 -15.203 5.84
30.92 -15.593 7.261
32.302 -13.355 4.404
29.736 -10.679 5.255
30.692 -10.908 8.928
34.387 -10.416 7.955
33.675 -7.169 6.042
31.575 -5.876 8.881
34.286 -6.68 11.321
36.742 -4.808 9.26
34.839 -1.778 8.214

31.881 -1.521 10.38
28.18 -1.826 9.694

27.992 1.595 8.205
30.791 1.029 5.708
29.336 -2.226 4.488
25.767 -1.037 4.277
27.046 1.507 1.803
27.972 -1.208 -0.763

24.44 -0.85 -2.03

24.912 -2.371 -5.417
27.002 -5.309 -4.296
24.493 -6.128 -1.507
21.703 -6.299 -4.005
23.685 -8.595 -6.273
24.506 -10.839 -3.376
20.903 -10.914 -2.394
20.119 -11.812 -5.882

22.3746 -14.8124 -5.9185
21.3977 -17.0387 -2.88385
24.2707 -16.5496 -0.313964

27.4324 -16.2507 -2.40146
29.4174 -18.2595 0.141673
26.7893 -21.0045 0.168894
26.8202 -21.2053 -3.62605
30.6097 -21.4874 -3.67689
30.5325 -24.2876 -1.10868
27.9392 -26.1973 -3.12617
30.0211 -25.8751 -6.28916
33.1168 -27.1605 -4.49836
31.2115 -30.1614 -3.15389

33.7875 -28.4414 -1.08089

33.5355 -31.5044 1.05011
34.8375 -33.6934 -1.60789
37.5345 -31.2474 -2.73089
38.8765 -30.7604 0.78911
38.8695 -34.3714 1.99811

38.7775 -36.4604 -1.14289

39.8575 -39.8074 0.16811
37.4165 -39.7864 2.96211
34.6015 -38.3484 0.77411
35.3315 -41.1024 -1.75089
34.9265 -43.8634 0.81211
31.5755 -42.4704 1.86311
30.3955 -41.8834 -1.69489
31.3085 -45.4634 -2.68789
29.3505 -46.7094 0.24011
26.3195 -44.8924 -0.95789
26.8875 -45.9934 -4.46689
27.3605 -49.6674 -3.77889

25.6265 -50.1944 -0.57889
28.4885 -52.4674 0.60311
31.4995 -51.8274 2.89211
33.9985 -52.5314 0.11611

35.6515 -49.0804 0.51411
36.6065 -49.9464 4.06311
37.6165 -53.6354 3.89211

41.4025 -53.5084 3.84511
41.6815 -50.2994 6.00911

End chain 1
