0 0 0
0 0 3.81984
-0.45088 0.998836 7.45574

-3.95164 0.888451 5.98083
-5.28463 3.1526 8.72668
-2.49387 5.66536 8.14305
-3.19599 5.72369 4.40854
-6.89947 6.32211 5.016
-6.14563 9.20141 7.37911
-3.82272 10.8077 4.8361
-6.46134 10.5422 2.11395

-3.61334 8.63515 3.69795
-2.76634 8.74415 7.38895
-0.71034 11.6022 9.07795
-0.21434 11.9282 12.812
1.07166 15.4982 12.666
-0.61734 18.6102 11.419
0.16966 19.0412 7.76095
-0.83234 21.1632 4.79895
-3.11834 19.3242 2.47995
-2.94834 19.9542 -1.17705
-4.96634 23.3442 -1.03605
-2.55734 24.5752 1.68395
-5.03134 24.0122 4.53995
-4.21834 22.5062 7.84195
-5.19634 18.9272 8.18095
-4.37034 15.8742 10.204

-5.19634 12.1712 10.539
-7.18234 10.7322 7.61795
-8.11934 13.7982 5.63895

-9.51434 15.6532 8.66695
-9.55734 19.2902 7.76095
-8.69534 21.4602 10.693
-8.95234 25.0162 9.41995
-8.79734 26.9982 6.21495
-6.97834 29.6642 8.18395
-3.29334 30.2762 7.55695
-2.53934 30.1632 11.28
-0.83934 27.2082 12.832

-2.11234 28.3992 16.077
-5.57534 28.4242 14.772
-5.07634 24.8142 13.593
-3.55934 23.6712 16.863
-6.50534 25.2262 18.745
-8.94334 23.5142 16.469
-7.06134 20.3242 16.908
-7.20234 20.3822 20.736
-10.8923 21.2852 20.649
-11.5873 18.3512 18.336
-9.54134 15.8572 20.444

-10.3313 17.0962 23.851
-6.78034 17.6152 24.991
-3.55434 19.5522 24.712
-2.08834 17.8392 21.635
0.75866 19.9672 20.554
-0.21134 19.2332 16.957
0.29166 15.4882 17.346
-2.27034 12.7242 17.722
-2.35334 9.05315 18.06
-3.56434 6.49715 15.575

-6.60434 5.75815 17.676
-7.44434 9.46415 17.804
-7.00534 9.69215 13.964
-9.51234 6.93515 13.509
-12.0273 8.28415 15.878
-12.0433 11.5192 13.889
-12.3063 9.44915 10.706
-15.3393 7.60115 11.998
-17.0333 10.8102 12.91
-16.2343 12.3122 9.54395
-17.5443 9.37015 7.56895
-20.6723 9.41015 9.57095
-21.1173 13.0672 9.11395
-20.6573 12.7402 5.31295
-23.3123 10.1002 5.02595
-25.7403 12.0652 7.19395
-25.0753 15.2662 5.13395
-25.9333 13.4072 1.94695
-29.1423 12.0372 3.56295
-30.3393 15.4522 4.56895

-29.3763 17.1552 1.34895
-32.4173 17.4952 -0.887045

-30.2493 17.3652 -3.95805
-27.9783 14.4752 -2.87805
-30.3673 12.1452 -1.24705
-32.2883 11.1702 -4.30005
-29.0743 10.4472 -6.18405
-27.7073 8.43815 -3.34305
-30.8843 6.52915 -3.04705
-30.8123 5.53915 -6.69605

-27.3233 4.15715 -6.71605
-25.9213 0.662152 -6.04105
-23.6373 0.0541521 -3.07605

-20.3803 0.673152 -4.83105
-21.3483 3.88215 -6.40305
-22.8423 5.20515 -3.18405
-19.3603 4.81515 -1.76305
-17.9783 7.05315 -4.62005
-20.5443 9.72915 -3.76905
-19.5883 9.50015 -0.0960451
-15.8933 9.99215 -1.06905
-16.6053 13.2392 -2.98205
-18.7053 14.5322 -0.143045
-15.9943 13.7282 2.29695
-13.5383 15.6002 0.235955
-15.4413 18.6302 -0.810045

-18.3993 18.8872 1.35595
-22.1003 18.5822 0.669955

-22.2883 22.0032 -0.819045
-19.4893 21.4372 -3.31605
-20.9443 18.1822 -4.53605
-24.5133 19.3712 -4.74705
-23.2343 21.9152 -7.22105
-22.3083 19.2002 -9.78705

-25.8403 19.5582 -11.054

-25.3683 18.0372 -14.441
-23.2783 15.0992 -13.32
-25.7873 14.2802 -10.531
-28.5773 14.1092 -13.029
-26.5953 11.8132 -15.297
-25.7743 9.56915 -12.4
-29.3773 9.49415 -11.418
-30.1613 8.59615 -14.906

-27.5363 5.85615 -14.931
-25.6053 7.42315 -17.817
-22.2933 6.20615 -16.522

-20.0303 7.17915 -19.404
-21.5073 10.5542 -19.809
-21.3293 11.4462 -16.153
-17.6853 10.2792 -16.062
-16.8863 12.6952 -18.848
-18.8673 15.4872 -17.182
-17.2113 14.9642 -13.836
-13.7403 15.3352 -15.476
-14.5623 18.8822 -16.475
-13.9403 20.3192 -13.05

-11.3643 22.0392 -10.977

-11.6163 18.9762 -8.84605
-10.3143 16.7872 -11.504
-7.61734 19.2332 -12.627
-6.27534 19.7202 -9.10705
-6.28234 16.1092 -7.89805

-6.37434 14.0202 -11.039

-5.29434 10.6732 -9.72805
-7.73534 10.6942 -6.93405
-10.5503 12.1322 -9.12205
-9.82034 9.37815 -11.647
-10.2253 6.61715 -9.08405
-13.5763 8.01015 -8.03305
-14.7563 8.59715 -11.591
-13.8433 5.01715 -12.584
-15.8013 3.77115 -9.65605
-18.8323 5.58815 -10.854
-18.2643 4.48715 -14.363
-17.7913 0.813152 -13.675

-19.5253 0.286152 -10.475
-16.6633 -1.98685 -9.29305
-13.6523 -1.34685 -7.00405
-11.1533 -2.05085 -9.78005

-9.50034 1.40015 -9.38205
-8.54534 0.534152 -5.83305
-7.53534 -3.15485 -6.00405

-3.74934 -3.02785 -6.05105
-3.47034 0.181152 -3.88705

End chain 1
