36.887 -23.463 8.956
34.76 -20.902 10.706
34.477 -17.198 11.189

36.964 -17.128 14.061
39.617 -19.041 12.22
38.916 -16.953 9.158
39.302 -13.605 10.789
42.19 -14.84 12.785
44.013 -15.477 9.498
43.018 -12.034 8.052
43.819 -9.866 11.138

46.667 -11.773 12.722
47.514 -11.664 16.413
49.57 -8.806 18.102
50.066 -8.48 21.836
51.352 -4.91 21.69
49.663 -1.798 20.443
50.45 -1.367 16.785
49.448 0.755 13.823
47.162 -1.084 11.504
47.332 -0.454 7.847
45.314 2.936 7.988
47.723 4.167 10.708
45.249 3.604 13.564
46.062 2.098 16.866
45.084 -1.481 17.205
45.91 -4.534 19.228

45.084 -8.237 19.563
43.098 -9.676 16.642
42.161 -6.61 14.663

45.9368 -6.64387 14.6383
49.5929 -6.91968 13.8514
53.4144 -6.78534 14.2247
53.8582 -4.32861 11.434
54.445 -0.805813 12.8422
54.2943 2.48742 10.8955
54.1299 5.7397 9.03927
52.2474 5.2201 5.67109
50.6147 4.8324 2.36132

48.0849 7.45913 1.29194
49.146 9.77034 4.11599
52.8076 9.41172 3.16354
52.0427 10.2265 -0.468799
50.0997 13.3341 0.536495
52.9617 14.5315 2.73145
55.4579 14.0499 -0.0935135
53.2665 16.018 -2.49506
52.9473 18.878 -0.0127434
56.714 19.0016 0.476793
57.2956 19.1128 -3.27718

56.5056 20.3518 0.129821
60.0566 20.8708 1.26982
63.2826 22.8078 0.990821
64.7486 21.0948 -2.08618
67.5956 23.2228 -3.16718
66.6256 22.4888 -6.76418
67.1286 18.7438 -6.37518
64.5666 15.9798 -5.99918
64.4836 12.3088 -5.66118
63.2726 9.75275 -8.14618

60.2326 9.01375 -6.04518
59.3926 12.7198 -5.91718
59.8316 12.9478 -9.75718
57.3246 10.1908 -10.2122
54.8096 11.5398 -7.84318
54.7936 14.7748 -9.83218
54.5306 12.7048 -13.0152
51.4976 10.8568 -11.7232
49.8036 14.0658 -10.8112
50.6026 15.5678 -14.1772
49.2926 12.6258 -16.1522
46.1646 12.6658 -14.1502
45.7196 16.3228 -14.6072
46.1796 15.9958 -18.4082
43.5246 13.3558 -18.6952
41.0966 15.3208 -16.5272
41.7616 18.5218 -18.5872
40.9036 16.6628 -21.7742
37.6946 15.2928 -20.1582
36.4976 18.7078 -19.1522

37.4606 20.4108 -22.3722
34.4196 20.7508 -24.6082

36.5876 20.6208 -27.6792
38.8586 17.7308 -26.5992
36.4696 15.4008 -24.9682
34.5486 14.4258 -28.0212
37.7626 13.7028 -29.9052
39.1296 11.6938 -27.0642
35.9526 9.78475 -26.7682
36.0246 8.79475 -30.4172

39.5136 7.41275 -30.4372
40.9156 3.91775 -29.7622
43.1996 3.30975 -26.7972

46.4566 3.92875 -28.5522
45.4886 7.13775 -30.1242
43.9946 8.46075 -26.9052
47.4766 8.07075 -25.4842
48.8586 10.3088 -28.3412
46.2926 12.9848 -27.4902
47.2486 12.7558 -23.8172
50.9436 13.2478 -24.7902
50.2316 16.4948 -26.7032
48.1316 17.7878 -23.8642
50.8426 16.9838 -21.4242
53.2986 18.8558 -23.4852
51.3956 21.8858 -24.5312

48.4376 22.1428 -22.3652
44.7366 21.8378 -23.0512

44.5486 25.2588 -24.5402
47.3476 24.6928 -27.0372
45.8926 21.4378 -28.2572
42.3236 22.6268 -28.4682
43.6026 25.1708 -30.9422
44.5286 22.4558 -33.5082

40.9966 22.8138 -34.7752

41.4686 21.2928 -38.1622
43.5586 18.3548 -37.0412
41.0496 17.5358 -34.2522
38.2596 17.3648 -36.7502
40.2416 15.0688 -39.0182
41.0626 12.8248 -36.1212
37.4596 12.7498 -35.1392
36.6756 11.8518 -38.6272

39.3006 9.11175 -38.6522
41.2316 10.6788 -41.5382
44.5436 9.46175 -40.2432

46.8066 10.4348 -43.1252
45.3296 13.8098 -43.5302
45.5076 14.7018 -39.8742
49.1516 13.5348 -39.7832
49.9506 15.9508 -42.5692
47.9696 18.7428 -40.9032
49.6256 18.2198 -37.5572
53.0966 18.5908 -39.1972
52.2746 22.1378 -40.1962
52.8966 23.5748 -36.7712

55.4726 25.2948 -34.6982

55.2206 22.2318 -32.5672
56.5226 20.0428 -35.2252
59.2196 22.4888 -36.3482
60.5616 22.9758 -32.8282
60.5546 19.3648 -31.6192

60.4626 17.2758 -34.7602

61.5426 13.9288 -33.4492
59.1016 13.9498 -30.6552
56.2866 15.3878 -32.8432
57.0166 12.6338 -35.3682
56.6116 9.87275 -32.8052
53.2606 11.2658 -31.7542
52.0806 11.8528 -35.3122
52.9936 8.27275 -36.3052
51.0356 7.02675 -33.3772
48.0046 8.84375 -34.5752
48.5726 7.74275 -38.0842
49.0456 4.06875 -37.3962

47.3116 3.54175 -34.1962
50.1736 1.26875 -33.0142
53.1846 1.90875 -30.7252
55.6836 1.20475 -33.5012

57.3366 4.65575 -33.1032
58.2916 3.78975 -29.5542
59.3016 0.100754 -29.7252

63.0876 0.227754 -29.7722
63.3666 3.43675 -27.6082

End chain 1
