36.887 -23.463 8.956
34.76 -20.902 10.706
34.477 -17.198 11.189

36.964 -17.128 14.061
39.617 -19.041 12.22
38.916 -16.953 9.158
39.302 -13.605 10.789
42.19 -14.84 12.785
44.013 -15.477 9.498
43.018 -12.034 8.052
43.819 -9.866 11.138

46.667 -11.773 12.722
47.514 -11.664 16.413
49.57 -8.806 18.102
50.066 -8.48 21.836
51.352 -4.91 21.69
49.663 -1.798 20.443
50.45 -1.367 16.785
49.448 0.755 13.823
47.162 -1.084 11.504
47.332 -0.454 7.847
45.314 2.936 7.988
47.723 4.167 10.708
45.249 3.604 13.564
46.062 2.098 16.866
45.084 -1.481 17.205
45.91 -4.534 19.228

45.084 -8.237 19.563
43.098 -9.676 16.642
42.161 -6.61 14.663

40.766 -4.755 17.691
40.723 -1.118 16.785
41.585 1.052 19.717
41.328 4.608 18.444
41.483 6.59 15.239
43.302 9.256 17.208
46.987 9.868 16.581
47.741 9.755 20.304
49.441 6.8 21.856

48.168 7.991 25.101
44.705 8.016 23.796
45.204 4.406 22.617
46.721 3.263 25.887
43.775 4.818 27.769
41.337 3.106 25.493
43.219 -0.084 25.932
43.078 -0.026 29.76
39.388 0.877 29.673
38.693 -2.057 27.36
40.739 -4.551 29.468

39.949 -3.312 32.875
43.5 -2.793 34.015
46.726 -0.856 33.736
48.192 -2.569 30.659
51.039 -0.441 29.578
50.069 -1.175 25.981
50.572 -4.92 26.37
48.01 -7.684 26.746
47.927 -11.355 27.084
46.716 -13.911 24.599

43.676 -14.65 26.7
42.836 -10.944 26.828
43.275 -10.716 22.988
40.768 -13.473 22.533
38.253 -12.124 24.902
38.237 -8.889 22.913
37.974 -10.959 19.73
34.941 -12.807 21.022
33.247 -9.598 21.934
34.046 -8.096 18.568
32.736 -11.038 16.593
29.608 -10.998 18.595
29.163 -7.341 18.138
29.623 -7.668 14.337
26.968 -10.308 14.05
24.54 -8.343 16.218
25.205 -5.142 14.158
24.347 -7.001 10.971
21.138 -8.371 12.587
19.941 -4.956 13.593

20.904 -3.253 10.373
17.863 -2.913 8.137

20.031 -3.043 5.066
22.302 -5.933 6.146
19.913 -8.263 7.777
17.992 -9.238 4.724
21.206 -9.961 2.84
22.573 -11.97 5.681
19.396 -13.879 5.977
19.468 -14.869 2.328

22.957 -16.251 2.308
24.359 -19.746 2.983
26.643 -20.354 5.948

29.9 -19.735 4.193
28.932 -16.526 2.621
27.438 -15.203 5.84
30.92 -15.593 7.261
32.302 -13.355 4.404
29.736 -10.679 5.255
30.692 -10.908 8.928
34.387 -10.416 7.955
33.675 -7.169 6.042
31.575 -5.876 8.881
34.286 -6.68 11.321
36.742 -4.808 9.26
34.839 -1.778 8.214

33.4983 -1.06508 11.6636
31.9541 -0.707555 15.0282

30.3447 2.56379 16.1011
33.0138 3.12064 18.7486
35.7854 2.50454 16.2224
34.2457 4.97985 13.7842
33.9887 7.63472 16.4913
37.6309 7.14049 17.4571

34.0989 7.49849 16.1901

34.5709 5.97749 12.8031
36.6609 3.03949 13.9241
34.1519 2.22049 16.7131
31.3619 2.04949 14.2151
33.3439 -0.246506 11.9471
34.1649 -2.49051 14.8441
30.5619 -2.56551 15.8261
29.7779 -3.46351 12.3381

32.4029 -6.20351 12.3131
34.3339 -4.63651 9.42713
37.6459 -5.85351 10.7221

39.9089 -4.88051 7.84013
38.4319 -1.50551 7.43513
38.6099 -0.613506 11.0911
42.2539 -1.78051 11.1821
43.0529 0.635494 8.39613
41.0719 3.42749 10.0621
42.7279 2.90449 13.4081
46.1989 3.27549 11.7681
45.3769 6.82249 10.7691
45.9989 8.25949 14.1941

48.5749 9.97949 16.2671

48.3229 6.91649 18.3981
49.6249 4.72749 15.7401
52.3219 7.17349 14.6171
53.6639 7.66049 18.1371
53.6569 4.04949 19.3461

53.5649 1.96049 16.2051

54.6449 -1.38651 17.5161
52.2039 -1.36551 20.3101
49.3889 0.0724938 18.1221
50.1189 -2.68151 15.5971
49.7139 -5.44251 18.1601
46.3629 -4.04951 19.2111
45.1829 -3.46251 15.6531
46.0959 -7.04251 14.6601
44.1379 -8.28851 17.5881
41.1069 -6.47151 16.3901
41.6749 -7.57251 12.8811
42.1479 -11.2465 13.5691

40.4139 -11.7735 16.7691
43.2759 -14.0465 17.9511
46.2869 -13.4065 20.2401
48.7859 -14.1105 17.4641

50.4389 -10.6595 17.8621
51.3939 -11.5255 21.4111
52.4039 -15.2145 21.2401

56.1899 -15.0875 21.1931
56.4689 -11.8785 23.3571

End chain 1
