36.887 -23.463 8.956
34.76 -20.902 10.706
34.477 -17.198 11.189

36.964 -17.128 14.061
39.617 -19.041 12.22
38.916 -16.953 9.158
39.302 -13.605 10.789
42.19 -14.84 12.785
44.013 -15.477 9.498
43.018 -12.034 8.052
43.819 -9.866 11.138

46.667 -11.773 12.722
47.514 -11.664 16.413
49.57 -8.806 18.102
50.066 -8.48 21.836
51.352 -4.91 21.69
49.663 -1.798 20.443
50.45 -1.367 16.785
49.448 0.755 13.823
47.162 -1.084 11.504
47.332 -0.454 7.847
45.314 2.936 7.988
47.723 4.167 10.708
45.249 3.604 13.564
46.062 2.098 16.866
45.084 -1.481 17.205
45.91 -4.534 19.228

45.084 -8.237 19.563
43.098 -9.676 16.642
42.161 -6.61 14.663

40.766 -4.755 17.691
40.723 -1.118 16.785
41.585 1.052 19.717
41.328 4.608 18.444
41.483 6.59 15.239
43.302 9.256 17.208
46.987 9.868 16.581
47.741 9.755 20.304
49.441 6.8 21.856

48.168 7.991 25.101
44.705 8.016 23.796
45.204 4.406 22.617
46.721 3.263 25.887
43.775 4.818 27.769
41.337 3.106 25.493
43.219 -0.084 25.932
43.078 -0.026 29.76
39.388 0.877 29.673
38.693 -2.057 27.36
40.739 -4.551 29.468

39.949 -3.312 32.875
43.5 -2.793 34.015
46.726 -0.856 33.736
48.192 -2.569 30.659
51.039 -0.441 29.578
50.069 -1.175 25.981
50.572 -4.92 26.37
48.01 -7.684 26.746
47.927 -11.355 27.084
46.716 -13.911 24.599

43.676 -14.65 26.7
42.836 -10.944 26.828
43.275 -10.716 22.988
40.768 -13.473 22.533
38.253 -12.124 24.902
38.237 -8.889 22.913
37.974 -10.959 19.73
34.941 -12.807 21.022
33.247 -9.598 21.934
34.046 -8.096 18.568
32.736 -11.038 16.593
29.608 -10.998 18.595
29.163 -7.341 18.138
29.623 -7.668 14.337
26.968 -10.308 14.05
24.54 -8.343 16.218
25.205 -5.142 14.158
24.347 -7.001 10.971
21.138 -8.371 12.587
19.941 -4.956 13.593

20.904 -3.253 10.373
17.863 -2.913 8.137

20.031 -3.043 5.066
22.302 -5.933 6.146
19.913 -8.263 7.777
17.992 -9.238 4.724
21.206 -9.961 2.84
22.573 -11.97 5.681
19.396 -13.879 5.977
19.468 -14.869 2.328

22.957 -16.251 2.308
24.359 -19.746 2.983
26.643 -20.354 5.948

29.9 -19.735 4.193
28.932 -16.526 2.621
27.438 -15.203 5.84
30.92 -15.593 7.261
32.302 -13.355 4.404
29.736 -10.679 5.255
30.692 -10.908 8.928
34.387 -10.416 7.955
33.675 -7.169 6.042
31.575 -5.876 8.881
34.286 -6.68 11.321
36.742 -4.808 9.26
34.839 -1.778 8.214

31.881 -1.521 10.38
28.18 -1.826 9.694

27.992 1.595 8.205
30.791 1.029 5.708
29.336 -2.226 4.488
25.767 -1.037 4.277
27.046 1.507 1.803
27.972 -1.208 -0.763

24.2036 -1.93201 -0.4277

21.8376 0.183853 -2.51772
21.9611 3.0062 0.0243267
25.7608 2.94296 0.0542253
25.8898 3.10048 -3.7407
23.5221 6.07265 -3.79442
25.6274 7.91961 -1.22551
28.7921 7.31349 -3.24054
27.1433 8.62084 -6.40522

29.7683 5.88084 -6.43022
31.6993 7.44784 -9.31622
35.0113 6.23084 -8.02122

37.2743 7.20384 -10.9032
35.7973 10.5788 -11.3082
35.9753 11.4708 -7.65222
39.6193 10.3038 -7.56122
40.4183 12.7198 -10.3472
38.4373 15.5118 -8.68122
40.0933 14.9888 -5.33522
43.5643 15.3598 -6.97522
42.7423 18.9068 -7.97422
43.3643 20.3438 -4.54922

45.9403 22.0638 -2.47622

45.6883 19.0008 -0.345222
46.9903 16.8118 -3.00322
49.6873 19.2578 -4.12622
51.0293 19.7448 -0.606222
51.0223 16.1338 0.602778

50.9303 14.0448 -2.53822

52.0103 10.6978 -1.22722
49.5693 10.7188 1.56678
46.7543 12.1568 -0.621222
47.4843 9.40284 -3.14622
47.0793 6.64184 -0.583222
43.7283 8.03484 0.467778
42.5483 8.62184 -3.09022
43.4613 5.04184 -4.08322
41.5033 3.79584 -1.15522
38.4723 5.61284 -2.35322
39.0403 4.51184 -5.86222
39.5133 0.837843 -5.17422

37.7793 0.310843 -1.97422
40.6413 -1.96216 -0.792222
43.6523 -1.32216 1.49678
46.1513 -2.02616 -1.27922

47.8043 1.42484 -0.881222
48.7593 0.558843 2.66778
49.7693 -3.13016 2.49678

53.5553 -3.00316 2.44978
53.8343 0.205843 4.61378

End chain 1
