36.887 -23.463 8.956
34.76 -20.902 10.706
34.477 -17.198 11.189

36.964 -17.128 14.061
39.617 -19.041 12.22
38.916 -16.953 9.158
39.302 -13.605 10.789
42.19 -14.84 12.785
44.013 -15.477 9.498
43.018 -12.034 8.052
43.819 -9.866 11.138

46.667 -11.773 12.722
47.514 -11.664 16.413
49.57 -8.806 18.102
50.066 -8.48 21.836
51.352 -4.91 21.69
49.663 -1.798 20.443
50.45 -1.367 16.785
49.448 0.755 13.823
47.162 -1.084 11.504
47.332 -0.454 7.847
45.314 2.936 7.988
47.723 4.167 10.708
45.249 3.604 13.564
46.062 2.098 16.866
45.084 -1.481 17.205
45.91 -4.534 19.228

45.084 -8.237 19.563
43.098 -9.676 16.642
42.161 -6.61 14.663

40.766 -4.755 17.691
40.723 -1.118 16.785
41.585 1.052 19.717
41.328 4.608 18.444
41.483 6.59 15.239
43.302 9.256 17.208
46.987 9.868 16.581
47.741 9.755 20.304
49.441 6.8 21.856

48.168 7.991 25.101
44.705 8.016 23.796
45.204 4.406 22.617
46.721 3.263 25.887
43.775 4.818 27.769
41.337 3.106 25.493
43.219 -0.084 25.932
43.078 -0.026 29.76
39.388 0.877 29.673
38.693 -2.057 27.36
40.739 -4.551 29.468

39.949 -3.312 32.875
43.5 -2.793 34.015
46.726 -0.856 33.736
48.192 -2.569 30.659
51.039 -0.441 29.578
50.069 -1.175 25.981
50.572 -4.92 26.37
48.01 -7.684 26.746
47.927 -11.355 27.084
46.716 -13.911 24.599

43.676 -14.65 26.7
42.836 -10.944 26.828
43.275 -10.716 22.988
40.768 -13.473 22.533
38.253 -12.124 24.902
38.237 -8.889 22.913
37.974 -10.959 19.73
34.941 -12.807 21.022
33.247 -9.598 21.934
34.046 -8.096 18.568
32.736 -11.038 16.593
29.608 -10.998 18.595
29.163 -7.341 18.138
29.623 -7.668 14.337
26.968 -10.308 14.05
24.54 -8.343 16.218
25.205 -5.142 14.158
24.347 -7.001 10.971
21.138 -8.371 12.587
19.941 -4.956 13.593

20.904 -3.253 10.373
17.863 -2.913 8.137

20.031 -3.043 5.066
22.302 -5.933 6.146
19.913 -8.263 7.777
17.992 -9.238 4.724
21.206 -9.961 2.84
22.573 -11.97 5.681
19.396 -13.879 5.977
19.468 -14.869 2.328

22.957 -16.251 2.308
24.359 -19.746 2.983
26.643 -20.354 5.948

29.9 -19.735 4.193
28.932 -16.526 2.621
27.438 -15.203 5.84
30.92 -15.593 7.261
32.302 -13.355 4.404
29.736 -10.679 5.255
30.692 -10.908 8.928
34.387 -10.416 7.955
33.675 -7.169 6.042
31.575 -5.876 8.881
34.286 -6.68 11.321
36.742 -4.808 9.26
34.839 -1.778 8.214

31.881 -1.521 10.38
28.18 -1.826 9.694

27.992 1.595 8.205
30.791 1.029 5.708
29.336 -2.226 4.488
25.767 -1.037 4.277
27.046 1.507 1.803
27.972 -1.208 -0.763

24.3758 -2.14951 -0.261628

23.4133 -5.78853 -0.785066
20.9261 -5.64422 2.08472
19.3332 -2.49553 0.673595
18.9777 -4.09558 -2.75515
17.3302 -7.17408 -1.25464
14.8605 -5.02875 0.679533
13.9469 -3.08358 -2.4549
13.3555 -6.29792 -4.39427

15.9805 -9.03792 -4.41927
17.9115 -7.47092 -7.30527
21.2235 -8.68792 -6.01027

23.4865 -7.71492 -8.89227
22.0095 -4.33992 -9.29727
22.1875 -3.44792 -5.64127
25.8315 -4.61492 -5.55027
26.6305 -2.19892 -8.33627
24.6495 0.593078 -6.67027
26.3055 0.0700776 -3.32427
29.7765 0.441078 -4.96427
28.9545 3.98808 -5.96327
29.5765 5.42508 -2.53827

32.1525 7.14508 -0.465271

31.9005 4.08208 1.66573
33.2025 1.89308 -0.992271
35.8995 4.33908 -2.11527
37.2415 4.82608 1.40473
37.2345 1.21508 2.61373

37.1425 -0.873922 -0.527271

38.2225 -4.22092 0.783729
35.7815 -4.19992 3.57773
32.9665 -2.76192 1.38973
33.6965 -5.51592 -1.13527
33.2915 -8.27692 1.42773
29.9405 -6.88392 2.47873
28.7605 -6.29692 -1.07927
29.6735 -9.87692 -2.07227
27.7155 -11.1229 0.855729
24.6845 -9.30592 -0.342271
25.2525 -10.4069 -3.85127
25.7255 -14.0809 -3.16327

23.9915 -14.6079 0.0367287
26.8535 -16.8809 1.21873
29.8645 -16.2409 3.50773
32.3635 -16.9449 0.731729

34.0165 -13.4939 1.12973
34.9715 -14.3599 4.67873
35.9815 -18.0489 4.50773

39.7675 -17.9219 4.46073
40.0465 -14.7129 6.62473

End chain 1
