36.887 -23.463 8.956
34.76 -20.902 10.706
34.477 -17.198 11.189

36.964 -17.128 14.061
39.617 -19.041 12.22
38.916 -16.953 9.158
39.302 -13.605 10.789
42.19 -14.84 12.785
44.013 -15.477 9.498
43.018 -12.034 8.052
43.819 -9.866 11.138

47.2264 -9.64477 9.65442
50.9546 -10.5462 9.0431
54.1271 -10.1263 6.96289
55.4774 -13.5501 5.90703
52.1758 -15.0882 7.23766
48.7496 -13.7814 6.20915
45.1622 -12.7659 6.00291
45.5313 -9.18117 4.99009
44.5 -6.2264 2.77074
44.7253 -2.93945 4.57391
44.3495 0.67799 5.94303
45.0264 1.38316 9.65709
44.2007 3.76208 12.5102
47.7159 5.25747 13.0977
50.8914 6.48445 14.8014
53.6774 9.14682 14.3132

56.5308 7.98887 16.5405
54.1616 5.90088 18.6547
52.6919 4.25809 15.5589

51.2969 6.11309 18.5869
51.2539 9.75009 17.6809
52.1159 11.9201 20.6129
51.8589 15.4761 19.3399
52.0139 17.4581 16.1349
53.8329 20.1241 18.1039
57.5179 20.7361 17.4769
58.2719 20.6231 21.1999
59.9719 17.6681 22.7519

58.6989 18.8591 25.9969
55.2359 18.8841 24.6919
55.7349 15.2741 23.5129
57.2519 14.1311 26.7829
54.3059 15.6861 28.6649
51.8679 13.9741 26.3889
53.7499 10.7841 26.8279
53.6089 10.8421 30.6559
49.9189 11.7451 30.5689
49.2239 8.81109 28.2559
51.2699 6.31709 30.3639

50.4799 7.55609 33.7709
54.0309 8.07509 34.9109
57.2569 10.0121 34.6319
58.7229 8.29909 31.5549
61.5699 10.4271 30.4739
60.5999 9.69309 26.8769
61.1029 5.94809 27.2659
58.5409 3.18409 27.6419
58.4579 -0.486906 27.9799
57.2469 -3.04291 25.4949

54.2069 -3.78191 27.5959
53.3669 -0.0759057 27.7239
53.8059 0.152094 23.8839
51.2989 -2.60491 23.4289
48.7839 -1.25591 25.7979
48.7679 1.97909 23.8089
48.5049 -0.0909057 20.6259
45.4719 -1.93891 21.9179
43.7779 1.27009 22.8299
44.5769 2.77209 19.4639
43.2669 -0.169906 17.4889
40.1389 -0.129906 19.4909
39.6939 3.52709 19.0339
40.1539 3.20009 15.2329
37.4989 0.560094 14.9459
35.0709 2.52509 17.1139
35.7359 5.72609 15.0539
34.8779 3.86709 11.8669
31.6689 2.49709 13.4829
30.4719 5.91209 14.4889

31.4349 7.61509 11.2689
28.3939 7.95509 9.03292

30.5619 7.82509 5.96192
32.8329 4.93509 7.04192
30.4439 2.60509 8.67292
28.5229 1.63009 5.61992
31.7369 0.907094 3.73592
33.1039 -1.10191 6.57692
29.9269 -3.01091 6.87292
29.9989 -4.00091 3.22392

33.4879 -5.38291 3.20392
34.8899 -8.87791 3.87892
37.1739 -9.48591 6.84392

40.4309 -8.86691 5.08892
39.4629 -5.65791 3.51692
37.9689 -4.33491 6.73592
41.4509 -4.72491 8.15692
42.8329 -2.48691 5.29992
40.2669 0.189094 6.15092
41.2229 -0.0399057 9.82392
44.9179 0.452094 8.85092
44.2059 3.69909 6.93792
42.1059 4.99209 9.77692
44.8169 4.18809 12.2169
47.2729 6.06009 10.1559
45.3699 9.09009 9.10992

42.4119 9.34709 11.2759
38.7109 9.04209 10.5899

38.5229 12.4631 9.10092
41.3219 11.8971 6.60392
39.8669 8.64209 5.38392
36.2979 9.83109 5.17292
37.5769 12.3751 2.69892
38.5029 9.66009 0.13292

34.9709 10.0181 -1.13408

35.4429 8.49709 -4.52108
37.5329 5.55909 -3.40008
35.0239 4.74009 -0.61108
32.2339 4.56909 -3.10908
34.2159 2.27309 -5.37708
35.0369 0.0290943 -2.48008
31.4339 -0.0459057 -1.49808
30.6499 -0.943906 -4.98608

33.2749 -3.68391 -5.01108
35.2059 -2.11691 -7.89708
38.5179 -3.33391 -6.60208

40.7809 -2.36091 -9.48408
39.3039 1.01409 -9.88908
39.4819 1.90609 -6.23308
43.1259 0.739094 -6.14208
43.9249 3.15509 -8.92808
41.9439 5.94709 -7.26208
43.5999 5.42409 -3.91608
47.0709 5.79509 -5.55608
46.2489 9.34209 -6.55508
46.8709 10.7791 -3.13008

49.4469 12.4991 -1.05708

49.1949 9.43609 1.07392
50.4969 7.24709 -1.58408
53.1939 9.69309 -2.70708
54.5359 10.1801 0.81292
54.5289 6.56909 2.02192

54.4369 4.48009 -1.11908

55.5169 1.13309 0.19192
53.0759 1.15409 2.98592
50.2609 2.59209 0.79792
50.9909 -0.161906 -1.72708
50.5859 -2.92291 0.83592
47.2349 -1.52991 1.88692
46.0549 -0.942906 -1.67108
46.9679 -4.52291 -2.66408
45.0099 -5.76891 0.26392
41.9789 -3.95191 -0.93408
42.5469 -5.05291 -4.44308
43.0199 -8.72691 -3.75508

41.2859 -9.25391 -0.55508
44.1479 -11.5269 0.62692
47.1589 -10.8869 2.91592
49.6579 -11.5909 0.13992

51.3109 -8.13991 0.53792
52.2659 -9.00591 4.08692
53.2759 -12.6949 3.91592

57.0619 -12.5679 3.86892
57.3409 -9.35891 6.03292

End chain 1
