36.887 -23.463 8.956
34.76 -20.902 10.706
34.477 -17.198 11.189

36.964 -17.128 14.061
39.617 -19.041 12.22
38.916 -16.953 9.158
39.302 -13.605 10.789
42.19 -14.84 12.785
44.013 -15.477 9.498
43.018 -12.034 8.052
43.819 -9.866 11.138

46.667 -11.773 12.722
47.514 -11.664 16.413
49.57 -8.806 18.102
50.066 -8.48 21.836
51.352 -4.91 21.69
49.663 -1.798 20.443
50.45 -1.367 16.785
49.448 0.755 13.823
47.162 -1.084 11.504
47.332 -0.454 7.847
45.314 2.936 7.988
47.723 4.167 10.708
45.249 3.604 13.564
46.062 2.098 16.866
45.084 -1.481 17.205
45.91 -4.534 19.228

45.084 -8.237 19.563
43.098 -9.676 16.642
42.161 -6.61 14.663

44.93 -4.15923 15.0162
48.2045 -2.08054 15.363
49.9068 -3.57459 18.3907
50.9734 -5.2085 21.6627
52.2895 -2.44868 23.8265
55.861 -3.26868 24.4729
56.7895 -5.64459 21.6141
55.6897 -4.31536 18.2608
56.5673 -0.618396 17.821

53.6729 1.81607 18.1938
55.4536 3.65341 21.0038
58.6201 3.96296 18.9254
56.6663 5.36056 15.9805
54.972 7.93633 18.2025
58.3146 9.04546 19.6307
59.7793 9.4477 16.147
56.8104 11.5437 15.0356
57.1441 13.8024 18.0737
60.8501 14.315 17.4062
60.1699 15.226 13.7798

59.3799 16.465 17.1868
62.9309 16.984 18.3268
66.1569 18.921 18.0478
67.6229 17.208 14.9708
70.4699 19.336 13.8898
69.4999 18.602 10.2928
70.0029 14.857 10.6818
67.4409 12.093 11.0578
67.3579 8.42203 11.3958
66.1469 5.86603 8.91085

63.1069 5.12703 11.0118
62.2669 8.83303 11.1398
62.7059 9.06103 7.29985
60.1989 6.30403 6.84485
57.6839 7.65303 9.21385
57.6679 10.888 7.22485
57.4049 8.81803 4.04185
54.3719 6.97003 5.33385
52.6779 10.179 6.24585
53.4769 11.681 2.87985
52.1669 8.73903 0.904849
49.0389 8.77903 2.90685
48.5939 12.436 2.44985
49.0539 12.109 -1.35115
46.3989 9.46903 -1.63815
43.9709 11.434 0.529849
44.6359 14.635 -1.53015
43.7779 12.776 -4.71715
40.5689 11.406 -3.10115
39.3719 14.821 -2.09515

40.3349 16.524 -5.31515
37.2939 16.864 -7.55115

39.4619 16.734 -10.6222
41.7329 13.844 -9.54215
39.3439 11.514 -7.91115
37.4229 10.539 -10.9642
40.6369 9.81603 -12.8482
42.0039 7.80703 -10.0072
38.8269 5.89803 -9.71115
38.8989 4.90803 -13.3602

42.3879 3.52603 -13.3802
43.7899 0.0310349 -12.7052
46.0739 -0.576965 -9.74015

49.3309 0.0420349 -11.4952
48.3629 3.25103 -13.0672
46.8689 4.57403 -9.84815
50.3509 4.18403 -8.42715
51.7329 6.42203 -11.2842
49.1669 9.09803 -10.4332
50.1229 8.86903 -6.76015
53.8179 9.36103 -7.73315
53.1059 12.608 -9.64615
51.0059 13.901 -6.80715
53.7169 13.097 -4.36715
56.1729 14.969 -6.42815
54.2699 17.999 -7.47415

51.3119 18.256 -5.30815
47.6109 17.951 -5.99415

47.4229 21.372 -7.48315
50.2219 20.806 -9.98015
48.7669 17.551 -11.2002
45.1979 18.74 -11.4112
46.4769 21.284 -13.8852
47.4029 18.569 -16.4512

43.8709 18.927 -17.7182

44.3429 17.406 -21.1052
46.4329 14.468 -19.9842
43.9239 13.649 -17.1952
41.1339 13.478 -19.6932
43.1159 11.182 -21.9612
43.9369 8.93803 -19.0642
40.3339 8.86303 -18.0822
39.5499 7.96503 -21.5702

42.1749 5.22503 -21.5952
44.1059 6.79203 -24.4812
47.4179 5.57503 -23.1862

49.6809 6.54803 -26.0682
48.2039 9.92303 -26.4732
48.3819 10.815 -22.8172
52.0259 9.64803 -22.7262
52.8249 12.064 -25.5122
50.8439 14.856 -23.8462
52.4999 14.333 -20.5002
55.9709 14.704 -22.1402
55.1489 18.251 -23.1392
55.7709 19.688 -19.7142

58.3469 21.408 -17.6412

58.0949 18.345 -15.5102
59.3969 16.156 -18.1682
62.0939 18.602 -19.2912
63.4359 19.089 -15.7712
63.4289 15.478 -14.5622

63.3369 13.389 -17.7032

64.4169 10.042 -16.3922
61.9759 10.063 -13.5982
59.1609 11.501 -15.7862
59.8909 8.74703 -18.3112
59.4859 5.98603 -15.7482
56.1349 7.37903 -14.6972
54.9549 7.96603 -18.2552
55.8679 4.38603 -19.2482
53.9099 3.14003 -16.3202
50.8789 4.95703 -17.5182
51.4469 3.85603 -21.0272
51.9199 0.182035 -20.3392

50.1859 -0.344965 -17.1392
53.0479 -2.61797 -15.9572
56.0589 -1.97797 -13.6682
58.5579 -2.68197 -16.4442

60.2109 0.769035 -16.0462
61.1659 -0.0969651 -12.4972
62.1759 -3.78597 -12.6682

65.9619 -3.65897 -12.7152
66.2409 -0.449965 -10.5512

End chain 1
