36.887 -23.463 8.956
34.76 -20.902 10.706
34.477 -17.198 11.189

36.964 -17.128 14.061
39.617 -19.041 12.22
38.916 -16.953 9.158
39.302 -13.605 10.789
42.19 -14.84 12.785
44.013 -15.477 9.498
43.018 -12.034 8.052
43.819 -9.866 11.138

47.0486 -11.8004 10.5284
50.345 -13.6086 11.4168
52.3997 -16.1757 13.1292
49.2918 -18.4508 13.0403
50.5522 -19.2891 9.55572
47.33 -18.0806 7.803
44.4174 -20.3114 6.73889
41.5495 -18.5621 8.51929
37.9066 -18.4625 7.59691
34.1706 -18.297 6.95767
31.7812 -20.0232 4.44828
29.1748 -17.2369 4.31129
25.9083 -15.1204 4.55449
26.3775 -15.4884 0.707755
26.01 -18.0925 -2.16636
22.4804 -16.9658 -2.54643

19.9804 -14.1085 -2.37715
21.9023 -12.4668 0.460822
25.1632 -12.7141 -1.47523

23.7682 -10.8591 1.55277
23.7252 -7.2221 0.646766
24.5872 -5.0521 3.57877
24.3302 -1.4961 2.30577
24.4852 0.485905 -0.899234
26.3042 3.1519 1.06977
29.9892 3.7639 0.442766
30.7432 3.6509 4.16577
32.4432 0.695905 5.71777

31.1702 1.8869 8.96277
27.7072 1.9119 7.65777
28.2062 -1.6981 6.47877
29.7232 -2.8411 9.74877
26.7772 -1.2861 11.6308
24.3392 -2.9981 9.35477
26.2212 -6.1881 9.79377
26.0802 -6.1301 13.6218
22.3902 -5.2271 13.5348
21.6952 -8.1611 11.2218
23.7412 -10.6551 13.3298

22.9512 -9.4161 16.7368
26.5022 -8.8971 17.8768
29.7282 -6.9601 17.5978
31.1942 -8.6731 14.5208
34.0412 -6.5451 13.4398
33.0712 -7.2791 9.84277
33.5742 -11.0241 10.2318
31.0122 -13.7881 10.6078
30.9292 -17.4591 10.9458
29.7182 -20.0151 8.46077

26.6782 -20.7541 10.5618
25.8382 -17.0481 10.6898
26.2772 -16.8201 6.84977
23.7702 -19.5771 6.39477
21.2552 -18.2281 8.76377
21.2392 -14.9931 6.77477
20.9762 -17.0631 3.59177
17.9432 -18.9111 4.88377
16.2492 -15.7021 5.79577
17.0482 -14.2001 2.42977
15.7382 -17.1421 0.454766
12.6102 -17.1021 2.45677
12.1652 -13.4451 1.99977
12.6252 -13.7721 -1.80123
9.97023 -16.4121 -2.08823
7.54223 -14.4471 0.0797664
8.20723 -11.2461 -1.98023
7.34923 -13.1051 -5.16723
4.14023 -14.4751 -3.55123
2.94323 -11.0601 -2.54523

3.90623 -9.3571 -5.76523
0.865227 -9.0171 -8.00123

3.03323 -9.1471 -11.0722
5.30423 -12.0371 -9.99223
2.91523 -14.3671 -8.36123
0.994227 -15.3421 -11.4142
4.20823 -16.0651 -13.2982
5.57523 -18.0741 -10.4572
2.39823 -19.9831 -10.1612
2.47023 -20.9731 -13.8102

5.95923 -22.3551 -13.8302
7.36123 -25.8501 -13.1552
9.64523 -26.4581 -10.1902

12.9022 -25.8391 -11.9452
11.9342 -22.6301 -13.5172
10.4402 -21.3071 -10.2982
13.9222 -21.6971 -8.87723
15.3042 -19.4591 -11.7342
12.7382 -16.7831 -10.8832
13.6942 -17.0121 -7.21023
17.3892 -16.5201 -8.18323
16.6772 -13.2731 -10.0962
14.5772 -11.9801 -7.25723
17.2882 -12.7841 -4.81723
19.7442 -10.9121 -6.87823
17.8412 -7.8821 -7.92423

14.8832 -7.6251 -5.75823
11.1822 -7.9301 -6.44423

10.9942 -4.5091 -7.93323
13.7932 -5.0751 -10.4302
12.3382 -8.3301 -11.6502
8.76923 -7.1411 -11.8612
10.0482 -4.5971 -14.3352
10.9742 -7.3121 -16.9012

7.44223 -6.9541 -18.1682

7.91423 -8.4751 -21.5552
10.0042 -11.4131 -20.4342
7.49523 -12.2321 -17.6452
4.70523 -12.4031 -20.1432
6.68723 -14.6991 -22.4112
7.50823 -16.9431 -19.5142
3.90523 -17.0181 -18.5322
3.12123 -17.9161 -22.0202

5.74623 -20.6561 -22.0452
7.67723 -19.0891 -24.9312
10.9892 -20.3061 -23.6362

13.2522 -19.3331 -26.5182
11.7752 -15.9581 -26.9232
11.9532 -15.0661 -23.2672
15.5972 -16.2331 -23.1762
16.3962 -13.8171 -25.9622
14.4152 -11.0251 -24.2962
16.0712 -11.5481 -20.9502
19.5422 -11.1771 -22.5902
18.7202 -7.6301 -23.5892
19.3422 -6.1931 -20.1642

21.9182 -4.4731 -18.0912

21.6662 -7.5361 -15.9602
22.9682 -9.7251 -18.6182
25.6652 -7.2791 -19.7412
27.0072 -6.7921 -16.2212
27.0002 -10.4031 -15.0122

26.9082 -12.4921 -18.1532

27.9882 -15.8391 -16.8422
25.5472 -15.8181 -14.0482
22.7322 -14.3801 -16.2362
23.4622 -17.1341 -18.7612
23.0572 -19.8951 -16.1982
19.7062 -18.5021 -15.1472
18.5262 -17.9151 -18.7052
19.4392 -21.4951 -19.6982
17.4812 -22.7411 -16.7702
14.4502 -20.9241 -17.9682
15.0182 -22.0251 -21.4772
15.4912 -25.6991 -20.7892

13.7572 -26.2261 -17.5892
16.6192 -28.4991 -16.4072
19.6302 -27.8591 -14.1182
22.1292 -28.5631 -16.8942

23.7822 -25.1121 -16.4962
24.7372 -25.9781 -12.9472
25.7472 -29.6671 -13.1182

29.5332 -29.5401 -13.1652
29.8122 -26.3311 -11.0012

End chain 1
