36.887 -23.463 8.956
34.76 -20.902 10.706
34.477 -17.198 11.189

36.964 -17.128 14.061
39.617 -19.041 12.22
38.916 -16.953 9.158
39.302 -13.605 10.789
42.19 -14.84 12.785
44.013 -15.477 9.498
43.018 -12.034 8.052
43.819 -9.866 11.138

46.667 -11.773 12.722
47.514 -11.664 16.413
49.57 -8.806 18.102
50.066 -8.48 21.836
51.352 -4.91 21.69
49.663 -1.798 20.443
50.45 -1.367 16.785
49.448 0.755 13.823
47.162 -1.084 11.504
47.332 -0.454 7.847
45.314 2.936 7.988
47.723 4.167 10.708
45.249 3.604 13.564
46.062 2.098 16.866
45.084 -1.481 17.205
45.91 -4.534 19.228

45.084 -8.237 19.563
43.098 -9.676 16.642
42.161 -6.61 14.663

40.766 -4.755 17.691
40.723 -1.118 16.785
41.585 1.052 19.717
41.328 4.608 18.444
41.483 6.59 15.239
43.302 9.256 17.208
46.987 9.868 16.581
47.741 9.755 20.304
49.441 6.8 21.856

48.168 7.991 25.101
44.705 8.016 23.796
45.204 4.406 22.617
46.721 3.263 25.887
43.775 4.818 27.769
41.337 3.106 25.493
43.219 -0.084 25.932
43.078 -0.026 29.76
39.388 0.877 29.673
38.693 -2.057 27.36
40.739 -4.551 29.468

39.949 -3.312 32.875
43.5 -2.793 34.015
46.726 -0.856 33.736
48.192 -2.569 30.659
51.039 -0.441 29.578
50.069 -1.175 25.981
50.572 -4.92 26.37
48.01 -7.684 26.746
47.927 -11.355 27.084
46.716 -13.911 24.599

43.676 -14.65 26.7
42.836 -10.944 26.828
43.275 -10.716 22.988
40.768 -13.473 22.533
38.253 -12.124 24.902
38.237 -8.889 22.913
37.974 -10.959 19.73
34.941 -12.807 21.022
33.247 -9.598 21.934
34.046 -8.096 18.568
32.736 -11.038 16.593
29.608 -10.998 18.595
29.163 -7.341 18.138
29.623 -7.668 14.337
26.968 -10.308 14.05
24.54 -8.343 16.218
25.205 -5.142 14.158
24.347 -7.001 10.971
21.138 -8.371 12.587
19.941 -4.956 13.593

20.904 -3.253 10.373
17.863 -2.913 8.137

20.031 -3.043 5.066
22.302 -5.933 6.146
19.913 -8.263 7.777
17.992 -9.238 4.724
21.206 -9.961 2.84
22.573 -11.97 5.681
19.396 -13.879 5.977
19.468 -14.869 2.328

22.957 -16.251 2.308
24.359 -19.746 2.983
26.643 -20.354 5.948

29.9 -19.735 4.193
28.932 -16.526 2.621
27.438 -15.203 5.84
30.92 -15.593 7.261
32.302 -13.355 4.404
29.736 -10.679 5.255
30.692 -10.908 8.928
34.387 -10.416 7.955
33.675 -7.169 6.042
31.575 -5.876 8.881
34.286 -6.68 11.321
36.742 -4.808 9.26
34.839 -1.778 8.214

31.881 -1.521 10.38
28.18 -1.826 9.694

27.992 1.595 8.205
30.791 1.029 5.708
29.336 -2.226 4.488
25.767 -1.037 4.277
27.046 1.507 1.803
27.972 -1.208 -0.763

24.6742 -2.73915 0.102013

21.6001 -0.641545 -0.667965
22.3883 1.73717 2.18919
25.9666 2.15792 0.980104
24.786 2.92673 -2.54949
22.3446 5.54166 -1.26718
25.0671 7.21531 0.789404
27.3912 7.34531 -2.21473
24.6792 8.91261 -4.36693

27.3042 6.17261 -4.39193
29.2352 7.73961 -7.27793
32.5472 6.52261 -5.98293

34.8102 7.49561 -8.86493
33.3332 10.8706 -9.26993
33.5112 11.7626 -5.61393
37.1552 10.5956 -5.52293
37.9542 13.0116 -8.30893
35.9732 15.8036 -6.64293
37.6292 15.2806 -3.29693
41.1002 15.6516 -4.93693
40.2782 19.1986 -5.93593
40.9002 20.6356 -2.51093

43.4762 22.3556 -0.437934

43.2242 19.2926 1.69307
44.5262 17.1036 -0.964934
47.2232 19.5496 -2.08793
48.5652 20.0366 1.43207
48.5582 16.4256 2.64107

48.4662 14.3366 -0.499934

49.5462 10.9896 0.811066
47.1052 11.0106 3.60507
44.2902 12.4486 1.41707
45.0202 9.69461 -1.10793
44.6152 6.93361 1.45507
41.2642 8.32661 2.50607
40.0842 8.91361 -1.05193
40.9972 5.33361 -2.04493
39.0392 4.08761 0.883066
36.0082 5.90461 -0.314934
36.5762 4.80361 -3.82393
37.0492 1.12961 -3.13593

35.3152 0.602614 0.0640663
38.1772 -1.67039 1.24607
41.1882 -1.03039 3.53507
43.6872 -1.73439 0.759066

45.3402 1.71661 1.15707
46.2952 0.850614 4.70607
47.3052 -2.83839 4.53507

51.0912 -2.71139 4.48807
51.3702 0.497614 6.65207

End chain 1
