36.887 -23.463 8.956
34.76 -20.902 10.706
34.477 -17.198 11.189

36.964 -17.128 14.061
39.617 -19.041 12.22
38.916 -16.953 9.158
39.302 -13.605 10.789
42.19 -14.84 12.785
44.013 -15.477 9.498
43.018 -12.034 8.052
43.819 -9.866 11.138

46.667 -11.773 12.722
47.514 -11.664 16.413
49.57 -8.806 18.102
50.066 -8.48 21.836
51.352 -4.91 21.69
49.663 -1.798 20.443
50.45 -1.367 16.785
49.448 0.755 13.823
47.162 -1.084 11.504
47.332 -0.454 7.847
45.314 2.936 7.988
47.723 4.167 10.708
45.249 3.604 13.564
46.062 2.098 16.866
45.084 -1.481 17.205
45.91 -4.534 19.228

45.084 -8.237 19.563
43.098 -9.676 16.642
42.161 -6.61 14.663

40.766 -4.755 17.691
40.723 -1.118 16.785
41.585 1.052 19.717
41.328 4.608 18.444
41.483 6.59 15.239
43.302 9.256 17.208
46.987 9.868 16.581
47.741 9.755 20.304
49.441 6.8 21.856

48.168 7.991 25.101
44.705 8.016 23.796
45.204 4.406 22.617
46.721 3.263 25.887
43.775 4.818 27.769
41.337 3.106 25.493
43.219 -0.084 25.932
43.078 -0.026 29.76
39.388 0.877 29.673
38.693 -2.057 27.36
40.739 -4.551 29.468

39.949 -3.312 32.875
43.5 -2.793 34.015
46.726 -0.856 33.736
48.192 -2.569 30.659
51.039 -0.441 29.578
50.069 -1.175 25.981
50.572 -4.92 26.37
48.01 -7.684 26.746
47.927 -11.355 27.084
46.716 -13.911 24.599

43.676 -14.65 26.7
42.836 -10.944 26.828
43.275 -10.716 22.988
40.768 -13.473 22.533
38.253 -12.124 24.902
38.237 -8.889 22.913
37.974 -10.959 19.73
34.941 -12.807 21.022
33.247 -9.598 21.934
34.046 -8.096 18.568
32.736 -11.038 16.593
29.608 -10.998 18.595
29.163 -7.341 18.138
29.623 -7.668 14.337
26.968 -10.308 14.05
24.54 -8.343 16.218
25.205 -5.142 14.158
24.347 -7.001 10.971
21.138 -8.371 12.587
19.941 -4.956 13.593

20.904 -3.253 10.373
17.863 -2.913 8.137

20.031 -3.043 5.066
22.302 -5.933 6.146
19.913 -8.263 7.777
17.992 -9.238 4.724
21.206 -9.961 2.84
22.573 -11.97 5.681
19.396 -13.879 5.977
19.468 -14.869 2.328

22.957 -16.251 2.308
24.359 -19.746 2.983
26.643 -20.354 5.948

29.9 -19.735 4.193
28.932 -16.526 2.621
27.438 -15.203 5.84
30.92 -15.593 7.261
32.302 -13.355 4.404
29.736 -10.679 5.255
30.692 -10.908 8.928
34.387 -10.416 7.955
33.675 -7.169 6.042
31.575 -5.876 8.881
34.286 -6.68 11.321
36.742 -4.808 9.26
34.839 -1.778 8.214

31.881 -1.521 10.38
28.18 -1.826 9.694

27.992 1.595 8.205
30.791 1.029 5.708
29.336 -2.226 4.488
25.767 -1.037 4.277
27.046 1.507 1.803
27.972 -1.208 -0.763

25.9809 -4.35162 0.0992324

26.2413 -7.64169 1.98352
23.3931 -6.65339 4.29732
21.1872 -5.72688 1.34462
21.8835 -9.05889 -0.34528
21.0048 -10.9607 2.82554
17.7301 -9.06355 3.17163
16.8002 -9.81736 -0.435307
17.513 -13.5183 0.0527319

20.138 -16.2583 0.0277319
22.069 -14.6913 -2.85827
25.381 -15.9083 -1.56327

27.644 -14.9353 -4.44527
26.167 -11.5603 -4.85027
26.345 -10.6683 -1.19427
29.989 -11.8353 -1.10327
30.788 -9.41926 -3.88927
28.807 -6.62726 -2.22327
30.463 -7.15026 1.12273
33.934 -6.77926 -0.517268
33.112 -3.23226 -1.51627
33.734 -1.79526 1.90873

36.31 -0.0752564 3.98173

36.058 -3.13826 6.11273
37.36 -5.32726 3.45473
40.057 -2.88126 2.33173
41.399 -2.39426 5.85173
41.392 -6.00526 7.06073

41.3 -8.09426 3.91973

42.38 -11.4413 5.23073
39.939 -11.4203 8.02473
37.124 -9.98226 5.83673
37.854 -12.7363 3.31173
37.449 -15.4973 5.87473
34.098 -14.1043 6.92573
32.918 -13.5173 3.36773
33.831 -17.0973 2.37473
31.873 -18.3433 5.30273
28.842 -16.5263 4.10473
29.41 -17.6273 0.595732
29.883 -21.3013 1.28373

28.149 -21.8283 4.48373
31.011 -24.1013 5.66573
34.022 -23.4613 7.95473
36.521 -24.1653 5.17873

38.174 -20.7143 5.57673
39.129 -21.5803 9.12573
40.139 -25.2693 8.95473

43.925 -25.1423 8.90773
44.204 -21.9333 11.0717

End chain 1
