36.887 -23.463 8.956
34.76 -20.902 10.706
34.477 -17.198 11.189

36.964 -17.128 14.061
39.617 -19.041 12.22
38.916 -16.953 9.158
39.302 -13.605 10.789
42.19 -14.84 12.785
44.013 -15.477 9.498
43.018 -12.034 8.052
43.819 -9.866 11.138

44.9349 -12.1282 14.0706
44.7719 -13.8348 17.4807
43.2982 -16.8547 19.3411
41.6744 -14.4337 21.6731
39.2894 -11.6416 22.1948
37.3238 -14.4527 20.4656
37.758 -17.4608 22.7821
35.0961 -18.0205 25.3574
35.6063 -17.2743 29.0052
35.2557 -16.9873 32.8295
33.3274 -13.8731 31.9943
29.7366 -12.7517 31.4171
29.1826 -15.447 28.8923
29.9249 -15.5316 25.1514
30.4044 -15.7236 21.3435
27.4232 -13.5522 22.3231

27.3451 -10.958 25.0993
30.3598 -12.5365 26.7912
32.3138 -12.5307 23.5317

30.9188 -10.6757 26.5597
30.8758 -7.03874 25.6537
31.7378 -4.86874 28.5857
31.4808 -1.31274 27.3127
31.6358 0.669257 24.1077
33.4548 3.33526 26.0767
37.1398 3.94726 25.4497
37.8938 3.83426 29.1727
39.5938 0.879257 30.7247

38.3208 2.07026 33.9697
34.8578 2.09526 32.6647
35.3568 -1.51474 31.4857
36.8738 -2.65774 34.7557
33.9278 -1.10274 36.6377
31.4898 -2.81474 34.3617
33.3718 -6.00474 34.8007
33.2308 -5.94674 38.6287
29.5408 -5.04374 38.5417
28.8458 -7.97774 36.2287
30.8918 -10.4717 38.3367

30.1018 -9.23274 41.7437
33.6528 -8.71374 42.8837
36.8788 -6.77674 42.6047
38.3448 -8.48974 39.5277
41.1918 -6.36174 38.4467
40.2218 -7.09574 34.8497
40.7248 -10.8407 35.2387
38.1628 -13.6047 35.6147
38.0798 -17.2757 35.9527
36.8688 -19.8317 33.4677

33.8288 -20.5707 35.5687
32.9888 -16.8647 35.6967
33.4278 -16.6367 31.8567
30.9208 -19.3937 31.4017
28.4058 -18.0447 33.7707
28.3898 -14.8097 31.7817
28.1268 -16.8797 28.5987
25.0938 -18.7277 29.8907
23.3998 -15.5187 30.8027
24.1988 -14.0167 27.4367
22.8888 -16.9587 25.4617
19.7608 -16.9187 27.4637
19.3158 -13.2617 27.0067
19.7758 -13.5887 23.2057
17.1208 -16.2287 22.9187
14.6928 -14.2637 25.0867
15.3578 -11.0627 23.0267
14.4998 -12.9217 19.8397
11.2908 -14.2917 21.4557
10.0938 -10.8767 22.4617

11.0568 -9.17374 19.2417
8.01584 -8.83374 17.0057

10.1838 -8.96374 13.9347
12.4548 -11.8537 15.0147
10.0658 -14.1837 16.6457
8.14484 -15.1587 13.5927
11.3588 -15.8817 11.7087
12.7258 -17.8907 14.5497
9.54884 -19.7997 14.8457
9.62084 -20.7897 11.1967

13.1098 -22.1717 11.1767
14.5118 -25.6667 11.8517
16.7958 -26.2747 14.8167

20.0528 -25.6557 13.0617
19.0848 -22.4467 11.4897
17.5908 -21.1237 14.7087
21.0728 -21.5137 16.1297
22.4548 -19.2757 13.2727
19.8888 -16.5997 14.1237
20.8448 -16.8287 17.7967
24.5398 -16.3367 16.8237
23.8278 -13.0897 14.9107
21.7278 -11.7967 17.7497
24.4388 -12.6007 20.1897
26.8948 -10.7287 18.1287
24.9918 -7.69874 17.0827

22.0338 -7.44174 19.2487
18.3328 -7.74674 18.5627

18.1448 -4.32574 17.0737
20.9438 -4.89174 14.5767
19.4888 -8.14674 13.3567
15.9198 -6.95774 13.1457
17.1988 -4.41374 10.6717
18.1248 -7.12874 8.10573

14.5928 -6.77074 6.83873

15.0648 -8.29174 3.45173
17.1548 -11.2297 4.57273
14.6458 -12.0487 7.36173
11.8558 -12.2197 4.86373
13.8378 -14.5157 2.59573
14.6588 -16.7597 5.49273
11.0558 -16.8347 6.47473
10.2718 -17.7327 2.98673

12.8968 -20.4727 2.96173
14.8278 -18.9057 0.0757257
18.1398 -20.1227 1.37073

20.4028 -19.1497 -1.51127
18.9258 -15.7747 -1.91627
19.1038 -14.8827 1.73973
22.7478 -16.0497 1.83073
23.5468 -13.6337 -0.955274
21.5658 -10.8417 0.710726
23.2218 -11.3647 4.05673
26.6928 -10.9937 2.41673
25.8708 -7.44674 1.41773
26.4928 -6.00974 4.84273

29.0688 -4.28974 6.91573

28.8168 -7.35274 9.04673
30.1188 -9.54174 6.38873
32.8158 -7.09574 5.26573
34.1578 -6.60874 8.78573
34.1508 -10.2197 9.99473

34.0588 -12.3087 6.85373

35.1388 -15.6557 8.16473
32.6978 -15.6347 10.9587
29.8828 -14.1967 8.77073
30.6128 -16.9507 6.24573
30.2078 -19.7117 8.80873
26.8568 -18.3187 9.85973
25.6768 -17.7317 6.30173
26.5898 -21.3117 5.30873
24.6318 -22.5577 8.23673
21.6008 -20.7407 7.03873
22.1688 -21.8417 3.52973
22.6418 -25.5157 4.21773

20.9078 -26.0427 7.41773
23.7698 -28.3157 8.59973
26.7808 -27.6757 10.8887
29.2798 -28.3797 8.11273

30.9328 -24.9287 8.51073
31.8878 -25.7947 12.0597
32.8978 -29.4837 11.8887

36.6838 -29.3567 11.8417
36.9628 -26.1477 14.0057

End chain 1
