36.887 -23.463 8.956
34.76 -20.902 10.706
34.477 -17.198 11.189

36.964 -17.128 14.061
39.617 -19.041 12.22
38.916 -16.953 9.158
39.302 -13.605 10.789
42.19 -14.84 12.785
44.013 -15.477 9.498
43.018 -12.034 8.052
43.819 -9.866 11.138

46.667 -11.773 12.722
47.514 -11.664 16.413
49.57 -8.806 18.102
50.066 -8.48 21.836
51.352 -4.91 21.69
49.663 -1.798 20.443
50.45 -1.367 16.785
49.448 0.755 13.823
47.162 -1.084 11.504
47.332 -0.454 7.847
45.314 2.936 7.988
47.723 4.167 10.708
45.249 3.604 13.564
46.062 2.098 16.866
45.084 -1.481 17.205
45.91 -4.534 19.228

45.084 -8.237 19.563
43.098 -9.676 16.642
42.161 -6.61 14.663

40.766 -4.755 17.691
40.723 -1.118 16.785
41.585 1.052 19.717
41.328 4.608 18.444
41.483 6.59 15.239
43.302 9.256 17.208
46.987 9.868 16.581
47.741 9.755 20.304
49.441 6.8 21.856

48.168 7.991 25.101
44.705 8.016 23.796
45.204 4.406 22.617
46.721 3.263 25.887
43.775 4.818 27.769
41.337 3.106 25.493
43.219 -0.084 25.932
43.078 -0.026 29.76
39.388 0.877 29.673
38.693 -2.057 27.36
40.739 -4.551 29.468

38.4487 -3.9068 32.3431
36.0561 -3.5209 35.2094
35.5408 0.157744 34.7113
32.6201 1.12003 32.5618
29.4897 2.66157 30.8451
26.8276 0.911433 28.9176
27.9927 -1.17985 31.8467
27.9271 -1.47045 35.6397
24.7668 0.312462 34.8301
22.9679 -0.247953 31.6077

21.5558 -3.13509 33.6358
19.6218 -0.746122 35.8709
18.1496 1.03711 32.855
17.051 -2.26111 31.3195
15.3705 -3.32075 34.5593
13.5034 -0.0182652 34.7842
12.2782 -0.356073 31.2026
11.0332 -3.88624 31.8591
9.15285 -2.75031 34.9602
7.4963 0.0786082 33.0377
6.4033 -2.3026 30.2848
4.90537 -4.70259 32.8224
2.974 -1.88642 34.4903
1.58685 -0.727606 31.1472
0.458253 -4.25238 30.284
-1.29764 -4.6148 33.6349
-3.11052 -1.3098 33.1518
-4.27778 -2.34564 29.6867
-5.59553 -5.65402 31.0137
-7.51053 -3.89132 33.7829

-6.54753 -2.18832 30.5629
-9.58853 -1.84832 28.3269

-7.42053 -1.97832 25.2559
-5.14953 -4.86832 26.3359
-7.53853 -7.19832 27.9669
-9.45953 -8.17332 24.9139
-6.24553 -8.89632 23.0299
-4.87853 -10.9053 25.8709
-8.05553 -12.8143 26.1669
-7.98353 -13.8043 22.5179

-4.49453 -15.1863 22.4979
-3.09253 -18.6813 23.1729
-0.808527 -19.2893 26.1379

2.44847 -18.6703 24.3829
1.48047 -15.4613 22.8109
-0.0135273 -14.1383 26.0299
3.46847 -14.5283 27.4509
4.85047 -12.2903 24.5939
2.28447 -9.61432 25.4449
3.24047 -9.84332 29.1179
6.93547 -9.35132 28.1449
6.22347 -6.10432 26.2319
4.12347 -4.81132 29.0709
6.83447 -5.61532 31.5109
9.29047 -3.74332 29.4499
7.38747 -0.713322 28.4039

4.42947 -0.456322 30.5699
0.728473 -0.761322 29.8839

0.540473 2.65968 28.3949
3.33947 2.09368 25.8979
1.88447 -1.16132 24.6779
-1.68453 0.0276778 24.4669
-0.405527 2.57168 21.9929
0.520473 -0.143322 19.4269

-3.01153 0.214678 18.1599

-2.53953 -1.30632 14.7729
-0.449527 -4.24432 15.8939
-2.95853 -5.06332 18.6829
-5.74853 -5.23432 16.1849
-3.76653 -7.53032 13.9169
-2.94553 -9.77432 16.8139
-6.54853 -9.84932 17.7959
-7.33253 -10.7473 14.3079

-4.70753 -13.4873 14.2829
-2.77653 -11.9203 11.3969
0.535473 -13.1373 12.6919

2.79847 -12.1643 9.80992
1.32147 -8.78932 9.40492
1.49947 -7.89732 13.0609
5.14347 -9.06432 13.1519
5.94247 -6.64832 10.3659
3.96147 -3.85632 12.0319
5.61747 -4.37932 15.3779
9.08847 -4.00832 13.7379
8.26647 -0.461322 12.7389
8.88847 0.975678 16.1639

11.4645 2.69568 18.2369

11.2125 -0.367322 20.3679
12.5145 -2.55632 17.7099
15.2115 -0.110322 16.5869
16.5535 0.376678 20.1069
16.5465 -3.23432 21.3159

16.4545 -5.32332 18.1749

17.5345 -8.67032 19.4859
15.0935 -8.64932 22.2799
12.2785 -7.21132 20.0919
13.0085 -9.96532 17.5669
12.6035 -12.7263 20.1299
9.25247 -11.3333 21.1809
8.07247 -10.7463 17.6229
8.98547 -14.3263 16.6299
7.02747 -15.5723 19.5579
3.99647 -13.7553 18.3599
4.56447 -14.8563 14.8509
5.03747 -18.5303 15.5389

3.30347 -19.0573 18.7389
6.16547 -21.3303 19.9209
9.17647 -20.6903 22.2099
11.6755 -21.3943 19.4339

13.3285 -17.9433 19.8319
14.2835 -18.8093 23.3809
15.2935 -22.4983 23.2099

19.0795 -22.3713 23.1629
19.3585 -19.1623 25.3269

End chain 1
