36.887 -23.463 8.956
34.76 -20.902 10.706
34.477 -17.198 11.189

36.964 -17.128 14.061
39.617 -19.041 12.22
38.916 -16.953 9.158
39.302 -13.605 10.789
42.19 -14.84 12.785
44.013 -15.477 9.498
43.018 -12.034 8.052
43.819 -9.866 11.138

46.667 -11.773 12.722
47.514 -11.664 16.413
49.57 -8.806 18.102
50.066 -8.48 21.836
51.352 -4.91 21.69
49.663 -1.798 20.443
50.45 -1.367 16.785
49.448 0.755 13.823
47.162 -1.084 11.504
47.332 -0.454 7.847
45.314 2.936 7.988
47.723 4.167 10.708
45.249 3.604 13.564
46.062 2.098 16.866
45.084 -1.481 17.205
45.91 -4.534 19.228

45.084 -8.237 19.563
43.098 -9.676 16.642
42.161 -6.61 14.663

45.9767 -5.90636 15.0371
49.7101 -5.8989 15.6465
52.392 -6.70489 18.0717
54.1811 -3.72737 19.389
56.0047 -2.51456 22.4561
54.97 1.05203 22.5823
56.9135 2.90319 19.9394
58.9896 4.85514 17.4697
58.0904 6.94393 14.4705

60.6266 6.03313 11.7908
62.1502 3.34898 14.0082
58.7293 1.84904 14.7084
57.9098 1.74192 10.999
61.1988 0.00302881 10.2237
60.5663 -2.60434 12.9152
57.0853 -3.30085 11.5586
58.4412 -3.74293 8.03601
61.0913 -6.17761 9.25756
58.4886 -8.22644 11.1206
56.2797 -8.40665 8.03341

55.4897 -7.16765 11.4404
59.0407 -6.64865 12.5804
62.2667 -4.71165 12.3014
63.7327 -6.42465 9.22441
66.5797 -4.29665 8.14341
65.6097 -5.03065 4.54641
66.1127 -8.77565 4.93541
63.5507 -11.5396 5.31141
63.4677 -15.2106 5.64941
62.2567 -17.7666 3.16441

59.2167 -18.5056 5.26541
58.3767 -14.7996 5.39341
58.8157 -14.5716 1.55341
56.3087 -17.3286 1.09841
53.7937 -15.9796 3.46741
53.7777 -12.7446 1.47841
53.5147 -14.8146 -1.70459
50.4817 -16.6626 -0.412587
48.7877 -13.4536 0.499413
49.5867 -11.9516 -2.86659
48.2767 -14.8936 -4.84159
45.1487 -14.8536 -2.83959
44.7037 -11.1966 -3.29659
45.1637 -11.5236 -7.09759
42.5087 -14.1636 -7.38459
40.0807 -12.1986 -5.21659
40.7457 -8.99765 -7.27659
39.8877 -10.8566 -10.4636
36.6787 -12.2266 -8.84759
35.4817 -8.81165 -7.84159

36.4447 -7.10865 -11.0616
33.4037 -6.76865 -13.2976

35.5717 -6.89865 -16.3686
37.8427 -9.78865 -15.2886
35.4537 -12.1186 -13.6576
33.5327 -13.0936 -16.7106
36.7467 -13.8166 -18.5946
38.1137 -15.8256 -15.7536
34.9367 -17.7346 -15.4576
35.0087 -18.7246 -19.1066

38.4977 -20.1066 -19.1266
39.8997 -23.6016 -18.4516
42.1837 -24.2096 -15.4866

45.4407 -23.5906 -17.2416
44.4727 -20.3816 -18.8136
42.9787 -19.0586 -15.5946
46.4607 -19.4486 -14.1736
47.8427 -17.2106 -17.0306
45.2767 -14.5346 -16.1796
46.2327 -14.7636 -12.5066
49.9277 -14.2716 -13.4796
49.2157 -11.0246 -15.3926
47.1157 -9.73165 -12.5536
49.8267 -10.5356 -10.1136
52.2827 -8.66365 -12.1746
50.3797 -5.63365 -13.2206

47.4217 -5.37665 -11.0546
43.7207 -5.68165 -11.7406

43.5327 -2.26065 -13.2296
46.3317 -2.82665 -15.7266
44.8767 -6.08165 -16.9466
41.3077 -4.89265 -17.1576
42.5867 -2.34865 -19.6316
43.5127 -5.06365 -22.1976

39.9807 -4.70565 -23.4646

40.4527 -6.22665 -26.8516
42.5427 -9.16465 -25.7306
40.0337 -9.98365 -22.9416
37.2437 -10.1546 -25.4396
39.2257 -12.4506 -27.7076
40.0467 -14.6946 -24.8106
36.4437 -14.7696 -23.8286
35.6597 -15.6676 -27.3166

38.2847 -18.4076 -27.3416
40.2157 -16.8406 -30.2276
43.5277 -18.0576 -28.9326

45.7907 -17.0846 -31.8146
44.3137 -13.7096 -32.2196
44.4917 -12.8176 -28.5636
48.1357 -13.9846 -28.4726
48.9347 -11.5686 -31.2586
46.9537 -8.77665 -29.5926
48.6097 -9.29965 -26.2466
52.0807 -8.92865 -27.8866
51.2587 -5.38165 -28.8856
51.8807 -3.94465 -25.4606

54.4567 -2.22465 -23.3876

54.2047 -5.28765 -21.2566
55.5067 -7.47665 -23.9146
58.2037 -5.03065 -25.0376
59.5457 -4.54365 -21.5176
59.5387 -8.15465 -20.3086

59.4467 -10.2436 -23.4496

60.5267 -13.5906 -22.1386
58.0857 -13.5696 -19.3446
55.2707 -12.1316 -21.5326
56.0007 -14.8856 -24.0576
55.5957 -17.6466 -21.4946
52.2447 -16.2536 -20.4436
51.0647 -15.6666 -24.0016
51.9777 -19.2466 -24.9946
50.0197 -20.4926 -22.0666
46.9887 -18.6756 -23.2646
47.5567 -19.7766 -26.7736
48.0297 -23.4506 -26.0856

46.2957 -23.9776 -22.8856
49.1577 -26.2506 -21.7036
52.1687 -25.6106 -19.4146
54.6677 -26.3146 -22.1906

56.3207 -22.8636 -21.7926
57.2757 -23.7296 -18.2436
58.2857 -27.4186 -18.4146

62.0717 -27.2916 -18.4616
62.3507 -24.0826 -16.2976

End chain 1
