36.887 -23.463 8.956
34.76 -20.902 10.706
34.477 -17.198 11.189

36.964 -17.128 14.061
39.617 -19.041 12.22
38.916 -16.953 9.158
39.302 -13.605 10.789
42.19 -14.84 12.785
44.013 -15.477 9.498
43.018 -12.034 8.052
43.819 -9.866 11.138

46.667 -11.773 12.722
47.514 -11.664 16.413
49.57 -8.806 18.102
50.066 -8.48 21.836
51.352 -4.91 21.69
49.663 -1.798 20.443
50.45 -1.367 16.785
49.448 0.755 13.823
47.162 -1.084 11.504
47.332 -0.454 7.847
45.314 2.936 7.988
47.723 4.167 10.708
45.249 3.604 13.564
46.062 2.098 16.866
45.084 -1.481 17.205
45.91 -4.534 19.228

45.084 -8.237 19.563
43.098 -9.676 16.642
42.161 -6.61 14.663

40.766 -4.755 17.691
40.723 -1.118 16.785
41.585 1.052 19.717
41.328 4.608 18.444
41.483 6.59 15.239
43.302 9.256 17.208
46.987 9.868 16.581
47.741 9.755 20.304
49.441 6.8 21.856

48.168 7.991 25.101
44.705 8.016 23.796
45.204 4.406 22.617
46.721 3.263 25.887
43.775 4.818 27.769
41.337 3.106 25.493
43.219 -0.084 25.932
43.078 -0.026 29.76
39.388 0.877 29.673
38.693 -2.057 27.36
40.739 -4.551 29.468

39.949 -3.312 32.875
43.5 -2.793 34.015
46.726 -0.856 33.736
48.192 -2.569 30.659
51.039 -0.441 29.578
50.069 -1.175 25.981
50.572 -4.92 26.37
48.01 -7.684 26.746
47.927 -11.355 27.084
46.716 -13.911 24.599

43.676 -14.65 26.7
42.836 -10.944 26.828
43.275 -10.716 22.988
40.768 -13.473 22.533
38.253 -12.124 24.902
38.237 -8.889 22.913
37.974 -10.959 19.73
34.941 -12.807 21.022
33.247 -9.598 21.934
34.046 -8.096 18.568
32.736 -11.038 16.593
29.608 -10.998 18.595
29.163 -7.341 18.138
29.623 -7.668 14.337
26.968 -10.308 14.05
24.54 -8.343 16.218
25.205 -5.142 14.158
24.347 -7.001 10.971
21.138 -8.371 12.587
19.941 -4.956 13.593

20.904 -3.253 10.373
17.863 -2.913 8.137

20.031 -3.043 5.066
22.302 -5.933 6.146
19.913 -8.263 7.777
17.992 -9.238 4.724
21.206 -9.961 2.84
22.573 -11.97 5.681
19.396 -13.879 5.977
19.468 -14.869 2.328

22.957 -16.251 2.308
24.359 -19.746 2.983
26.643 -20.354 5.948

29.9 -19.735 4.193
28.932 -16.526 2.621
27.438 -15.203 5.84
30.92 -15.593 7.261
32.302 -13.355 4.404
29.736 -10.679 5.255
30.692 -10.908 8.928
34.387 -10.416 7.955
33.675 -7.169 6.042
31.575 -5.876 8.881
34.286 -6.68 11.321
36.742 -4.808 9.26
34.839 -1.778 8.214

33.0456 -1.98409 11.4774
30.1469 -1.76114 14.038

30.5555 -4.36943 16.7716
27.3829 -3.19334 18.5021
25.4233 -3.38507 15.2515
26.6551 -6.92164 14.6047
25.6484 -8.01559 18.1023
22.1696 -6.54959 17.6643

18.6376 -6.19159 16.3973

19.1096 -7.71259 13.0103
21.1996 -10.6506 14.1313
18.6906 -11.4696 16.9203
15.9006 -11.6406 14.4223
17.8826 -13.9366 12.1543
18.7036 -16.1806 15.0513
15.1006 -16.2556 16.0333
14.3166 -17.1536 12.5453

16.9416 -19.8936 12.5203
18.8726 -18.3266 9.63433
22.1846 -19.5436 10.9293

24.4476 -18.5706 8.04733
22.9706 -15.1956 7.64233
23.1486 -14.3036 11.2983
26.7926 -15.4706 11.3893
27.5916 -13.0546 8.60333
25.6106 -10.2626 10.2693
27.2666 -10.7856 13.6153
30.7376 -10.4146 11.9753
29.9156 -6.86759 10.9763
30.5376 -5.43059 14.4013

33.1136 -3.71059 16.4743

32.8616 -6.77359 18.6053
34.1636 -8.96259 15.9473
36.8606 -6.51659 14.8243
38.2026 -6.02959 18.3443
38.1956 -9.64059 19.5533

38.1036 -11.7296 16.4123

39.1836 -15.0766 17.7233
36.7426 -15.0556 20.5173
33.9276 -13.6176 18.3293
34.6576 -16.3716 15.8043
34.2526 -19.1326 18.3673
30.9016 -17.7396 19.4183
29.7216 -17.1526 15.8603
30.6346 -20.7326 14.8673
28.6766 -21.9786 17.7953
25.6456 -20.1616 16.5973
26.2136 -21.2626 13.0883
26.6866 -24.9366 13.7763

24.9526 -25.4636 16.9763
27.8146 -27.7366 18.1583
30.8256 -27.0966 20.4473
33.3246 -27.8006 17.6713

34.9776 -24.3496 18.0693
35.9326 -25.2156 21.6183
36.9426 -28.9046 21.4473

40.7286 -28.7776 21.4003
41.0076 -25.5686 23.5643

End chain 1
