36.887 -23.463 8.956
34.76 -20.902 10.706
34.477 -17.198 11.189

36.964 -17.128 14.061
39.617 -19.041 12.22
38.916 -16.953 9.158
39.302 -13.605 10.789
42.19 -14.84 12.785
44.013 -15.477 9.498
43.018 -12.034 8.052
43.819 -9.866 11.138

46.667 -11.773 12.722
47.514 -11.664 16.413
49.57 -8.806 18.102
50.066 -8.48 21.836
51.352 -4.91 21.69
49.663 -1.798 20.443
50.45 -1.367 16.785
49.448 0.755 13.823
47.162 -1.084 11.504
47.332 -0.454 7.847
45.314 2.936 7.988
47.723 4.167 10.708
45.249 3.604 13.564
46.062 2.098 16.866
45.084 -1.481 17.205
45.91 -4.534 19.228

45.084 -8.237 19.563
43.098 -9.676 16.642
42.161 -6.61 14.663

40.766 -4.755 17.691
40.723 -1.118 16.785
41.585 1.052 19.717
41.328 4.608 18.444
41.483 6.59 15.239
43.302 9.256 17.208
46.987 9.868 16.581
47.741 9.755 20.304
49.441 6.8 21.856

48.168 7.991 25.101
44.705 8.016 23.796
45.204 4.406 22.617
46.721 3.263 25.887
43.775 4.818 27.769
41.337 3.106 25.493
43.219 -0.084 25.932
43.078 -0.026 29.76
39.388 0.877 29.673
38.693 -2.057 27.36
40.739 -4.551 29.468

39.949 -3.312 32.875
43.5 -2.793 34.015
46.726 -0.856 33.736
48.192 -2.569 30.659
51.039 -0.441 29.578
50.069 -1.175 25.981
50.572 -4.92 26.37
48.01 -7.684 26.746
47.927 -11.355 27.084
46.716 -13.911 24.599

43.676 -14.65 26.7
42.836 -10.944 26.828
43.275 -10.716 22.988
40.768 -13.473 22.533
38.253 -12.124 24.902
38.237 -8.889 22.913
37.974 -10.959 19.73
34.941 -12.807 21.022
33.247 -9.598 21.934
34.046 -8.096 18.568
32.736 -11.038 16.593
29.608 -10.998 18.595
29.163 -7.341 18.138
29.623 -7.668 14.337
26.968 -10.308 14.05
24.54 -8.343 16.218
25.205 -5.142 14.158
24.347 -7.001 10.971
21.138 -8.371 12.587
19.941 -4.956 13.593

20.904 -3.253 10.373
17.863 -2.913 8.137

20.031 -3.043 5.066
22.302 -5.933 6.146
19.913 -8.263 7.777
17.992 -9.238 4.724
21.206 -9.961 2.84
22.573 -11.97 5.681
19.396 -13.879 5.977
19.468 -14.869 2.328

22.7167 -16.7647 3.00039
24.7194 -14.2041 0.889575
26.9487 -11.2671 0.223816

28.0268 -11.1855 -3.41953
31.6906 -11.4379 -2.4417
30.9857 -14.4214 -0.195728
29.099 -16.1934 -2.97843
31.9606 -15.6234 -5.41338
34.4783 -17.0177 -2.9314
32.3581 -20.1226 -2.37716
32.0722 -20.7136 -6.1204
35.8348 -20.4018 -6.55496
36.4621 -22.894 -3.75525
34.0485 -25.388 -5.30349
35.7472 -25.0774 -8.68886
39.1655 -25.6662 -7.13594

36.2075 -25.4092 -4.96994
32.5065 -25.7142 -5.65594

32.3185 -22.2932 -7.14494
35.1175 -22.8592 -9.64194
33.6625 -26.1142 -10.8619
30.0935 -24.9252 -11.0729
31.3725 -22.3812 -13.5469
32.2985 -25.0962 -16.1129

28.7665 -24.7382 -17.3799

29.2385 -26.2592 -20.7669
31.3285 -29.1972 -19.6459
28.8195 -30.0162 -16.8569
26.0295 -30.1872 -19.3549
28.0115 -32.4832 -21.6229
28.8325 -34.7272 -18.7259
25.2295 -34.8022 -17.7439
24.4455 -35.7002 -21.2319

27.0705 -38.4402 -21.2569
29.0015 -36.8732 -24.1429
32.3135 -38.0902 -22.8479

34.5765 -37.1172 -25.7299
33.0995 -33.7422 -26.1349
33.2775 -32.8502 -22.4789
36.9215 -34.0172 -22.3879
37.7205 -31.6012 -25.1739
35.7395 -28.8092 -23.5079
37.3955 -29.3322 -20.1619
40.8665 -28.9612 -21.8019
40.0445 -25.4142 -22.8009
40.6665 -23.9772 -19.3759

43.2425 -22.2572 -17.3029

42.9905 -25.3202 -15.1719
44.2925 -27.5092 -17.8299
46.9895 -25.0632 -18.9529
48.3315 -24.5762 -15.4329
48.3245 -28.1872 -14.2239

48.2325 -30.2762 -17.3649

49.3125 -33.6232 -16.0539
46.8715 -33.6022 -13.2599
44.0565 -32.1642 -15.4479
44.7865 -34.9182 -17.9729
44.3815 -37.6792 -15.4099
41.0305 -36.2862 -14.3589
39.8505 -35.6992 -17.9169
40.7635 -39.2792 -18.9099
38.8055 -40.5252 -15.9819
35.7745 -38.7082 -17.1799
36.3425 -39.8092 -20.6889
36.8155 -43.4832 -20.0009

35.0815 -44.0102 -16.8009
37.9435 -46.2832 -15.6189
40.9545 -45.6432 -13.3299
43.4535 -46.3472 -16.1059

45.1065 -42.8962 -15.7079
46.0615 -43.7622 -12.1589
47.0715 -47.4512 -12.3299

50.8575 -47.3242 -12.3769
51.1365 -44.1152 -10.2129

End chain 1
