36.887 -23.463 8.956
34.76 -20.902 10.706
34.477 -17.198 11.189

36.964 -17.128 14.061
39.617 -19.041 12.22
38.916 -16.953 9.158
39.302 -13.605 10.789
42.19 -14.84 12.785
44.013 -15.477 9.498
43.018 -12.034 8.052
43.819 -9.866 11.138

46.667 -11.773 12.722
47.514 -11.664 16.413
49.57 -8.806 18.102
50.066 -8.48 21.836
51.352 -4.91 21.69
49.663 -1.798 20.443
50.45 -1.367 16.785
49.448 0.755 13.823
47.162 -1.084 11.504
47.332 -0.454 7.847
45.314 2.936 7.988
47.723 4.167 10.708
45.249 3.604 13.564
46.062 2.098 16.866
45.084 -1.481 17.205
45.91 -4.534 19.228

45.084 -8.237 19.563
43.098 -9.676 16.642
42.161 -6.61 14.663

40.766 -4.755 17.691
40.723 -1.118 16.785
41.585 1.052 19.717
41.328 4.608 18.444
41.483 6.59 15.239
43.302 9.256 17.208
46.987 9.868 16.581
47.741 9.755 20.304
49.441 6.8 21.856

48.168 7.991 25.101
44.705 8.016 23.796
45.204 4.406 22.617
46.721 3.263 25.887
43.775 4.818 27.769
41.337 3.106 25.493
43.219 -0.084 25.932
43.078 -0.026 29.76
39.388 0.877 29.673
38.693 -2.057 27.36
40.739 -4.551 29.468

39.949 -3.312 32.875
43.5 -2.793 34.015
46.726 -0.856 33.736
48.192 -2.569 30.659
51.039 -0.441 29.578
50.069 -1.175 25.981
50.572 -4.92 26.37
48.01 -7.684 26.746
47.927 -11.355 27.084
46.716 -13.911 24.599

43.676 -14.65 26.7
42.836 -10.944 26.828
43.275 -10.716 22.988
40.768 -13.473 22.533
38.253 -12.124 24.902
38.237 -8.889 22.913
37.974 -10.959 19.73
34.941 -12.807 21.022
33.247 -9.598 21.934
34.046 -8.096 18.568
32.736 -11.038 16.593
29.608 -10.998 18.595
29.163 -7.341 18.138
29.623 -7.668 14.337
26.968 -10.308 14.05
24.54 -8.343 16.218
25.205 -5.142 14.158
24.347 -7.001 10.971
21.138 -8.371 12.587
19.941 -4.956 13.593

20.904 -3.253 10.373
17.863 -2.913 8.137

20.031 -3.043 5.066
22.302 -5.933 6.146
19.913 -8.263 7.777
17.992 -9.238 4.724
21.206 -9.961 2.84
22.573 -11.97 5.681
19.396 -13.879 5.977
19.468 -14.869 2.328

21.5677 -17.8351 3.35332
24.2412 -18.8508 5.84674
27.0805 -18.2363 8.38608

24.1299 -19.2574 10.5526
24.5103 -16.1487 12.7053
24.5941 -13.9135 9.63281
21.4422 -15.5275 8.2533
19.6267 -15.0311 11.5549
20.6175 -11.3636 11.6593
19.3701 -10.8256 8.11
16.0356 -12.453 8.93191
15.6099 -10.2551 12.0029
16.3367 -7.121 9.98
13.7842 -8.11299 7.34486
11.1331 -8.71535 10.0004
11.7929 -5.31682 11.568

8.8349 -5.05982 13.734
5.1339 -5.36482 13.048

4.9459 -1.94382 11.559
7.7449 -2.50982 9.06202
6.2899 -5.76482 7.84202
2.7209 -4.57582 7.63102
3.9999 -2.03182 5.15702
4.9259 -4.74682 2.59102

1.3939 -4.38882 1.32402

1.8659 -5.90982 -2.06298
3.9559 -8.84782 -0.941982
1.4469 -9.66682 1.84702
-1.3431 -9.83782 -0.650982
0.638898 -12.1338 -2.91898
1.4599 -14.3778 -0.0219815
-2.1431 -14.4528 0.960018
-2.9271 -15.3508 -2.52798

-0.302102 -18.0908 -2.55298
1.6289 -16.5238 -5.43898
4.9409 -17.7408 -4.14398

7.2039 -16.7678 -7.02598
5.7269 -13.3928 -7.43098
5.9049 -12.5008 -3.77498
9.5489 -13.6678 -3.68398
10.3479 -11.2518 -6.46998
8.3669 -8.45982 -4.80398
10.0229 -8.98282 -1.45798
13.4939 -8.61182 -3.09798
12.6719 -5.06482 -4.09698
13.2939 -3.62782 -0.671982

15.8699 -1.90782 1.40102

15.6179 -4.97082 3.53202
16.9199 -7.15982 0.874018
19.6169 -4.71382 -0.248982
20.9589 -4.22682 3.27102
20.9519 -7.83782 4.48002

20.8599 -9.92682 1.33902

21.9399 -13.2738 2.65002
19.4989 -13.2528 5.44402
16.6839 -11.8148 3.25602
17.4139 -14.5688 0.731018
17.0089 -17.3298 3.29402
13.6579 -15.9368 4.34502
12.4779 -15.3498 0.787018
13.3909 -18.9298 -0.205982
11.4329 -20.1758 2.72202
8.4019 -18.3588 1.52402
8.9699 -19.4598 -1.98498
9.4429 -23.1338 -1.29698

7.7089 -23.6608 1.90302
10.5709 -25.9338 3.08502
13.5819 -25.2938 5.37402
16.0809 -25.9978 2.59802

17.7339 -22.5468 2.99602
18.6889 -23.4128 6.54502
19.6989 -27.1018 6.37402

23.4849 -26.9748 6.32702
23.7639 -23.7658 8.49102

End chain 1
