36.887 -23.463 8.956
34.76 -20.902 10.706
34.477 -17.198 11.189

36.964 -17.128 14.061
39.617 -19.041 12.22
38.916 -16.953 9.158
39.302 -13.605 10.789
42.19 -14.84 12.785
44.013 -15.477 9.498
43.018 -12.034 8.052
43.819 -9.866 11.138

46.667 -11.773 12.722
47.514 -11.664 16.413
49.57 -8.806 18.102
50.066 -8.48 21.836
51.352 -4.91 21.69
49.663 -1.798 20.443
50.45 -1.367 16.785
49.448 0.755 13.823
47.162 -1.084 11.504
47.332 -0.454 7.847
45.314 2.936 7.988
47.723 4.167 10.708
45.249 3.604 13.564
46.062 2.098 16.866
45.084 -1.481 17.205
45.91 -4.534 19.228

45.084 -8.237 19.563
43.098 -9.676 16.642
42.161 -6.61 14.663

44.6808 -3.94787 15.5485
47.9438 -2.6854 14.0417
47.9235 -4.51819 10.6032
48.6712 -4.09089 6.96777
45.3827 -3.98469 5.0109
44.6676 -0.377749 4.28551
43.0655 1.8274 1.49834
41.3703 4.62967 3.28213
38.3441 7.05479 3.33382

39.5045 10.1122 5.26991
41.6541 7.96854 7.55613
43.2636 6.23755 4.58019
44.0574 9.57505 2.94502
45.6535 10.8712 6.14119
47.8074 7.75478 6.44409
48.9798 8.09766 2.84538
49.9098 11.7415 3.39365
51.8992 10.8653 6.51097
53.7906 8.14063 4.65577
54.6541 10.5299 1.82938

53.8641 11.7689 5.23638
57.4151 12.2879 6.37638
60.6411 14.2249 6.09738
62.1071 12.5119 3.02038
64.9541 14.6399 1.93938
63.9841 13.9059 -1.65762
64.4871 10.1609 -1.26862
61.9251 7.39693 -0.89262
61.8421 3.72593 -0.55462
60.6311 1.16993 -3.03962

57.5911 0.43093 -0.93862
56.7511 4.13693 -0.81062
57.1901 4.36493 -4.65062
54.6831 1.60793 -5.10562
52.1681 2.95693 -2.73662
52.1521 6.19193 -4.72562
51.8891 4.12193 -7.90862
48.8561 2.27393 -6.61662
47.1621 5.48293 -5.70462
47.9611 6.98493 -9.07062
46.6511 4.04293 -11.0456
43.5231 4.08293 -9.04362
43.0781 7.73993 -9.50062
43.5381 7.41293 -13.3016
40.8831 4.77293 -13.5886
38.4551 6.73793 -11.4206
39.1201 9.93893 -13.4806
38.2621 8.07993 -16.6676
35.0531 6.70993 -15.0516
33.8561 10.1249 -14.0456

34.8191 11.8279 -17.2656
31.7781 12.1679 -19.5016

33.9461 12.0379 -22.5726
36.2171 9.14793 -21.4926
33.8281 6.81793 -19.8616
31.9071 5.84293 -22.9146
35.1211 5.11993 -24.7986
36.4881 3.11093 -21.9576
33.3111 1.20193 -21.6616
33.3831 0.21193 -25.3106

36.8721 -1.17007 -25.3306
38.2741 -4.66507 -24.6556
40.5581 -5.27307 -21.6906

43.8151 -4.65407 -23.4456
42.8471 -1.44507 -25.0176
41.3531 -0.12207 -21.7986
44.8351 -0.51207 -20.3776
46.2171 1.72593 -23.2346
43.6511 4.40193 -22.3836
44.6071 4.17293 -18.7106
48.3021 4.66493 -19.6836
47.5901 7.91193 -21.5966
45.4901 9.20493 -18.7576
48.2011 8.40093 -16.3176
50.6571 10.2729 -18.3786
48.7541 13.3029 -19.4246

45.7961 13.5599 -17.2586
42.0951 13.2549 -17.9446

41.9071 16.6759 -19.4336
44.7061 16.1099 -21.9306
43.2511 12.8549 -23.1506
39.6821 14.0439 -23.3616
40.9611 16.5879 -25.8356
41.8871 13.8729 -28.4016

38.3551 14.2309 -29.6686

38.8271 12.7099 -33.0556
40.9171 9.77193 -31.9346
38.4081 8.95293 -29.1456
35.6181 8.78193 -31.6436
37.6001 6.48593 -33.9116
38.4211 4.24193 -31.0146
34.8181 4.16693 -30.0326
34.0341 3.26893 -33.5206

36.6591 0.52893 -33.5456
38.5901 2.09593 -36.4316
41.9021 0.87893 -35.1366

44.1651 1.85193 -38.0186
42.6881 5.22693 -38.4236
42.8661 6.11893 -34.7676
46.5101 4.95193 -34.6766
47.3091 7.36793 -37.4626
45.3281 10.1599 -35.7966
46.9841 9.63693 -32.4506
50.4551 10.0079 -34.0906
49.6331 13.5549 -35.0896
50.2551 14.9919 -31.6646

52.8311 16.7119 -29.5916

52.5791 13.6489 -27.4606
53.8811 11.4599 -30.1186
56.5781 13.9059 -31.2416
57.9201 14.3929 -27.7216
57.9131 10.7819 -26.5126

57.8211 8.69293 -29.6536

58.9011 5.34593 -28.3426
56.4601 5.36693 -25.5486
53.6451 6.80493 -27.7366
54.3751 4.05093 -30.2616
53.9701 1.28993 -27.6986
50.6191 2.68293 -26.6476
49.4391 3.26993 -30.2056
50.3521 -0.31007 -31.1986
48.3941 -1.55607 -28.2706
45.3631 0.26093 -29.4686
45.9311 -0.84007 -32.9776
46.4041 -4.51407 -32.2896

44.6701 -5.04107 -29.0896
47.5321 -7.31407 -27.9076
50.5431 -6.67407 -25.6186
53.0421 -7.37807 -28.3946

54.6951 -3.92707 -27.9966
55.6501 -4.79307 -24.4476
56.6601 -8.48207 -24.6186

60.4461 -8.35507 -24.6656
60.7251 -5.14607 -22.5016

End chain 1
