36.887 -23.463 8.956
34.76 -20.902 10.706
34.477 -17.198 11.189

36.964 -17.128 14.061
39.617 -19.041 12.22
38.916 -16.953 9.158
39.302 -13.605 10.789
42.19 -14.84 12.785
44.013 -15.477 9.498
43.018 -12.034 8.052
43.819 -9.866 11.138

46.667 -11.773 12.722
47.514 -11.664 16.413
49.57 -8.806 18.102
50.066 -8.48 21.836
51.352 -4.91 21.69
49.663 -1.798 20.443
50.45 -1.367 16.785
49.448 0.755 13.823
47.162 -1.084 11.504
47.332 -0.454 7.847
45.314 2.936 7.988
47.723 4.167 10.708
45.249 3.604 13.564
46.062 2.098 16.866
45.084 -1.481 17.205
45.91 -4.534 19.228

45.084 -8.237 19.563
43.098 -9.676 16.642
42.161 -6.61 14.663

40.766 -4.755 17.691
40.723 -1.118 16.785
41.585 1.052 19.717
41.328 4.608 18.444
41.483 6.59 15.239
43.302 9.256 17.208
46.987 9.868 16.581
47.741 9.755 20.304
49.441 6.8 21.856

48.168 7.991 25.101
44.705 8.016 23.796
45.204 4.406 22.617
46.721 3.263 25.887
43.775 4.818 27.769
41.337 3.106 25.493
43.219 -0.084 25.932
43.078 -0.026 29.76
39.388 0.877 29.673
38.693 -2.057 27.36
40.739 -4.551 29.468

37.8327 -3.907 31.9431
35.7223 -2.12962 34.5861
32.3893 -0.636289 35.5214
30.9312 -4.06129 36.6138
27.2095 -3.63331 37.3977
26.5378 -2.55365 33.8158
28.6512 -4.23113 31.1746
32.2255 -3.81774 29.9335
32.1436 -7.02769 31.8972
30.8496 -10.2672 33.3622

32.4624 -11.4549 36.592
29.1901 -12.9802 37.7787
28.7398 -14.8186 34.4832
32.2678 -16.2188 34.671
31.6955 -17.4467 38.2217
28.4624 -19.1681 37.2085
30.1847 -20.9033 34.2989
32.9754 -22.1405 36.5626
30.4673 -23.524 39.0603
28.5936 -25.3584 36.3095
31.8148 -26.9017 35.0113
32.7644 -28.0875 38.4948
29.3492 -29.6795 38.9892
29.6079 -31.4983 35.6624
33.0511 -32.8381 36.5525
31.7969 -34.105 39.9088
28.8678 -35.8743 38.2557
31.1742 -37.5551 35.7461
33.4732 -38.7619 38.5212
30.5391 -40.2095 40.4546

31.5021 -38.5065 37.2346
28.4611 -38.1665 34.9986

30.6291 -38.2965 31.9276
32.9001 -41.1865 33.0076
30.5111 -43.5165 34.6386
28.5901 -44.4915 31.5856
31.8041 -45.2145 29.7016
33.1711 -47.2235 32.5426
29.9941 -49.1325 32.8386
30.0661 -50.1225 29.1896

33.5551 -51.5045 29.1696
34.9571 -54.9995 29.8446
37.2411 -55.6075 32.8096

40.4981 -54.9885 31.0546
39.5301 -51.7795 29.4826
38.0361 -50.4565 32.7016
41.5181 -50.8465 34.1226
42.9001 -48.6085 31.2656
40.3341 -45.9325 32.1166
41.2901 -46.1615 35.7896
44.9851 -45.6695 34.8166
44.2731 -42.4225 32.9036
42.1731 -41.1295 35.7426
44.8841 -41.9335 38.1826
47.3401 -40.0615 36.1216
45.4371 -37.0315 35.0756

42.4791 -36.7745 37.2416
38.7781 -37.0795 36.5556

38.5901 -33.6585 35.0666
41.3891 -34.2245 32.5696
39.9341 -37.4795 31.3496
36.3651 -36.2905 31.1386
37.6441 -33.7465 28.6646
38.5701 -36.4615 26.0986

35.0381 -36.1035 24.8316

35.5101 -37.6245 21.4446
37.6001 -40.5625 22.5656
35.0911 -41.3815 25.3546
32.3011 -41.5525 22.8566
34.2831 -43.8485 20.5886
35.1041 -46.0925 23.4856
31.5011 -46.1675 24.4676
30.7171 -47.0655 20.9796

33.3421 -49.8055 20.9546
35.2731 -48.2385 18.0686
38.5851 -49.4555 19.3636

40.8481 -48.4825 16.4816
39.3711 -45.1075 16.0766
39.5491 -44.2155 19.7326
43.1931 -45.3825 19.8236
43.9921 -42.9665 17.0376
42.0111 -40.1745 18.7036
43.6671 -40.6975 22.0496
47.1381 -40.3265 20.4096
46.3161 -36.7795 19.4106
46.9381 -35.3425 22.8356

49.5141 -33.6225 24.9086

49.2621 -36.6855 27.0396
50.5641 -38.8745 24.3816
53.2611 -36.4285 23.2586
54.6031 -35.9415 26.7786
54.5961 -39.5525 27.9876

54.5041 -41.6415 24.8466

55.5841 -44.9885 26.1576
53.1431 -44.9675 28.9516
50.3281 -43.5295 26.7636
51.0581 -46.2835 24.2386
50.6531 -49.0445 26.8016
47.3021 -47.6515 27.8526
46.1221 -47.0645 24.2946
47.0351 -50.6445 23.3016
45.0771 -51.8905 26.2296
42.0461 -50.0735 25.0316
42.6141 -51.1745 21.5226
43.0871 -54.8485 22.2106

41.3531 -55.3755 25.4106
44.2151 -57.6485 26.5926
47.2261 -57.0085 28.8816
49.7251 -57.7125 26.1056

51.3781 -54.2615 26.5036
52.3331 -55.1275 30.0526
53.3431 -58.8165 29.8816

57.1291 -58.6895 29.8346
57.4081 -55.4805 31.9986

End chain 1
