36.887 -23.463 8.956
34.76 -20.902 10.706
34.477 -17.198 11.189

36.964 -17.128 14.061
39.617 -19.041 12.22
38.916 -16.953 9.158
39.302 -13.605 10.789
42.19 -14.84 12.785
44.013 -15.477 9.498
43.018 -12.034 8.052
43.819 -9.866 11.138

47.2879 -11.5281 11.4086
50.8481 -12.2639 12.3987
54.645 -12.1884 12.8679
55.117 -13.9407 16.1324
52.3078 -16.2241 14.7672
54.4153 -17.6751 11.85
56.2624 -19.5648 9.10419
58.9669 -21.7358 10.8782
57.8724 -24.5619 8.73092
56.1175 -23.7464 5.57492
57.5394 -21.7906 2.64953
59.6556 -24.7248 3.68367
58.1257 -28.2544 3.99055
60.441 -28.797 6.95194
61.8246 -25.6792 8.48412
63.8809 -22.6983 9.49979

66.9361 -24.3978 8.00987
66.9297 -27.0291 10.752
63.2426 -27.7529 10.1826

61.8476 -25.8979 13.2106
61.8046 -22.2609 12.3046
62.6666 -20.0909 15.2366
62.4096 -16.5349 13.9636
62.5646 -14.5529 10.7586
64.3836 -11.8869 12.7276
68.0686 -11.2749 12.1006
68.8226 -11.3879 15.8236
70.5226 -14.3429 17.3756

69.2496 -13.1519 20.6206
65.7866 -13.1269 19.3156
66.2856 -16.7369 18.1366
67.8026 -17.8799 21.4066
64.8566 -16.3249 23.2886
62.4186 -18.0369 21.0126
64.3006 -21.2269 21.4516
64.1596 -21.1689 25.2796
60.4696 -20.2659 25.1926
59.7746 -23.1999 22.8796
61.8206 -25.6939 24.9876

61.0306 -24.4549 28.3946
64.5816 -23.9359 29.5346
67.8076 -21.9989 29.2556
69.2736 -23.7119 26.1786
72.1206 -21.5839 25.0976
71.1506 -22.3179 21.5006
71.6536 -26.0629 21.8896
69.0916 -28.8269 22.2656
69.0086 -32.4979 22.6036
67.7976 -35.0539 20.1186

64.7576 -35.7929 22.2196
63.9176 -32.0869 22.3476
64.3566 -31.8589 18.5076
61.8496 -34.6159 18.0526
59.3346 -33.2669 20.4216
59.3186 -30.0319 18.4326
59.0556 -32.1019 15.2496
56.0226 -33.9499 16.5416
54.3286 -30.7409 17.4536
55.1276 -29.2389 14.0876
53.8176 -32.1809 12.1126
50.6896 -32.1409 14.1146
50.2446 -28.4839 13.6576
50.7046 -28.8109 9.85655
48.0496 -31.4509 9.56955
45.6216 -29.4859 11.7376
46.2866 -26.2849 9.67755
45.4286 -28.1439 6.49055
42.2196 -29.5139 8.10655
41.0226 -26.0989 9.11255

41.9856 -24.3959 5.89255
38.9446 -24.0559 3.65655

41.1126 -24.1859 0.585552
43.3836 -27.0759 1.66555
40.9946 -29.4059 3.29655
39.0736 -30.3809 0.243552
42.2876 -31.1039 -1.64045
43.6546 -33.1129 1.20055
40.4776 -35.0219 1.49655
40.5496 -36.0119 -2.15245

44.0386 -37.3939 -2.17245
45.4406 -40.8889 -1.49745
47.7246 -41.4969 1.46755

50.9816 -40.8779 -0.287448
50.0136 -37.6689 -1.85945
48.5196 -36.3459 1.35955
52.0016 -36.7359 2.78055
53.3836 -34.4979 -0.0764482
50.8176 -31.8219 0.774552
51.7736 -32.0509 4.44755
55.4686 -31.5589 3.47455
54.7566 -28.3119 1.56155
52.6566 -27.0189 4.40055
55.3676 -27.8229 6.84055
57.8236 -25.9509 4.77955
55.9206 -22.9209 3.73355

52.9626 -22.6639 5.89955
49.2616 -22.9689 5.21355

49.0736 -19.5479 3.72455
51.8726 -20.1139 1.22755
50.4176 -23.3689 0.00755183
46.8486 -22.1799 -0.203448
48.1276 -19.6359 -2.67745
49.0536 -22.3509 -5.24345

45.5216 -21.9929 -6.51045

45.9936 -23.5139 -9.89745
48.0836 -26.4519 -8.77645
45.5746 -27.2709 -5.98745
42.7846 -27.4419 -8.48545
44.7666 -29.7379 -10.7534
45.5876 -31.9819 -7.85645
41.9846 -32.0569 -6.87445
41.2006 -32.9549 -10.3624

43.8256 -35.6949 -10.3874
45.7566 -34.1279 -13.2734
49.0686 -35.3449 -11.9784

51.3316 -34.3719 -14.8604
49.8546 -30.9969 -15.2654
50.0326 -30.1049 -11.6094
53.6766 -31.2719 -11.5184
54.4756 -28.8559 -14.3044
52.4946 -26.0639 -12.6384
54.1506 -26.5869 -9.29245
57.6216 -26.2159 -10.9324
56.7996 -22.6689 -11.9314
57.4216 -21.2319 -8.50645

59.9976 -19.5119 -6.43345

59.7456 -22.5749 -4.30245
61.0476 -24.7639 -6.96045
63.7446 -22.3179 -8.08345
65.0866 -21.8309 -4.56345
65.0796 -25.4419 -3.35445

64.9876 -27.5309 -6.49545

66.0676 -30.8779 -5.18445
63.6266 -30.8569 -2.39045
60.8116 -29.4189 -4.57845
61.5416 -32.1729 -7.10345
61.1366 -34.9339 -4.54045
57.7856 -33.5409 -3.48945
56.6056 -32.9539 -7.04745
57.5186 -36.5339 -8.04045
55.5606 -37.7799 -5.11245
52.5296 -35.9629 -6.31045
53.0976 -37.0639 -9.81945
53.5706 -40.7379 -9.13145

51.8366 -41.2649 -5.93145
54.6986 -43.5379 -4.74945
57.7096 -42.8979 -2.46045
60.2086 -43.6019 -5.23645

61.8616 -40.1509 -4.83845
62.8166 -41.0169 -1.28945
63.8266 -44.7059 -1.46045

67.6126 -44.5789 -1.50745
67.8916 -41.3699 0.656552

End chain 1
