36.887 -23.463 8.956
34.76 -20.902 10.706
34.477 -17.198 11.189

36.964 -17.128 14.061
39.617 -19.041 12.22
38.916 -16.953 9.158
39.302 -13.605 10.789
42.19 -14.84 12.785
44.013 -15.477 9.498
43.018 -12.034 8.052
43.819 -9.866 11.138

46.667 -11.773 12.722
47.514 -11.664 16.413
49.57 -8.806 18.102
50.066 -8.48 21.836
51.352 -4.91 21.69
49.663 -1.798 20.443
50.45 -1.367 16.785
49.448 0.755 13.823
47.162 -1.084 11.504
47.332 -0.454 7.847
45.314 2.936 7.988
47.723 4.167 10.708
45.249 3.604 13.564
46.062 2.098 16.866
45.084 -1.481 17.205
45.91 -4.534 19.228

45.084 -8.237 19.563
43.098 -9.676 16.642
42.161 -6.61 14.663

40.766 -4.755 17.691
40.723 -1.118 16.785
41.585 1.052 19.717
41.328 4.608 18.444
41.483 6.59 15.239
43.302 9.256 17.208
46.987 9.868 16.581
47.741 9.755 20.304
49.441 6.8 21.856

48.168 7.991 25.101
44.705 8.016 23.796
45.204 4.406 22.617
46.721 3.263 25.887
43.775 4.818 27.769
41.337 3.106 25.493
43.219 -0.084 25.932
43.078 -0.026 29.76
39.388 0.877 29.673
38.693 -2.057 27.36
40.739 -4.551 29.468

39.949 -3.312 32.875
43.5 -2.793 34.015
46.726 -0.856 33.736
48.192 -2.569 30.659
51.039 -0.441 29.578
50.069 -1.175 25.981
50.572 -4.92 26.37
48.01 -7.684 26.746
47.927 -11.355 27.084
46.716 -13.911 24.599

43.676 -14.65 26.7
42.836 -10.944 26.828
43.275 -10.716 22.988
40.768 -13.473 22.533
38.253 -12.124 24.902
38.237 -8.889 22.913
37.974 -10.959 19.73
34.941 -12.807 21.022
33.247 -9.598 21.934
34.046 -8.096 18.568
32.736 -11.038 16.593
29.608 -10.998 18.595
29.163 -7.341 18.138
29.623 -7.668 14.337
26.968 -10.308 14.05
24.54 -8.343 16.218
25.205 -5.142 14.158
24.347 -7.001 10.971
21.138 -8.371 12.587
19.941 -4.956 13.593

20.256 -2.84215 10.3403
20.0746 -1.75528 6.77873

16.6277 -3.35285 6.68332
15.4257 -1.1599 9.545
16.6871 1.97291 7.80218
14.9118 1.0132 4.58187
11.6491 0.428698 6.44082
11.9009 3.81615 8.14512
12.5109 5.55207 4.81985
9.4912 3.84672 3.26541

12.9802 2.46472 3.24541
14.3822 -1.03028 3.92041
16.6662 -1.63828 6.88541

19.9232 -1.01928 5.13041
18.9552 2.18972 3.55841
17.4612 3.51272 6.77741
20.9432 3.12272 8.19841
22.3252 5.36072 5.34141
19.7592 8.03672 6.19241
20.7152 7.80772 9.86541
24.4102 8.29972 8.89241
23.6982 11.5467 6.97941
21.5982 12.8397 9.81841
24.3092 12.0357 12.2584
26.7652 13.9077 10.1974
24.8622 16.9377 9.15141

21.9042 17.1947 11.3174
18.2032 16.8897 10.6314

18.0152 20.3107 9.14241
20.8142 19.7447 6.64541
19.3592 16.4897 5.42541
15.7902 17.6787 5.21441
17.0692 20.2227 2.74041
17.9952 17.5077 0.174413

14.4632 17.8657 -1.09259

14.9352 16.3447 -4.47959
17.0252 13.4067 -3.35859
14.5162 12.5877 -0.569587
11.7262 12.4167 -3.06759
13.7082 10.1207 -5.33559
14.5292 7.87672 -2.43859
10.9262 7.80172 -1.45659
10.1422 6.90372 -4.94459

12.7672 4.16372 -4.96959
14.6982 5.73072 -7.85559
18.0102 4.51372 -6.56059

20.2732 5.48672 -9.44259
18.7962 8.86172 -9.84759
18.9742 9.75372 -6.19159
22.6182 8.58672 -6.10059
23.4172 11.0027 -8.88659
21.4362 13.7947 -7.22059
23.0922 13.2717 -3.87459
26.5632 13.6427 -5.51459
25.7412 17.1897 -6.51359
26.3632 18.6267 -3.08859

28.9392 20.3467 -1.01559

28.6872 17.2837 1.11541
29.9892 15.0947 -1.54259
32.6862 17.5407 -2.66559
34.0282 18.0277 0.854413
34.0212 14.4167 2.06341

33.9292 12.3277 -1.07759

35.0092 8.98072 0.233413
32.5682 9.00172 3.02741
29.7532 10.4397 0.839413
30.4832 7.68572 -1.68559
30.0782 4.92472 0.877413
26.7272 6.31772 1.92841
25.5472 6.90472 -1.62959
26.4602 3.32472 -2.62259
24.5022 2.07872 0.305413
21.4712 3.89572 -0.892587
22.0392 2.79472 -4.40159
22.5122 -0.879279 -3.71359

20.7782 -1.40628 -0.513587
23.6402 -3.67928 0.668413
26.6512 -3.03928 2.95741
29.1502 -3.74328 0.181413

30.8032 -0.292279 0.579413
31.7582 -1.15828 4.12841
32.7682 -4.84728 3.95741

36.5542 -4.72028 3.91041
36.8332 -1.51128 6.07441

End chain 1
