36.887 -23.463 8.956
34.76 -20.902 10.706
34.477 -17.198 11.189

36.964 -17.128 14.061
39.617 -19.041 12.22
38.916 -16.953 9.158
39.302 -13.605 10.789
42.19 -14.84 12.785
44.013 -15.477 9.498
43.018 -12.034 8.052
43.819 -9.866 11.138

46.667 -11.773 12.722
47.514 -11.664 16.413
49.57 -8.806 18.102
50.066 -8.48 21.836
51.352 -4.91 21.69
49.663 -1.798 20.443
50.45 -1.367 16.785
49.448 0.755 13.823
47.162 -1.084 11.504
47.332 -0.454 7.847
45.314 2.936 7.988
47.723 4.167 10.708
45.249 3.604 13.564
46.062 2.098 16.866
45.084 -1.481 17.205
45.91 -4.534 19.228

45.084 -8.237 19.563
43.098 -9.676 16.642
42.161 -6.61 14.663

40.766 -4.755 17.691
40.723 -1.118 16.785
41.585 1.052 19.717
41.328 4.608 18.444
41.483 6.59 15.239
43.302 9.256 17.208
46.987 9.868 16.581
47.741 9.755 20.304
49.441 6.8 21.856

48.168 7.991 25.101
44.705 8.016 23.796
45.204 4.406 22.617
46.721 3.263 25.887
43.775 4.818 27.769
41.337 3.106 25.493
43.219 -0.084 25.932
43.078 -0.026 29.76
39.388 0.877 29.673
38.693 -2.057 27.36
40.739 -4.551 29.468

39.949 -3.312 32.875
43.5 -2.793 34.015
46.726 -0.856 33.736
48.192 -2.569 30.659
51.039 -0.441 29.578
50.069 -1.175 25.981
50.572 -4.92 26.37
48.01 -7.684 26.746
47.927 -11.355 27.084
46.716 -13.911 24.599

43.676 -14.65 26.7
42.836 -10.944 26.828
43.275 -10.716 22.988
40.768 -13.473 22.533
38.253 -12.124 24.902
38.237 -8.889 22.913
37.974 -10.959 19.73
34.941 -12.807 21.022
33.247 -9.598 21.934
34.046 -8.096 18.568
32.736 -11.038 16.593
29.608 -10.998 18.595
29.163 -7.341 18.138
29.623 -7.668 14.337
26.968 -10.308 14.05
24.54 -8.343 16.218
25.205 -5.142 14.158
24.347 -7.001 10.971
21.138 -8.371 12.587
19.941 -4.956 13.593

19.9552 -4.29436 9.95108
20.7303 -2.97965 6.37407

20.5709 -5.2979 3.36687
18.5424 -7.85008 5.31994
16.0847 -5.17886 6.44577
15.6341 -3.95217 2.87715
14.9677 -7.4847 1.64427
12.3636 -8.0434 4.35528
10.5979 -4.79847 3.46323
10.5005 -5.74962 -0.214909

13.9895 -7.13162 -0.234909
15.3915 -10.6266 0.440091
17.6755 -11.2346 3.40509

20.9325 -10.6156 1.65009
19.9645 -7.40662 0.0780911
18.4705 -6.08362 3.29709
21.9525 -6.47362 4.71809
23.3345 -4.23562 1.86109
20.7685 -1.55962 2.71209
21.7245 -1.78862 6.38509
25.4195 -1.29662 5.41209
24.7075 1.95038 3.49909
22.6075 3.24338 6.33809
25.3185 2.43938 8.77809
27.7745 4.31138 6.71709
25.8715 7.34138 5.67109

22.9135 7.59838 7.83709
19.2125 7.29338 7.15109

19.0245 10.7144 5.66209
21.8235 10.1484 3.16509
20.3685 6.89338 1.94509
16.7995 8.08238 1.73409
18.0785 10.6264 -0.739909
19.0045 7.91138 -3.30591

15.4725 8.26938 -4.57291

15.9445 6.74838 -7.95991
18.0345 3.81038 -6.83891
15.5255 2.99138 -4.04991
12.7355 2.82038 -6.54791
14.7175 0.524382 -8.81591
15.5385 -1.71962 -5.91891
11.9355 -1.79462 -4.93691
11.1515 -2.69262 -8.42491

13.7765 -5.43262 -8.44991
15.7075 -3.86562 -11.3359
19.0195 -5.08262 -10.0409

21.2825 -4.10962 -12.9229
19.8055 -0.734618 -13.3279
19.9835 0.157382 -9.67191
23.6275 -1.00962 -9.58091
24.4265 1.40638 -12.3669
22.4455 4.19838 -10.7009
24.1015 3.67538 -7.35491
27.5725 4.04638 -8.99491
26.7505 7.59338 -9.99391
27.3725 9.03038 -6.56891

29.9485 10.7504 -4.49591

29.6965 7.68738 -2.36491
30.9985 5.49838 -5.02291
33.6955 7.94438 -6.14591
35.0375 8.43138 -2.62591
35.0305 4.82038 -1.41691

34.9385 2.73138 -4.55791

36.0185 -0.615618 -3.24691
33.5775 -0.594618 -0.452909
30.7625 0.843382 -2.64091
31.4925 -1.91062 -5.16591
31.0875 -4.67162 -2.60291
27.7365 -3.27862 -1.55191
26.5565 -2.69162 -5.10991
27.4695 -6.27162 -6.10291
25.5115 -7.51762 -3.17491
22.4805 -5.70062 -4.37291
23.0485 -6.80162 -7.88191
23.5215 -10.4756 -7.19391

21.7875 -11.0026 -3.99391
24.6495 -13.2756 -2.81191
27.6605 -12.6356 -0.522909
30.1595 -13.3396 -3.29891

31.8125 -9.88862 -2.90091
32.7675 -10.7546 0.648091
33.7775 -14.4436 0.477091

37.5635 -14.3166 0.430091
37.8425 -11.1076 2.59409

End chain 1
