36.887 -23.463 8.956
34.76 -20.902 10.706
34.477 -17.198 11.189

36.964 -17.128 14.061
39.617 -19.041 12.22
38.916 -16.953 9.158
39.302 -13.605 10.789
42.19 -14.84 12.785
44.013 -15.477 9.498
43.018 -12.034 8.052
43.819 -9.866 11.138

46.667 -11.773 12.722
47.514 -11.664 16.413
49.57 -8.806 18.102
50.066 -8.48 21.836
51.352 -4.91 21.69
49.663 -1.798 20.443
50.45 -1.367 16.785
49.448 0.755 13.823
47.162 -1.084 11.504
47.332 -0.454 7.847
45.314 2.936 7.988
47.723 4.167 10.708
45.249 3.604 13.564
46.062 2.098 16.866
45.084 -1.481 17.205
45.91 -4.534 19.228

45.084 -8.237 19.563
43.098 -9.676 16.642
42.161 -6.61 14.663

40.766 -4.755 17.691
40.723 -1.118 16.785
41.585 1.052 19.717
41.328 4.608 18.444
41.483 6.59 15.239
43.302 9.256 17.208
46.987 9.868 16.581
47.741 9.755 20.304
49.441 6.8 21.856

48.168 7.991 25.101
44.705 8.016 23.796
45.204 4.406 22.617
46.721 3.263 25.887
43.775 4.818 27.769
41.337 3.106 25.493
43.219 -0.084 25.932
43.078 -0.026 29.76
39.388 0.877 29.673
38.693 -2.057 27.36
40.739 -4.551 29.468

39.949 -3.312 32.875
43.5 -2.793 34.015
46.726 -0.856 33.736
48.192 -2.569 30.659
51.039 -0.441 29.578
50.069 -1.175 25.981
50.572 -4.92 26.37
48.01 -7.684 26.746
47.927 -11.355 27.084
46.716 -13.911 24.599

43.676 -14.65 26.7
42.836 -10.944 26.828
43.275 -10.716 22.988
40.768 -13.473 22.533
38.253 -12.124 24.902
38.237 -8.889 22.913
37.974 -10.959 19.73
34.941 -12.807 21.022
33.247 -9.598 21.934
34.046 -8.096 18.568
32.736 -11.038 16.593
29.608 -10.998 18.595
29.163 -7.341 18.138
29.623 -7.668 14.337
26.968 -10.308 14.05
24.54 -8.343 16.218
25.205 -5.142 14.158
24.347 -7.001 10.971
21.138 -8.371 12.587
19.941 -4.956 13.593

20.904 -3.253 10.373
17.863 -2.913 8.137

20.031 -3.043 5.066
22.302 -5.933 6.146
19.913 -8.263 7.777
17.992 -9.238 4.724
21.206 -9.961 2.84
22.573 -11.97 5.681
19.396 -13.879 5.977
19.468 -14.869 2.328

22.957 -16.251 2.308
24.359 -19.746 2.983
26.643 -20.354 5.948

29.9 -19.735 4.193
28.932 -16.526 2.621
27.438 -15.203 5.84
30.92 -15.593 7.261
32.302 -13.355 4.404
29.736 -10.679 5.255
30.692 -10.908 8.928
34.387 -10.416 7.955
33.675 -7.169 6.042
31.575 -5.876 8.881
34.286 -6.68 11.321
36.742 -4.808 9.26
34.839 -1.778 8.214

31.881 -1.521 10.38
28.18 -1.826 9.694

27.992 1.595 8.205
30.791 1.029 5.708
29.336 -2.226 4.488
25.767 -1.037 4.277
27.046 1.507 1.803
27.972 -1.208 -0.763

25.7728 -4.36601 -0.27966

23.6092 -7.49018 -0.317709
21.481 -6.16851 2.54004
20.9704 -2.85274 0.75458
19.9047 -4.62359 -2.43465
17.3997 -6.75403 -0.529586
15.9123 -3.68229 1.14227
15.5372 -1.92262 -2.20523
13.7871 -4.94351 -3.70662

16.4121 -7.68351 -3.73162
18.3431 -6.11651 -6.61762
21.6551 -7.33351 -5.32262

23.9181 -6.36051 -8.20462
22.4411 -2.98551 -8.60962
22.6191 -2.09351 -4.95362
26.2631 -3.26051 -4.86262
27.0621 -0.844507 -7.64862
25.0811 1.94749 -5.98262
26.7371 1.42449 -2.63662
30.2081 1.79549 -4.27662
29.3861 5.34249 -5.27562
30.0081 6.77949 -1.85062

32.5841 8.49949 0.222377

32.3321 5.43649 2.35338
33.6341 3.24749 -0.304623
36.3311 5.69349 -1.42762
37.6731 6.18049 2.09238
37.6661 2.56949 3.30138

37.5741 0.480493 0.160377

38.6541 -2.86651 1.47138
36.2131 -2.84551 4.26538
33.3981 -1.40751 2.07738
34.1281 -4.16151 -0.447623
33.7231 -6.92251 2.11538
30.3721 -5.52951 3.16638
29.1921 -4.94251 -0.391623
30.1051 -8.52251 -1.38462
28.1471 -9.76851 1.54338
25.1161 -7.95151 0.345377
25.6841 -9.05251 -3.16362
26.1571 -12.7265 -2.47562

24.4231 -13.2535 0.724377
27.2851 -15.5265 1.90638
30.2961 -14.8865 4.19538
32.7951 -15.5905 1.41938

34.4481 -12.1395 1.81738
35.4031 -13.0055 5.36638
36.4131 -16.6945 5.19538

40.1991 -16.5675 5.14838
40.4781 -13.3585 7.31238

End chain 1
