36.887 -23.463 8.956
34.76 -20.902 10.706
34.477 -17.198 11.189

36.964 -17.128 14.061
39.617 -19.041 12.22
38.916 -16.953 9.158
39.302 -13.605 10.789
42.19 -14.84 12.785
44.013 -15.477 9.498
43.018 -12.034 8.052
43.819 -9.866 11.138

46.667 -11.773 12.722
47.514 -11.664 16.413
49.57 -8.806 18.102
50.066 -8.48 21.836
51.352 -4.91 21.69
49.663 -1.798 20.443
50.45 -1.367 16.785
49.448 0.755 13.823
47.162 -1.084 11.504
47.332 -0.454 7.847
45.314 2.936 7.988
47.723 4.167 10.708
45.249 3.604 13.564
46.062 2.098 16.866
45.084 -1.481 17.205
45.91 -4.534 19.228

45.084 -8.237 19.563
43.098 -9.676 16.642
42.161 -6.61 14.663

40.766 -4.755 17.691
40.723 -1.118 16.785
41.585 1.052 19.717
41.328 4.608 18.444
41.483 6.59 15.239
43.302 9.256 17.208
46.987 9.868 16.581
47.741 9.755 20.304
49.441 6.8 21.856

48.168 7.991 25.101
44.705 8.016 23.796
45.204 4.406 22.617
46.721 3.263 25.887
43.775 4.818 27.769
41.337 3.106 25.493
43.219 -0.084 25.932
43.078 -0.026 29.76
39.388 0.877 29.673
38.693 -2.057 27.36
40.739 -4.551 29.468

39.949 -3.312 32.875
43.5 -2.793 34.015
46.726 -0.856 33.736
48.192 -2.569 30.659
51.039 -0.441 29.578
50.069 -1.175 25.981
50.572 -4.92 26.37
48.01 -7.684 26.746
47.927 -11.355 27.084
46.716 -13.911 24.599

43.676 -14.65 26.7
42.836 -10.944 26.828
43.275 -10.716 22.988
40.768 -13.473 22.533
38.253 -12.124 24.902
38.237 -8.889 22.913
37.974 -10.959 19.73
34.941 -12.807 21.022
33.247 -9.598 21.934
34.046 -8.096 18.568
32.736 -11.038 16.593
29.608 -10.998 18.595
29.163 -7.341 18.138
29.623 -7.668 14.337
26.968 -10.308 14.05
24.54 -8.343 16.218
25.205 -5.142 14.158
24.347 -7.001 10.971
21.138 -8.371 12.587
19.941 -4.956 13.593

19.3831 -3.71071 10.1471
18.7633 -2.37654 6.55673

17.8469 -4.81947 3.79357
15.1442 -6.39576 5.95089
13.6636 -2.98929 6.75492
13.5764 -2.0506 3.07332
11.8194 -5.30168 2.18642
9.20559 -4.73866 4.8871
8.53681 -1.21148 3.64027
8.09994 -2.45088 0.0743327

11.5889 -3.83288 0.0543327
12.9909 -7.32788 0.729333
15.2749 -7.93588 3.69433

18.5319 -7.31688 1.93933
17.5639 -4.10788 0.367333
16.0699 -2.78488 3.58633
19.5519 -3.17488 5.00733
20.9339 -0.936881 2.15033
18.3679 1.73912 3.00133
19.3239 1.51012 6.67433
23.0189 2.00212 5.70133
22.3069 5.24912 3.78833
20.2069 6.54212 6.62733
22.9179 5.73812 9.06733
25.3739 7.61012 7.00633
23.4709 10.6401 5.96033

20.5129 10.8971 8.12633
16.8119 10.5921 7.44033

16.6239 14.0131 5.95133
19.4229 13.4471 3.45433
17.9679 10.1921 2.23433
14.3989 11.3811 2.02333
15.6779 13.9251 -0.450667
16.6039 11.2101 -3.01667

13.0719 11.5681 -4.28367

13.5439 10.0471 -7.67067
15.6339 7.10912 -6.54967
13.1249 6.29012 -3.76067
10.3349 6.11912 -6.25867
12.3169 3.82312 -8.52667
13.1379 1.57912 -5.62967
9.53494 1.50412 -4.64767
8.75094 0.606119 -8.13567

11.3759 -2.13388 -8.16067
13.3069 -0.566881 -11.0467
16.6189 -1.78388 -9.75167

18.8819 -0.810881 -12.6337
17.4049 2.56412 -13.0387
17.5829 3.45612 -9.38267
21.2269 2.28912 -9.29167
22.0259 4.70512 -12.0777
20.0449 7.49712 -10.4117
21.7009 6.97412 -7.06567
25.1719 7.34512 -8.70567
24.3499 10.8921 -9.70467
24.9719 12.3291 -6.27967

27.5479 14.0491 -4.20667

27.2959 10.9861 -2.07567
28.5979 8.79712 -4.73367
31.2949 11.2431 -5.85667
32.6369 11.7301 -2.33667
32.6299 8.11912 -1.12767

32.5379 6.03012 -4.26867

33.6179 2.68312 -2.95767
31.1769 2.70412 -0.163667
28.3619 4.14212 -2.35167
29.0919 1.38812 -4.87667
28.6869 -1.37288 -2.31367
25.3359 0.0201188 -1.26267
24.1559 0.607119 -4.82067
25.0689 -2.97288 -5.81367
23.1109 -4.21888 -2.88567
20.0799 -2.40188 -4.08367
20.6479 -3.50288 -7.59267
21.1209 -7.17688 -6.90467

19.3869 -7.70388 -3.70467
22.2489 -9.97688 -2.52267
25.2599 -9.33688 -0.233667
27.7589 -10.0409 -3.00967

29.4119 -6.58988 -2.61167
30.3669 -7.45588 0.937333
31.3769 -11.1449 0.766333

35.1629 -11.0179 0.719333
35.4419 -7.80888 2.88333

End chain 1
