36.887 -23.463 8.956
34.76 -20.902 10.706
34.477 -17.198 11.189

36.964 -17.128 14.061
39.617 -19.041 12.22
38.916 -16.953 9.158
39.302 -13.605 10.789
42.19 -14.84 12.785
44.013 -15.477 9.498
43.018 -12.034 8.052
43.819 -9.866 11.138

47.2923 -10.7502 10.073
47.4016 -11.4269 6.3702
47.8472 -11.15 2.66589
48.9204 -13.4572 -0.0306974
52.1748 -11.7861 -0.97909
53.0135 -10.324 2.37418
52.9256 -6.65158 3.60536
56.6639 -6.98605 4.65831
58.0293 -8.00295 1.27849
57.6354 -5.9772 -1.83681
60.6707 -4.18503 -0.422495
63.1075 -7.00726 0.523768
64.1862 -8.82795 -2.57029
66.8484 -10.5785 -4.49971
64.5366 -13.6862 -4.33961
60.7128 -13.9871 -4.04412

57.3289 -15.6861 -4.36805
55.916 -13.6353 -1.49736
57.1587 -10.4046 -3.06606

55.7637 -8.54958 -0.0380633
55.7207 -4.91258 -0.944063
56.5827 -2.74258 1.98794
56.3257 0.813421 0.714937
56.4807 2.79542 -2.49006
58.2997 5.46142 -0.521063
61.9847 6.07342 -1.14806
62.7387 5.96042 2.57494
64.4387 3.00542 4.12694

63.1657 4.19642 7.37194
59.7027 4.22142 6.06694
60.2017 0.611421 4.88794
61.7187 -0.531579 8.15794
58.7727 1.02342 10.0399
56.3347 -0.688579 7.76394
58.2167 -3.87858 8.20294
58.0757 -3.82058 12.0309
54.3857 -2.91758 11.9439
53.6907 -5.85158 9.63094
55.7367 -8.34558 11.7389

54.9467 -7.10658 15.1459
58.4977 -6.58758 16.2859
61.7237 -4.65058 16.0069
63.1897 -6.36358 12.9299
66.0367 -4.23558 11.8489
65.0667 -4.96958 8.25194
65.5697 -8.71458 8.64094
63.0077 -11.4786 9.01694
62.9247 -15.1496 9.35494
61.7137 -17.7056 6.86994

58.6737 -18.4446 8.97094
57.8337 -14.7386 9.09894
58.2727 -14.5106 5.25894
55.7657 -17.2676 4.80394
53.2507 -15.9186 7.17294
53.2347 -12.6836 5.18394
52.9717 -14.7536 2.00094
49.9387 -16.6016 3.29294
48.2447 -13.3926 4.20494
49.0437 -11.8906 0.838937
47.7337 -14.8326 -1.13606
44.6057 -14.7926 0.865937
44.1607 -11.1356 0.408937
44.6207 -11.4626 -3.39206
41.9657 -14.1026 -3.67906
39.5377 -12.1376 -1.51106
40.2027 -8.93658 -3.57106
39.3447 -10.7956 -6.75806
36.1357 -12.1656 -5.14206
34.9387 -8.75058 -4.13606

35.9017 -7.04758 -7.35606
32.8607 -6.70758 -9.59206

35.0287 -6.83758 -12.6631
37.2997 -9.72758 -11.5831
34.9107 -12.0576 -9.95206
32.9897 -13.0326 -13.0051
36.2037 -13.7556 -14.8891
37.5707 -15.7646 -12.0481
34.3937 -17.6736 -11.7521
34.4657 -18.6636 -15.4011

37.9547 -20.0456 -15.4211
39.3567 -23.5406 -14.7461
41.6407 -24.1486 -11.7811

44.8977 -23.5296 -13.5361
43.9297 -20.3206 -15.1081
42.4357 -18.9976 -11.8891
45.9177 -19.3876 -10.4681
47.2997 -17.1496 -13.3251
44.7337 -14.4736 -12.4741
45.6897 -14.7026 -8.80106
49.3847 -14.2106 -9.77406
48.6727 -10.9636 -11.6871
46.5727 -9.67058 -8.84806
49.2837 -10.4746 -6.40806
51.7397 -8.60258 -8.46906
49.8367 -5.57258 -9.51506

46.8787 -5.31558 -7.34906
43.1777 -5.62058 -8.03506

42.9897 -2.19958 -9.52406
45.7887 -2.76558 -12.0211
44.3337 -6.02058 -13.2411
40.7647 -4.83158 -13.4521
42.0437 -2.28758 -15.9261
42.9697 -5.00258 -18.4921

39.4377 -4.64458 -19.7591

39.9097 -6.16558 -23.1461
41.9997 -9.10358 -22.0251
39.4907 -9.92258 -19.2361
36.7007 -10.0936 -21.7341
38.6827 -12.3896 -24.0021
39.5037 -14.6336 -21.1051
35.9007 -14.7086 -20.1231
35.1167 -15.6066 -23.6111

37.7417 -18.3466 -23.6361
39.6727 -16.7796 -26.5221
42.9847 -17.9966 -25.2271

45.2477 -17.0236 -28.1091
43.7707 -13.6486 -28.5141
43.9487 -12.7566 -24.8581
47.5927 -13.9236 -24.7671
48.3917 -11.5076 -27.5531
46.4107 -8.71558 -25.8871
48.0667 -9.23858 -22.5411
51.5377 -8.86758 -24.1811
50.7157 -5.32058 -25.1801
51.3377 -3.88358 -21.7551

53.9137 -2.16358 -19.6821

53.6617 -5.22658 -17.5511
54.9637 -7.41558 -20.2091
57.6607 -4.96958 -21.3321
59.0027 -4.48258 -17.8121
58.9957 -8.09358 -16.6031

58.9037 -10.1826 -19.7441

59.9837 -13.5296 -18.4331
57.5427 -13.5086 -15.6391
54.7277 -12.0706 -17.8271
55.4577 -14.8246 -20.3521
55.0527 -17.5856 -17.7891
51.7017 -16.1926 -16.7381
50.5217 -15.6056 -20.2961
51.4347 -19.1856 -21.2891
49.4767 -20.4316 -18.3611
46.4457 -18.6146 -19.5591
47.0137 -19.7156 -23.0681
47.4867 -23.3896 -22.3801

45.7527 -23.9166 -19.1801
48.6147 -26.1896 -17.9981
51.6257 -25.5496 -15.7091
54.1247 -26.2536 -18.4851

55.7777 -22.8026 -18.0871
56.7327 -23.6686 -14.5381
57.7427 -27.3576 -14.7091

61.5287 -27.2306 -14.7561
61.8077 -24.0216 -12.5921

End chain 1
