36.887 -23.463 8.956
34.76 -20.902 10.706
34.477 -17.198 11.189

36.964 -17.128 14.061
39.617 -19.041 12.22
38.916 -16.953 9.158
39.302 -13.605 10.789
42.19 -14.84 12.785
44.013 -15.477 9.498
43.018 -12.034 8.052
43.819 -9.866 11.138

46.667 -11.773 12.722
47.514 -11.664 16.413
49.57 -8.806 18.102
50.066 -8.48 21.836
51.352 -4.91 21.69
49.663 -1.798 20.443
50.45 -1.367 16.785
49.448 0.755 13.823
47.162 -1.084 11.504
47.332 -0.454 7.847
45.314 2.936 7.988
47.723 4.167 10.708
45.249 3.604 13.564
46.062 2.098 16.866
45.084 -1.481 17.205
45.91 -4.534 19.228

45.084 -8.237 19.563
43.098 -9.676 16.642
42.161 -6.61 14.663

40.766 -4.755 17.691
40.723 -1.118 16.785
41.585 1.052 19.717
41.328 4.608 18.444
41.483 6.59 15.239
43.302 9.256 17.208
46.987 9.868 16.581
47.741 9.755 20.304
49.441 6.8 21.856

48.168 7.991 25.101
44.705 8.016 23.796
45.204 4.406 22.617
46.721 3.263 25.887
43.775 4.818 27.769
41.337 3.106 25.493
43.219 -0.084 25.932
43.078 -0.026 29.76
39.388 0.877 29.673
38.693 -2.057 27.36
40.739 -4.551 29.468

39.949 -3.312 32.875
43.5 -2.793 34.015
46.726 -0.856 33.736
48.192 -2.569 30.659
51.039 -0.441 29.578
50.069 -1.175 25.981
50.572 -4.92 26.37
48.01 -7.684 26.746
47.927 -11.355 27.084
46.716 -13.911 24.599

43.676 -14.65 26.7
42.836 -10.944 26.828
43.275 -10.716 22.988
40.768 -13.473 22.533
38.253 -12.124 24.902
38.237 -8.889 22.913
37.974 -10.959 19.73
34.941 -12.807 21.022
33.247 -9.598 21.934
34.046 -8.096 18.568
32.736 -11.038 16.593
29.608 -10.998 18.595
29.163 -7.341 18.138
29.623 -7.668 14.337
26.968 -10.308 14.05
24.54 -8.343 16.218
25.205 -5.142 14.158
24.347 -7.001 10.971
21.138 -8.371 12.587
19.941 -4.956 13.593

20.5345 -3.95448 9.92429
22.5673 -3.03069 6.77912

21.1221 -6.27861 5.43548
18.5284 -6.38561 8.21107
17.4838 -2.80043 7.50524
17.09 -3.54258 3.79889
14.9378 -6.5864 4.53814
12.7 -4.56327 6.84937
12.248 -1.86667 4.20988
11.3078 -4.45342 1.58924

14.7968 -5.83542 1.56924
16.1988 -9.33042 2.24424
18.4828 -9.93842 5.20924

21.7398 -9.31942 3.45424
20.7718 -6.11042 1.88224
19.2778 -4.78742 5.10124
22.7598 -5.17742 6.52224
24.1418 -2.93942 3.66524
21.5758 -0.263424 4.51624
22.5318 -0.492424 8.18924
26.2268 -0.000424159 7.21624
25.5148 3.24658 5.30324
23.4148 4.53958 8.14224
26.1258 3.73558 10.5822
28.5818 5.60758 8.52124
26.6788 8.63758 7.47524

23.7208 8.89458 9.64124
20.0198 8.58958 8.95524

19.8318 12.0106 7.46624
22.6308 11.4446 4.96924
21.1758 8.18958 3.74924
17.6068 9.37858 3.53824
18.8858 11.9226 1.06424
19.8118 9.20758 -1.50176

16.2798 9.56558 -2.76876

16.7518 8.04458 -6.15576
18.8418 5.10658 -5.03476
16.3328 4.28758 -2.24576
13.5428 4.11658 -4.74376
15.5248 1.82058 -7.01176
16.3458 -0.423424 -4.11476
12.7428 -0.498424 -3.13276
11.9588 -1.39642 -6.62076

14.5838 -4.13642 -6.64576
16.5148 -2.56942 -9.53176
19.8268 -3.78642 -8.23676

22.0898 -2.81342 -11.1188
20.6128 0.561576 -11.5238
20.7908 1.45358 -7.86776
24.4348 0.286576 -7.77676
25.2338 2.70258 -10.5628
23.2528 5.49458 -8.89676
24.9088 4.97158 -5.55076
28.3798 5.34258 -7.19076
27.5578 8.88958 -8.18976
28.1798 10.3266 -4.76476

30.7558 12.0466 -2.69176

30.5038 8.98358 -0.560761
31.8058 6.79458 -3.21876
34.5028 9.24058 -4.34176
35.8448 9.72758 -0.821761
35.8378 6.11658 0.387239

35.7458 4.02758 -2.75376

36.8258 0.680576 -1.44276
34.3848 0.701576 1.35124
31.5698 2.13958 -0.836761
32.2998 -0.614424 -3.36176
31.8948 -3.37542 -0.798761
28.5438 -1.98242 0.252239
27.3638 -1.39542 -3.30576
28.2768 -4.97542 -4.29876
26.3188 -6.22142 -1.37076
23.2878 -4.40442 -2.56876
23.8558 -5.50542 -6.07776
24.3288 -9.17942 -5.38976

22.5948 -9.70642 -2.18976
25.4568 -11.9794 -1.00776
28.4678 -11.3394 1.28124
30.9668 -12.0434 -1.49476

32.6198 -8.59242 -1.09676
33.5748 -9.45842 2.45224
34.5848 -13.1474 2.28124

38.3708 -13.0204 2.23424
38.6498 -9.81142 4.39824

End chain 1
