36.887 -23.463 8.956
34.76 -20.902 10.706
34.477 -17.198 11.189

36.964 -17.128 14.061
39.617 -19.041 12.22
38.916 -16.953 9.158
39.302 -13.605 10.789
42.19 -14.84 12.785
44.013 -15.477 9.498
43.018 -12.034 8.052
43.819 -9.866 11.138

46.667 -11.773 12.722
47.514 -11.664 16.413
49.57 -8.806 18.102
50.066 -8.48 21.836
51.352 -4.91 21.69
49.663 -1.798 20.443
50.45 -1.367 16.785
49.448 0.755 13.823
47.162 -1.084 11.504
47.332 -0.454 7.847
45.314 2.936 7.988
47.723 4.167 10.708
45.249 3.604 13.564
46.062 2.098 16.866
45.084 -1.481 17.205
45.91 -4.534 19.228

45.084 -8.237 19.563
43.098 -9.676 16.642
42.161 -6.61 14.663

40.766 -4.755 17.691
40.723 -1.118 16.785
41.585 1.052 19.717
41.328 4.608 18.444
41.483 6.59 15.239
43.302 9.256 17.208
46.987 9.868 16.581
47.741 9.755 20.304
49.441 6.8 21.856

48.168 7.991 25.101
44.705 8.016 23.796
45.204 4.406 22.617
46.721 3.263 25.887
43.775 4.818 27.769
41.337 3.106 25.493
43.219 -0.084 25.932
43.078 -0.026 29.76
39.388 0.877 29.673
38.693 -2.057 27.36
40.739 -4.551 29.468

39.949 -3.312 32.875
43.5 -2.793 34.015
46.726 -0.856 33.736
48.192 -2.569 30.659
51.039 -0.441 29.578
50.069 -1.175 25.981
50.572 -4.92 26.37
48.01 -7.684 26.746
47.927 -11.355 27.084
46.716 -13.911 24.599

43.676 -14.65 26.7
42.836 -10.944 26.828
43.275 -10.716 22.988
40.768 -13.473 22.533
38.253 -12.124 24.902
38.237 -8.889 22.913
37.974 -10.959 19.73
34.941 -12.807 21.022
33.247 -9.598 21.934
34.046 -8.096 18.568
32.736 -11.038 16.593
29.608 -10.998 18.595
29.163 -7.341 18.138
29.623 -7.668 14.337
26.968 -10.308 14.05
24.54 -8.343 16.218
25.205 -5.142 14.158
24.347 -7.001 10.971
21.138 -8.371 12.587
19.941 -4.956 13.593

20.904 -3.253 10.373
17.863 -2.913 8.137

20.031 -3.043 5.066
22.302 -5.933 6.146
19.913 -8.263 7.777
17.992 -9.238 4.724
21.206 -9.961 2.84
22.573 -11.97 5.681
19.396 -13.879 5.977
19.468 -14.869 2.328

22.957 -16.251 2.308
24.359 -19.746 2.983
26.643 -20.354 5.948

29.9 -19.735 4.193
28.932 -16.526 2.621
27.438 -15.203 5.84
30.92 -15.593 7.261
32.302 -13.355 4.404
29.736 -10.679 5.255
30.692 -10.908 8.928
34.387 -10.416 7.955
33.675 -7.169 6.042
31.575 -5.876 8.881
34.286 -6.68 11.321
36.742 -4.808 9.26
34.839 -1.778 8.214

31.881 -1.521 10.38
28.18 -1.826 9.694

27.992 1.595 8.205
30.791 1.029 5.708
29.336 -2.226 4.488
25.767 -1.037 4.277
27.046 1.507 1.803
27.972 -1.208 -0.763

24.2182 -2.03159 -0.824506

20.5109 -2.38896 -0.0685108
20.7159 0.242635 2.66564
22.4847 2.6669 0.333822
19.8387 2.16882 -2.34828
17.0476 2.81713 0.148154
18.7178 6.0194 1.33082
19.0996 7.2546 -2.24289
15.434 6.56793 -2.97444

18.059 3.82793 -2.99944
19.99 5.39493 -5.88544
23.302 4.17793 -4.59044

25.565 5.15093 -7.47244
24.088 8.52593 -7.87744
24.266 9.41793 -4.22144
27.91 8.25093 -4.13044
28.709 10.6669 -6.91644
26.728 13.4589 -5.25044
28.384 12.9359 -1.90444
31.855 13.3069 -3.54444
31.033 16.8539 -4.54344
31.655 18.2909 -1.11844

34.231 20.0109 0.954563

33.979 16.9479 3.08556
35.281 14.7589 0.427563
37.978 17.2049 -0.695437
39.32 17.6919 2.82456
39.313 14.0809 4.03356

39.221 11.9919 0.892563

40.301 8.64493 2.20356
37.86 8.66593 4.99756
35.045 10.1039 2.80956
35.775 7.34993 0.284563
35.37 4.58893 2.84756
32.019 5.98193 3.89856
30.839 6.56893 0.340563
31.752 2.98893 -0.652437
29.794 1.74293 2.27556
26.763 3.55993 1.07756
27.331 2.45893 -2.43144
27.804 -1.21507 -1.74344

26.07 -1.74207 1.45656
28.932 -4.01507 2.63856
31.943 -3.37507 4.92756
34.442 -4.07907 2.15156

36.095 -0.628066 2.54956
37.05 -1.49407 6.09856
38.06 -5.18307 5.92756

41.846 -5.05607 5.88056
42.125 -1.84707 8.04456

End chain 1
