36.887 -23.463 8.956
34.76 -20.902 10.706
34.477 -17.198 11.189

36.964 -17.128 14.061
39.617 -19.041 12.22
38.916 -16.953 9.158
39.302 -13.605 10.789
42.19 -14.84 12.785
44.013 -15.477 9.498
43.018 -12.034 8.052
43.819 -9.866 11.138

46.667 -11.773 12.722
47.514 -11.664 16.413
49.57 -8.806 18.102
50.066 -8.48 21.836
51.352 -4.91 21.69
49.663 -1.798 20.443
50.45 -1.367 16.785
49.448 0.755 13.823
47.162 -1.084 11.504
47.332 -0.454 7.847
45.314 2.936 7.988
47.723 4.167 10.708
45.249 3.604 13.564
46.062 2.098 16.866
45.084 -1.481 17.205
45.91 -4.534 19.228

45.084 -8.237 19.563
43.098 -9.676 16.642
42.161 -6.61 14.663

40.766 -4.755 17.691
40.723 -1.118 16.785
41.585 1.052 19.717
41.328 4.608 18.444
41.483 6.59 15.239
43.302 9.256 17.208
46.987 9.868 16.581
47.741 9.755 20.304
49.441 6.8 21.856

48.168 7.991 25.101
44.705 8.016 23.796
45.204 4.406 22.617
46.721 3.263 25.887
43.775 4.818 27.769
41.337 3.106 25.493
43.219 -0.084 25.932
43.078 -0.026 29.76
39.388 0.877 29.673
38.693 -2.057 27.36
40.739 -4.551 29.468

39.949 -3.312 32.875
43.5 -2.793 34.015
46.726 -0.856 33.736
48.192 -2.569 30.659
51.039 -0.441 29.578
50.069 -1.175 25.981
50.572 -4.92 26.37
48.01 -7.684 26.746
47.927 -11.355 27.084
46.716 -13.911 24.599

43.676 -14.65 26.7
42.836 -10.944 26.828
43.275 -10.716 22.988
40.768 -13.473 22.533
38.253 -12.124 24.902
38.237 -8.889 22.913
37.974 -10.959 19.73
34.941 -12.807 21.022
33.247 -9.598 21.934
34.046 -8.096 18.568
32.736 -11.038 16.593
29.608 -10.998 18.595
29.163 -7.341 18.138
29.623 -7.668 14.337
26.968 -10.308 14.05
24.54 -8.343 16.218
25.205 -5.142 14.158
24.347 -7.001 10.971
21.138 -8.371 12.587
19.941 -4.956 13.593

20.904 -3.253 10.373
17.863 -2.913 8.137

20.031 -3.043 5.066
22.302 -5.933 6.146
19.913 -8.263 7.777
17.992 -9.238 4.724
21.206 -9.961 2.84
22.573 -11.97 5.681
19.396 -13.879 5.977
19.468 -14.869 2.328

22.957 -16.251 2.308
24.359 -19.746 2.983
26.643 -20.354 5.948

29.9 -19.735 4.193
28.932 -16.526 2.621
27.438 -15.203 5.84
30.92 -15.593 7.261
32.302 -13.355 4.404
29.736 -10.679 5.255
30.692 -10.908 8.928
34.387 -10.416 7.955
33.675 -7.169 6.042
31.575 -5.876 8.881
34.286 -6.68 11.321
36.742 -4.808 9.26
34.839 -1.778 8.214

31.881 -1.521 10.38
28.18 -1.826 9.694

27.992 1.595 8.205
30.791 1.029 5.708
29.336 -2.226 4.488
25.767 -1.037 4.277
27.046 1.507 1.803
27.972 -1.208 -0.763

24.2393 -2.21509 -0.635825

22.1866 -0.31252 -3.20676
21.9425 2.71083 -0.917082
25.7 2.70488 -0.348406
26.3632 2.55158 -4.08733
24.019 5.47492 -4.72106
25.7356 7.55698 -2.045
29.1547 6.83274 -3.53769
27.9659 7.85154 -7.00061

30.5909 5.11154 -7.02561
32.5219 6.67854 -9.91161
35.8339 5.46154 -8.61661

38.0969 6.43454 -11.4986
36.6199 9.80954 -11.9036
36.7979 10.7015 -8.24761
40.4419 9.53454 -8.15661
41.2409 11.9505 -10.9426
39.2599 14.7425 -9.27661
40.9159 14.2195 -5.93061
44.3869 14.5905 -7.57061
43.5649 18.1375 -8.56961
44.1869 19.5745 -5.14461

46.7629 21.2945 -3.07161

46.5109 18.2315 -0.940606
47.8129 16.0425 -3.59861
50.5099 18.4885 -4.72161
51.8519 18.9755 -1.20161
51.8449 15.3645 0.00739423

51.7529 13.2755 -3.13361

52.8329 9.92854 -1.82261
50.3919 9.94954 0.971394
47.5769 11.3875 -1.21661
48.3069 8.63354 -3.74161
47.9019 5.87254 -1.17861
44.5509 7.26554 -0.127606
43.3709 7.85254 -3.68561
44.2839 4.27254 -4.67861
42.3259 3.02654 -1.75061
39.2949 4.84354 -2.94861
39.8629 3.74254 -6.45761
40.3359 0.068536 -5.76961

38.6019 -0.458464 -2.56961
41.4639 -2.73146 -1.38761
44.4749 -2.09146 0.901394
46.9739 -2.79546 -1.87461

48.6269 0.655536 -1.47661
49.5819 -0.210464 2.07239
50.5919 -3.89946 1.90139

54.3779 -3.77246 1.85439
54.6569 -0.563464 4.01839

End chain 1
