36.887 -23.463 8.956
34.76 -20.902 10.706
34.477 -17.198 11.189

36.964 -17.128 14.061
39.617 -19.041 12.22
38.916 -16.953 9.158
39.302 -13.605 10.789
42.19 -14.84 12.785
44.013 -15.477 9.498
43.018 -12.034 8.052
43.819 -9.866 11.138

46.667 -11.773 12.722
47.514 -11.664 16.413
49.57 -8.806 18.102
50.066 -8.48 21.836
51.352 -4.91 21.69
49.663 -1.798 20.443
50.45 -1.367 16.785
49.448 0.755 13.823
47.162 -1.084 11.504
47.332 -0.454 7.847
45.314 2.936 7.988
47.723 4.167 10.708
45.249 3.604 13.564
46.062 2.098 16.866
45.084 -1.481 17.205
45.91 -4.534 19.228

45.084 -8.237 19.563
43.098 -9.676 16.642
42.161 -6.61 14.663

40.766 -4.755 17.691
40.723 -1.118 16.785
41.585 1.052 19.717
41.328 4.608 18.444
41.483 6.59 15.239
43.302 9.256 17.208
46.987 9.868 16.581
47.741 9.755 20.304
49.441 6.8 21.856

48.168 7.991 25.101
44.705 8.016 23.796
45.204 4.406 22.617
46.721 3.263 25.887
43.775 4.818 27.769
41.337 3.106 25.493
43.219 -0.084 25.932
43.078 -0.026 29.76
39.388 0.877 29.673
38.693 -2.057 27.36
40.739 -4.551 29.468

39.949 -3.312 32.875
43.5 -2.793 34.015
46.726 -0.856 33.736
48.192 -2.569 30.659
51.039 -0.441 29.578
50.069 -1.175 25.981
50.572 -4.92 26.37
48.01 -7.684 26.746
47.927 -11.355 27.084
46.716 -13.911 24.599

43.676 -14.65 26.7
42.836 -10.944 26.828
43.275 -10.716 22.988
40.768 -13.473 22.533
38.253 -12.124 24.902
38.237 -8.889 22.913
37.974 -10.959 19.73
34.941 -12.807 21.022
33.247 -9.598 21.934
34.046 -8.096 18.568
32.736 -11.038 16.593
29.608 -10.998 18.595
29.163 -7.341 18.138
29.623 -7.668 14.337
26.968 -10.308 14.05
24.54 -8.343 16.218
25.205 -5.142 14.158
24.347 -7.001 10.971
21.138 -8.371 12.587
19.941 -4.956 13.593

20.2802 -2.87809 10.5165
19.2757 0.748455 11.1429

22.4325 1.56503 9.19095
24.6021 -0.163195 11.7889
22.427 -3.27753 11.6746
22.6354 -3.40167 7.882
26.4225 -3.10055 7.98357
26.6762 -5.92628 10.5122
24.4866 -8.1725 8.36666
26.6155 -7.47808 5.29609

30.1045 -8.86008 5.27609
31.5065 -12.3551 5.95109
33.7905 -12.9631 8.91609

37.0475 -12.3441 7.16109
36.0795 -9.13508 5.58909
34.5855 -7.81208 8.80809
38.0675 -8.20208 10.2291
39.4495 -5.96408 7.37209
36.8835 -3.28808 8.22309
37.8395 -3.51708 11.8961
41.5345 -3.02508 10.9231
40.8225 0.221917 9.01009
38.7225 1.51492 11.8491
41.4335 0.710917 14.2891
43.8895 2.58292 12.2281
41.9865 5.61292 11.1821

39.0285 5.86992 13.3481
35.3275 5.56492 12.6621

35.1395 8.98592 11.1731
37.9385 8.41992 8.67609
36.4835 5.16492 7.45609
32.9145 6.35392 7.24509
34.1935 8.89792 4.77109
35.1195 6.18292 2.20509

31.5875 6.54092 0.938092

32.0595 5.01992 -2.44891
34.1495 2.08192 -1.32791
31.6405 1.26292 1.46109
28.8505 1.09192 -1.03691
30.8325 -1.20408 -3.30491
31.6535 -3.44808 -0.407908
28.0505 -3.52308 0.574092
27.2665 -4.42108 -2.91391

29.8915 -7.16108 -2.93891
31.8225 -5.59408 -5.82491
35.1345 -6.81108 -4.52991

37.3975 -5.83808 -7.41191
35.9205 -2.46308 -7.81691
36.0985 -1.57108 -4.16091
39.7425 -2.73808 -4.06991
40.5415 -0.322083 -6.85591
38.5605 2.46992 -5.18991
40.2165 1.94692 -1.84391
43.6875 2.31792 -3.48391
42.8655 5.86492 -4.48291
43.4875 7.30192 -1.05791

46.0635 9.02192 1.01509

45.8115 5.95892 3.14609
47.1135 3.76992 0.488092
49.8105 6.21592 -0.634908
51.1525 6.70292 2.88509
51.1455 3.09192 4.09409

51.0535 1.00292 0.953092

52.1335 -2.34408 2.26409
49.6925 -2.32308 5.05809
46.8775 -0.885083 2.87009
47.6075 -3.63908 0.345092
47.2025 -6.40008 2.90809
43.8515 -5.00708 3.95909
42.6715 -4.42008 0.401092
43.5845 -8.00008 -0.591908
41.6265 -9.24608 2.33609
38.5955 -7.42908 1.13809
39.1635 -8.53008 -2.37091
39.6365 -12.2041 -1.68291

37.9025 -12.7311 1.51709
40.7645 -15.0041 2.69909
43.7755 -14.3641 4.98809
46.2745 -15.0681 2.21209

47.9275 -11.6171 2.61009
48.8825 -12.4831 6.15909
49.8925 -16.1721 5.98809

53.6785 -16.0451 5.94109
53.9575 -12.8361 8.10509

End chain 1
