36.887 -23.463 8.956
34.76 -20.902 10.706
34.477 -17.198 11.189

36.964 -17.128 14.061
39.617 -19.041 12.22
38.916 -16.953 9.158
39.302 -13.605 10.789
42.19 -14.84 12.785
44.013 -15.477 9.498
43.018 -12.034 8.052
43.819 -9.866 11.138

40.6242 -11.8569 12.0921
38.1192 -14.5598 12.7871
34.6754 -15.9831 13.3577
34.2436 -15.5955 9.62086
32.4435 -14.455 6.44587
32.0224 -17.9877 5.1491
29.7552 -20.6374 3.59648
31.2857 -18.4991 0.956138
34.8815 -17.441 0.317412
35.487 -13.9708 1.66657
36.0081 -11.3398 -0.918282
37.8446 -7.93309 -0.456416
41.5122 -9.0634 -0.812682
45.0374 -10.2572 -1.53989
46.1023 -13.902 -1.90521
46.0573 -12.7406 -5.4537

47.6282 -9.32989 -6.03885
50.0663 -9.85334 -3.17101
51.0885 -13.2511 -4.53233

49.6935 -11.3961 -1.50433
49.6505 -7.75912 -2.41033
50.5125 -5.58912 0.521665
50.2555 -2.03312 -0.751335
50.4105 -0.05112 -3.95633
52.2295 2.61488 -1.98733
55.9145 3.22688 -2.61433
56.6685 3.11388 1.10867
58.3685 0.15888 2.66067

57.0955 1.34988 5.90567
53.6325 1.37488 4.60067
54.1315 -2.23512 3.42167
55.6485 -3.37812 6.69167
52.7025 -1.82312 8.57367
50.2645 -3.53512 6.29767
52.1465 -6.72512 6.73667
52.0055 -6.66712 10.5647
48.3155 -5.76412 10.4777
47.6205 -8.69812 8.16467
49.6665 -11.1921 10.2727

48.8765 -9.95312 13.6797
52.4275 -9.43412 14.8197
55.6535 -7.49712 14.5407
57.1195 -9.21012 11.4637
59.9665 -7.08212 10.3827
58.9965 -7.81612 6.78567
59.4995 -11.5611 7.17467
56.9375 -14.3251 7.55067
56.8545 -17.9961 7.88867
55.6435 -20.5521 5.40367

52.6035 -21.2911 7.50467
51.7635 -17.5851 7.63267
52.2025 -17.3571 3.79267
49.6955 -20.1141 3.33767
47.1805 -18.7651 5.70667
47.1645 -15.5301 3.71767
46.9015 -17.6001 0.534665
43.8685 -19.4481 1.82667
42.1745 -16.2391 2.73867
42.9735 -14.7371 -0.627335
41.6635 -17.6791 -2.60233
38.5355 -17.6391 -0.600335
38.0905 -13.9821 -1.05733
38.5505 -14.3091 -4.85833
35.8955 -16.9491 -5.14533
33.4675 -14.9841 -2.97733
34.1325 -11.7831 -5.03733
33.2745 -13.6421 -8.22433
30.0655 -15.0121 -6.60833
28.8685 -11.5971 -5.60233

29.8315 -9.89412 -8.82233
26.7905 -9.55412 -11.0583

28.9585 -9.68412 -14.1293
31.2295 -12.5741 -13.0493
28.8405 -14.9041 -11.4183
26.9195 -15.8791 -14.4713
30.1335 -16.6021 -16.3553
31.5005 -18.6111 -13.5143
28.3235 -20.5201 -13.2183
28.3955 -21.5101 -16.8673

31.8845 -22.8921 -16.8873
33.2865 -26.3871 -16.2123
35.5705 -26.9951 -13.2473

38.8275 -26.3761 -15.0023
37.8595 -23.1671 -16.5743
36.3655 -21.8441 -13.3553
39.8475 -22.2341 -11.9343
41.2295 -19.9961 -14.7913
38.6635 -17.3201 -13.9403
39.6195 -17.5491 -10.2673
43.3145 -17.0571 -11.2403
42.6025 -13.8101 -13.1533
40.5025 -12.5171 -10.3143
43.2135 -13.3211 -7.87433
45.6695 -11.4491 -9.93533
43.7665 -8.41912 -10.9813

40.8085 -8.16212 -8.81533
37.1075 -8.46712 -9.50133

36.9195 -5.04612 -10.9903
39.7185 -5.61212 -13.4873
38.2635 -8.86712 -14.7073
34.6945 -7.67812 -14.9183
35.9735 -5.13412 -17.3923
36.8995 -7.84912 -19.9583

33.3675 -7.49112 -21.2253

33.8395 -9.01212 -24.6123
35.9295 -11.9501 -23.4913
33.4205 -12.7691 -20.7023
30.6305 -12.9401 -23.2003
32.6125 -15.2361 -25.4683
33.4335 -17.4801 -22.5713
29.8305 -17.5551 -21.5893
29.0465 -18.4531 -25.0773

31.6715 -21.1931 -25.1023
33.6025 -19.6261 -27.9883
36.9145 -20.8431 -26.6933

39.1775 -19.8701 -29.5753
37.7005 -16.4951 -29.9803
37.8785 -15.6031 -26.3243
41.5225 -16.7701 -26.2333
42.3215 -14.3541 -29.0193
40.3405 -11.5621 -27.3533
41.9965 -12.0851 -24.0073
45.4675 -11.7141 -25.6473
44.6455 -8.16712 -26.6463
45.2675 -6.73012 -23.2213

47.8435 -5.01012 -21.1483

47.5915 -8.07312 -19.0173
48.8935 -10.2621 -21.6753
51.5905 -7.81612 -22.7983
52.9325 -7.32912 -19.2783
52.9255 -10.9401 -18.0693

52.8335 -13.0291 -21.2103

53.9135 -16.3761 -19.8993
51.4725 -16.3551 -17.1053
48.6575 -14.9171 -19.2933
49.3875 -17.6711 -21.8183
48.9825 -20.4321 -19.2553
45.6315 -19.0391 -18.2043
44.4515 -18.4521 -21.7623
45.3645 -22.0321 -22.7553
43.4065 -23.2781 -19.8273
40.3755 -21.4611 -21.0253
40.9435 -22.5621 -24.5343
41.4165 -26.2361 -23.8463

39.6825 -26.7631 -20.6463
42.5445 -29.0361 -19.4643
45.5555 -28.3961 -17.1753
48.0545 -29.1001 -19.9513

49.7075 -25.6491 -19.5533
50.6625 -26.5151 -16.0043
51.6725 -30.2041 -16.1753

55.4585 -30.0771 -16.2223
55.7375 -26.8681 -14.0583

End chain 1
