36.887 -23.463 8.956
34.76 -20.902 10.706
34.477 -17.198 11.189

36.964 -17.128 14.061
39.617 -19.041 12.22
38.916 -16.953 9.158
39.302 -13.605 10.789
42.19 -14.84 12.785
44.013 -15.477 9.498
43.018 -12.034 8.052
43.819 -9.866 11.138

46.667 -11.773 12.722
47.514 -11.664 16.413
49.57 -8.806 18.102
50.066 -8.48 21.836
51.352 -4.91 21.69
49.663 -1.798 20.443
50.45 -1.367 16.785
49.448 0.755 13.823
47.162 -1.084 11.504
47.332 -0.454 7.847
45.314 2.936 7.988
47.723 4.167 10.708
45.249 3.604 13.564
46.062 2.098 16.866
45.084 -1.481 17.205
45.91 -4.534 19.228

45.084 -8.237 19.563
43.098 -9.676 16.642
42.161 -6.61 14.663

40.766 -4.755 17.691
40.723 -1.118 16.785
41.585 1.052 19.717
41.328 4.608 18.444
41.483 6.59 15.239
43.302 9.256 17.208
46.987 9.868 16.581
47.741 9.755 20.304
49.441 6.8 21.856

48.168 7.991 25.101
44.705 8.016 23.796
45.204 4.406 22.617
46.721 3.263 25.887
43.775 4.818 27.769
41.337 3.106 25.493
43.219 -0.084 25.932
43.078 -0.026 29.76
39.388 0.877 29.673
38.693 -2.057 27.36
40.739 -4.551 29.468

39.949 -3.312 32.875
43.5 -2.793 34.015
46.726 -0.856 33.736
48.192 -2.569 30.659
51.039 -0.441 29.578
50.069 -1.175 25.981
50.572 -4.92 26.37
48.01 -7.684 26.746
47.927 -11.355 27.084
46.716 -13.911 24.599

43.676 -14.65 26.7
42.836 -10.944 26.828
43.275 -10.716 22.988
40.768 -13.473 22.533
38.253 -12.124 24.902
38.237 -8.889 22.913
37.974 -10.959 19.73
34.941 -12.807 21.022
33.247 -9.598 21.934
34.046 -8.096 18.568
32.736 -11.038 16.593
29.608 -10.998 18.595
29.163 -7.341 18.138
29.623 -7.668 14.337
26.968 -10.308 14.05
24.54 -8.343 16.218
25.205 -5.142 14.158
24.347 -7.001 10.971
21.138 -8.371 12.587
19.941 -4.956 13.593

20.904 -3.253 10.373
17.863 -2.913 8.137

20.031 -3.043 5.066
22.302 -5.933 6.146
19.913 -8.263 7.777
17.992 -9.238 4.724
21.206 -9.961 2.84
22.573 -11.97 5.681
19.396 -13.879 5.977
19.468 -14.869 2.328

22.9163 -14.5491 0.969421
26.1656 -13.0985 -0.232289
29.2736 -12.0615 1.64996

29.1956 -8.31281 1.03046
31.6122 -7.69099 3.89686
34.0198 -10.3117 2.56348
33.9357 -8.7636 -0.90626
34.6612 -5.31252 0.51027
37.6183 -6.64179 2.49303
39.0487 -8.33792 -0.592437
38.738 -5.13581 -2.61553
40.5136 -3.14083 0.0882246
43.3598 -5.65619 0.210699
43.7758 -5.51509 -3.56421
43.902 -1.71726 -3.50548
46.5516 -1.75093 -0.781243

43.5936 -1.49393 1.38476
39.8926 -1.79893 0.698757

39.7046 1.62207 -0.790243
42.5036 1.05607 -3.28724
41.0486 -2.19893 -4.50724
37.4796 -1.00993 -4.71824
38.7586 1.53407 -7.19224
39.6846 -1.18093 -9.75824

36.1526 -0.822934 -11.0252

36.6246 -2.34393 -14.4122
38.7146 -5.28193 -13.2912
36.2056 -6.10093 -10.5022
33.4156 -6.27193 -13.0002
35.3976 -8.56793 -15.2682
36.2186 -10.8119 -12.3712
32.6156 -10.8869 -11.3892
31.8316 -11.7849 -14.8772

34.4566 -14.5249 -14.9022
36.3876 -12.9579 -17.7882
39.6996 -14.1749 -16.4932

41.9626 -13.2019 -19.3752
40.4856 -9.82693 -19.7802
40.6636 -8.93493 -16.1242
44.3076 -10.1019 -16.0332
45.1066 -7.68593 -18.8192
43.1256 -4.89393 -17.1532
44.7816 -5.41693 -13.8072
48.2526 -5.04593 -15.4472
47.4306 -1.49893 -16.4462
48.0526 -0.0619339 -13.0212

50.6286 1.65807 -10.9482

50.3766 -1.40493 -8.81724
51.6786 -3.59393 -11.4752
54.3756 -1.14793 -12.5982
55.7176 -0.660934 -9.07824
55.7106 -4.27193 -7.86924

55.6186 -6.36093 -11.0102

56.6986 -9.70793 -9.69924
54.2576 -9.68693 -6.90524
51.4426 -8.24893 -9.09324
52.1726 -11.0029 -11.6182
51.7676 -13.7639 -9.05524
48.4166 -12.3709 -8.00424
47.2366 -11.7839 -11.5622
48.1496 -15.3639 -12.5552
46.1916 -16.6099 -9.62724
43.1606 -14.7929 -10.8252
43.7286 -15.8939 -14.3342
44.2016 -19.5679 -13.6462

42.4676 -20.0949 -10.4462
45.3296 -22.3679 -9.26424
48.3406 -21.7279 -6.97524
50.8396 -22.4319 -9.75124

52.4926 -18.9809 -9.35324
53.4476 -19.8469 -5.80424
54.4576 -23.5359 -5.97524

58.2436 -23.4089 -6.02224
58.5226 -20.1999 -3.85824

End chain 1
