36.887 -23.463 8.956
34.76 -20.902 10.706
34.477 -17.198 11.189

36.964 -17.128 14.061
39.617 -19.041 12.22
38.916 -16.953 9.158
39.302 -13.605 10.789
42.19 -14.84 12.785
44.013 -15.477 9.498
43.018 -12.034 8.052
43.819 -9.866 11.138

46.667 -11.773 12.722
47.514 -11.664 16.413
49.57 -8.806 18.102
50.066 -8.48 21.836
51.352 -4.91 21.69
49.663 -1.798 20.443
50.45 -1.367 16.785
49.448 0.755 13.823
47.162 -1.084 11.504
47.332 -0.454 7.847
45.314 2.936 7.988
47.723 4.167 10.708
45.249 3.604 13.564
46.062 2.098 16.866
45.084 -1.481 17.205
45.91 -4.534 19.228

45.084 -8.237 19.563
43.098 -9.676 16.642
42.161 -6.61 14.663

40.766 -4.755 17.691
40.723 -1.118 16.785
41.585 1.052 19.717
41.328 4.608 18.444
41.483 6.59 15.239
43.302 9.256 17.208
46.987 9.868 16.581
47.741 9.755 20.304
49.441 6.8 21.856

48.168 7.991 25.101
44.705 8.016 23.796
45.204 4.406 22.617
46.721 3.263 25.887
43.775 4.818 27.769
41.337 3.106 25.493
43.219 -0.084 25.932
43.078 -0.026 29.76
39.388 0.877 29.673
38.693 -2.057 27.36
40.739 -4.551 29.468

39.949 -3.312 32.875
43.5 -2.793 34.015
46.726 -0.856 33.736
48.192 -2.569 30.659
51.039 -0.441 29.578
50.069 -1.175 25.981
50.572 -4.92 26.37
48.01 -7.684 26.746
47.927 -11.355 27.084
46.716 -13.911 24.599

43.676 -14.65 26.7
42.836 -10.944 26.828
43.275 -10.716 22.988
40.768 -13.473 22.533
38.253 -12.124 24.902
38.237 -8.889 22.913
37.974 -10.959 19.73
34.941 -12.807 21.022
33.247 -9.598 21.934
34.046 -8.096 18.568
32.736 -11.038 16.593
29.608 -10.998 18.595
29.163 -7.341 18.138
29.623 -7.668 14.337
26.968 -10.308 14.05
24.54 -8.343 16.218
25.205 -5.142 14.158
24.347 -7.001 10.971
21.138 -8.371 12.587
19.941 -4.956 13.593

20.904 -3.253 10.373
17.863 -2.913 8.137

20.031 -3.043 5.066
22.302 -5.933 6.146
19.913 -8.263 7.777
17.992 -9.238 4.724
21.206 -9.961 2.84
22.573 -11.97 5.681
19.396 -13.879 5.977
19.468 -14.869 2.328

23.0148 -16.1696 2.38209
25.2346 -17.1558 -0.417833
27.7692 -18.7805 -2.82825

29.8666 -16.0929 -4.50772
32.5375 -16.3596 -1.81729
32.6878 -20.1372 -2.20473
33.0747 -19.8324 -5.97306
35.9061 -17.3285 -5.5771
37.7154 -19.6137 -3.1384
37.4087 -22.559 -5.52039
38.804 -20.5032 -8.39606
41.7684 -19.3942 -6.29241
42.5266 -22.9821 -5.2951
42.4246 -24.1139 -8.92161
44.8052 -21.338 -9.95598
47.2483 -22.274 -7.19948

44.2903 -22.017 -5.03348
40.5893 -22.322 -5.71948

40.4013 -18.901 -7.20848
43.2003 -19.467 -9.70548
41.7453 -22.722 -10.9255
38.1763 -21.533 -11.1365
39.4553 -18.989 -13.6105
40.3813 -21.704 -16.1765

36.8493 -21.346 -17.4435

37.3213 -22.867 -20.8305
39.4113 -25.805 -19.7095
36.9023 -26.624 -16.9205
34.1123 -26.795 -19.4185
36.0943 -29.091 -21.6865
36.9153 -31.335 -18.7895
33.3123 -31.41 -17.8075
32.5283 -32.308 -21.2955

35.1533 -35.048 -21.3205
37.0843 -33.481 -24.2065
40.3963 -34.698 -22.9115

42.6593 -33.725 -25.7935
41.1823 -30.35 -26.1985
41.3603 -29.458 -22.5425
45.0043 -30.625 -22.4515
45.8033 -28.209 -25.2375
43.8223 -25.417 -23.5715
45.4783 -25.94 -20.2255
48.9493 -25.569 -21.8655
48.1273 -22.022 -22.8645
48.7493 -20.585 -19.4395

51.3253 -18.865 -17.3665

51.0733 -21.928 -15.2355
52.3753 -24.117 -17.8935
55.0723 -21.671 -19.0165
56.4143 -21.184 -15.4965
56.4073 -24.795 -14.2875

56.3153 -26.884 -17.4285

57.3953 -30.231 -16.1175
54.9543 -30.21 -13.3235
52.1393 -28.772 -15.5115
52.8693 -31.526 -18.0365
52.4643 -34.287 -15.4735
49.1133 -32.894 -14.4225
47.9333 -32.307 -17.9805
48.8463 -35.887 -18.9735
46.8883 -37.133 -16.0455
43.8573 -35.316 -17.2435
44.4253 -36.417 -20.7525
44.8983 -40.091 -20.0645

43.1643 -40.618 -16.8645
46.0263 -42.891 -15.6825
49.0373 -42.251 -13.3935
51.5363 -42.955 -16.1695

53.1893 -39.504 -15.7715
54.1443 -40.37 -12.2225
55.1543 -44.059 -12.3935

58.9403 -43.932 -12.4405
59.2193 -40.723 -10.2765

End chain 1
