36.887 -23.463 8.956
34.76 -20.902 10.706
34.477 -17.198 11.189

36.964 -17.128 14.061
39.617 -19.041 12.22
38.916 -16.953 9.158
39.302 -13.605 10.789
42.19 -14.84 12.785
44.013 -15.477 9.498
43.018 -12.034 8.052
43.819 -9.866 11.138

46.667 -11.773 12.722
47.514 -11.664 16.413
49.57 -8.806 18.102
50.066 -8.48 21.836
51.352 -4.91 21.69
49.663 -1.798 20.443
50.45 -1.367 16.785
49.448 0.755 13.823
47.162 -1.084 11.504
47.332 -0.454 7.847
45.314 2.936 7.988
47.723 4.167 10.708
45.249 3.604 13.564
46.062 2.098 16.866
45.084 -1.481 17.205
45.91 -4.534 19.228

45.084 -8.237 19.563
43.098 -9.676 16.642
42.161 -6.61 14.663

40.766 -4.755 17.691
40.723 -1.118 16.785
41.585 1.052 19.717
41.328 4.608 18.444
41.483 6.59 15.239
43.302 9.256 17.208
46.987 9.868 16.581
47.741 9.755 20.304
49.441 6.8 21.856

48.168 7.991 25.101
44.705 8.016 23.796
45.204 4.406 22.617
46.721 3.263 25.887
43.775 4.818 27.769
41.337 3.106 25.493
43.219 -0.084 25.932
43.078 -0.026 29.76
39.388 0.877 29.673
38.693 -2.057 27.36
40.739 -4.551 29.468

39.949 -3.312 32.875
43.5 -2.793 34.015
46.726 -0.856 33.736
48.192 -2.569 30.659
51.039 -0.441 29.578
50.069 -1.175 25.981
50.572 -4.92 26.37
48.01 -7.684 26.746
47.927 -11.355 27.084
46.716 -13.911 24.599

43.676 -14.65 26.7
42.836 -10.944 26.828
43.275 -10.716 22.988
40.768 -13.473 22.533
38.253 -12.124 24.902
38.237 -8.889 22.913
37.974 -10.959 19.73
34.941 -12.807 21.022
33.247 -9.598 21.934
34.046 -8.096 18.568
32.736 -11.038 16.593
29.608 -10.998 18.595
29.163 -7.341 18.138
29.623 -7.668 14.337
26.968 -10.308 14.05
24.54 -8.343 16.218
25.205 -5.142 14.158
24.347 -7.001 10.971
21.138 -8.371 12.587
19.941 -4.956 13.593

20.904 -3.253 10.373
17.863 -2.913 8.137

20.031 -3.043 5.066
22.302 -5.933 6.146
19.913 -8.263 7.777
17.992 -9.238 4.724
21.206 -9.961 2.84
22.573 -11.97 5.681
19.396 -13.879 5.977
19.468 -14.869 2.328

22.957 -16.251 2.308
24.359 -19.746 2.983
26.643 -20.354 5.948

29.9 -19.735 4.193
28.932 -16.526 2.621
27.438 -15.203 5.84
30.92 -15.593 7.261
32.302 -13.355 4.404
29.736 -10.679 5.255
30.692 -10.908 8.928
34.387 -10.416 7.955
33.675 -7.169 6.042
31.575 -5.876 8.881
34.286 -6.68 11.321
36.742 -4.808 9.26
34.839 -1.778 8.214

33.1144 -1.28058 11.5016
31.8461 -1.23809 15.1346

34.9923 0.882019 14.9115
36.5977 -1.0258 17.7796
35.807 -4.3585 16.1331
37.3269 -3.2054 12.8463
40.5005 -2.06888 14.6011
40.8321 -5.41282 16.3762

37.3001 -5.05482 15.1092

37.7721 -6.57582 11.7222
39.8621 -9.51382 12.8432
37.3531 -10.3328 15.6322
34.5631 -10.5038 13.1342
36.5451 -12.7998 10.8662
37.3661 -15.0438 13.7632
33.7631 -15.1188 14.7452
32.9791 -16.0168 11.2572

35.6041 -18.7568 11.2322
37.5351 -17.1898 8.34618
40.8471 -18.4068 9.64118

43.1101 -17.4338 6.75918
41.6331 -14.0588 6.35418
41.8111 -13.1668 10.0102
45.4551 -14.3338 10.1012
46.2541 -11.9178 7.31518
44.2731 -9.12582 8.98118
45.9291 -9.64882 12.3272
49.4001 -9.27782 10.6872
48.5781 -5.73082 9.68818
49.2001 -4.29382 13.1132

51.7761 -2.57382 15.1862

51.5241 -5.63682 17.3172
52.8261 -7.82582 14.6592
55.5231 -5.37982 13.5362
56.8651 -4.89282 17.0562
56.8581 -8.50382 18.2652

56.7661 -10.5928 15.1242

57.8461 -13.9398 16.4352
55.4051 -13.9188 19.2292
52.5901 -12.4808 17.0412
53.3201 -15.2348 14.5162
52.9151 -17.9958 17.0792
49.5641 -16.6028 18.1302
48.3841 -16.0158 14.5722
49.2971 -19.5958 13.5792
47.3391 -20.8418 16.5072
44.3081 -19.0248 15.3092
44.8761 -20.1258 11.8002
45.3491 -23.7998 12.4882

43.6151 -24.3268 15.6882
46.4771 -26.5998 16.8702
49.4881 -25.9598 19.1592
51.9871 -26.6638 16.3832

53.6401 -23.2128 16.7812
54.5951 -24.0788 20.3302
55.6051 -27.7678 20.1592

59.3911 -27.6408 20.1122
59.6701 -24.4318 22.2762

End chain 1
