36.887 -23.463 8.956
34.76 -20.902 10.706
34.477 -17.198 11.189

36.964 -17.128 14.061
39.617 -19.041 12.22
38.916 -16.953 9.158
39.302 -13.605 10.789
42.19 -14.84 12.785
44.013 -15.477 9.498
43.018 -12.034 8.052
43.819 -9.866 11.138

46.7331 -11.9017 12.36
47.056 -15.6036 13.5322
47.3136 -19.2858 14.6114
50.3293 -21.0327 13.2559
50.9403 -18.9694 16.4812
49.117 -20.2204 19.5162
51.1844 -22.9343 17.8815
54.6175 -23.9163 19.2952
56.484 -20.6492 18.8417
53.7249 -18.1578 20.0135
55.3553 -17.3064 23.225
56.7499 -16.546 26.7151
55.4547 -20.0996 26.5119
57.2607 -21.4735 29.6585
59.0662 -24.5364 31.2213
61.2455 -26.3981 33.6787

62.8348 -28.7855 31.1853
62.3026 -31.7345 33.5226
58.6448 -30.8203 34

57.2498 -28.9653 37.028
57.2068 -25.3283 36.122
58.0688 -23.1583 39.054
57.8118 -19.6023 37.781
57.9668 -17.6203 34.576
59.7858 -14.9543 36.545
63.4708 -14.3423 35.918
64.2248 -14.4553 39.641
65.9248 -17.4103 41.193

64.6518 -16.2193 44.438
61.1888 -16.1943 43.133
61.6878 -19.8043 41.954
63.2048 -20.9473 45.224
60.2588 -19.3923 47.106
57.8208 -21.1043 44.83
59.7028 -24.2943 45.269
59.5618 -24.2363 49.097
55.8718 -23.3333 49.01
55.1768 -26.2673 46.697
57.2228 -28.7613 48.805

56.4328 -27.5223 52.212
59.9838 -27.0033 53.352
63.2098 -25.0663 53.073
64.6758 -26.7793 49.996
67.5228 -24.6513 48.915
66.5528 -25.3853 45.318
67.0558 -29.1303 45.707
64.4938 -31.8943 46.083
64.4108 -35.5653 46.421
63.1998 -38.1213 43.936

60.1598 -38.8603 46.037
59.3198 -35.1543 46.165
59.7588 -34.9263 42.325
57.2518 -37.6833 41.87
54.7368 -36.3343 44.239
54.7208 -33.0993 42.25
54.4578 -35.1693 39.067
51.4248 -37.0173 40.359
49.7308 -33.8083 41.271
50.5298 -32.3063 37.905
49.2198 -35.2483 35.93
46.0918 -35.2083 37.932
45.6468 -31.5513 37.475
46.1068 -31.8783 33.674
43.4518 -34.5183 33.387
41.0238 -32.5533 35.555
41.6888 -29.3523 33.495
40.8308 -31.2113 30.308
37.6218 -32.5813 31.924
36.4248 -29.1663 32.93

37.3878 -27.4633 29.71
34.3468 -27.1233 27.474

36.5148 -27.2533 24.403
38.7858 -30.1433 25.483
36.3968 -32.4733 27.114
34.4758 -33.4483 24.061
37.6898 -34.1713 22.177
39.0568 -36.1803 25.018
35.8798 -38.0893 25.314
35.9518 -39.0793 21.665

39.4408 -40.4613 21.645
40.8428 -43.9563 22.32
43.1268 -44.5643 25.285

46.3838 -43.9453 23.53
45.4158 -40.7363 21.958
43.9218 -39.4133 25.177
47.4038 -39.8033 26.598
48.7858 -37.5653 23.741
46.2198 -34.8893 24.592
47.1758 -35.1183 28.265
50.8708 -34.6263 27.292
50.1588 -31.3793 25.379
48.0588 -30.0863 28.218
50.7698 -30.8903 30.658
53.2258 -29.0183 28.597
51.3228 -25.9883 27.551

48.3648 -25.7313 29.717
44.6638 -26.0363 29.031

44.4758 -22.6153 27.542
47.2748 -23.1813 25.045
45.8198 -26.4363 23.825
42.2508 -25.2473 23.614
43.5298 -22.7033 21.14
44.4558 -25.4183 18.574

40.9238 -25.0603 17.307

41.3958 -26.5813 13.92
43.4858 -29.5193 15.041
40.9768 -30.3383 17.83
38.1868 -30.5093 15.332
40.1688 -32.8053 13.064
40.9898 -35.0493 15.961
37.3868 -35.1243 16.943
36.6028 -36.0223 13.455

39.2278 -38.7623 13.43
41.1588 -37.1953 10.544
44.4708 -38.4123 11.839

46.7338 -37.4393 8.95699
45.2568 -34.0643 8.55199
45.4348 -33.1723 12.208
49.0788 -34.3393 12.299
49.8778 -31.9233 9.51299
47.8968 -29.1313 11.179
49.5528 -29.6543 14.525
53.0238 -29.2833 12.885
52.2018 -25.7363 11.886
52.8238 -24.2993 15.311

55.3998 -22.5793 17.384

55.1478 -25.6423 19.515
56.4498 -27.8313 16.857
59.1468 -25.3853 15.734
60.4888 -24.8983 19.254
60.4818 -28.5093 20.463

60.3898 -30.5983 17.322

61.4698 -33.9453 18.633
59.0288 -33.9243 21.427
56.2138 -32.4863 19.239
56.9438 -35.2403 16.714
56.5388 -38.0013 19.277
53.1878 -36.6083 20.328
52.0078 -36.0213 16.77
52.9208 -39.6013 15.777
50.9628 -40.8473 18.705
47.9318 -39.0303 17.507
48.4998 -40.1313 13.998
48.9728 -43.8053 14.686

47.2388 -44.3323 17.886
50.1008 -46.6053 19.068
53.1118 -45.9653 21.357
55.6108 -46.6693 18.581

57.2638 -43.2183 18.979
58.2188 -44.0843 22.528
59.2288 -47.7733 22.357

63.0148 -47.6463 22.31
63.2938 -44.4373 24.474

End chain 1
