36.887 -23.463 8.956
34.76 -20.902 10.706
34.477 -17.198 11.189

36.964 -17.128 14.061
39.617 -19.041 12.22
38.916 -16.953 9.158
39.302 -13.605 10.789
42.19 -14.84 12.785
44.013 -15.477 9.498
43.018 -12.034 8.052
43.819 -9.866 11.138

46.667 -11.773 12.722
47.514 -11.664 16.413
49.57 -8.806 18.102
50.066 -8.48 21.836
51.352 -4.91 21.69
49.663 -1.798 20.443
50.45 -1.367 16.785
49.448 0.755 13.823
47.162 -1.084 11.504
47.332 -0.454 7.847
45.314 2.936 7.988
47.723 4.167 10.708
45.249 3.604 13.564
46.062 2.098 16.866
45.084 -1.481 17.205
45.91 -4.534 19.228

45.084 -8.237 19.563
43.098 -9.676 16.642
42.161 -6.61 14.663

40.766 -4.755 17.691
40.723 -1.118 16.785
41.585 1.052 19.717
41.328 4.608 18.444
41.483 6.59 15.239
43.302 9.256 17.208
46.987 9.868 16.581
47.741 9.755 20.304
49.441 6.8 21.856

48.168 7.991 25.101
44.705 8.016 23.796
45.204 4.406 22.617
46.721 3.263 25.887
43.775 4.818 27.769
41.337 3.106 25.493
43.219 -0.084 25.932
43.078 -0.026 29.76
39.388 0.877 29.673
38.693 -2.057 27.36
40.739 -4.551 29.468

38.4458 -3.61431 32.422
38.8092 -1.61299 35.5138
36.0721 -1.40374 38.2406
38.5804 -3.43571 40.3246
41.6525 -1.18311 40.0684
44.2093 -3.71404 38.6289
42.7627 -5.64185 35.7046
45.219 -4.78173 32.8835
47.9274 -7.20023 33.8433
45.2677 -10.0131 33.5119

42.6637 -12.77 33.2647
40.6687 -11.2758 36.1336
40.7156 -7.84207 34.5056
39.4973 -9.28271 31.2067
36.6437 -11.0966 32.9414
35.5807 -7.91614 34.7297
35.5777 -5.96733 31.467
33.4434 -8.61704 29.7739
30.9341 -8.55747 32.6274
30.6765 -4.76996 32.4504
30.0705 -4.88966 28.7005
27.3245 -7.48177 29.1293
25.6148 -5.37219 31.7881
25.7119 -2.30103 29.5517
24.1923 -4.24054 26.6583
21.3852 -5.53154 28.8712
20.6087 -2.02025 30.1003
20.467 -0.700621 26.5392
18.0909 -3.47902 25.5012
15.7979 -2.74891 28.4426

16.7609 -1.04591 25.2226
13.7199 -0.705907 22.9866

15.8879 -0.835907 19.9156
18.1589 -3.72591 20.9956
15.7699 -6.05591 22.6266
13.8489 -7.03091 19.5736
17.0629 -7.75391 17.6896
18.4299 -9.76291 20.5306
15.2529 -11.6719 20.8266
15.3249 -12.6619 17.1776

18.8139 -14.0439 17.1576
20.2159 -17.5389 17.8326
22.4999 -18.1469 20.7976

25.7569 -17.5279 19.0426
24.7889 -14.3189 17.4706
23.2949 -12.9959 20.6896
26.7769 -13.3859 22.1106
28.1589 -11.1479 19.2536
25.5929 -8.47191 20.1046
26.5489 -8.70091 23.7776
30.2439 -8.20891 22.8046
29.5319 -4.96191 20.8916
27.4319 -3.66891 23.7306
30.1429 -4.47291 26.1706
32.5989 -2.60091 24.1096
30.6959 0.429093 23.0636

27.7379 0.686093 25.2296
24.0369 0.381093 24.5436

23.8489 3.80209 23.0546
26.6479 3.23609 20.5576
25.1929 -0.0189073 19.3376
21.6239 1.17009 19.1266
22.9029 3.71409 16.6526
23.8289 0.999093 14.0866

20.2969 1.35709 12.8196

20.7689 -0.163907 9.43257
22.8589 -3.10191 10.5536
20.3499 -3.92091 13.3426
17.5599 -4.09191 10.8446
19.5419 -6.38791 8.57657
20.3629 -8.63191 11.4736
16.7599 -8.70691 12.4556
15.9759 -9.60491 8.96757

18.6009 -12.3449 8.94257
20.5319 -10.7779 6.05657
23.8439 -11.9949 7.35157

26.1069 -11.0219 4.46957
24.6299 -7.64691 4.06457
24.8079 -6.75491 7.72057
28.4519 -7.92191 7.81157
29.2509 -5.50591 5.02557
27.2699 -2.71391 6.69157
28.9259 -3.23691 10.0376
32.3969 -2.86591 8.39757
31.5749 0.681093 7.39857
32.1969 2.11809 10.8236

34.7729 3.83809 12.8966

34.5209 0.775093 15.0276
35.8229 -1.41391 12.3696
38.5199 1.03209 11.2466
39.8619 1.51909 14.7666
39.8549 -2.09191 15.9756

39.7629 -4.18091 12.8346

40.8429 -7.52791 14.1456
38.4019 -7.50691 16.9396
35.5869 -6.06891 14.7516
36.3169 -8.82291 12.2266
35.9119 -11.5839 14.7896
32.5609 -10.1909 15.8406
31.3809 -9.60391 12.2826
32.2939 -13.1839 11.2896
30.3359 -14.4299 14.2176
27.3049 -12.6129 13.0196
27.8729 -13.7139 9.51057
28.3459 -17.3879 10.1986

26.6119 -17.9149 13.3986
29.4739 -20.1879 14.5806
32.4849 -19.5479 16.8696
34.9839 -20.2519 14.0936

36.6369 -16.8009 14.4916
37.5919 -17.6669 18.0406
38.6019 -21.3559 17.8696

42.3879 -21.2289 17.8226
42.6669 -18.0199 19.9866

End chain 1
