36.887 -23.463 8.956
34.76 -20.902 10.706
34.477 -17.198 11.189

36.964 -17.128 14.061
39.617 -19.041 12.22
38.916 -16.953 9.158
39.302 -13.605 10.789
42.19 -14.84 12.785
44.013 -15.477 9.498
43.018 -12.034 8.052
43.819 -9.866 11.138

46.667 -11.773 12.722
47.514 -11.664 16.413
49.57 -8.806 18.102
50.066 -8.48 21.836
51.352 -4.91 21.69
49.663 -1.798 20.443
50.45 -1.367 16.785
49.448 0.755 13.823
47.162 -1.084 11.504
47.332 -0.454 7.847
45.314 2.936 7.988
47.723 4.167 10.708
45.249 3.604 13.564
46.062 2.098 16.866
45.084 -1.481 17.205
45.91 -4.534 19.228

45.084 -8.237 19.563
43.098 -9.676 16.642
42.161 -6.61 14.663

40.766 -4.755 17.691
40.723 -1.118 16.785
41.585 1.052 19.717
41.328 4.608 18.444
41.483 6.59 15.239
43.302 9.256 17.208
46.987 9.868 16.581
47.741 9.755 20.304
49.441 6.8 21.856

48.168 7.991 25.101
44.705 8.016 23.796
45.204 4.406 22.617
46.721 3.263 25.887
43.775 4.818 27.769
41.337 3.106 25.493
43.219 -0.084 25.932
43.078 -0.026 29.76
39.388 0.877 29.673
38.693 -2.057 27.36
40.739 -4.551 29.468

39.949 -3.312 32.875
43.5 -2.793 34.015
46.726 -0.856 33.736
48.192 -2.569 30.659
51.039 -0.441 29.578
50.069 -1.175 25.981
50.572 -4.92 26.37
48.01 -7.684 26.746
47.927 -11.355 27.084
46.716 -13.911 24.599

43.676 -14.65 26.7
42.836 -10.944 26.828
43.275 -10.716 22.988
40.768 -13.473 22.533
38.253 -12.124 24.902
38.237 -8.889 22.913
37.974 -10.959 19.73
34.941 -12.807 21.022
33.247 -9.598 21.934
34.046 -8.096 18.568
32.736 -11.038 16.593
29.608 -10.998 18.595
29.163 -7.341 18.138
29.623 -7.668 14.337
26.968 -10.308 14.05
24.54 -8.343 16.218
25.205 -5.142 14.158
24.347 -7.001 10.971
21.138 -8.371 12.587
19.941 -4.956 13.593

20.8736 -2.85046 10.6945
24.5365 -2.31733 9.5395

27.5268 0.010946 9.82292
28.9978 -2.06454 12.6463
28.6064 -5.26188 10.6297
30.3327 -3.69498 7.6284
33.2409 -2.53713 9.78348
33.6516 -6.0121 11.2663
33.6829 -7.58931 7.80883
36.3337 -5.14353 6.61108

39.8227 -6.52553 6.59108
41.2247 -10.0205 7.26608
43.5087 -10.6285 10.2311

46.7657 -10.0095 8.47608
45.7977 -6.80053 6.90408
44.3037 -5.47753 10.1231
47.7857 -5.86753 11.5441
49.1677 -3.62953 8.68708
46.6017 -0.953532 9.53808
47.5577 -1.18253 13.2111
51.2527 -0.690532 12.2381
50.5407 2.55647 10.3251
48.4407 3.84947 13.1641
51.1517 3.04547 15.6041
53.6077 4.91747 13.5431
51.7047 7.94747 12.4971

48.7467 8.20447 14.6631
45.0457 7.89947 13.9771

44.8577 11.3205 12.4881
47.6567 10.7545 9.99108
46.2017 7.49947 8.77108
42.6327 8.68847 8.56008
43.9117 11.2325 6.08608
44.8377 8.51747 3.52008

41.3057 8.87547 2.25308

41.7777 7.35447 -1.13392
43.8677 4.41647 -0.0129244
41.3587 3.59747 2.77608
38.5687 3.42647 0.278076
40.5507 1.13047 -1.98992
41.3717 -1.11353 0.907076
37.7687 -1.18853 1.88908
36.9847 -2.08653 -1.59892

39.6097 -4.82653 -1.62392
41.5407 -3.25953 -4.50992
44.8527 -4.47653 -3.21492

47.1157 -3.50353 -6.09692
45.6387 -0.128532 -6.50192
45.8167 0.763468 -2.84592
49.4607 -0.403532 -2.75492
50.2597 2.01247 -5.54092
48.2787 4.80447 -3.87492
49.9347 4.28147 -0.528924
53.4057 4.65247 -2.16892
52.5837 8.19947 -3.16792
53.2057 9.63647 0.257076

55.7817 11.3565 2.33008

55.5297 8.29347 4.46108
56.8317 6.10447 1.80308
59.5287 8.55047 0.680076
60.8707 9.03747 4.20008
60.8637 5.42647 5.40908

60.7717 3.33747 2.26808

61.8517 -0.00953242 3.57908
59.4107 0.0114676 6.37308
56.5957 1.44947 4.18508
57.3257 -1.30453 1.66008
56.9207 -4.06553 4.22308
53.5697 -2.67253 5.27408
52.3897 -2.08553 1.71608
53.3027 -5.66553 0.723076
51.3447 -6.91153 3.65108
48.3137 -5.09453 2.45308
48.8817 -6.19553 -1.05592
49.3547 -9.86953 -0.367924

47.6207 -10.3965 2.83208
50.4827 -12.6695 4.01408
53.4937 -12.0295 6.30308
55.9927 -12.7335 3.52708

57.6457 -9.28253 3.92508
58.6007 -10.1485 7.47408
59.6107 -13.8375 7.30308

63.3967 -13.7105 7.25608
63.6757 -10.5015 9.42008

End chain 1
