36.887 -23.463 8.956
34.76 -20.902 10.706
34.477 -17.198 11.189

36.964 -17.128 14.061
39.617 -19.041 12.22
38.916 -16.953 9.158
39.302 -13.605 10.789
42.19 -14.84 12.785
44.013 -15.477 9.498
43.018 -12.034 8.052
43.819 -9.866 11.138

46.667 -11.773 12.722
47.514 -11.664 16.413
49.57 -8.806 18.102
50.066 -8.48 21.836
51.352 -4.91 21.69
49.663 -1.798 20.443
50.45 -1.367 16.785
49.448 0.755 13.823
47.162 -1.084 11.504
47.332 -0.454 7.847
45.314 2.936 7.988
47.723 4.167 10.708
45.249 3.604 13.564
46.062 2.098 16.866
45.084 -1.481 17.205
45.91 -4.534 19.228

45.084 -8.237 19.563
43.098 -9.676 16.642
42.161 -6.61 14.663

40.766 -4.755 17.691
40.723 -1.118 16.785
41.585 1.052 19.717
41.328 4.608 18.444
41.483 6.59 15.239
43.302 9.256 17.208
46.987 9.868 16.581
47.741 9.755 20.304
49.441 6.8 21.856

48.168 7.991 25.101
44.705 8.016 23.796
45.204 4.406 22.617
46.721 3.263 25.887
43.775 4.818 27.769
41.337 3.106 25.493
43.219 -0.084 25.932
43.078 -0.026 29.76
39.388 0.877 29.673
38.693 -2.057 27.36
40.739 -4.551 29.468

39.949 -3.312 32.875
43.5 -2.793 34.015
46.726 -0.856 33.736
48.192 -2.569 30.659
51.039 -0.441 29.578
50.069 -1.175 25.981
50.572 -4.92 26.37
48.01 -7.684 26.746
47.927 -11.355 27.084
46.716 -13.911 24.599

43.676 -14.65 26.7
42.836 -10.944 26.828
43.275 -10.716 22.988
40.768 -13.473 22.533
38.253 -12.124 24.902
38.237 -8.889 22.913
37.974 -10.959 19.73
34.941 -12.807 21.022
33.247 -9.598 21.934
34.046 -8.096 18.568
32.736 -11.038 16.593
29.608 -10.998 18.595
29.163 -7.341 18.138
29.623 -7.668 14.337
26.968 -10.308 14.05
24.54 -8.343 16.218
25.205 -5.142 14.158
24.347 -7.001 10.971
21.138 -8.371 12.587
19.941 -4.956 13.593

20.904 -3.253 10.373
17.863 -2.913 8.137

20.031 -3.043 5.066
22.302 -5.933 6.146
19.913 -8.263 7.777
17.992 -9.238 4.724
21.206 -9.961 2.84
22.573 -11.97 5.681
19.396 -13.879 5.977
19.468 -14.869 2.328

22.9848 -15.9393 2.85652
24.4245 -17.6381 5.97102
26.1429 -15.2381 8.38827

22.5932 -14.5278 9.54501
23.8353 -12.0718 12.1657
25.9497 -10.2441 9.5906
22.9921 -9.96023 7.22111
20.7919 -8.55203 9.98139
23.4205 -5.96122 10.8876
23.7399 -4.87478 7.2599
19.9726 -4.48753 6.94311
19.8276 -2.37124 10.0964
22.6054 -0.111355 8.82367
20.8216 0.373343 5.5031
17.5809 1.28488 7.26659
19.3699 3.83444 9.44423

16.4119 4.09144 11.6102
12.7109 3.78644 10.9242

12.5229 7.20744 9.43523
15.3219 6.64144 6.93823
13.8669 3.38644 5.71823
10.2979 4.57544 5.50723
11.5769 7.11944 3.03323
12.5029 4.40444 0.46723

8.97092 4.76244 -0.79977

9.44292 3.24144 -4.18677
11.5329 0.303441 -3.06577
9.02392 -0.515559 -0.27677
6.23392 -0.686559 -2.77477
8.21592 -2.98256 -5.04277
9.03692 -5.22656 -2.14577
5.43392 -5.30156 -1.16377
4.64992 -6.19956 -4.65177

7.27492 -8.93956 -4.67677
9.20592 -7.37256 -7.56277
12.5179 -8.58956 -6.26777

14.7809 -7.61656 -9.14977
13.3039 -4.24156 -9.55477
13.4819 -3.34956 -5.89877
17.1259 -4.51656 -5.80777
17.9249 -2.10056 -8.59377
15.9439 0.691441 -6.92777
17.5999 0.168441 -3.58177
21.0709 0.539441 -5.22177
20.2489 4.08644 -6.22077
20.8709 5.52344 -2.79577

23.4469 7.24344 -0.72277

23.1949 4.18044 1.40823
24.4969 1.99144 -1.24977
27.1939 4.43744 -2.37277
28.5359 4.92444 1.14723
28.5289 1.31344 2.35623

28.4369 -0.775559 -0.78477

29.5169 -4.12256 0.52623
27.0759 -4.10156 3.32023
24.2609 -2.66356 1.13223
24.9909 -5.41756 -1.39277
24.5859 -8.17856 1.17023
21.2349 -6.78556 2.22123
20.0549 -6.19856 -1.33677
20.9679 -9.77856 -2.32977
19.0099 -11.0246 0.59823
15.9789 -9.20756 -0.59977
16.5469 -10.3086 -4.10877
17.0199 -13.9826 -3.42077

15.2859 -14.5096 -0.22077
18.1479 -16.7826 0.96123
21.1589 -16.1426 3.25023
23.6579 -16.8466 0.47423

25.3109 -13.3956 0.87223
26.2659 -14.2616 4.42123
27.2759 -17.9506 4.25023

31.0619 -17.8236 4.20323
31.3409 -14.6146 6.36723

End chain 1
