36.887 -23.463 8.956
34.76 -20.902 10.706
34.477 -17.198 11.189

36.964 -17.128 14.061
39.617 -19.041 12.22
38.916 -16.953 9.158
39.302 -13.605 10.789
42.19 -14.84 12.785
44.013 -15.477 9.498
43.018 -12.034 8.052
43.819 -9.866 11.138

46.667 -11.773 12.722
47.514 -11.664 16.413
49.57 -8.806 18.102
50.066 -8.48 21.836
51.352 -4.91 21.69
49.663 -1.798 20.443
50.45 -1.367 16.785
49.448 0.755 13.823
47.162 -1.084 11.504
47.332 -0.454 7.847
45.314 2.936 7.988
47.723 4.167 10.708
45.249 3.604 13.564
46.062 2.098 16.866
45.084 -1.481 17.205
45.91 -4.534 19.228

45.084 -8.237 19.563
43.098 -9.676 16.642
42.161 -6.61 14.663

40.766 -4.755 17.691
40.723 -1.118 16.785
41.585 1.052 19.717
41.328 4.608 18.444
41.483 6.59 15.239
43.302 9.256 17.208
46.987 9.868 16.581
47.741 9.755 20.304
49.441 6.8 21.856

48.168 7.991 25.101
44.705 8.016 23.796
45.204 4.406 22.617
46.721 3.263 25.887
43.775 4.818 27.769
41.337 3.106 25.493
43.219 -0.084 25.932
43.078 -0.026 29.76
39.388 0.877 29.673
38.693 -2.057 27.36
40.739 -4.551 29.468

39.949 -3.312 32.875
43.5 -2.793 34.015
46.726 -0.856 33.736
48.192 -2.569 30.659
51.039 -0.441 29.578
50.069 -1.175 25.981
50.572 -4.92 26.37
48.01 -7.684 26.746
47.927 -11.355 27.084
46.716 -13.911 24.599

43.676 -14.65 26.7
42.836 -10.944 26.828
43.275 -10.716 22.988
40.768 -13.473 22.533
38.253 -12.124 24.902
38.237 -8.889 22.913
37.974 -10.959 19.73
34.941 -12.807 21.022
33.247 -9.598 21.934
34.046 -8.096 18.568
32.736 -11.038 16.593
29.608 -10.998 18.595
29.163 -7.341 18.138
29.623 -7.668 14.337
26.968 -10.308 14.05
24.54 -8.343 16.218
25.205 -5.142 14.158
24.347 -7.001 10.971
21.138 -8.371 12.587
19.941 -4.956 13.593

20.904 -3.253 10.373
17.863 -2.913 8.137

20.031 -3.043 5.066
22.302 -5.933 6.146
19.913 -8.263 7.777
17.992 -9.238 4.724
21.206 -9.961 2.84
22.573 -11.97 5.681
19.396 -13.879 5.977
19.468 -14.869 2.328

22.957 -16.251 2.308
24.359 -19.746 2.983
26.643 -20.354 5.948

29.9 -19.735 4.193
28.932 -16.526 2.621
27.438 -15.203 5.84
30.92 -15.593 7.261
32.302 -13.355 4.404
29.736 -10.679 5.255
30.692 -10.908 8.928
34.387 -10.416 7.955
33.675 -7.169 6.042
31.575 -5.876 8.881
34.286 -6.68 11.321
36.742 -4.808 9.26
34.839 -1.778 8.214

34.098 -1.41408 11.9778
32.2225 1.77248 12.2773

28.8729 0.232318 13.1997
28.2994 2.85343 15.8911
29.0785 5.66476 13.4555
26.6469 4.25368 10.8983
23.8944 4.0092 13.5073
24.4557 7.61226 14.5777

20.9237 7.97026 13.3107

21.3957 6.44926 9.92371
23.4857 3.51126 11.0447
20.9767 2.69226 13.8337
18.1867 2.52126 11.3357
20.1687 0.225255 9.06771
20.9897 -2.01874 11.9647
17.3867 -2.09374 12.9467
16.6027 -2.99174 9.45871

19.2277 -5.73174 9.43371
21.1587 -4.16474 6.54771
24.4707 -5.38174 7.84271

26.7337 -4.40874 4.96071
25.2567 -1.03374 4.55571
25.4347 -0.141745 8.21171
29.0787 -1.30874 8.30271
29.8777 1.10726 5.51671
27.8967 3.89926 7.18271
29.5527 3.37626 10.5287
33.0237 3.74726 8.88871
32.2017 7.29426 7.88971
32.8237 8.73126 11.3147

35.3997 10.4513 13.3877

35.1477 7.38826 15.5187
36.4497 5.19926 12.8607
39.1467 7.64526 11.7377
40.4887 8.13226 15.2577
40.4817 4.52126 16.4667

40.3897 2.43226 13.3257

41.4697 -0.914745 14.6367
39.0287 -0.893745 17.4307
36.2137 0.544255 15.2427
36.9437 -2.20974 12.7177
36.5387 -4.97074 15.2807
33.1877 -3.57774 16.3317
32.0077 -2.99074 12.7737
32.9207 -6.57074 11.7807
30.9627 -7.81674 14.7087
27.9317 -5.99974 13.5107
28.4997 -7.10074 10.0017
28.9727 -10.7747 10.6897

27.2387 -11.3017 13.8897
30.1007 -13.5747 15.0717
33.1117 -12.9347 17.3607
35.6107 -13.6387 14.5847

37.2637 -10.1877 14.9827
38.2187 -11.0537 18.5317
39.2287 -14.7427 18.3607

43.0147 -14.6157 18.3137
43.2937 -11.4067 20.4777

End chain 1
