36.887 -23.463 8.956
34.76 -20.902 10.706
34.477 -17.198 11.189

36.964 -17.128 14.061
39.617 -19.041 12.22
38.916 -16.953 9.158
39.302 -13.605 10.789
42.19 -14.84 12.785
44.013 -15.477 9.498
43.018 -12.034 8.052
43.819 -9.866 11.138

46.667 -11.773 12.722
47.514 -11.664 16.413
49.57 -8.806 18.102
50.066 -8.48 21.836
51.352 -4.91 21.69
49.663 -1.798 20.443
50.45 -1.367 16.785
49.448 0.755 13.823
47.162 -1.084 11.504
47.332 -0.454 7.847
45.314 2.936 7.988
47.723 4.167 10.708
45.249 3.604 13.564
46.062 2.098 16.866
45.084 -1.481 17.205
45.91 -4.534 19.228

45.084 -8.237 19.563
43.098 -9.676 16.642
42.161 -6.61 14.663

40.766 -4.755 17.691
40.723 -1.118 16.785
41.585 1.052 19.717
41.328 4.608 18.444
41.483 6.59 15.239
43.302 9.256 17.208
46.987 9.868 16.581
47.741 9.755 20.304
49.441 6.8 21.856

48.168 7.991 25.101
44.705 8.016 23.796
45.204 4.406 22.617
46.721 3.263 25.887
43.775 4.818 27.769
41.337 3.106 25.493
43.219 -0.084 25.932
43.078 -0.026 29.76
39.388 0.877 29.673
38.693 -2.057 27.36
40.739 -4.551 29.468

39.949 -3.312 32.875
43.5 -2.793 34.015
46.726 -0.856 33.736
48.192 -2.569 30.659
51.039 -0.441 29.578
50.069 -1.175 25.981
50.572 -4.92 26.37
48.01 -7.684 26.746
47.927 -11.355 27.084
46.716 -13.911 24.599

43.676 -14.65 26.7
42.836 -10.944 26.828
43.275 -10.716 22.988
40.768 -13.473 22.533
38.253 -12.124 24.902
38.237 -8.889 22.913
37.974 -10.959 19.73
34.941 -12.807 21.022
33.247 -9.598 21.934
34.046 -8.096 18.568
32.736 -11.038 16.593
29.608 -10.998 18.595
29.163 -7.341 18.138
29.623 -7.668 14.337
26.968 -10.308 14.05
24.54 -8.343 16.218
25.205 -5.142 14.158
24.347 -7.001 10.971
21.138 -8.371 12.587
19.941 -4.956 13.593

20.904 -3.253 10.373
17.863 -2.913 8.137

20.031 -3.043 5.066
22.302 -5.933 6.146
19.913 -8.263 7.777
17.992 -9.238 4.724
21.206 -9.961 2.84
22.573 -11.97 5.681
19.396 -13.879 5.977
19.468 -14.869 2.328

23.0293 -16.1224 2.55809
26.5625 -17.386 1.55263
29.533 -15.0155 1.43121

31.3595 -16.8472 4.21534
28.0774 -17.7597 5.89994
26.6667 -19.108 2.63881
29.7633 -21.2355 2.06645
29.5401 -22.6768 5.57582
25.8763 -23.5594 5.08481
26.638 -25.3077 1.79754
29.4181 -27.3366 3.40918
27.1243 -28.4095 6.24289
24.4424 -29.5091 3.785
26.9592 -31.5561 1.80541
28.1935 -33.272 4.96374
24.6412 -34.1469 5.99276

21.6832 -33.8899 8.15876
17.9822 -34.1949 7.47276

17.7942 -30.7739 5.98376
20.5932 -31.3399 3.48676
19.1382 -34.5949 2.26676
15.5692 -33.4059 2.05576
16.8482 -30.8619 -0.41824
17.7742 -33.5769 -2.98424

14.2422 -33.2189 -4.25124

14.7142 -34.7399 -7.63824
16.8042 -37.6779 -6.51724
14.2952 -38.4969 -3.72824
11.5052 -38.6679 -6.22624
13.4872 -40.9639 -8.49424
14.3082 -43.2079 -5.59724
10.7052 -43.2829 -4.61524
9.92122 -44.1809 -8.10324

12.5462 -46.9209 -8.12824
14.4772 -45.3539 -11.0142
17.7892 -46.5709 -9.71924

20.0522 -45.5979 -12.6012
18.5752 -42.2229 -13.0062
18.7532 -41.3309 -9.35024
22.3972 -42.4979 -9.25924
23.1962 -40.0819 -12.0452
21.2152 -37.2899 -10.3792
22.8712 -37.8129 -7.03324
26.3422 -37.4419 -8.67324
25.5202 -33.8949 -9.67224
26.1422 -32.4579 -6.24724

28.7182 -30.7379 -4.17424

28.4662 -33.8009 -2.04324
29.7682 -35.9899 -4.70124
32.4652 -33.5439 -5.82424
33.8072 -33.0569 -2.30424
33.8002 -36.6679 -1.09524

33.7082 -38.7569 -4.23624

34.7882 -42.1039 -2.92524
32.3472 -42.0829 -0.13124
29.5322 -40.6449 -2.31924
30.2622 -43.3989 -4.84424
29.8572 -46.1599 -2.28124
26.5062 -44.7669 -1.23024
25.3262 -44.1799 -4.78824
26.2392 -47.7599 -5.78124
24.2812 -49.0059 -2.85324
21.2502 -47.1889 -4.05124
21.8182 -48.2899 -7.56024
22.2912 -51.9639 -6.87224

20.5572 -52.4909 -3.67224
23.4192 -54.7639 -2.49024
26.4302 -54.1239 -0.20124
28.9292 -54.8279 -2.97724

30.5822 -51.3769 -2.57924
31.5372 -52.2429 0.96976
32.5472 -55.9319 0.79876

36.3332 -55.8049 0.75176
36.6122 -52.5959 2.91576

End chain 1
