36.887 -23.463 8.956
34.76 -20.902 10.706
34.477 -17.198 11.189

36.964 -17.128 14.061
39.617 -19.041 12.22
38.916 -16.953 9.158
39.302 -13.605 10.789
42.19 -14.84 12.785
44.013 -15.477 9.498
43.018 -12.034 8.052
43.819 -9.866 11.138

46.667 -11.773 12.722
47.514 -11.664 16.413
49.57 -8.806 18.102
50.066 -8.48 21.836
51.352 -4.91 21.69
49.663 -1.798 20.443
50.45 -1.367 16.785
49.448 0.755 13.823
47.162 -1.084 11.504
47.332 -0.454 7.847
45.314 2.936 7.988
47.723 4.167 10.708
45.249 3.604 13.564
46.062 2.098 16.866
45.084 -1.481 17.205
45.91 -4.534 19.228

45.084 -8.237 19.563
43.098 -9.676 16.642
42.161 -6.61 14.663

40.766 -4.755 17.691
40.723 -1.118 16.785
41.585 1.052 19.717
41.328 4.608 18.444
41.483 6.59 15.239
43.302 9.256 17.208
46.987 9.868 16.581
47.741 9.755 20.304
49.441 6.8 21.856

48.168 7.991 25.101
44.705 8.016 23.796
45.204 4.406 22.617
46.721 3.263 25.887
43.775 4.818 27.769
41.337 3.106 25.493
43.219 -0.084 25.932
43.078 -0.026 29.76
39.388 0.877 29.673
38.693 -2.057 27.36
40.739 -4.551 29.468

39.949 -3.312 32.875
43.5 -2.793 34.015
46.726 -0.856 33.736
48.192 -2.569 30.659
51.039 -0.441 29.578
50.069 -1.175 25.981
50.572 -4.92 26.37
48.01 -7.684 26.746
47.927 -11.355 27.084
46.716 -13.911 24.599

43.676 -14.65 26.7
42.836 -10.944 26.828
43.275 -10.716 22.988
40.768 -13.473 22.533
38.253 -12.124 24.902
38.237 -8.889 22.913
37.974 -10.959 19.73
34.941 -12.807 21.022
33.247 -9.598 21.934
34.046 -8.096 18.568
32.736 -11.038 16.593
29.608 -10.998 18.595
29.163 -7.341 18.138
29.623 -7.668 14.337
26.968 -10.308 14.05
24.54 -8.343 16.218
25.205 -5.142 14.158
24.347 -7.001 10.971
21.138 -8.371 12.587
19.941 -4.956 13.593

20.904 -3.253 10.373
17.863 -2.913 8.137

20.031 -3.043 5.066
22.302 -5.933 6.146
19.913 -8.263 7.777
17.992 -9.238 4.724
21.206 -9.961 2.84
22.573 -11.97 5.681
19.396 -13.879 5.977
19.468 -14.869 2.328

22.957 -16.251 2.308
24.359 -19.746 2.983
26.643 -20.354 5.948

29.9 -19.735 4.193
28.932 -16.526 2.621
27.438 -15.203 5.84
30.92 -15.593 7.261
32.302 -13.355 4.404
29.736 -10.679 5.255
30.692 -10.908 8.928
34.387 -10.416 7.955
33.675 -7.169 6.042
31.575 -5.876 8.881
34.286 -6.68 11.321
36.742 -4.808 9.26
34.839 -1.778 8.214

35.3646 -1.25368 12.0351
37.372 0.0488777 15.1046

37.2739 3.73366 14.1796
39.6394 4.60973 17.0221
42.0888 1.91134 15.9443
42.0477 3.17026 12.3588
42.7229 6.73202 13.4993
45.6586 5.59648 15.629

42.1266 5.95448 14.362

42.5986 4.43348 10.975
44.6886 1.49548 12.096
42.1796 0.676479 14.885
39.3896 0.505479 12.387
41.3716 -1.79052 10.119
42.1926 -4.03452 13.016
38.5896 -4.10952 13.998
37.8056 -5.00752 10.51

40.4306 -7.74752 10.485
42.3616 -6.18052 7.59901
45.6736 -7.39752 8.89401

47.9366 -6.42452 6.01201
46.4596 -3.04952 5.60701
46.6376 -2.15752 9.26301
50.2816 -3.32452 9.35401
51.0806 -0.908521 6.56801
49.0996 1.88348 8.23401
50.7556 1.36048 11.58
54.2266 1.73148 9.94001
53.4046 5.27848 8.94101
54.0266 6.71548 12.366

56.6026 8.43548 14.439

56.3506 5.37248 16.57
57.6526 3.18348 13.912
60.3496 5.62948 12.789
61.6916 6.11648 16.309
61.6846 2.50548 17.518

61.5926 0.416479 14.377

62.6726 -2.93052 15.688
60.2316 -2.90952 18.482
57.4166 -1.47152 16.294
58.1466 -4.22552 13.769
57.7416 -6.98652 16.332
54.3906 -5.59352 17.383
53.2106 -5.00652 13.825
54.1236 -8.58652 12.832
52.1656 -9.83252 15.76
49.1346 -8.01552 14.562
49.7026 -9.11652 11.053
50.1756 -12.7905 11.741

48.4416 -13.3175 14.941
51.3036 -15.5905 16.123
54.3146 -14.9505 18.412
56.8136 -15.6545 15.636

58.4666 -12.2035 16.034
59.4216 -13.0695 19.583
60.4316 -16.7585 19.412

64.2176 -16.6315 19.365
64.4966 -13.4225 21.529

End chain 1
