36.887 -23.463 8.956
34.76 -20.902 10.706
34.477 -17.198 11.189

36.964 -17.128 14.061
39.617 -19.041 12.22
38.916 -16.953 9.158
39.302 -13.605 10.789
42.19 -14.84 12.785
44.013 -15.477 9.498
43.018 -12.034 8.052
43.819 -9.866 11.138

46.667 -11.773 12.722
47.514 -11.664 16.413
49.57 -8.806 18.102
50.066 -8.48 21.836
51.352 -4.91 21.69
49.663 -1.798 20.443
50.45 -1.367 16.785
49.448 0.755 13.823
47.162 -1.084 11.504
47.332 -0.454 7.847
45.314 2.936 7.988
47.723 4.167 10.708
45.249 3.604 13.564
46.062 2.098 16.866
45.084 -1.481 17.205
45.91 -4.534 19.228

45.084 -8.237 19.563
43.098 -9.676 16.642
42.161 -6.61 14.663

40.766 -4.755 17.691
40.723 -1.118 16.785
41.585 1.052 19.717
41.328 4.608 18.444
41.483 6.59 15.239
43.302 9.256 17.208
46.987 9.868 16.581
47.741 9.755 20.304
49.441 6.8 21.856

48.168 7.991 25.101
44.705 8.016 23.796
45.204 4.406 22.617
46.721 3.263 25.887
43.775 4.818 27.769
41.337 3.106 25.493
43.219 -0.084 25.932
43.078 -0.026 29.76
39.388 0.877 29.673
38.693 -2.057 27.36
40.739 -4.551 29.468

39.949 -3.312 32.875
43.5 -2.793 34.015
46.726 -0.856 33.736
48.192 -2.569 30.659
51.039 -0.441 29.578
50.069 -1.175 25.981
50.572 -4.92 26.37
48.01 -7.684 26.746
47.927 -11.355 27.084
46.716 -13.911 24.599

43.676 -14.65 26.7
42.836 -10.944 26.828
43.275 -10.716 22.988
40.768 -13.473 22.533
38.253 -12.124 24.902
38.237 -8.889 22.913
37.974 -10.959 19.73
34.941 -12.807 21.022
33.247 -9.598 21.934
34.046 -8.096 18.568
32.736 -11.038 16.593
29.608 -10.998 18.595
29.163 -7.341 18.138
29.623 -7.668 14.337
26.968 -10.308 14.05
24.54 -8.343 16.218
25.205 -5.142 14.158
24.347 -7.001 10.971
21.138 -8.371 12.587
19.941 -4.956 13.593

20.904 -3.253 10.373
17.863 -2.913 8.137

20.031 -3.043 5.066
22.302 -5.933 6.146
19.913 -8.263 7.777
17.992 -9.238 4.724
21.206 -9.961 2.84
22.573 -11.97 5.681
19.396 -13.879 5.977
19.468 -14.869 2.328

22.957 -16.251 2.308
24.359 -19.746 2.983
26.643 -20.354 5.948

29.9 -19.735 4.193
28.932 -16.526 2.621
27.438 -15.203 5.84
30.92 -15.593 7.261
32.302 -13.355 4.404
29.736 -10.679 5.255
30.692 -10.908 8.928
34.387 -10.416 7.955
33.675 -7.169 6.042
31.575 -5.876 8.881
34.286 -6.68 11.321
36.742 -4.808 9.26
34.839 -1.778 8.214

31.881 -1.521 10.38
28.18 -1.826 9.694

27.992 1.595 8.205
30.791 1.029 5.708
29.336 -2.226 4.488
25.767 -1.037 4.277
27.046 1.507 1.803
27.972 -1.208 -0.763

24.5798 -2.90507 -0.105035

22.9247 -5.40287 -2.44266
20.042 -5.9085 -0.0182506
19.5088 -2.15766 0.281231
19.4481 -1.76674 -3.4985
16.8862 -4.55263 -3.84251
14.6555 -2.95778 -1.21133
14.8196 0.4062 -2.9719
13.8829 -1.17906 -6.29645

16.5079 -3.91906 -6.32145
18.4389 -2.35206 -9.20745
21.7509 -3.56906 -7.91245

24.0139 -2.59606 -10.7944
22.5369 0.778943 -11.1994
22.7149 1.67094 -7.54345
26.3589 0.503943 -7.45245
27.1579 2.91994 -10.2384
25.1769 5.71194 -8.57245
26.8329 5.18894 -5.22645
30.3039 5.55994 -6.86645
29.4819 9.10694 -7.86545
30.1039 10.5439 -4.44045

32.6799 12.2639 -2.36745

32.4279 9.20094 -0.236446
33.7299 7.01194 -2.89445
36.4269 9.45794 -4.01745
37.7689 9.94494 -0.497446
37.7619 6.33394 0.711554

37.6699 4.24494 -2.42945

38.7499 0.897943 -1.11845
36.3089 0.918943 1.67555
33.4939 2.35694 -0.512446
34.2239 -0.397057 -3.03745
33.8189 -3.15806 -0.474446
30.4679 -1.76506 0.576554
29.2879 -1.17806 -2.98145
30.2009 -4.75806 -3.97445
28.2429 -6.00406 -1.04645
25.2119 -4.18706 -2.24445
25.7799 -5.28806 -5.75345
26.2529 -8.96206 -5.06545

24.5189 -9.48906 -1.86545
27.3809 -11.7621 -0.683446
30.3919 -11.1221 1.60555
32.8909 -11.8261 -1.17045

34.5439 -8.37506 -0.772446
35.4989 -9.24106 2.77655
36.5089 -12.9301 2.60555

40.2949 -12.8031 2.55855
40.5739 -9.59406 4.72255

End chain 1
