36.887 -23.463 8.956
34.76 -20.902 10.706
34.477 -17.198 11.189

36.964 -17.128 14.061
39.617 -19.041 12.22
38.916 -16.953 9.158
39.302 -13.605 10.789
42.19 -14.84 12.785
44.013 -15.477 9.498
43.018 -12.034 8.052
43.819 -9.866 11.138

46.667 -11.773 12.722
47.514 -11.664 16.413
49.57 -8.806 18.102
50.066 -8.48 21.836
51.352 -4.91 21.69
49.663 -1.798 20.443
50.45 -1.367 16.785
49.448 0.755 13.823
47.162 -1.084 11.504
47.332 -0.454 7.847
45.314 2.936 7.988
47.723 4.167 10.708
45.249 3.604 13.564
46.062 2.098 16.866
45.084 -1.481 17.205
45.91 -4.534 19.228

45.084 -8.237 19.563
43.098 -9.676 16.642
42.161 -6.61 14.663

45.9823 -5.98856 14.9599
45.6518 -3.13569 17.5592
45.4313 -0.14527 19.7408
49.0569 -0.12755 21.145
52.2524 -1.96394 20.5236
49.6478 -3.27385 18.0431
51.0236 -6.47698 16.3415
49.5497 -8.3535 13.264
50.9735 -5.06282 11.9094

52.8671 -1.86831 11.1016
55.302 -2.4751 13.9556
55.9466 -6.03056 12.7783
56.625 -4.83719 9.2345
59.083 -2.22114 10.4826
60.9352 -4.81106 12.5572
61.2026 -7.15081 9.57447
62.585 -4.36497 7.39019
65.1939 -3.47633 10.0068
66.2937 -7.10365 10.2822
66.6519 -7.38262 6.50906

65.8619 -6.14362 9.91606
69.4129 -5.62462 11.0561
72.6389 -3.68762 10.7771
74.1049 -5.40062 7.70006
76.9519 -3.27262 6.61906
75.9819 -4.00662 3.02206
76.4849 -7.75162 3.41106
73.9229 -10.5156 3.78706
73.8399 -14.1866 4.12506
72.6289 -16.7426 1.64006

69.5889 -17.4816 3.74106
68.7489 -13.7756 3.86906
69.1879 -13.5476 0.0290573
66.6809 -16.3046 -0.425943
64.1659 -14.9556 1.94306
64.1499 -11.7206 -0.0459427
63.8869 -13.7906 -3.22894
60.8539 -15.6386 -1.93694
59.1599 -12.4296 -1.02494
59.9589 -10.9276 -4.39094
58.6489 -13.8696 -6.36594
55.5209 -13.8296 -4.36394
55.0759 -10.1726 -4.82094
55.5359 -10.4996 -8.62194
52.8809 -13.1396 -8.90894
50.4529 -11.1746 -6.74094
51.1179 -7.97362 -8.80094
50.2599 -9.83262 -11.9879
47.0509 -11.2026 -10.3719
45.8539 -7.78762 -9.36594

46.8169 -6.08462 -12.5859
43.7759 -5.74462 -14.8219

45.9439 -5.87462 -17.8929
48.2149 -8.76462 -16.8129
45.8259 -11.0946 -15.1819
43.9049 -12.0696 -18.2349
47.1189 -12.7926 -20.1189
48.4859 -14.8016 -17.2779
45.3089 -16.7106 -16.9819
45.3809 -17.7006 -20.6309

48.8699 -19.0826 -20.6509
50.2719 -22.5776 -19.9759
52.5559 -23.1856 -17.0109

55.8129 -22.5666 -18.7659
54.8449 -19.3576 -20.3379
53.3509 -18.0346 -17.1189
56.8329 -18.4246 -15.6979
58.2149 -16.1866 -18.5549
55.6489 -13.5106 -17.7039
56.6049 -13.7396 -14.0309
60.2999 -13.2476 -15.0039
59.5879 -10.0006 -16.9169
57.4879 -8.70762 -14.0779
60.1989 -9.51162 -11.6379
62.6549 -7.63962 -13.6989
60.7519 -4.60962 -14.7449

57.7939 -4.35262 -12.5789
54.0929 -4.65762 -13.2649

53.9049 -1.23662 -14.7539
56.7039 -1.80262 -17.2509
55.2489 -5.05762 -18.4709
51.6799 -3.86862 -18.6819
52.9589 -1.32462 -21.1559
53.8849 -4.03962 -23.7219

50.3529 -3.68162 -24.9889

50.8249 -5.20262 -28.3759
52.9149 -8.14062 -27.2549
50.4059 -8.95962 -24.4659
47.6159 -9.13062 -26.9639
49.5979 -11.4266 -29.2319
50.4189 -13.6706 -26.3349
46.8159 -13.7456 -25.3529
46.0319 -14.6436 -28.8409

48.6569 -17.3836 -28.8659
50.5879 -15.8166 -31.7519
53.8999 -17.0336 -30.4569

56.1629 -16.0606 -33.3389
54.6859 -12.6856 -33.7439
54.8639 -11.7936 -30.0879
58.5079 -12.9606 -29.9969
59.3069 -10.5446 -32.7829
57.3259 -7.75262 -31.1169
58.9819 -8.27562 -27.7709
62.4529 -7.90462 -29.4109
61.6309 -4.35762 -30.4099
62.2529 -2.92062 -26.9849

64.8289 -1.20062 -24.9119

64.5769 -4.26362 -22.7809
65.8789 -6.45262 -25.4389
68.5759 -4.00662 -26.5619
69.9179 -3.51962 -23.0419
69.9109 -7.13062 -21.8329

69.8189 -9.21962 -24.9739

70.8989 -12.5666 -23.6629
68.4579 -12.5456 -20.8689
65.6429 -11.1076 -23.0569
66.3729 -13.8616 -25.5819
65.9679 -16.6226 -23.0189
62.6169 -15.2296 -21.9679
61.4369 -14.6426 -25.5259
62.3499 -18.2226 -26.5189
60.3919 -19.4686 -23.5909
57.3609 -17.6516 -24.7889
57.9289 -18.7526 -28.2979
58.4019 -22.4266 -27.6099

56.6679 -22.9536 -24.4099
59.5299 -25.2266 -23.2279
62.5409 -24.5866 -20.9389
65.0399 -25.2906 -23.7149

66.6929 -21.8396 -23.3169
67.6479 -22.7056 -19.7679
68.6579 -26.3946 -19.9389

72.4439 -26.2676 -19.9859
72.7229 -23.0586 -17.8219

End chain 1
