36.887 -23.463 8.956
34.76 -20.902 10.706
34.477 -17.198 11.189

36.964 -17.128 14.061
39.617 -19.041 12.22
38.916 -16.953 9.158
39.302 -13.605 10.789
42.19 -14.84 12.785
44.013 -15.477 9.498
43.018 -12.034 8.052
43.819 -9.866 11.138

46.9684 -11.9241 10.8691
50.1558 -12.4463 12.6993
53.9291 -12.6406 13.6086
54.0067 -16.4801 13.9506
55.1372 -16.2331 17.5114
56.4421 -16.0473 21.1518
56.1972 -15.8898 24.9311
53.653 -18.3763 23.8378
54.1866 -20.3406 20.5452
54.1137 -23.0478 23.2535
51.3954 -23.2903 25.868
54.2344 -23.6185 28.3317
57.0075 -20.971 28.3532
54.7271 -20.4062 31.4242
51.9538 -20.609 33.9893
48.4807 -19.0124 34.5757

47.3055 -22.621 34.7751
44.915 -21.7875 37.6095
43.4562 -18.8749 35.652

42.0612 -17.0199 38.68
42.0182 -13.3829 37.774
42.8802 -11.2129 40.706
42.6232 -7.65686 39.433
42.7782 -5.67486 36.228
44.5972 -3.00886 38.197
48.2822 -2.39686 37.57
49.0362 -2.50986 41.293
50.7362 -5.46486 42.845

49.4632 -4.27386 46.09
46.0002 -4.24886 44.785
46.4992 -7.85886 43.606
48.0162 -9.00186 46.876
45.0702 -7.44686 48.758
42.6322 -9.15886 46.482
44.5142 -12.3489 46.921
44.3732 -12.2909 50.749
40.6832 -11.3879 50.662
39.9882 -14.3219 48.349
42.0342 -16.8159 50.457

41.2442 -15.5769 53.864
44.7952 -15.0579 55.004
48.0212 -13.1209 54.725
49.4872 -14.8339 51.648
52.3342 -12.7059 50.567
51.3642 -13.4399 46.97
51.8672 -17.1849 47.359
49.3052 -19.9489 47.735
49.2222 -23.6199 48.073
48.0112 -26.1759 45.588

44.9712 -26.9149 47.689
44.1312 -23.2089 47.817
44.5702 -22.9809 43.977
42.0632 -25.7379 43.522
39.5482 -24.3889 45.891
39.5322 -21.1539 43.902
39.2692 -23.2239 40.719
36.2362 -25.0719 42.011
34.5422 -21.8629 42.923
35.3412 -20.3609 39.557
34.0312 -23.3029 37.582
30.9032 -23.2629 39.584
30.4582 -19.6059 39.127
30.9182 -19.9329 35.326
28.2632 -22.5729 35.039
25.8352 -20.6079 37.207
26.5002 -17.4069 35.147
25.6422 -19.2659 31.96
22.4332 -20.6359 33.576
21.2362 -17.2209 34.582

22.1992 -15.5179 31.362
19.1582 -15.1779 29.126

21.3262 -15.3079 26.055
23.5972 -18.1979 27.135
21.2082 -20.5279 28.766
19.2872 -21.5029 25.713
22.5012 -22.2259 23.829
23.8682 -24.2349 26.67
20.6912 -26.1439 26.966
20.7632 -27.1339 23.317

24.2522 -28.5159 23.297
25.6542 -32.0109 23.972
27.9382 -32.6189 26.937

31.1952 -31.9999 25.182
30.2272 -28.7909 23.61
28.7332 -27.4679 26.829
32.2152 -27.8579 28.25
33.5972 -25.6199 25.393
31.0312 -22.9439 26.244
31.9872 -23.1729 29.917
35.6822 -22.6809 28.944
34.9702 -19.4339 27.031
32.8702 -18.1409 29.87
35.5812 -18.9449 32.31
38.0372 -17.0729 30.249
36.1342 -14.0429 29.203

33.1762 -13.7859 31.369
29.4752 -14.0909 30.683

29.2872 -10.6699 29.194
32.0862 -11.2359 26.697
30.6312 -14.4909 25.477
27.0622 -13.3019 25.266
28.3412 -10.7579 22.792
29.2672 -13.4729 20.226

25.7352 -13.1149 18.959

26.2072 -14.6359 15.572
28.2972 -17.5739 16.693
25.7882 -18.3929 19.482
22.9982 -18.5639 16.984
24.9802 -20.8599 14.716
25.8012 -23.1039 17.613
22.1982 -23.1789 18.595
21.4142 -24.0769 15.107

24.0392 -26.8169 15.082
25.9702 -25.2499 12.196
29.2822 -26.4669 13.491

31.5452 -25.4939 10.609
30.0682 -22.1189 10.204
30.2462 -21.2269 13.86
33.8902 -22.3939 13.951
34.6892 -19.9779 11.165
32.7082 -17.1859 12.831
34.3642 -17.7089 16.177
37.8352 -17.3379 14.537
37.0132 -13.7909 13.538
37.6352 -12.3539 16.963

40.2112 -10.6339 19.036

39.9592 -13.6969 21.167
41.2612 -15.8859 18.509
43.9582 -13.4399 17.386
45.3002 -12.9529 20.906
45.2932 -16.5639 22.115

45.2012 -18.6529 18.974

46.2812 -21.9999 20.285
43.8402 -21.9789 23.079
41.0252 -20.5409 20.891
41.7552 -23.2949 18.366
41.3502 -26.0559 20.929
37.9992 -24.6629 21.98
36.8192 -24.0759 18.422
37.7322 -27.6559 17.429
35.7742 -28.9019 20.357
32.7432 -27.0849 19.159
33.3112 -28.1859 15.65
33.7842 -31.8599 16.338

32.0502 -32.3869 19.538
34.9122 -34.6599 20.72
37.9232 -34.0199 23.009
40.4222 -34.7239 20.233

42.0752 -31.2729 20.631
43.0302 -32.1389 24.18
44.0402 -35.8279 24.009

47.8262 -35.7009 23.962
48.1052 -32.4919 26.126

End chain 1
