36.887 -23.463 8.956
34.76 -20.902 10.706
34.477 -17.198 11.189

36.964 -17.128 14.061
39.617 -19.041 12.22
38.916 -16.953 9.158
39.302 -13.605 10.789
42.19 -14.84 12.785
44.013 -15.477 9.498
43.018 -12.034 8.052
43.819 -9.866 11.138

46.667 -11.773 12.722
47.514 -11.664 16.413
49.57 -8.806 18.102
50.066 -8.48 21.836
51.352 -4.91 21.69
49.663 -1.798 20.443
50.45 -1.367 16.785
49.448 0.755 13.823
47.162 -1.084 11.504
47.332 -0.454 7.847
45.314 2.936 7.988
47.723 4.167 10.708
45.249 3.604 13.564
46.062 2.098 16.866
45.084 -1.481 17.205
45.91 -4.534 19.228

45.084 -8.237 19.563
43.098 -9.676 16.642
42.161 -6.61 14.663

40.766 -4.755 17.691
40.723 -1.118 16.785
41.585 1.052 19.717
41.328 4.608 18.444
41.483 6.59 15.239
43.302 9.256 17.208
46.987 9.868 16.581
47.741 9.755 20.304
49.441 6.8 21.856

48.168 7.991 25.101
44.705 8.016 23.796
45.204 4.406 22.617
46.721 3.263 25.887
43.775 4.818 27.769
41.337 3.106 25.493
43.219 -0.084 25.932
43.078 -0.026 29.76
39.388 0.877 29.673
38.693 -2.057 27.36
40.739 -4.551 29.468

37.689 -4.43411 31.8758
34.1961 -5.47133 32.6866
31.0342 -5.72294 34.8931
28.3732 -5.54653 32.131
26.5089 -3.2117 29.7398
28.2739 -5.01222 26.7652
27.8491 -2.28542 24.1272
25.1923 0.13311 23.2347
23.5973 -2.23158 20.5967
25.0837 -5.62545 21.7339

22.1804 -7.49872 23.3166
21.5666 -4.66627 25.7749
21.5476 -2.10455 22.9678
19.048 -4.16154 20.9769
16.7507 -4.46365 23.9893
16.8691 -0.710953 24.5776
16.0088 -0.0160952 20.9417
13.0474 -2.39345 21.0871
11.7398 -0.725756 24.2418
12.0019 2.71434 22.6481
10.1058 1.53984 19.571
7.33349 0.0757797 21.7189
7.00092 3.31936 23.6712
6.76061 5.33976 20.4614
4.05091 3.04558 19.106
2.04245 3.361 22.3168
2.27805 7.15245 22.2059
1.0913 7.21733 18.5962
-1.88244 5.00366 19.4325
-2.85962 7.24874 22.339

-1.89662 8.95174 19.119
-4.93762 9.29174 16.883

-2.76962 9.16174 13.812
-0.498619 6.27174 14.892
-2.88762 3.94174 16.523
-4.80862 2.96674 13.47
-1.59462 2.24374 11.586
-0.227619 0.234737 14.427
-3.40462 -1.67426 14.723
-3.33262 -2.66426 11.074

0.156381 -4.04626 11.054
1.55838 -7.54126 11.729
3.84238 -8.14926 14.694

7.09938 -7.53026 12.939
6.13138 -4.32126 11.367
4.63738 -2.99826 14.586
8.11938 -3.38826 16.007
9.50138 -1.15026 13.15
6.93538 1.52574 14.001
7.89138 1.29674 17.674
11.5864 1.78874 16.701
10.8744 5.03574 14.788
8.77438 6.32874 17.627
11.4854 5.52474 20.067
13.9414 7.39674 18.006
12.0384 10.4267 16.96

9.08038 10.6837 19.126
5.37938 10.3787 18.44

5.19138 13.7997 16.951
7.99038 13.2337 14.454
6.53538 9.97874 13.234
2.96638 11.1677 13.023
4.24538 13.7117 10.549
5.17138 10.9967 7.98296

1.63938 11.3547 6.71596

2.11138 9.83374 3.32896
4.20138 6.89574 4.44996
1.69238 6.07674 7.23896
-1.09762 5.90574 4.74096
0.884381 3.60974 2.47296
1.70538 1.36574 5.36996
-1.89762 1.29074 6.35196
-2.68162 0.392737 2.86396

-0.0566185 -2.34726 2.83896
1.87438 -0.780263 -0.0470382
5.18638 -1.99726 1.24796

7.44938 -1.02426 -1.63404
5.97238 2.35074 -2.03904
6.15038 3.24274 1.61696
9.79438 2.07574 1.70796
10.5934 4.49174 -1.07804
8.61238 7.28374 0.587962
10.2684 6.76074 3.93396
13.7394 7.13174 2.29396
12.9174 10.6787 1.29496
13.5394 12.1157 4.71996

16.1154 13.8357 6.79296

15.8634 10.7727 8.92396
17.1654 8.58374 6.26596
19.8624 11.0297 5.14296
21.2044 11.5167 8.66296
21.1974 7.90574 9.87196

21.1054 5.81674 6.73096

22.1854 2.46974 8.04196
19.7444 2.49074 10.836
16.9294 3.92874 8.64796
17.6594 1.17474 6.12296
17.2544 -1.58626 8.68596
13.9034 -0.193263 9.73696
12.7234 0.393737 6.17896
13.6364 -3.18626 5.18596
11.6784 -4.43226 8.11396
8.64738 -2.61526 6.91596
9.21538 -3.71626 3.40696
9.68838 -7.39026 4.09496

7.95438 -7.91726 7.29496
10.8164 -10.1903 8.47696
13.8274 -9.55026 10.766
16.3264 -10.2543 7.98996

17.9794 -6.80326 8.38796
18.9344 -7.66926 11.937
19.9444 -11.3583 11.766

23.7304 -11.2313 11.719
24.0094 -8.02226 13.883

End chain 1
