0 0 0
0 0 3.82896
1.81875 1.76129 6.56895

0.91738 -0.879582 9.14892
-1.32163 1.56341 11.0094
-3.11525 2.51599 7.79722
-3.71436 -1.13636 6.9345
-5.14269 -1.81858 10.3895
-7.49907 1.14973 10.1076
-8.72802 -0.0251396 6.70877
-9.3912 -3.51918 8.04845

-6.5432 -5.42618 9.63245
-5.6962 -5.31718 13.3235
-3.6402 -2.45918 15.0125
-3.1442 -2.13318 18.7465
-1.8582 1.43682 18.6005
-3.5472 4.54882 17.3535
-2.7602 4.97982 13.6955
-3.7622 7.10182 10.7335
-6.0482 5.26282 8.41445
-5.8782 5.89282 4.75745
-7.8962 9.28282 4.89845
-5.4872 10.5138 7.61845
-7.9612 9.95082 10.4745
-7.1482 8.44482 13.7765
-8.1262 4.86582 14.1155
-7.3002 1.81282 16.1385

-8.1262 -1.89018 16.4735
-10.1122 -3.32918 13.5525
-11.0492 -0.263184 11.5735

-12.4442 1.59182 14.6015
-12.4872 5.22882 13.6955
-11.6252 7.39882 16.6275
-11.8822 10.9548 15.3545
-11.7272 12.9368 12.1495
-9.9082 15.6028 14.1185
-6.2232 16.2148 13.4915
-5.4692 16.1018 17.2145
-3.7692 13.1468 18.7665

-5.0422 14.3378 22.0115
-8.5052 14.3628 20.7065
-8.0062 10.7528 19.5275
-6.4892 9.60982 22.7975
-9.4352 11.1648 24.6795
-11.8732 9.45282 22.4035
-9.9912 6.26282 22.8425
-10.1322 6.32082 26.6705
-13.8222 7.22382 26.5835
-14.5172 4.28982 24.2705
-12.4712 1.79582 26.3785

-13.2612 3.03482 29.7855
-9.7102 3.55382 30.9255
-6.4842 5.49082 30.6465
-5.0182 3.77782 27.5695
-2.1712 5.90582 26.4885
-3.1412 5.17182 22.8915
-2.6382 1.42682 23.2805
-5.2002 -1.33718 23.6565
-5.2832 -5.00818 23.9945
-6.4942 -7.56418 21.5095

-9.5342 -8.30318 23.6105
-10.3742 -4.59718 23.7385
-9.9352 -4.36918 19.8985
-12.4422 -7.12618 19.4435
-14.9572 -5.77718 21.8125
-14.9732 -2.54218 19.8235
-15.2362 -4.61218 16.6405
-18.2692 -6.46018 17.9325
-19.9632 -3.25118 18.8445
-19.1642 -1.74918 15.4785
-20.4742 -4.69118 13.5035
-23.6022 -4.65118 15.5055
-24.0472 -0.994184 15.0485
-23.5872 -1.32118 11.2475
-26.2422 -3.96118 10.9605
-28.6702 -1.99618 13.1285
-28.0052 1.20482 11.0685
-28.8632 -0.654184 7.88145
-32.0722 -2.02418 9.49745
-33.2692 1.39082 10.5035

-32.3062 3.09382 7.28345
-35.3472 3.43382 5.04745

-33.1792 3.30382 1.97645
-30.9082 0.413816 3.05645
-33.2972 -1.91618 4.68745
-35.2182 -2.89118 1.63445
-32.0042 -3.61418 -0.249547
-30.6372 -5.62318 2.59145
-33.8142 -7.53218 2.88745
-33.7422 -8.52218 -0.761547

-30.2532 -9.90418 -0.781547
-28.8512 -13.3992 -0.106547
-26.5672 -14.0072 2.85845

-23.3102 -13.3882 1.10345
-24.2782 -10.1792 -0.468547
-25.7722 -8.85618 2.75045
-22.2902 -9.24618 4.17145
-20.9082 -7.00818 1.31445
-23.4742 -4.33218 2.16545
-22.5182 -4.56118 5.83845
-18.8232 -4.06918 4.86545
-19.5352 -0.822184 2.95245
-21.6352 0.470816 5.79145
-18.9242 -0.333184 8.23145
-16.4682 1.53882 6.17045
-18.3712 4.56882 5.12445

-21.3292 4.82582 7.29045
-25.0302 4.52082 6.60445

-25.2182 7.94182 5.11545
-22.4192 7.37582 2.61845
-23.8742 4.12082 1.39845
-27.4432 5.30982 1.18745
-26.1642 7.85382 -1.28655
-25.2382 5.13882 -3.85255

-28.7702 5.49682 -5.11955

-28.2982 3.97582 -8.50655
-26.2082 1.03782 -7.38555
-28.7172 0.218816 -4.59655
-31.5072 0.0478161 -7.09455
-29.5252 -2.24818 -9.36255
-28.7042 -4.49218 -6.46555
-32.3072 -4.56718 -5.48355
-33.0912 -5.46518 -8.97155

-30.4662 -8.20518 -8.99655
-28.5352 -6.63818 -11.8825
-25.2232 -7.85518 -10.5875

-22.9602 -6.88218 -13.4695
-24.4372 -3.50718 -13.8745
-24.2592 -2.61518 -10.2185
-20.6152 -3.78218 -10.1275
-19.8162 -1.36618 -12.9135
-21.7972 1.42582 -11.2475
-20.1412 0.902816 -7.90155
-16.6702 1.27382 -9.54155
-17.4922 4.82082 -10.5405
-16.8702 6.25782 -7.11555

-14.2942 7.97782 -5.04255

-14.5462 4.91482 -2.91155
-13.2442 2.72582 -5.56955
-10.5472 5.17182 -6.69255
-9.2052 5.65882 -3.17255
-9.2122 2.04782 -1.96355

-9.3042 -0.0411839 -5.10455

-8.2242 -3.38818 -3.79355
-10.6652 -3.36718 -0.999547
-13.4802 -1.92918 -3.18755
-12.7502 -4.68318 -5.71255
-13.1552 -7.44418 -3.14955
-16.5062 -6.05118 -2.09855
-17.6862 -5.46418 -5.65655
-16.7732 -9.04418 -6.64955
-18.7312 -10.2902 -3.72155
-21.7622 -8.47318 -4.91955
-21.1942 -9.57418 -8.42855
-20.7212 -13.2482 -7.74055

-22.4552 -13.7752 -4.54055
-19.5932 -16.0482 -3.35855
-16.5822 -15.4082 -1.06955
-14.0832 -16.1122 -3.84555

-12.4302 -12.6612 -3.44755
-11.4752 -13.5272 0.101453
-10.4652 -17.2162 -0.0695475

-6.6792 -17.0892 -0.116547
-6.4002 -13.8802 2.04745

End chain 1
