36.887 -23.463 8.956
34.76 -20.902 10.706
34.477 -17.198 11.189

36.964 -17.128 14.061
39.617 -19.041 12.22
38.916 -16.953 9.158
39.302 -13.605 10.789
42.19 -14.84 12.785
44.013 -15.477 9.498
43.018 -12.034 8.052
43.819 -9.866 11.138

46.667 -11.773 12.722
47.514 -11.664 16.413
49.57 -8.806 18.102
50.066 -8.48 21.836
51.352 -4.91 21.69
49.663 -1.798 20.443
50.45 -1.367 16.785
49.448 0.755 13.823
47.162 -1.084 11.504
47.332 -0.454 7.847
45.314 2.936 7.988
47.723 4.167 10.708
45.249 3.604 13.564
46.062 2.098 16.866
45.084 -1.481 17.205
45.91 -4.534 19.228

45.084 -8.237 19.563
43.098 -9.676 16.642
42.161 -6.61 14.663

40.766 -4.755 17.691
40.723 -1.118 16.785
41.585 1.052 19.717
41.328 4.608 18.444
41.483 6.59 15.239
43.302 9.256 17.208
46.987 9.868 16.581
47.741 9.755 20.304
49.441 6.8 21.856

48.168 7.991 25.101
44.705 8.016 23.796
45.204 4.406 22.617
46.721 3.263 25.887
43.775 4.818 27.769
41.337 3.106 25.493
43.219 -0.084 25.932
43.078 -0.026 29.76
39.388 0.877 29.673
38.693 -2.057 27.36
40.739 -4.551 29.468

38.8302 -3.63527 32.6303
36.8962 -0.367565 32.2372
40.0402 1.67194 31.3161
43.1704 -0.370665 31.0553
46.5397 -1.90683 31.284
47.1102 -5.572 31.7089
49.1685 -5.14123 34.7811
52.0116 -2.70324 34.5637
51.205 0.982105 35.366
51.1219 2.98646 32.0743

50.0049 -0.311002 30.5505
47.4118 -0.806996 33.2841
46.0342 2.69391 32.7467
45.7421 2.109 29.003
43.8857 -1.15989 29.5606
41.4465 0.519491 31.9424
40.7588 3.2928 29.4366
40.0911 0.766313 26.6773
37.6655 -1.15108 28.8869
35.7847 2.03559 29.7535
35.4869 2.97305 26.0826
34.1354 -0.470796 25.2129
31.5397 -0.257565 27.9804
30.3974 3.16183 26.7781
30.0323 1.89389 23.2141
27.9641 -1.07401 24.3789
25.6658 1.19169 26.3858
25.1447 3.47559 23.3933
24.2825 0.520059 21.1652
21.7528 -0.770069 23.6909

22.7158 0.932931 20.4709
19.6748 1.27293 18.2349

21.8428 1.14293 15.1639
24.1138 -1.74707 16.2439
21.7248 -4.07707 17.8749
19.8038 -5.05207 14.8219
23.0178 -5.77507 12.9379
24.3848 -7.78407 15.7789
21.2078 -9.69307 16.0749
21.2798 -10.6831 12.4259

24.7688 -12.0651 12.4059
26.1708 -15.5601 13.0809
28.4548 -16.1681 16.0459

31.7118 -15.5491 14.2909
30.7438 -12.3401 12.7189
29.2498 -11.0171 15.9379
32.7318 -11.4071 17.3589
34.1138 -9.16907 14.5019
31.5478 -6.49307 15.3529
32.5038 -6.72207 19.0259
36.1988 -6.23007 18.0529
35.4868 -2.98307 16.1399
33.3868 -1.69007 18.9789
36.0978 -2.49407 21.4189
38.5538 -0.622069 19.3579
36.6508 2.40793 18.3119

33.6928 2.66493 20.4779
29.9918 2.35993 19.7919

29.8038 5.78093 18.3029
32.6028 5.21493 15.8059
31.1478 1.95993 14.5859
27.5788 3.14893 14.3749
28.8578 5.69293 11.9009
29.7838 2.97793 9.33492

26.2518 3.33593 8.06792

26.7238 1.81493 4.68092
28.8138 -1.12307 5.80192
26.3048 -1.94207 8.59092
23.5148 -2.11307 6.09292
25.4968 -4.40907 3.82492
26.3178 -6.65307 6.72192
22.7148 -6.72807 7.70392
21.9308 -7.62607 4.21592

24.5558 -10.3661 4.19092
26.4868 -8.79907 1.30492
29.7988 -10.0161 2.59992

32.0618 -9.04307 -0.282078
30.5848 -5.66807 -0.687078
30.7628 -4.77607 2.96892
34.4068 -5.94307 3.05992
35.2058 -3.52707 0.273922
33.2248 -0.735069 1.93992
34.8808 -1.25807 5.28592
38.3518 -0.887069 3.64592
37.5298 2.65993 2.64692
38.1518 4.09693 6.07192

40.7278 5.81693 8.14492

40.4758 2.75393 10.2759
41.7778 0.564931 7.61792
44.4748 3.01093 6.49492
45.8168 3.49793 10.0149
45.8098 -0.113069 11.2239

45.7178 -2.20207 8.08292

46.7978 -5.54907 9.39392
44.3568 -5.52807 12.1879
41.5418 -4.09007 9.99992
42.2718 -6.84407 7.47492
41.8668 -9.60507 10.0379
38.5158 -8.21207 11.0889
37.3358 -7.62507 7.53092
38.2488 -11.2051 6.53792
36.2908 -12.4511 9.46592
33.2598 -10.6341 8.26792
33.8278 -11.7351 4.75892
34.3008 -15.4091 5.44692

32.5668 -15.9361 8.64692
35.4288 -18.2091 9.82892
38.4398 -17.5691 12.1179
40.9388 -18.2731 9.34192

42.5918 -14.8221 9.73992
43.5468 -15.6881 13.2889
44.5568 -19.3771 13.1179

48.3428 -19.2501 13.0709
48.6218 -16.0411 15.2349

End chain 1
