36.887 -23.463 8.956
34.76 -20.902 10.706
34.477 -17.198 11.189

36.964 -17.128 14.061
39.617 -19.041 12.22
38.916 -16.953 9.158
39.302 -13.605 10.789
42.19 -14.84 12.785
44.013 -15.477 9.498
43.018 -12.034 8.052
43.819 -9.866 11.138

46.667 -11.773 12.722
47.514 -11.664 16.413
49.57 -8.806 18.102
50.066 -8.48 21.836
51.352 -4.91 21.69
49.663 -1.798 20.443
50.45 -1.367 16.785
49.448 0.755 13.823
47.162 -1.084 11.504
47.332 -0.454 7.847
45.314 2.936 7.988
47.723 4.167 10.708
45.249 3.604 13.564
46.062 2.098 16.866
45.084 -1.481 17.205
45.91 -4.534 19.228

45.084 -8.237 19.563
43.098 -9.676 16.642
42.161 -6.61 14.663

45.9032 -7.08448 13.7576
49.7111 -7.16441 14.1704
51.0784 -3.80155 15.0728
48.9453 -4.21222 18.2869
49.7016 -7.60675 19.7894
48.8824 -10.605 21.8229
50.4199 -13.7811 20.1805
52.5092 -11.8526 17.6167
54.0427 -10.2664 20.7812

56.1494 -8.95723 23.6606
56.2882 -12.4047 25.2539
57.3881 -13.9818 21.9758
60.1471 -11.4033 21.5491
61.4118 -12.0305 25.0776
61.4976 -15.7832 24.4837
63.4565 -15.3258 21.2593
65.9924 -13.0958 23.0026
66.4698 -15.6455 25.7801
67.0317 -18.4319 23.2576
69.6249 -16.3626 21.404

68.8349 -15.1236 24.811
72.3859 -14.6046 25.951
75.6119 -12.6676 25.672
77.0779 -14.3806 22.595
79.9249 -12.2526 21.514
78.9549 -12.9866 17.917
79.4579 -16.7316 18.306
76.8959 -19.4956 18.682
76.8129 -23.1666 19.02
75.6019 -25.7226 16.535

72.5619 -26.4616 18.636
71.7219 -22.7556 18.764
72.1609 -22.5276 14.924
69.6539 -25.2846 14.469
67.1389 -23.9356 16.838
67.1229 -20.7006 14.849
66.8599 -22.7706 11.666
63.8269 -24.6186 12.958
62.1329 -21.4096 13.87
62.9319 -19.9076 10.504
61.6219 -22.8496 8.52897
58.4939 -22.8096 10.531
58.0489 -19.1526 10.074
58.5089 -19.4796 6.27297
55.8539 -22.1196 5.98597
53.4259 -20.1546 8.15397
54.0909 -16.9536 6.09397
53.2329 -18.8126 2.90697
50.0239 -20.1826 4.52297
48.8269 -16.7676 5.52897

49.7899 -15.0646 2.30897
46.7489 -14.7246 0.0729717

48.9169 -14.8546 -2.99803
51.1879 -17.7446 -1.91803
48.7989 -20.0746 -0.287028
46.8779 -21.0496 -3.34003
50.0919 -21.7726 -5.22403
51.4589 -23.7816 -2.38303
48.2819 -25.6906 -2.08703
48.3539 -26.6806 -5.73603

51.8429 -28.0626 -5.75603
53.2449 -31.5576 -5.08103
55.5289 -32.1656 -2.11603

58.7859 -31.5466 -3.87103
57.8179 -28.3376 -5.44303
56.3239 -27.0146 -2.22403
59.8059 -27.4046 -0.803028
61.1879 -25.1666 -3.66003
58.6219 -22.4906 -2.80903
59.5779 -22.7196 0.863972
63.2729 -22.2276 -0.109028
62.5609 -18.9806 -2.02203
60.4609 -17.6876 0.816972
63.1719 -18.4916 3.25697
65.6279 -16.6196 1.19597
63.7249 -13.5896 0.149972

60.7669 -13.3326 2.31597
57.0659 -13.6376 1.62997

56.8779 -10.2166 0.140972
59.6769 -10.7826 -2.35603
58.2219 -14.0376 -3.57603
54.6529 -12.8486 -3.78703
55.9319 -10.3046 -6.26103
56.8579 -13.0196 -8.82703

53.3259 -12.6616 -10.094

53.7979 -14.1826 -13.481
55.8879 -17.1206 -12.36
53.3789 -17.9396 -9.57103
50.5889 -18.1106 -12.069
52.5709 -20.4066 -14.337
53.3919 -22.6506 -11.44
49.7889 -22.7256 -10.458
49.0049 -23.6236 -13.946

51.6299 -26.3636 -13.971
53.5609 -24.7966 -16.857
56.8729 -26.0136 -15.562

59.1359 -25.0406 -18.444
57.6589 -21.6656 -18.849
57.8369 -20.7736 -15.193
61.4809 -21.9406 -15.102
62.2799 -19.5246 -17.888
60.2989 -16.7326 -16.222
61.9549 -17.2556 -12.876
65.4259 -16.8846 -14.516
64.6039 -13.3376 -15.515
65.2259 -11.9006 -12.09

67.8019 -10.1806 -10.017

67.5499 -13.2436 -7.88603
68.8519 -15.4326 -10.544
71.5489 -12.9866 -11.667
72.8909 -12.4996 -8.14703
72.8839 -16.1106 -6.93803

72.7919 -18.1996 -10.079

73.8719 -21.5466 -8.76803
71.4309 -21.5256 -5.97403
68.6159 -20.0876 -8.16203
69.3459 -22.8416 -10.687
68.9409 -25.6026 -8.12403
65.5899 -24.2096 -7.07303
64.4099 -23.6226 -10.631
65.3229 -27.2026 -11.624
63.3649 -28.4486 -8.69603
60.3339 -26.6316 -9.89403
60.9019 -27.7326 -13.403
61.3749 -31.4066 -12.715

59.6409 -31.9336 -9.51503
62.5029 -34.2066 -8.33303
65.5139 -33.5666 -6.04403
68.0129 -34.2706 -8.82003

69.6659 -30.8196 -8.42203
70.6209 -31.6856 -4.87303
71.6309 -35.3746 -5.04403

75.4169 -35.2476 -5.09103
75.6959 -32.0386 -2.92703

End chain 1
