36.887 -23.463 8.956
34.76 -20.902 10.706
34.477 -17.198 11.189

36.964 -17.128 14.061
39.617 -19.041 12.22
38.916 -16.953 9.158
39.302 -13.605 10.789
42.19 -14.84 12.785
44.013 -15.477 9.498
43.018 -12.034 8.052
43.819 -9.866 11.138

46.667 -11.773 12.722
47.514 -11.664 16.413
49.57 -8.806 18.102
50.066 -8.48 21.836
51.352 -4.91 21.69
49.663 -1.798 20.443
50.45 -1.367 16.785
49.448 0.755 13.823
47.162 -1.084 11.504
47.332 -0.454 7.847
45.314 2.936 7.988
47.723 4.167 10.708
45.249 3.604 13.564
46.062 2.098 16.866
45.084 -1.481 17.205
45.91 -4.534 19.228

45.084 -8.237 19.563
43.098 -9.676 16.642
42.161 -6.61 14.663

40.766 -4.755 17.691
40.723 -1.118 16.785
41.585 1.052 19.717
41.328 4.608 18.444
41.483 6.59 15.239
43.302 9.256 17.208
46.987 9.868 16.581
47.741 9.755 20.304
49.441 6.8 21.856

48.168 7.991 25.101
44.705 8.016 23.796
45.204 4.406 22.617
46.721 3.263 25.887
43.775 4.818 27.769
41.337 3.106 25.493
43.219 -0.084 25.932
43.078 -0.026 29.76
39.388 0.877 29.673
38.693 -2.057 27.36
40.739 -4.551 29.468

39.949 -3.312 32.875
43.5 -2.793 34.015
46.726 -0.856 33.736
48.192 -2.569 30.659
51.039 -0.441 29.578
50.069 -1.175 25.981
50.572 -4.92 26.37
48.01 -7.684 26.746
47.927 -11.355 27.084
46.716 -13.911 24.599

43.676 -14.65 26.7
42.836 -10.944 26.828
43.275 -10.716 22.988
40.768 -13.473 22.533
38.253 -12.124 24.902
38.237 -8.889 22.913
37.974 -10.959 19.73
34.941 -12.807 21.022
33.247 -9.598 21.934
34.046 -8.096 18.568
32.736 -11.038 16.593
29.608 -10.998 18.595
29.163 -7.341 18.138
29.623 -7.668 14.337
26.968 -10.308 14.05
24.54 -8.343 16.218
25.205 -5.142 14.158
24.347 -7.001 10.971
21.138 -8.371 12.587
19.941 -4.956 13.593

20.904 -3.253 10.373
17.863 -2.913 8.137

20.031 -3.043 5.066
22.302 -5.933 6.146
19.913 -8.263 7.777
17.992 -9.238 4.724
21.206 -9.961 2.84
22.573 -11.97 5.681
19.396 -13.879 5.977
19.468 -14.869 2.328

22.957 -16.251 2.308
24.359 -19.746 2.983
26.643 -20.354 5.948

29.9 -19.735 4.193
28.932 -16.526 2.621
27.438 -15.203 5.84
30.92 -15.593 7.261
32.302 -13.355 4.404
29.736 -10.679 5.255
30.692 -10.908 8.928
34.387 -10.416 7.955
33.675 -7.169 6.042
31.575 -5.876 8.881
34.286 -6.68 11.321
36.742 -4.808 9.26
34.839 -1.778 8.214

31.8063 -1.44444 10.4422
32.7334 -4.25553 12.7348

36.2984 -5.56658 12.6148
35.6138 -7.97001 15.478
32.4942 -9.28817 13.7536
34.4068 -9.8627 10.5202
37.1372 -11.7614 12.3593
34.5728 -13.9783 14.0773

31.0408 -13.6203 12.8103

31.5128 -15.1413 9.42333
33.6028 -18.0793 10.5443
31.0938 -18.8983 13.3333
28.3038 -19.0693 10.8353
30.2858 -21.3653 8.56733
31.1068 -23.6093 11.4643
27.5038 -23.6843 12.4463
26.7198 -24.5823 8.95833

29.3448 -27.3223 8.93333
31.2758 -25.7553 6.04733
34.5878 -26.9723 7.34233

36.8508 -25.9993 4.46033
35.3738 -22.6243 4.05533
35.5518 -21.7323 7.71133
39.1958 -22.8993 7.80233
39.9948 -20.4833 5.01633
38.0138 -17.6913 6.68233
39.6698 -18.2143 10.0283
43.1408 -17.8433 8.38833
42.3188 -14.2963 7.38933
42.9408 -12.8593 10.8143

45.5168 -11.1393 12.8873

45.2648 -14.2023 15.0183
46.5668 -16.3913 12.3603
49.2638 -13.9453 11.2373
50.6058 -13.4583 14.7573
50.5988 -17.0693 15.9663

50.5068 -19.1583 12.8253

51.5868 -22.5053 14.1363
49.1458 -22.4843 16.9303
46.3308 -21.0463 14.7423
47.0608 -23.8003 12.2173
46.6558 -26.5613 14.7803
43.3048 -25.1683 15.8313
42.1248 -24.5813 12.2733
43.0378 -28.1613 11.2803
41.0798 -29.4073 14.2083
38.0488 -27.5903 13.0103
38.6168 -28.6913 9.50133
39.0898 -32.3653 10.1893

37.3558 -32.8923 13.3893
40.2178 -35.1653 14.5713
43.2288 -34.5253 16.8603
45.7278 -35.2293 14.0843

47.3808 -31.7783 14.4823
48.3358 -32.6443 18.0313
49.3458 -36.3333 17.8603

53.1318 -36.2063 17.8133
53.4108 -32.9973 19.9773

End chain 1
