36.887 -23.463 8.956
34.76 -20.902 10.706
34.477 -17.198 11.189

36.964 -17.128 14.061
39.617 -19.041 12.22
38.916 -16.953 9.158
39.302 -13.605 10.789
42.19 -14.84 12.785
44.013 -15.477 9.498
43.018 -12.034 8.052
43.819 -9.866 11.138

46.667 -11.773 12.722
47.514 -11.664 16.413
49.57 -8.806 18.102
50.066 -8.48 21.836
51.352 -4.91 21.69
49.663 -1.798 20.443
50.45 -1.367 16.785
49.448 0.755 13.823
47.162 -1.084 11.504
47.332 -0.454 7.847
45.314 2.936 7.988
47.723 4.167 10.708
45.249 3.604 13.564
46.062 2.098 16.866
45.084 -1.481 17.205
45.91 -4.534 19.228

45.084 -8.237 19.563
43.098 -9.676 16.642
42.161 -6.61 14.663

40.766 -4.755 17.691
40.723 -1.118 16.785
41.585 1.052 19.717
41.328 4.608 18.444
41.483 6.59 15.239
43.302 9.256 17.208
46.987 9.868 16.581
47.741 9.755 20.304
49.441 6.8 21.856

48.168 7.991 25.101
44.705 8.016 23.796
45.204 4.406 22.617
46.721 3.263 25.887
43.775 4.818 27.769
41.337 3.106 25.493
43.219 -0.084 25.932
43.078 -0.026 29.76
39.388 0.877 29.673
38.693 -2.057 27.36
40.739 -4.551 29.468

39.949 -3.312 32.875
43.5 -2.793 34.015
46.726 -0.856 33.736
48.192 -2.569 30.659
51.039 -0.441 29.578
50.069 -1.175 25.981
50.572 -4.92 26.37
48.01 -7.684 26.746
47.927 -11.355 27.084
46.716 -13.911 24.599

43.676 -14.65 26.7
42.836 -10.944 26.828
43.275 -10.716 22.988
40.768 -13.473 22.533
38.253 -12.124 24.902
38.237 -8.889 22.913
37.974 -10.959 19.73
34.941 -12.807 21.022
33.247 -9.598 21.934
34.046 -8.096 18.568
32.736 -11.038 16.593
29.608 -10.998 18.595
29.163 -7.341 18.138
29.623 -7.668 14.337
26.968 -10.308 14.05
24.54 -8.343 16.218
25.205 -5.142 14.158
24.347 -7.001 10.971
21.138 -8.371 12.587
19.941 -4.956 13.593

20.904 -3.253 10.373
17.863 -2.913 8.137

20.031 -3.043 5.066
22.302 -5.933 6.146
19.913 -8.263 7.777
17.992 -9.238 4.724
21.206 -9.961 2.84
22.573 -11.97 5.681
19.396 -13.879 5.977
19.468 -14.869 2.328

22.957 -16.251 2.308
24.359 -19.746 2.983
26.643 -20.354 5.948

29.9 -19.735 4.193
28.932 -16.526 2.621
27.438 -15.203 5.84
30.92 -15.593 7.261
32.302 -13.355 4.404
29.736 -10.679 5.255
30.692 -10.908 8.928
34.387 -10.416 7.955
33.675 -7.169 6.042
31.575 -5.876 8.881
34.286 -6.68 11.321
36.742 -4.808 9.26
34.839 -1.778 8.214

31.881 -1.521 10.38
28.18 -1.826 9.694

27.992 1.595 8.205
30.791 1.029 5.708
29.336 -2.226 4.488
25.767 -1.037 4.277
27.046 1.507 1.803
27.972 -1.208 -0.763

25.9128 -4.44187 -0.0828379

29.178 -6.17641 -0.962022
28.7402 -8.65505 1.88537
25.1981 -9.46055 0.768423
26.3565 -10.0596 -2.80121
29.1087 -12.3981 -1.61838
26.6484 -14.3841 0.490012
24.2691 -14.744 -2.45148
27.0764 -15.9788 -4.69582

29.7014 -18.7188 -4.72082
31.6324 -17.1518 -7.60682
34.9444 -18.3688 -6.31182

37.2074 -17.3958 -9.19382
35.7304 -14.0208 -9.59882
35.9084 -13.1288 -5.94282
39.5524 -14.2958 -5.85182
40.3514 -11.8798 -8.63782
38.3704 -9.08783 -6.97182
40.0264 -9.61083 -3.62582
43.4974 -9.23983 -5.26582
42.6754 -5.69283 -6.26482
43.2974 -4.25583 -2.83982

45.8734 -2.53583 -0.766823

45.6214 -5.59883 1.36418
46.9234 -7.78783 -1.29382
49.6204 -5.34183 -2.41682
50.9624 -4.85483 1.10318
50.9554 -8.46583 2.31218

50.8634 -10.5548 -0.828823

51.9434 -13.9018 0.482177
49.5024 -13.8808 3.27618
46.6874 -12.4428 1.08818
47.4174 -15.1968 -1.43682
47.0124 -17.9578 1.12618
43.6614 -16.5648 2.17718
42.4814 -15.9778 -1.38082
43.3944 -19.5578 -2.37382
41.4364 -20.8038 0.554177
38.4054 -18.9868 -0.643823
38.9734 -20.0878 -4.15282
39.4464 -23.7618 -3.46482

37.7124 -24.2888 -0.264823
40.5744 -26.5618 0.917177
43.5854 -25.9218 3.20618
46.0844 -26.6258 0.430177

47.7374 -23.1748 0.828177
48.6924 -24.0408 4.37718
49.7024 -27.7298 4.20618

53.4884 -27.6028 4.15918
53.7674 -24.3938 6.32318

End chain 1
