36.887 -23.463 8.956
34.76 -20.902 10.706
34.477 -17.198 11.189

36.964 -17.128 14.061
39.617 -19.041 12.22
38.916 -16.953 9.158
39.302 -13.605 10.789
42.19 -14.84 12.785
44.013 -15.477 9.498
43.018 -12.034 8.052
43.819 -9.866 11.138

46.667 -11.773 12.722
47.514 -11.664 16.413
49.57 -8.806 18.102
50.066 -8.48 21.836
51.352 -4.91 21.69
49.663 -1.798 20.443
50.45 -1.367 16.785
49.448 0.755 13.823
47.162 -1.084 11.504
47.332 -0.454 7.847
45.314 2.936 7.988
47.723 4.167 10.708
45.249 3.604 13.564
46.062 2.098 16.866
45.084 -1.481 17.205
45.91 -4.534 19.228

45.084 -8.237 19.563
43.098 -9.676 16.642
42.161 -6.61 14.663

40.766 -4.755 17.691
40.723 -1.118 16.785
41.585 1.052 19.717
41.328 4.608 18.444
41.483 6.59 15.239
43.302 9.256 17.208
46.987 9.868 16.581
47.741 9.755 20.304
49.441 6.8 21.856

48.168 7.991 25.101
44.705 8.016 23.796
45.204 4.406 22.617
46.721 3.263 25.887
43.775 4.818 27.769
41.337 3.106 25.493
43.219 -0.084 25.932
43.078 -0.026 29.76
39.388 0.877 29.673
38.693 -2.057 27.36
40.739 -4.551 29.468

39.949 -3.312 32.875
43.5 -2.793 34.015
46.726 -0.856 33.736
48.192 -2.569 30.659
51.039 -0.441 29.578
50.069 -1.175 25.981
50.572 -4.92 26.37
48.01 -7.684 26.746
47.927 -11.355 27.084
46.716 -13.911 24.599

43.676 -14.65 26.7
42.836 -10.944 26.828
43.275 -10.716 22.988
40.768 -13.473 22.533
38.253 -12.124 24.902
38.237 -8.889 22.913
37.974 -10.959 19.73
34.941 -12.807 21.022
33.247 -9.598 21.934
34.046 -8.096 18.568
32.736 -11.038 16.593
29.608 -10.998 18.595
29.163 -7.341 18.138
29.623 -7.668 14.337
26.968 -10.308 14.05
24.54 -8.343 16.218
25.205 -5.142 14.158
24.347 -7.001 10.971
21.138 -8.371 12.587
19.941 -4.956 13.593

20.904 -3.253 10.373
17.863 -2.913 8.137

20.031 -3.043 5.066
22.302 -5.933 6.146
19.913 -8.263 7.777
17.992 -9.238 4.724
21.206 -9.961 2.84
22.573 -11.97 5.681
19.396 -13.879 5.977
19.468 -14.869 2.328

22.957 -16.251 2.308
24.359 -19.746 2.983
26.643 -20.354 5.948

29.9 -19.735 4.193
28.932 -16.526 2.621
27.438 -15.203 5.84
30.92 -15.593 7.261
32.302 -13.355 4.404
29.736 -10.679 5.255
30.692 -10.908 8.928
34.387 -10.416 7.955
33.675 -7.169 6.042
31.575 -5.876 8.881
34.286 -6.68 11.321
36.742 -4.808 9.26
34.839 -1.778 8.214

32.5765 -1.06553 11.299
30.9235 -1.00844 14.6329

27.1841 -1.53278 14.2034
26.4238 0.838064 17.0746
28.6758 3.51449 15.5886
26.9807 3.19754 12.2021
23.5416 3.53688 13.7834
24.6101 6.65871 15.669

21.0781 7.01671 14.402

21.5501 5.49571 11.015
23.6401 2.55771 12.136
21.1311 1.73871 14.925
18.3411 1.56771 12.427
20.3231 -0.728289 10.159
21.1441 -2.97229 13.056
17.5411 -3.04729 14.038
16.7571 -3.94529 10.55

19.3821 -6.68529 10.525
21.3131 -5.11829 7.63902
24.6251 -6.33529 8.93402

26.8881 -5.36229 6.05202
25.4111 -1.98729 5.64702
25.5891 -1.09529 9.30302
29.2331 -2.26229 9.39402
30.0321 0.153711 6.60802
28.0511 2.94571 8.27402
29.7071 2.42271 11.62
33.1781 2.79371 9.98002
32.3561 6.34071 8.98102
32.9781 7.77771 12.406

35.5541 9.49771 14.479

35.3021 6.43471 16.61
36.6041 4.24571 13.952
39.3011 6.69171 12.829
40.6431 7.17871 16.349
40.6361 3.56771 17.558

40.5441 1.47871 14.417

41.6241 -1.86829 15.728
39.1831 -1.84729 18.522
36.3681 -0.409289 16.334
37.0981 -3.16329 13.809
36.6931 -5.92429 16.372
33.3421 -4.53129 17.423
32.1621 -3.94429 13.865
33.0751 -7.52429 12.872
31.1171 -8.77029 15.8
28.0861 -6.95329 14.602
28.6541 -8.05429 11.093
29.1271 -11.7283 11.781

27.3931 -12.2553 14.981
30.2551 -14.5283 16.163
33.2661 -13.8883 18.452
35.7651 -14.5923 15.676

37.4181 -11.1413 16.074
38.3731 -12.0073 19.623
39.3831 -15.6963 19.452

43.1691 -15.5693 19.405
43.4481 -12.3603 21.569

End chain 1
