36.887 -23.463 8.956
34.76 -20.902 10.706
34.477 -17.198 11.189

36.964 -17.128 14.061
39.617 -19.041 12.22
38.916 -16.953 9.158
39.302 -13.605 10.789
42.19 -14.84 12.785
44.013 -15.477 9.498
43.018 -12.034 8.052
43.819 -9.866 11.138

46.667 -11.773 12.722
47.514 -11.664 16.413
49.57 -8.806 18.102
50.066 -8.48 21.836
51.352 -4.91 21.69
49.663 -1.798 20.443
50.45 -1.367 16.785
49.448 0.755 13.823
47.162 -1.084 11.504
47.332 -0.454 7.847
45.314 2.936 7.988
47.723 4.167 10.708
45.249 3.604 13.564
46.062 2.098 16.866
45.084 -1.481 17.205
45.91 -4.534 19.228

45.084 -8.237 19.563
43.098 -9.676 16.642
42.161 -6.61 14.663

40.766 -4.755 17.691
40.723 -1.118 16.785
41.585 1.052 19.717
41.328 4.608 18.444
41.483 6.59 15.239
43.302 9.256 17.208
46.987 9.868 16.581
47.741 9.755 20.304
49.441 6.8 21.856

48.168 7.991 25.101
44.705 8.016 23.796
45.204 4.406 22.617
46.721 3.263 25.887
43.775 4.818 27.769
41.337 3.106 25.493
43.219 -0.084 25.932
43.078 -0.026 29.76
39.388 0.877 29.673
38.693 -2.057 27.36
40.739 -4.551 29.468

39.949 -3.312 32.875
43.5 -2.793 34.015
46.726 -0.856 33.736
48.192 -2.569 30.659
51.039 -0.441 29.578
50.069 -1.175 25.981
50.572 -4.92 26.37
48.01 -7.684 26.746
47.927 -11.355 27.084
46.716 -13.911 24.599

43.676 -14.65 26.7
42.836 -10.944 26.828
43.275 -10.716 22.988
40.768 -13.473 22.533
38.253 -12.124 24.902
38.237 -8.889 22.913
37.974 -10.959 19.73
34.941 -12.807 21.022
33.247 -9.598 21.934
34.046 -8.096 18.568
32.736 -11.038 16.593
29.608 -10.998 18.595
29.163 -7.341 18.138
29.623 -7.668 14.337
26.968 -10.308 14.05
24.54 -8.343 16.218
25.205 -5.142 14.158
24.347 -7.001 10.971
21.138 -8.371 12.587
19.941 -4.956 13.593

20.904 -3.253 10.373
17.863 -2.913 8.137

20.031 -3.043 5.066
22.302 -5.933 6.146
19.913 -8.263 7.777
17.992 -9.238 4.724
21.206 -9.961 2.84
22.573 -11.97 5.681
19.396 -13.879 5.977
19.468 -14.869 2.328

22.957 -16.251 2.308
24.359 -19.746 2.983
26.643 -20.354 5.948

29.9 -19.735 4.193
28.932 -16.526 2.621
27.438 -15.203 5.84
30.92 -15.593 7.261
32.302 -13.355 4.404
29.736 -10.679 5.255
30.692 -10.908 8.928
34.387 -10.416 7.955
33.675 -7.169 6.042
31.575 -5.876 8.881
34.286 -6.68 11.321
36.742 -4.808 9.26
34.839 -1.778 8.214

32.8462 -0.551137 11.2839
31.6022 1.32534 14.3944

32.2264 -0.940928 17.3806
28.8338 -0.0837641 18.8631
27.0945 -0.846744 15.5713
28.8408 -4.21255 15.3174
27.8137 -5.12183 18.8615
24.1922 -4.21766 18.1474

20.6602 -3.85966 16.8804

21.1322 -5.38066 13.4934
23.2222 -8.31866 14.6144
20.7132 -9.13766 17.4034
17.9232 -9.30866 14.9054
19.9052 -11.6047 12.6374
20.7262 -13.8487 15.5344
17.1232 -13.9237 16.5164
16.3392 -14.8217 13.0284

18.9642 -17.5617 13.0034
20.8952 -15.9947 10.1174
24.2072 -17.2117 11.4124

26.4702 -16.2387 8.53044
24.9932 -12.8637 8.12544
25.1712 -11.9717 11.7814
28.8152 -13.1387 11.8724
29.6142 -10.7227 9.08644
27.6332 -7.93066 10.7524
29.2892 -8.45366 14.0984
32.7602 -8.08266 12.4584
31.9382 -4.53566 11.4594
32.5602 -3.09866 14.8844

35.1362 -1.37866 16.9574

34.8842 -4.44166 19.0884
36.1862 -6.63066 16.4304
38.8832 -4.18466 15.3074
40.2252 -3.69766 18.8274
40.2182 -7.30866 20.0364

40.1262 -9.39766 16.8954

41.2062 -12.7447 18.2064
38.7652 -12.7237 21.0004
35.9502 -11.2857 18.8124
36.6802 -14.0397 16.2874
36.2752 -16.8007 18.8504
32.9242 -15.4077 19.9014
31.7442 -14.8207 16.3434
32.6572 -18.4007 15.3504
30.6992 -19.6467 18.2784
27.6682 -17.8297 17.0804
28.2362 -18.9307 13.5714
28.7092 -22.6047 14.2594

26.9752 -23.1317 17.4594
29.8372 -25.4047 18.6414
32.8482 -24.7647 20.9304
35.3472 -25.4687 18.1544

37.0002 -22.0177 18.5524
37.9552 -22.8837 22.1014
38.9652 -26.5727 21.9304

42.7512 -26.4457 21.8834
43.0302 -23.2367 24.0474

End chain 1
