36.887 -23.463 8.956
34.76 -20.902 10.706
34.477 -17.198 11.189

36.964 -17.128 14.061
39.617 -19.041 12.22
38.916 -16.953 9.158
39.302 -13.605 10.789
42.19 -14.84 12.785
44.013 -15.477 9.498
43.018 -12.034 8.052
43.819 -9.866 11.138

46.667 -11.773 12.722
47.514 -11.664 16.413
49.57 -8.806 18.102
50.066 -8.48 21.836
51.352 -4.91 21.69
49.663 -1.798 20.443
50.45 -1.367 16.785
49.448 0.755 13.823
47.162 -1.084 11.504
47.332 -0.454 7.847
45.314 2.936 7.988
47.723 4.167 10.708
45.249 3.604 13.564
46.062 2.098 16.866
45.084 -1.481 17.205
45.91 -4.534 19.228

45.084 -8.237 19.563
43.098 -9.676 16.642
42.161 -6.61 14.663

40.766 -4.755 17.691
40.723 -1.118 16.785
41.585 1.052 19.717
41.328 4.608 18.444
41.483 6.59 15.239
43.302 9.256 17.208
46.987 9.868 16.581
47.741 9.755 20.304
49.441 6.8 21.856

48.168 7.991 25.101
44.705 8.016 23.796
45.204 4.406 22.617
46.721 3.263 25.887
43.775 4.818 27.769
41.337 3.106 25.493
43.219 -0.084 25.932
43.078 -0.026 29.76
39.388 0.877 29.673
38.693 -2.057 27.36
40.739 -4.551 29.468

39.949 -3.312 32.875
43.5 -2.793 34.015
46.726 -0.856 33.736
48.192 -2.569 30.659
51.039 -0.441 29.578
50.069 -1.175 25.981
50.572 -4.92 26.37
48.01 -7.684 26.746
47.927 -11.355 27.084
46.716 -13.911 24.599

43.676 -14.65 26.7
42.836 -10.944 26.828
43.275 -10.716 22.988
40.768 -13.473 22.533
38.253 -12.124 24.902
38.237 -8.889 22.913
37.974 -10.959 19.73
34.941 -12.807 21.022
33.247 -9.598 21.934
34.046 -8.096 18.568
32.736 -11.038 16.593
29.608 -10.998 18.595
29.163 -7.341 18.138
29.623 -7.668 14.337
26.968 -10.308 14.05
24.54 -8.343 16.218
25.205 -5.142 14.158
24.347 -7.001 10.971
21.138 -8.371 12.587
19.941 -4.956 13.593

20.904 -3.253 10.373
17.863 -2.913 8.137

20.031 -3.043 5.066
22.302 -5.933 6.146
19.913 -8.263 7.777
17.992 -9.238 4.724
21.206 -9.961 2.84
22.573 -11.97 5.681
19.396 -13.879 5.977
19.468 -14.869 2.328

22.2243 -17.5437 2.43281
23.2608 -21.0887 2.86907
24.5075 -22.2744 -0.42156

21.8731 -24.3755 -2.17895
19.2947 -23.5474 0.487317
20.0249 -19.8308 0.176539
19.6359 -19.9716 -3.60126
16.2981 -21.7614 -3.28794
15.0269 -19.1638 -0.82222
16.0405 -16.3271 -3.13926
14.2533 -17.9546 -6.07183
11.0812 -18.3867 -4.02385
11.155 -14.7388 -2.96077
11.5707 -13.5973 -6.56176
8.63055 -15.7304 -7.67911
6.42698 -14.3049 -4.93048

3.46898 -14.0479 -2.76448
-0.232019 -14.3529 -3.45048

-0.420019 -10.9319 -4.93948
2.37898 -11.4979 -7.43648
0.923981 -14.7529 -8.65648
-2.64502 -13.5639 -8.86748
-1.36602 -11.0199 -11.3415
-0.440019 -13.7349 -13.9075

-3.97202 -13.3769 -15.1745

-3.50002 -14.8979 -18.5615
-1.41002 -17.8359 -17.4405
-3.91902 -18.6549 -14.6515
-6.70902 -18.8259 -17.1495
-4.72702 -21.1219 -19.4175
-3.90602 -23.3659 -16.5205
-7.50902 -23.4409 -15.5385
-8.29302 -24.3389 -19.0265

-5.66802 -27.0789 -19.0515
-3.73702 -25.5119 -21.9375
-0.425019 -26.7289 -20.6425

1.83798 -25.7559 -23.5245
0.360981 -22.3809 -23.9295
0.538981 -21.4889 -20.2735
4.18298 -22.6559 -20.1825
4.98198 -20.2399 -22.9685
3.00098 -17.4479 -21.3025
4.65698 -17.9709 -17.9565
8.12798 -17.5999 -19.5965
7.30598 -14.0529 -20.5955
7.92798 -12.6159 -17.1705

10.504 -10.8959 -15.0975

10.252 -13.9589 -12.9665
11.554 -16.1479 -15.6245
14.251 -13.7019 -16.7475
15.593 -13.2149 -13.2275
15.586 -16.8259 -12.0185

15.494 -18.9149 -15.1595

16.574 -22.2619 -13.8485
14.133 -22.2409 -11.0545
11.318 -20.8029 -13.2425
12.048 -23.5569 -15.7675
11.643 -26.3179 -13.2045
8.29198 -24.9249 -12.1535
7.11198 -24.3379 -15.7115
8.02498 -27.9179 -16.7045
6.06698 -29.1639 -13.7765
3.03598 -27.3469 -14.9745
3.60398 -28.4479 -18.4835
4.07698 -32.1219 -17.7955

2.34298 -32.6489 -14.5955
5.20498 -34.9219 -13.4135
8.21598 -34.2819 -11.1245
10.715 -34.9859 -13.9005

12.368 -31.5349 -13.5025
13.323 -32.4009 -9.95348
14.333 -36.0899 -10.1245

18.119 -35.9629 -10.1715
18.398 -32.7539 -8.00748

End chain 1
