36.887 -23.463 8.956
34.76 -20.902 10.706
34.477 -17.198 11.189

36.964 -17.128 14.061
39.617 -19.041 12.22
38.916 -16.953 9.158
39.302 -13.605 10.789
42.19 -14.84 12.785
44.013 -15.477 9.498
43.018 -12.034 8.052
43.819 -9.866 11.138

47.2662 -11.1265 10.3882
50.7216 -12.8525 10.4857
54.2488 -13.7947 9.77077
52.8067 -17.0092 8.23014
50.2518 -19.898 8.32033
46.5843 -19.1489 8.18496
45.3385 -16.0218 6.31258
48.2242 -14.1987 4.76988
50.0763 -10.993 3.55744
53.4021 -10.7669 5.23083
53.8546 -14.2977 3.77819
55.758 -16.6279 1.60038
54.325 -20.1742 1.03412
53.1737 -23.5605 -0.106996
49.4623 -23.2998 0.881941
47.7131 -23.5247 -2.54044

44.5835 -21.4632 -3.172
45.4338 -19.1165 -0.306165
48.9618 -18.6223 -1.62969

47.5668 -16.7673 1.39831
47.5238 -13.1303 0.492309
48.3858 -10.9603 3.42431
48.1288 -7.40426 2.15131
48.2838 -5.42226 -1.05369
50.1028 -2.75626 0.915309
53.7878 -2.14426 0.288309
54.5418 -2.25726 4.01131
56.2418 -5.21226 5.56331

54.9688 -4.02126 8.80831
51.5058 -3.99626 7.50331
52.0048 -7.60626 6.32431
53.5218 -8.74926 9.59431
50.5758 -7.19426 11.4763
48.1378 -8.90626 9.20031
50.0198 -12.0963 9.63931
49.8788 -12.0383 13.4673
46.1888 -11.1353 13.3803
45.4938 -14.0693 11.0673
47.5398 -16.5633 13.1753

46.7498 -15.3243 16.5823
50.3008 -14.8053 17.7223
53.5268 -12.8683 17.4433
54.9928 -14.5813 14.3663
57.8398 -12.4533 13.2853
56.8698 -13.1873 9.68831
57.3728 -16.9323 10.0773
54.8108 -19.6963 10.4533
54.7278 -23.3673 10.7913
53.5168 -25.9233 8.30631

50.4768 -26.6623 10.4073
49.6368 -22.9563 10.5353
50.0758 -22.7283 6.69531
47.5688 -25.4853 6.24031
45.0538 -24.1363 8.60931
45.0378 -20.9013 6.62031
44.7748 -22.9713 3.43731
41.7418 -24.8193 4.72931
40.0478 -21.6103 5.64131
40.8468 -20.1083 2.27531
39.5368 -23.0503 0.300309
36.4088 -23.0103 2.30231
35.9638 -19.3533 1.84531
36.4238 -19.6803 -1.95569
33.7688 -22.3203 -2.24269
31.3408 -20.3553 -0.0746908
32.0058 -17.1543 -2.13469
31.1478 -19.0133 -5.32169
27.9388 -20.3833 -3.70569
26.7418 -16.9683 -2.69969

27.7048 -15.2653 -5.91969
24.6638 -14.9253 -8.15569

26.8318 -15.0553 -11.2267
29.1028 -17.9453 -10.1467
26.7138 -20.2753 -8.51569
24.7928 -21.2503 -11.5687
28.0068 -21.9733 -13.4527
29.3738 -23.9823 -10.6117
26.1968 -25.8913 -10.3157
26.2688 -26.8813 -13.9647

29.7578 -28.2633 -13.9847
31.1598 -31.7583 -13.3097
33.4438 -32.3663 -10.3447

36.7008 -31.7473 -12.0997
35.7328 -28.5383 -13.6717
34.2388 -27.2153 -10.4527
37.7208 -27.6053 -9.03169
39.1028 -25.3673 -11.8887
36.5368 -22.6913 -11.0377
37.4928 -22.9203 -7.36469
41.1878 -22.4283 -8.33769
40.4758 -19.1813 -10.2507
38.3758 -17.8883 -7.41169
41.0868 -18.6923 -4.97169
43.5428 -16.8203 -7.03269
41.6398 -13.7903 -8.07869

38.6818 -13.5333 -5.91269
34.9808 -13.8383 -6.59869

34.7928 -10.4173 -8.08769
37.5918 -10.9833 -10.5847
36.1368 -14.2383 -11.8047
32.5678 -13.0493 -12.0157
33.8468 -10.5053 -14.4897
34.7728 -13.2203 -17.0557

31.2408 -12.8623 -18.3227

31.7128 -14.3833 -21.7097
33.8028 -17.3213 -20.5887
31.2938 -18.1403 -17.7997
28.5038 -18.3113 -20.2977
30.4858 -20.6073 -22.5657
31.3068 -22.8513 -19.6687
27.7038 -22.9263 -18.6867
26.9198 -23.8243 -22.1747

29.5448 -26.5643 -22.1997
31.4758 -24.9973 -25.0857
34.7878 -26.2143 -23.7907

37.0508 -25.2413 -26.6727
35.5738 -21.8663 -27.0777
35.7518 -20.9743 -23.4217
39.3958 -22.1413 -23.3307
40.1948 -19.7253 -26.1167
38.2138 -16.9333 -24.4507
39.8698 -17.4563 -21.1047
43.3408 -17.0853 -22.7447
42.5188 -13.5383 -23.7437
43.1408 -12.1013 -20.3187

45.7168 -10.3813 -18.2457

45.4648 -13.4443 -16.1147
46.7668 -15.6333 -18.7727
49.4638 -13.1873 -19.8957
50.8058 -12.7003 -16.3757
50.7988 -16.3113 -15.1667

50.7068 -18.4003 -18.3077

51.7868 -21.7473 -16.9967
49.3458 -21.7263 -14.2027
46.5308 -20.2883 -16.3907
47.2608 -23.0423 -18.9157
46.8558 -25.8033 -16.3527
43.5048 -24.4103 -15.3017
42.3248 -23.8233 -18.8597
43.2378 -27.4033 -19.8527
41.2798 -28.6493 -16.9247
38.2488 -26.8323 -18.1227
38.8168 -27.9333 -21.6317
39.2898 -31.6073 -20.9437

37.5558 -32.1343 -17.7437
40.4178 -34.4073 -16.5617
43.4288 -33.7673 -14.2727
45.9278 -34.4713 -17.0487

47.5808 -31.0203 -16.6507
48.5358 -31.8863 -13.1017
49.5458 -35.5753 -13.2727

53.3318 -35.4483 -13.3197
53.6108 -32.2393 -11.1557

End chain 1
