36.887 -23.463 8.956
34.76 -20.902 10.706
34.477 -17.198 11.189

36.964 -17.128 14.061
39.617 -19.041 12.22
38.916 -16.953 9.158
39.302 -13.605 10.789
42.19 -14.84 12.785
44.013 -15.477 9.498
43.018 -12.034 8.052
43.819 -9.866 11.138

46.667 -11.773 12.722
47.514 -11.664 16.413
49.57 -8.806 18.102
50.066 -8.48 21.836
51.352 -4.91 21.69
49.663 -1.798 20.443
50.45 -1.367 16.785
49.448 0.755 13.823
47.162 -1.084 11.504
47.332 -0.454 7.847
45.314 2.936 7.988
47.723 4.167 10.708
45.249 3.604 13.564
46.062 2.098 16.866
45.084 -1.481 17.205
45.91 -4.534 19.228

45.084 -8.237 19.563
43.098 -9.676 16.642
42.161 -6.61 14.663

40.766 -4.755 17.691
40.723 -1.118 16.785
41.585 1.052 19.717
41.328 4.608 18.444
41.483 6.59 15.239
43.302 9.256 17.208
46.987 9.868 16.581
47.741 9.755 20.304
49.441 6.8 21.856

48.168 7.991 25.101
44.705 8.016 23.796
45.204 4.406 22.617
46.721 3.263 25.887
43.775 4.818 27.769
41.337 3.106 25.493
43.219 -0.084 25.932
43.078 -0.026 29.76
39.388 0.877 29.673
38.693 -2.057 27.36
40.739 -4.551 29.468

39.949 -3.312 32.875
43.5 -2.793 34.015
46.726 -0.856 33.736
48.192 -2.569 30.659
51.039 -0.441 29.578
50.069 -1.175 25.981
50.572 -4.92 26.37
48.01 -7.684 26.746
47.927 -11.355 27.084
46.716 -13.911 24.599

43.676 -14.65 26.7
42.836 -10.944 26.828
43.275 -10.716 22.988
40.768 -13.473 22.533
38.253 -12.124 24.902
38.237 -8.889 22.913
37.974 -10.959 19.73
34.941 -12.807 21.022
33.247 -9.598 21.934
34.046 -8.096 18.568
32.736 -11.038 16.593
29.608 -10.998 18.595
29.163 -7.341 18.138
29.623 -7.668 14.337
26.968 -10.308 14.05
24.54 -8.343 16.218
25.205 -5.142 14.158
24.347 -7.001 10.971
21.138 -8.371 12.587
19.941 -4.956 13.593

20.904 -3.253 10.373
17.863 -2.913 8.137

20.031 -3.043 5.066
22.302 -5.933 6.146
19.913 -8.263 7.777
17.992 -9.238 4.724
21.206 -9.961 2.84
22.573 -11.97 5.681
19.396 -13.879 5.977
19.468 -14.869 2.328

23.0882 -15.1851 1.38784
26.6665 -15.4907 0.265413
29.777 -17.1852 -0.928013

32.8124 -17.6987 1.30044
30.9499 -20.2497 3.41392
29.8716 -22.1714 0.317631
33.439 -22.2578 -0.989598
34.7295 -23.5633 2.33806
32.1059 -26.3123 2.38729
33.0169 -27.3784 -1.14488
36.7063 -27.5418 -0.247803
35.9682 -29.6781 2.80741
33.8745 -32.0832 0.739881
36.6438 -32.429 -1.83966
39.2061 -33.1677 0.868068
36.9719 -35.8394 2.38882

34.0139 -35.5824 4.55482
30.3129 -35.8874 3.86882

30.1249 -32.4664 2.37982
32.9239 -33.0324 -0.117181
31.4689 -36.2874 -1.33718
27.8999 -35.0984 -1.54818
29.1789 -32.5544 -4.02218
30.1049 -35.2694 -6.58818

26.5729 -34.9114 -7.85518

27.0449 -36.4324 -11.2422
29.1349 -39.3704 -10.1212
26.6259 -40.1894 -7.33218
23.8359 -40.3604 -9.83018
25.8179 -42.6564 -12.0982
26.6389 -44.9004 -9.20118
23.0359 -44.9754 -8.21918
22.2519 -45.8734 -11.7072

24.8769 -48.6134 -11.7322
26.8079 -47.0464 -14.6182
30.1199 -48.2634 -13.3232

32.3829 -47.2904 -16.2052
30.9059 -43.9154 -16.6102
31.0839 -43.0234 -12.9542
34.7279 -44.1904 -12.8632
35.5269 -41.7744 -15.6492
33.5459 -38.9824 -13.9832
35.2019 -39.5054 -10.6372
38.6729 -39.1344 -12.2772
37.8509 -35.5874 -13.2762
38.4729 -34.1504 -9.85118

41.0489 -32.4304 -7.77818

40.7969 -35.4934 -5.64718
42.0989 -37.6824 -8.30518
44.7959 -35.2364 -9.42818
46.1379 -34.7494 -5.90818
46.1309 -38.3604 -4.69918

46.0389 -40.4494 -7.84018

47.1189 -43.7964 -6.52918
44.6779 -43.7754 -3.73518
41.8629 -42.3374 -5.92318
42.5929 -45.0914 -8.44818
42.1879 -47.8524 -5.88518
38.8369 -46.4594 -4.83418
37.6569 -45.8724 -8.39218
38.5699 -49.4524 -9.38518
36.6119 -50.6984 -6.45718
33.5809 -48.8814 -7.65518
34.1489 -49.9824 -11.1642
34.6219 -53.6564 -10.4762

32.8879 -54.1834 -7.27618
35.7499 -56.4564 -6.09418
38.7609 -55.8164 -3.80518
41.2599 -56.5204 -6.58118

42.9129 -53.0694 -6.18318
43.8679 -53.9354 -2.63418
44.8779 -57.6244 -2.80518

48.6639 -57.4974 -2.85218
48.9429 -54.2884 -0.688181

End chain 1
