36.887 -23.463 8.956
34.76 -20.902 10.706
34.477 -17.198 11.189

36.964 -17.128 14.061
39.617 -19.041 12.22
38.916 -16.953 9.158
39.302 -13.605 10.789
42.19 -14.84 12.785
44.013 -15.477 9.498
43.018 -12.034 8.052
43.819 -9.866 11.138

46.667 -11.773 12.722
47.514 -11.664 16.413
49.57 -8.806 18.102
50.066 -8.48 21.836
51.352 -4.91 21.69
49.663 -1.798 20.443
50.45 -1.367 16.785
49.448 0.755 13.823
47.162 -1.084 11.504
47.332 -0.454 7.847
45.314 2.936 7.988
47.723 4.167 10.708
45.249 3.604 13.564
46.062 2.098 16.866
45.084 -1.481 17.205
45.91 -4.534 19.228

45.084 -8.237 19.563
43.098 -9.676 16.642
42.161 -6.61 14.663

40.766 -4.755 17.691
40.723 -1.118 16.785
41.585 1.052 19.717
41.328 4.608 18.444
41.483 6.59 15.239
43.302 9.256 17.208
46.987 9.868 16.581
47.741 9.755 20.304
49.441 6.8 21.856

48.168 7.991 25.101
44.705 8.016 23.796
45.204 4.406 22.617
46.721 3.263 25.887
43.775 4.818 27.769
41.337 3.106 25.493
43.219 -0.084 25.932
43.078 -0.026 29.76
39.388 0.877 29.673
38.693 -2.057 27.36
40.739 -4.551 29.468

39.949 -3.312 32.875
43.5 -2.793 34.015
46.726 -0.856 33.736
48.192 -2.569 30.659
51.039 -0.441 29.578
50.069 -1.175 25.981
50.572 -4.92 26.37
48.01 -7.684 26.746
47.927 -11.355 27.084
46.716 -13.911 24.599

43.676 -14.65 26.7
42.836 -10.944 26.828
43.275 -10.716 22.988
40.768 -13.473 22.533
38.253 -12.124 24.902
38.237 -8.889 22.913
37.974 -10.959 19.73
34.941 -12.807 21.022
33.247 -9.598 21.934
34.046 -8.096 18.568
32.736 -11.038 16.593
29.608 -10.998 18.595
29.163 -7.341 18.138
29.623 -7.668 14.337
26.968 -10.308 14.05
24.54 -8.343 16.218
25.205 -5.142 14.158
24.347 -7.001 10.971
21.138 -8.371 12.587
19.941 -4.956 13.593

20.904 -3.253 10.373
17.863 -2.913 8.137

20.031 -3.043 5.066
22.302 -5.933 6.146
19.913 -8.263 7.777
17.992 -9.238 4.724
21.206 -9.961 2.84
22.573 -11.97 5.681
19.396 -13.879 5.977
19.468 -14.869 2.328

23.1221 -15.8256 1.73683
24.266 -17.9851 -1.19799
25.1528 -18.9534 -4.65854

28.1425 -21.2151 -5.28284
27.1361 -23.4987 -2.41666
23.5857 -23.7632 -3.74612
24.8488 -24.6546 -7.21786
27.1092 -27.3636 -5.80556
24.2356 -28.8617 -3.8204
22.0145 -28.9313 -6.90336
24.7177 -30.6707 -8.93061
25.1861 -33.3022 -6.22898
21.4482 -33.9771 -6.10262
21.2968 -34.3887 -9.87761
24.1992 -36.8415 -9.82369
22.5338 -38.9017 -7.09879

19.5758 -38.6447 -4.93279
15.8748 -38.9497 -5.61879

15.6868 -35.5287 -7.10779
18.4858 -36.0947 -9.60479
17.0308 -39.3497 -10.8248
13.4618 -38.1607 -11.0358
14.7408 -35.6167 -13.5098
15.6668 -38.3317 -16.0758

12.1348 -37.9737 -17.3428

12.6068 -39.4947 -20.7298
14.6968 -42.4327 -19.6088
12.1878 -43.2517 -16.8198
9.39782 -43.4227 -19.3178
11.3798 -45.7187 -21.5858
12.2008 -47.9627 -18.6888
8.59782 -48.0377 -17.7068
7.81382 -48.9357 -21.1948

10.4388 -51.6757 -21.2198
12.3698 -50.1087 -24.1058
15.6818 -51.3257 -22.8108

17.9448 -50.3527 -25.6928
16.4678 -46.9777 -26.0978
16.6458 -46.0857 -22.4418
20.2898 -47.2527 -22.3508
21.0888 -44.8367 -25.1368
19.1078 -42.0447 -23.4708
20.7638 -42.5677 -20.1248
24.2348 -42.1967 -21.7648
23.4128 -38.6497 -22.7638
24.0348 -37.2127 -19.3388

26.6108 -35.4927 -17.2658

26.3588 -38.5557 -15.1348
27.6608 -40.7447 -17.7928
30.3578 -38.2987 -18.9158
31.6998 -37.8117 -15.3958
31.6928 -41.4227 -14.1868

31.6008 -43.5117 -17.3278

32.6808 -46.8587 -16.0168
30.2398 -46.8377 -13.2228
27.4248 -45.3997 -15.4108
28.1548 -48.1537 -17.9358
27.7498 -50.9147 -15.3728
24.3988 -49.5217 -14.3218
23.2188 -48.9347 -17.8798
24.1318 -52.5147 -18.8728
22.1738 -53.7607 -15.9448
19.1428 -51.9437 -17.1428
19.7108 -53.0447 -20.6518
20.1838 -56.7187 -19.9638

18.4498 -57.2457 -16.7638
21.3118 -59.5187 -15.5818
24.3228 -58.8787 -13.2928
26.8218 -59.5827 -16.0688

28.4748 -56.1317 -15.6708
29.4298 -56.9977 -12.1218
30.4398 -60.6867 -12.2928

34.2258 -60.5597 -12.3398
34.5048 -57.3507 -10.1758

End chain 1
