36.887 -23.463 8.956
34.76 -20.902 10.706
34.477 -17.198 11.189

36.964 -17.128 14.061
39.617 -19.041 12.22
38.916 -16.953 9.158
39.302 -13.605 10.789
42.19 -14.84 12.785
44.013 -15.477 9.498
43.018 -12.034 8.052
43.819 -9.866 11.138

46.667 -11.773 12.722
47.514 -11.664 16.413
49.57 -8.806 18.102
50.066 -8.48 21.836
51.352 -4.91 21.69
49.663 -1.798 20.443
50.45 -1.367 16.785
49.448 0.755 13.823
47.162 -1.084 11.504
47.332 -0.454 7.847
45.314 2.936 7.988
47.723 4.167 10.708
45.249 3.604 13.564
46.062 2.098 16.866
45.084 -1.481 17.205
45.91 -4.534 19.228

45.084 -8.237 19.563
43.098 -9.676 16.642
42.161 -6.61 14.663

40.766 -4.755 17.691
40.723 -1.118 16.785
41.585 1.052 19.717
41.328 4.608 18.444
41.483 6.59 15.239
43.302 9.256 17.208
46.987 9.868 16.581
47.741 9.755 20.304
49.441 6.8 21.856

48.168 7.991 25.101
44.705 8.016 23.796
45.204 4.406 22.617
46.721 3.263 25.887
43.775 4.818 27.769
41.337 3.106 25.493
43.219 -0.084 25.932
43.078 -0.026 29.76
39.388 0.877 29.673
38.693 -2.057 27.36
40.739 -4.551 29.468

39.949 -3.312 32.875
43.5 -2.793 34.015
46.726 -0.856 33.736
48.192 -2.569 30.659
51.039 -0.441 29.578
50.069 -1.175 25.981
50.572 -4.92 26.37
48.01 -7.684 26.746
47.927 -11.355 27.084
46.716 -13.911 24.599

43.676 -14.65 26.7
42.836 -10.944 26.828
43.275 -10.716 22.988
40.768 -13.473 22.533
38.253 -12.124 24.902
38.237 -8.889 22.913
37.974 -10.959 19.73
34.941 -12.807 21.022
33.247 -9.598 21.934
34.046 -8.096 18.568
32.736 -11.038 16.593
29.608 -10.998 18.595
29.163 -7.341 18.138
29.623 -7.668 14.337
26.968 -10.308 14.05
24.54 -8.343 16.218
25.205 -5.142 14.158
24.347 -7.001 10.971
21.138 -8.371 12.587
19.941 -4.956 13.593

20.904 -3.253 10.373
17.863 -2.913 8.137

20.031 -3.043 5.066
22.302 -5.933 6.146
19.913 -8.263 7.777
17.992 -9.238 4.724
21.206 -9.961 2.84
22.573 -11.97 5.681
19.396 -13.879 5.977
19.468 -14.869 2.328

22.957 -16.251 2.308
24.359 -19.746 2.983
26.643 -20.354 5.948

29.9 -19.735 4.193
28.932 -16.526 2.621
27.438 -15.203 5.84
30.92 -15.593 7.261
32.302 -13.355 4.404
29.736 -10.679 5.255
30.692 -10.908 8.928
34.387 -10.416 7.955
33.675 -7.169 6.042
31.575 -5.876 8.881
34.286 -6.68 11.321
36.742 -4.808 9.26
34.839 -1.778 8.214

33.0404 -0.81334 11.3973
31.3563 -0.506527 14.8409

28.0375 1.26362 14.2983
28.734 3.65631 17.1676
32.1709 4.48271 15.7719
30.7117 5.18986 12.3348
28.0855 7.50163 13.8186
30.7304 9.41703 15.7626

27.1984 9.77503 14.4956

27.6704 8.25403 11.1086
29.7604 5.31603 12.2296
27.2514 4.49703 15.0186
24.4614 4.32603 12.5206
26.4434 2.03003 10.2526
27.2644 -0.213975 13.1496
23.6614 -0.288975 14.1316
22.8774 -1.18697 10.6436

25.5024 -3.92697 10.6186
27.4334 -2.35997 7.73259
30.7454 -3.57697 9.02759

33.0084 -2.60397 6.14559
31.5314 0.771025 5.74059
31.7094 1.66303 9.39659
35.3534 0.496025 9.48759
36.1524 2.91203 6.70159
34.1714 5.70403 8.36759
35.8274 5.18103 11.7136
39.2984 5.55203 10.0736
38.4764 9.09903 9.07459
39.0984 10.536 12.4996

41.6744 12.256 14.5726

41.4224 9.19303 16.7036
42.7244 7.00403 14.0456
45.4214 9.45003 12.9226
46.7634 9.93703 16.4426
46.7564 6.32603 17.6516

46.6644 4.23703 14.5106

47.7444 0.890025 15.8216
45.3034 0.911025 18.6156
42.4884 2.34903 16.4276
43.2184 -0.404975 13.9026
42.8134 -3.16597 16.4656
39.4624 -1.77297 17.5166
38.2824 -1.18597 13.9586
39.1954 -4.76597 12.9656
37.2374 -6.01197 15.8936
34.2064 -4.19497 14.6956
34.7744 -5.29597 11.1866
35.2474 -8.96997 11.8746

33.5134 -9.49697 15.0746
36.3754 -11.77 16.2566
39.3864 -11.13 18.5456
41.8854 -11.834 15.7696

43.5384 -8.38297 16.1676
44.4934 -9.24897 19.7166
45.5034 -12.938 19.5456

49.2894 -12.811 19.4986
49.5684 -9.60197 21.6626

End chain 1
