36.887 -23.463 8.956
34.76 -20.902 10.706
34.477 -17.198 11.189

36.964 -17.128 14.061
39.617 -19.041 12.22
38.916 -16.953 9.158
39.302 -13.605 10.789
42.19 -14.84 12.785
44.013 -15.477 9.498
43.018 -12.034 8.052
43.819 -9.866 11.138

46.667 -11.773 12.722
47.514 -11.664 16.413
49.57 -8.806 18.102
50.066 -8.48 21.836
51.352 -4.91 21.69
49.663 -1.798 20.443
50.45 -1.367 16.785
49.448 0.755 13.823
47.162 -1.084 11.504
47.332 -0.454 7.847
45.314 2.936 7.988
47.723 4.167 10.708
45.249 3.604 13.564
46.062 2.098 16.866
45.084 -1.481 17.205
45.91 -4.534 19.228

45.084 -8.237 19.563
43.098 -9.676 16.642
42.161 -6.61 14.663

40.766 -4.755 17.691
40.723 -1.118 16.785
41.585 1.052 19.717
41.328 4.608 18.444
41.483 6.59 15.239
43.302 9.256 17.208
46.987 9.868 16.581
47.741 9.755 20.304
49.441 6.8 21.856

48.168 7.991 25.101
44.705 8.016 23.796
45.204 4.406 22.617
46.721 3.263 25.887
43.775 4.818 27.769
41.337 3.106 25.493
43.219 -0.084 25.932
43.078 -0.026 29.76
39.388 0.877 29.673
38.693 -2.057 27.36
40.739 -4.551 29.468

39.949 -3.312 32.875
43.5 -2.793 34.015
46.726 -0.856 33.736
48.192 -2.569 30.659
51.039 -0.441 29.578
50.069 -1.175 25.981
50.572 -4.92 26.37
48.01 -7.684 26.746
47.927 -11.355 27.084
46.716 -13.911 24.599

43.676 -14.65 26.7
42.836 -10.944 26.828
43.275 -10.716 22.988
40.768 -13.473 22.533
38.253 -12.124 24.902
38.237 -8.889 22.913
37.974 -10.959 19.73
34.941 -12.807 21.022
33.247 -9.598 21.934
34.046 -8.096 18.568
32.736 -11.038 16.593
29.608 -10.998 18.595
29.163 -7.341 18.138
29.623 -7.668 14.337
26.968 -10.308 14.05
24.54 -8.343 16.218
25.205 -5.142 14.158
24.347 -7.001 10.971
21.138 -8.371 12.587
19.941 -4.956 13.593

19.9237 -4.33631 9.77596
19.2438 -4.09645 5.96066

22.5877 -5.90196 6.0038
21.4506 -8.14282 8.85484
18.2486 -9.02913 7.00975
20.191 -9.91536 3.86579
22.5452 -12.1562 5.83534
19.6227 -13.9618 7.4606
17.984 -14.5527 4.08299
21.2095 -15.9691 2.65727

24.6985 -17.3511 2.63727
26.1005 -20.8461 3.31227
28.3845 -21.4541 6.27727

31.6415 -20.8351 4.52227
30.6735 -17.6261 2.95027
29.1795 -16.3031 6.16927
32.6615 -16.6931 7.59027
34.0435 -14.4551 4.73327
31.4775 -11.7791 5.58427
32.4335 -12.0081 9.25727
36.1285 -11.5161 8.28427
35.4165 -8.26906 6.37127
33.3165 -6.97606 9.21027
36.0275 -7.78006 11.6503
38.4835 -5.90806 9.58927
36.5805 -2.87806 8.54327

33.6225 -2.62106 10.7093
29.9215 -2.92606 10.0233

29.7335 0.494937 8.53427
32.5325 -0.0710631 6.03727
31.0775 -3.32606 4.81727
27.5085 -2.13706 4.60627
28.7875 0.406937 2.13227
29.7135 -2.30806 -0.433734

26.1815 -1.95006 -1.70073

26.6535 -3.47106 -5.08773
28.7435 -6.40906 -3.96673
26.2345 -7.22806 -1.17773
23.4445 -7.39906 -3.67573
25.4265 -9.69506 -5.94373
26.2475 -11.9391 -3.04673
22.6445 -12.0141 -2.06473
21.8605 -12.9121 -5.55273

24.4855 -15.6521 -5.57773
26.4165 -14.0851 -8.46373
29.7285 -15.3021 -7.16873

31.9915 -14.3291 -10.0507
30.5145 -10.9541 -10.4557
30.6925 -10.0621 -6.79973
34.3365 -11.2291 -6.70873
35.1355 -8.81306 -9.49473
33.1545 -6.02106 -7.82873
34.8105 -6.54406 -4.48273
38.2815 -6.17306 -6.12273
37.4595 -2.62606 -7.12173
38.0815 -1.18906 -3.69673

40.6575 0.530937 -1.62373

40.4055 -2.53206 0.507266
41.7075 -4.72106 -2.15073
44.4045 -2.27506 -3.27373
45.7465 -1.78806 0.246266
45.7395 -5.39906 1.45527

45.6475 -7.48806 -1.68573

46.7275 -10.8351 -0.374734
44.2865 -10.8141 2.41927
41.4715 -9.37606 0.231266
42.2015 -12.1301 -2.29373
41.7965 -14.8911 0.269266
38.4455 -13.4981 1.32027
37.2655 -12.9111 -2.23773
38.1785 -16.4911 -3.23073
36.2205 -17.7371 -0.302734
33.1895 -15.9201 -1.50073
33.7575 -17.0211 -5.00973
34.2305 -20.6951 -4.32173

32.4965 -21.2221 -1.12173
35.3585 -23.4951 0.0602661
38.3695 -22.8551 2.34927
40.8685 -23.5591 -0.426734

42.5215 -20.1081 -0.0287339
43.4765 -20.9741 3.52027
44.4865 -24.6631 3.34927

48.2725 -24.5361 3.30227
48.5515 -21.3271 5.46627

End chain 1
