0 0 0
0 0 3.71804
0.721004 -0.171198 7.3605

1.17371 3.59324 7.61923
3.68241 3.19467 10.446
5.67735 0.651864 8.44666
5.7814 2.96109 5.43012
7.00681 5.85542 7.56651
9.76279 3.7097 9.0643
10.9056 2.59843 5.61437
11.0362 6.1948 4.39291

13.8842 4.2878 5.97691
14.7312 4.3968 9.66791
16.7872 7.2548 11.3569
17.2832 7.5808 15.0909
18.5692 11.1508 14.9449
16.8802 14.2628 13.6979
17.6672 14.6938 10.0399
16.6652 16.8158 7.07791
14.3792 14.9768 4.75891
14.5492 15.6068 1.10191
12.5312 18.9968 1.24291
14.9402 20.2278 3.96291
12.4662 19.6648 6.81891
13.2792 18.1588 10.1209
12.3012 14.5798 10.4599
13.1272 11.5268 12.4829

12.3012 7.8238 12.8179
10.3152 6.3848 9.89691
9.37817 9.4508 7.91791

7.98317 11.3058 10.9459
7.94017 14.9428 10.0399
8.80217 17.1128 12.9719
8.54517 20.6688 11.6989
8.70017 22.6508 8.49391
10.5192 25.3168 10.4629
14.2042 25.9288 9.83591
14.9582 25.8158 13.5589
16.6582 22.8608 15.1109

15.3852 24.0518 18.3559
11.9222 24.0768 17.0509
12.4212 20.4668 15.8719
13.9382 19.3238 19.1419
10.9922 20.8788 21.0239
8.55417 19.1668 18.7479
10.4362 15.9768 19.1869
10.2952 16.0348 23.0149
6.60517 16.9378 22.9279
5.91017 14.0038 20.6149
7.95617 11.5098 22.7229

7.16617 12.7488 26.1299
10.7172 13.2678 27.2699
13.9432 15.2048 26.9909
15.4092 13.4918 23.9139
18.2562 15.6198 22.8329
17.2862 14.8858 19.2359
17.7892 11.1408 19.6249
15.2272 8.3768 20.0009
15.1442 4.7058 20.3389
13.9332 2.1498 17.8539

10.8932 1.4108 19.9549
10.0532 5.1168 20.0829
10.4922 5.3448 16.2429
7.98517 2.5878 15.7879
5.47017 3.9368 18.1569
5.45417 7.1718 16.1679
5.19117 5.1018 12.9849
2.15817 3.2538 14.2769
0.464168 6.4628 15.1889
1.26317 7.9648 11.8229
-0.0468317 5.0228 9.84791
-3.17483 5.0628 11.8499
-3.61983 8.7198 11.3929
-3.15983 8.3928 7.59191
-5.81483 5.7528 7.30491
-8.24283 7.7178 9.47291
-7.57783 10.9188 7.41291
-8.43583 9.0598 4.22591
-11.6448 7.6898 5.84191
-12.8418 11.1048 6.84791

-11.8788 12.8078 3.62791
-14.9198 13.1478 1.39191

-12.7518 13.0178 -1.67909
-10.4808 10.1278 -0.599089
-12.8698 7.7978 1.03191
-14.7908 6.8228 -2.02109
-11.5768 6.0998 -3.90509
-10.2098 4.0908 -1.06409
-13.3868 2.1818 -0.768089
-13.3148 1.1918 -4.41709

-9.82583 -0.190196 -4.43709
-8.42383 -3.6852 -3.76209
-6.13983 -4.2932 -0.797089

-2.88283 -3.6742 -2.55209
-3.85083 -0.465196 -4.12409
-5.34483 0.857804 -0.905089
-1.86283 0.467804 0.515911
-0.480832 2.7058 -2.34109
-3.04683 5.3818 -1.49009
-2.09083 5.1528 2.18291
1.60417 5.6448 1.20991
0.892168 8.8918 -0.703089
-1.20783 10.1848 2.13591
1.50317 9.3808 4.57591
3.95917 11.2528 2.51491
2.05617 14.2828 1.46891

-0.901832 14.5398 3.63491
-4.60283 14.2348 2.94891

-4.79083 17.6558 1.45991
-1.99183 17.0898 -1.03709
-3.44683 13.8348 -2.25709
-7.01583 15.0238 -2.46809
-5.73683 17.5678 -4.94209
-4.81083 14.8528 -7.50809

-8.34283 15.2108 -8.77509

-7.87083 13.6898 -12.1621
-5.78083 10.7518 -11.0411
-8.28983 9.9328 -8.25209
-11.0798 9.7618 -10.7501
-9.09783 7.4658 -13.0181
-8.27683 5.2218 -10.1211
-11.8798 5.1468 -9.13909
-12.6638 4.2488 -12.6271

-10.0388 1.5088 -12.6521
-8.10783 3.0758 -15.5381
-4.79583 1.8588 -14.2431

-2.53283 2.8318 -17.1251
-4.00983 6.2068 -17.5301
-3.83183 7.0988 -13.8741
-0.187832 5.9318 -13.7831
0.611168 8.3478 -16.5691
-1.36983 11.1398 -14.9031
0.286168 10.6168 -11.5571
3.75717 10.9878 -13.1971
2.93517 14.5348 -14.1961
3.55717 15.9718 -10.7711

6.13317 17.6918 -8.69809

5.88117 14.6288 -6.56709
7.18317 12.4398 -9.22509
9.88017 14.8858 -10.3481
11.2222 15.3728 -6.82809
11.2152 11.7618 -5.61909

11.1232 9.6728 -8.76009

12.2032 6.3258 -7.44909
9.76217 6.3468 -4.65509
6.94717 7.7848 -6.84309
7.67717 5.0308 -9.36809
7.27217 2.2698 -6.80509
3.92117 3.6628 -5.75409
2.74117 4.2498 -9.31209
3.65417 0.669804 -10.3051
1.69617 -0.576196 -7.37709
-1.33483 1.2408 -8.57509
-0.766832 0.139804 -12.0841
-0.293832 -3.5342 -11.3961

-2.02783 -4.0612 -8.19609
0.834168 -6.3342 -7.01409
3.84517 -5.6942 -4.72509
6.34417 -6.3982 -7.50109

7.99717 -2.9472 -7.10309
8.95217 -3.8132 -3.55409
9.96217 -7.5022 -3.72509

13.7482 -7.3752 -3.77209
14.0272 -4.1662 -1.60809

End chain 1
