36.887 -23.463 8.956
34.76 -20.902 10.706
34.477 -17.198 11.189

36.964 -17.128 14.061
39.617 -19.041 12.22
38.916 -16.953 9.158
39.302 -13.605 10.789
42.19 -14.84 12.785
44.013 -15.477 9.498
43.018 -12.034 8.052
43.819 -9.866 11.138

46.667 -11.773 12.722
47.514 -11.664 16.413
49.57 -8.806 18.102
50.066 -8.48 21.836
51.352 -4.91 21.69
49.663 -1.798 20.443
50.45 -1.367 16.785
49.448 0.755 13.823
47.162 -1.084 11.504
47.332 -0.454 7.847
45.314 2.936 7.988
47.723 4.167 10.708
45.249 3.604 13.564
46.062 2.098 16.866
45.084 -1.481 17.205
45.91 -4.534 19.228

45.084 -8.237 19.563
43.098 -9.676 16.642
42.161 -6.61 14.663

40.766 -4.755 17.691
40.723 -1.118 16.785
41.585 1.052 19.717
41.328 4.608 18.444
41.483 6.59 15.239
43.302 9.256 17.208
46.987 9.868 16.581
47.741 9.755 20.304
49.441 6.8 21.856

48.168 7.991 25.101
44.705 8.016 23.796
45.204 4.406 22.617
46.721 3.263 25.887
43.775 4.818 27.769
41.337 3.106 25.493
43.219 -0.084 25.932
43.078 -0.026 29.76
39.388 0.877 29.673
38.693 -2.057 27.36
40.739 -4.551 29.468

39.949 -3.312 32.875
43.5 -2.793 34.015
46.726 -0.856 33.736
48.192 -2.569 30.659
51.039 -0.441 29.578
50.069 -1.175 25.981
50.572 -4.92 26.37
48.01 -7.684 26.746
47.927 -11.355 27.084
46.716 -13.911 24.599

43.676 -14.65 26.7
42.836 -10.944 26.828
43.275 -10.716 22.988
40.768 -13.473 22.533
38.253 -12.124 24.902
38.237 -8.889 22.913
37.974 -10.959 19.73
34.941 -12.807 21.022
33.247 -9.598 21.934
34.046 -8.096 18.568
32.736 -11.038 16.593
29.608 -10.998 18.595
29.163 -7.341 18.138
29.623 -7.668 14.337
26.968 -10.308 14.05
24.54 -8.343 16.218
25.205 -5.142 14.158
24.347 -7.001 10.971
21.138 -8.371 12.587
19.941 -4.956 13.593

21.0287 -2.13139 11.3948
19.1701 1.02684 12.116

17.8551 -0.0101119 15.5276
17.0828 3.5988 16.4343
15.2007 4.11692 13.1736
13.1326 0.982353 13.7568
12.234 2.11232 17.2723
11.1457 5.52463 16.0016
8.94878 3.939 13.3366
7.29783 1.67705 15.9058

10.7868 0.29505 15.8858
12.1888 -3.19995 16.5608
14.4728 -3.80795 19.5258

17.7298 -3.18895 17.7708
16.7618 0.0200496 16.1988
15.2678 1.34305 19.4178
18.7498 0.95305 20.8388
20.1318 3.19105 17.9818
17.5658 5.86705 18.8328
18.5218 5.63805 22.5058
22.2168 6.13005 21.5328
21.5048 9.37705 19.6198
19.4048 10.67 22.4588
22.1158 9.86605 24.8988
24.5718 11.738 22.8378
22.6688 14.768 21.7918

19.7108 15.025 23.9578
16.0098 14.72 23.2718

15.8218 18.141 21.7828
18.6208 17.575 19.2858
17.1658 14.32 18.0658
13.5968 15.509 17.8548
14.8758 18.053 15.3808
15.8018 15.338 12.8148

12.2698 15.696 11.5478

12.7418 14.175 8.16079
14.8318 11.237 9.28179
12.3228 10.418 12.0708
9.53283 10.247 9.57279
11.5148 7.95105 7.30479
12.3358 5.70705 10.2018
8.73283 5.63205 11.1838
7.94883 4.73405 7.69579

10.5738 1.99405 7.67079
12.5048 3.56105 4.78479
15.8168 2.34405 6.07979

18.0798 3.31705 3.19779
16.6028 6.69205 2.79279
16.7808 7.58405 6.44879
20.4248 6.41705 6.53979
21.2238 8.83305 3.75379
19.2428 11.625 5.41979
20.8988 11.102 8.76579
24.3698 11.473 7.12579
23.5478 15.02 6.12679
24.1698 16.457 9.55179

26.7458 18.177 11.6248

26.4938 15.114 13.7558
27.7958 12.925 11.0978
30.4928 15.371 9.97479
31.8348 15.858 13.4948
31.8278 12.247 14.7038

31.7358 10.158 11.5628

32.8158 6.81105 12.8738
30.3748 6.83205 15.6678
27.5598 8.27005 13.4798
28.2898 5.51605 10.9548
27.8848 2.75505 13.5178
24.5338 4.14805 14.5688
23.3538 4.73505 11.0108
24.2668 1.15505 10.0178
22.3088 -0.0909504 12.9458
19.2778 1.72605 11.7478
19.8458 0.62505 8.23879
20.3188 -3.04895 8.92679

18.5848 -3.57595 12.1268
21.4468 -5.84895 13.3088
24.4578 -5.20895 15.5978
26.9568 -5.91295 12.8218

28.6098 -2.46195 13.2198
29.5648 -3.32795 16.7688
30.5748 -7.01695 16.5978

34.3608 -6.88995 16.5508
34.6398 -3.68095 18.7148

End chain 1
