36.887 -23.463 8.956
34.76 -20.902 10.706
34.477 -17.198 11.189

36.964 -17.128 14.061
39.617 -19.041 12.22
38.916 -16.953 9.158
39.302 -13.605 10.789
42.19 -14.84 12.785
44.013 -15.477 9.498
43.018 -12.034 8.052
43.819 -9.866 11.138

47.0025 -11.4963 9.89182
48.7788 -14.7298 9.22316
49.9421 -18.2524 9.13685
51.4124 -20.0721 6.14108
47.8273 -20.926 5.19463
45.4335 -18.1038 6.41734
42.5762 -15.6691 6.35353
43.0961 -12.5072 8.44934
41.3372 -11.5339 11.6496
40.6066 -8.43751 9.57236
39.0562 -9.99228 6.46926
38.9287 -11.4337 2.95318
42.4838 -11.6609 4.35934
42.6571 -14.1878 1.60458
41.1052 -14.3069 -1.86327
37.5199 -13.4556 -1.50243

35.2681 -14.4093 1.40665
35.6678 -10.9685 2.97008
34.7866 -9.26807 -0.312412

33.3916 -7.41307 2.71559
33.3486 -3.77607 1.80959
34.2106 -1.60607 4.74159
33.9536 1.94993 3.46859
34.1086 3.93193 0.263588
35.9276 6.59793 2.23259
39.6126 7.20993 1.60559
40.3666 7.09693 5.32859
42.0666 4.14193 6.88059

40.7936 5.33293 10.1256
37.3306 5.35793 8.82059
37.8296 1.74793 7.64159
39.3466 0.604932 10.9116
36.4006 2.15993 12.7936
33.9626 0.447932 10.5176
35.8446 -2.74207 10.9566
35.7036 -2.68407 14.7846
32.0136 -1.78107 14.6976
31.3186 -4.71507 12.3846
33.3646 -7.20907 14.4926

32.5746 -5.97007 17.8996
36.1256 -5.45107 19.0396
39.3516 -3.51407 18.7606
40.8176 -5.22707 15.6836
43.6646 -3.09907 14.6026
42.6946 -3.83307 11.0056
43.1976 -7.57807 11.3946
40.6356 -10.3421 11.7706
40.5526 -14.0131 12.1086
39.3416 -16.5691 9.62359

36.3016 -17.3081 11.7246
35.4616 -13.6021 11.8526
35.9006 -13.3741 8.01259
33.3936 -16.1311 7.55759
30.8786 -14.7821 9.92659
30.8626 -11.5471 7.93759
30.5996 -13.6171 4.75459
27.5666 -15.4651 6.04659
25.8726 -12.2561 6.95859
26.6716 -10.7541 3.59259
25.3616 -13.6961 1.61759
22.2336 -13.6561 3.61959
21.7886 -9.99907 3.16259
22.2486 -10.3261 -0.638412
19.5936 -12.9661 -0.925412
17.1656 -11.0011 1.24259
17.8306 -7.80007 -0.817412
16.9726 -9.65907 -4.00441
13.7636 -11.0291 -2.38841
12.5666 -7.61407 -1.38241

13.5296 -5.91107 -4.60241
10.4886 -5.57107 -6.83841

12.6566 -5.70107 -9.90941
14.9276 -8.59107 -8.82941
12.5386 -10.9211 -7.19841
10.6176 -11.8961 -10.2514
13.8316 -12.6191 -12.1354
15.1986 -14.6281 -9.29441
12.0216 -16.5371 -8.99841
12.0936 -17.5271 -12.6474

15.5826 -18.9091 -12.6674
16.9846 -22.4041 -11.9924
19.2686 -23.0121 -9.02741

22.5256 -22.3931 -10.7824
21.5576 -19.1841 -12.3544
20.0636 -17.8611 -9.13541
23.5456 -18.2511 -7.71441
24.9276 -16.0131 -10.5714
22.3616 -13.3371 -9.72041
23.3176 -13.5661 -6.04741
27.0126 -13.0741 -7.02041
26.3006 -9.82707 -8.93341
24.2006 -8.53407 -6.09441
26.9116 -9.33807 -3.65441
29.3676 -7.46607 -5.71541
27.4646 -4.43607 -6.76141

24.5066 -4.17907 -4.59541
20.8056 -4.48407 -5.28141

20.6176 -1.06307 -6.77041
23.4166 -1.62907 -9.26741
21.9616 -4.88407 -10.4874
18.3926 -3.69507 -10.6984
19.6716 -1.15107 -13.1724
20.5976 -3.86607 -15.7384

17.0656 -3.50807 -17.0054

17.5376 -5.02907 -20.3924
19.6276 -7.96707 -19.2714
17.1186 -8.78607 -16.4824
14.3286 -8.95707 -18.9804
16.3106 -11.2531 -21.2484
17.1316 -13.4971 -18.3514
13.5286 -13.5721 -17.3694
12.7446 -14.4701 -20.8574

15.3696 -17.2101 -20.8824
17.3006 -15.6431 -23.7684
20.6126 -16.8601 -22.4734

22.8756 -15.8871 -25.3554
21.3986 -12.5121 -25.7604
21.5766 -11.6201 -22.1044
25.2206 -12.7871 -22.0134
26.0196 -10.3711 -24.7994
24.0386 -7.57907 -23.1334
25.6946 -8.10207 -19.7874
29.1656 -7.73107 -21.4274
28.3436 -4.18407 -22.4264
28.9656 -2.74707 -19.0014

31.5416 -1.02707 -16.9284

31.2896 -4.09007 -14.7974
32.5916 -6.27907 -17.4554
35.2886 -3.83307 -18.5784
36.6306 -3.34607 -15.0584
36.6236 -6.95707 -13.8494

36.5316 -9.04607 -16.9904

37.6116 -12.3931 -15.6794
35.1706 -12.3721 -12.8854
32.3556 -10.9341 -15.0734
33.0856 -13.6881 -17.5984
32.6806 -16.4491 -15.0354
29.3296 -15.0561 -13.9844
28.1496 -14.4691 -17.5424
29.0626 -18.0491 -18.5354
27.1046 -19.2951 -15.6074
24.0736 -17.4781 -16.8054
24.6416 -18.5791 -20.3144
25.1146 -22.2531 -19.6264

23.3806 -22.7801 -16.4264
26.2426 -25.0531 -15.2444
29.2536 -24.4131 -12.9554
31.7526 -25.1171 -15.7314

33.4056 -21.6661 -15.3334
34.3606 -22.5321 -11.7844
35.3706 -26.2211 -11.9554

39.1566 -26.0941 -12.0024
39.4356 -22.8851 -9.83841

End chain 1
