36.887 -23.463 8.956
34.76 -20.902 10.706
34.477 -17.198 11.189

36.964 -17.128 14.061
39.617 -19.041 12.22
38.916 -16.953 9.158
39.302 -13.605 10.789
42.19 -14.84 12.785
44.013 -15.477 9.498
43.018 -12.034 8.052
43.819 -9.866 11.138

46.667 -11.773 12.722
47.514 -11.664 16.413
49.57 -8.806 18.102
50.066 -8.48 21.836
51.352 -4.91 21.69
49.663 -1.798 20.443
50.45 -1.367 16.785
49.448 0.755 13.823
47.162 -1.084 11.504
47.332 -0.454 7.847
45.314 2.936 7.988
47.723 4.167 10.708
45.249 3.604 13.564
46.062 2.098 16.866
45.084 -1.481 17.205
45.91 -4.534 19.228

45.084 -8.237 19.563
43.098 -9.676 16.642
42.161 -6.61 14.663

40.766 -4.755 17.691
40.723 -1.118 16.785
41.585 1.052 19.717
41.328 4.608 18.444
41.483 6.59 15.239
43.302 9.256 17.208
46.987 9.868 16.581
47.741 9.755 20.304
49.441 6.8 21.856

48.168 7.991 25.101
44.705 8.016 23.796
45.204 4.406 22.617
46.721 3.263 25.887
43.775 4.818 27.769
41.337 3.106 25.493
43.219 -0.084 25.932
43.078 -0.026 29.76
39.388 0.877 29.673
38.693 -2.057 27.36
40.739 -4.551 29.468

39.949 -3.312 32.875
43.5 -2.793 34.015
46.726 -0.856 33.736
48.192 -2.569 30.659
51.039 -0.441 29.578
50.069 -1.175 25.981
50.572 -4.92 26.37
48.01 -7.684 26.746
47.927 -11.355 27.084
46.716 -13.911 24.599

43.676 -14.65 26.7
42.836 -10.944 26.828
43.275 -10.716 22.988
40.768 -13.473 22.533
38.253 -12.124 24.902
38.237 -8.889 22.913
37.974 -10.959 19.73
34.941 -12.807 21.022
33.247 -9.598 21.934
34.046 -8.096 18.568
32.736 -11.038 16.593
29.608 -10.998 18.595
29.163 -7.341 18.138
29.623 -7.668 14.337
26.968 -10.308 14.05
24.54 -8.343 16.218
25.205 -5.142 14.158
24.347 -7.001 10.971
21.138 -8.371 12.587
19.941 -4.956 13.593

20.904 -3.253 10.373
17.863 -2.913 8.137

20.031 -3.043 5.066
22.302 -5.933 6.146
19.913 -8.263 7.777
17.992 -9.238 4.724
21.206 -9.961 2.84
22.573 -11.97 5.681
19.396 -13.879 5.977
19.468 -14.869 2.328

23.0571 -16.151 2.21359
26.6217 -15.3526 1.3827
29.8394 -14.1836 -0.0318227

30.0505 -17.1217 -2.43308
28.099 -19.3402 -0.042925
25.3787 -16.7124 0.328394
25.068 -16.3615 -3.44298
24.7518 -20.1252 -3.86432
22.0278 -20.2898 -1.21945
20.083 -17.4964 -2.9099
20.2957 -19.2526 -6.27347
19.0358 -22.5049 -4.76408
16.0917 -20.7268 -3.14744
15.1613 -19.0691 -6.43821
15.2681 -22.403 -8.25931
13.0279 -24.0126 -5.64525

10.0699 -23.7556 -3.47925
6.36885 -24.0606 -4.16525

6.18085 -20.6396 -5.65425
8.97985 -21.2056 -8.15125
7.52485 -24.4606 -9.37125
3.95585 -23.2716 -9.58225
5.23485 -20.7276 -12.0563
6.16085 -23.4426 -14.6223

2.62885 -23.0846 -15.8893

3.10085 -24.6056 -19.2763
5.19085 -27.5436 -18.1553
2.68185 -28.3626 -15.3663
-0.108146 -28.5336 -17.8643
1.87385 -30.8296 -20.1323
2.69485 -33.0736 -17.2353
-0.908146 -33.1486 -16.2533
-1.69215 -34.0466 -19.7413

0.932854 -36.7866 -19.7663
2.86385 -35.2196 -22.6523
6.17585 -36.4366 -21.3573

8.43885 -35.4636 -24.2393
6.96185 -32.0886 -24.6443
7.13985 -31.1966 -20.9883
10.7839 -32.3636 -20.8973
11.5829 -29.9476 -23.6833
9.60185 -27.1556 -22.0173
11.2579 -27.6786 -18.6713
14.7289 -27.3076 -20.3113
13.9069 -23.7606 -21.3103
14.5289 -22.3236 -17.8853

17.1049 -20.6036 -15.8123

16.8529 -23.6666 -13.6813
18.1549 -25.8556 -16.3393
20.8519 -23.4096 -17.4623
22.1939 -22.9226 -13.9423
22.1869 -26.5336 -12.7333

22.0949 -28.6226 -15.8743

23.1749 -31.9696 -14.5633
20.7339 -31.9486 -11.7693
17.9189 -30.5106 -13.9573
18.6489 -33.2646 -16.4823
18.2439 -36.0256 -13.9193
14.8929 -34.6326 -12.8683
13.7129 -34.0456 -16.4263
14.6259 -37.6256 -17.4193
12.6679 -38.8716 -14.4913
9.63685 -37.0546 -15.6893
10.2049 -38.1556 -19.1983
10.6779 -41.8296 -18.5103

8.94385 -42.3566 -15.3103
11.8059 -44.6296 -14.1283
14.8169 -43.9896 -11.8393
17.3159 -44.6936 -14.6153

18.9689 -41.2426 -14.2173
19.9239 -42.1086 -10.6683
20.9339 -45.7976 -10.8393

24.7199 -45.6706 -10.8863
24.9989 -42.4616 -8.72225

End chain 1
