36.887 -23.463 8.956
34.76 -20.902 10.706
34.477 -17.198 11.189

36.964 -17.128 14.061
39.617 -19.041 12.22
38.916 -16.953 9.158
39.302 -13.605 10.789
42.19 -14.84 12.785
44.013 -15.477 9.498
43.018 -12.034 8.052
43.819 -9.866 11.138

46.667 -11.773 12.722
47.514 -11.664 16.413
49.57 -8.806 18.102
50.066 -8.48 21.836
51.352 -4.91 21.69
49.663 -1.798 20.443
50.45 -1.367 16.785
49.448 0.755 13.823
47.162 -1.084 11.504
47.332 -0.454 7.847
45.314 2.936 7.988
47.723 4.167 10.708
45.249 3.604 13.564
46.062 2.098 16.866
45.084 -1.481 17.205
45.91 -4.534 19.228

45.084 -8.237 19.563
43.098 -9.676 16.642
42.161 -6.61 14.663

40.766 -4.755 17.691
40.723 -1.118 16.785
41.585 1.052 19.717
41.328 4.608 18.444
41.483 6.59 15.239
43.302 9.256 17.208
46.987 9.868 16.581
47.741 9.755 20.304
49.441 6.8 21.856

48.168 7.991 25.101
44.705 8.016 23.796
45.204 4.406 22.617
46.721 3.263 25.887
43.775 4.818 27.769
41.337 3.106 25.493
43.219 -0.084 25.932
43.078 -0.026 29.76
39.388 0.877 29.673
38.693 -2.057 27.36
40.739 -4.551 29.468

39.949 -3.312 32.875
43.5 -2.793 34.015
46.726 -0.856 33.736
48.192 -2.569 30.659
51.039 -0.441 29.578
50.069 -1.175 25.981
50.572 -4.92 26.37
48.01 -7.684 26.746
47.927 -11.355 27.084
46.716 -13.911 24.599

43.676 -14.65 26.7
42.836 -10.944 26.828
43.275 -10.716 22.988
40.768 -13.473 22.533
38.253 -12.124 24.902
38.237 -8.889 22.913
37.974 -10.959 19.73
34.941 -12.807 21.022
33.247 -9.598 21.934
34.046 -8.096 18.568
32.736 -11.038 16.593
29.608 -10.998 18.595
29.163 -7.341 18.138
29.623 -7.668 14.337
26.968 -10.308 14.05
24.54 -8.343 16.218
25.205 -5.142 14.158
24.347 -7.001 10.971
21.138 -8.371 12.587
19.941 -4.956 13.593

20.904 -3.253 10.373
17.863 -2.913 8.137

20.031 -3.043 5.066
22.302 -5.933 6.146
19.913 -8.263 7.777
17.992 -9.238 4.724
21.206 -9.961 2.84
22.573 -11.97 5.681
19.396 -13.879 5.977
19.468 -14.869 2.328

22.9336 -16.2781 2.97602
26.6712 -16.8587 3.1331
30.1524 -16.6688 4.58349

31.7358 -20.0763 4.01387
29.7515 -21.5855 6.88228
26.5035 -20.1692 5.50837
27.2293 -21.5913 2.05965
27.9418 -25.0268 3.51995
24.6849 -24.9769 5.47762
22.7167 -24.0336 2.36644
24.3039 -26.8628 0.386698
23.4598 -29.3731 3.11223
19.8417 -28.2135 3.19436
19.5462 -28.5519 -0.57937
20.9571 -32.079 -0.470669
18.497 -33.0833 2.24633

15.539 -32.8263 4.41233
11.838 -33.1313 3.72633

11.65 -29.7103 2.23733
14.449 -30.2763 -0.259675
12.994 -33.5313 -1.47967
9.425 -32.3423 -1.69067
10.704 -29.7983 -4.16467
11.63 -32.5133 -6.73067

8.098 -32.1553 -7.99767

8.57 -33.6763 -11.3847
10.66 -36.6143 -10.2637
8.151 -37.4333 -7.47467
5.361 -37.6043 -9.97267
7.343 -39.9003 -12.2407
8.164 -42.1443 -9.34367
4.561 -42.2193 -8.36167
3.777 -43.1173 -11.8497

6.402 -45.8573 -11.8747
8.333 -44.2903 -14.7607
11.645 -45.5073 -13.4657

13.908 -44.5343 -16.3477
12.431 -41.1593 -16.7527
12.609 -40.2673 -13.0967
16.253 -41.4343 -13.0057
17.052 -39.0183 -15.7917
15.071 -36.2263 -14.1257
16.727 -36.7493 -10.7797
20.198 -36.3783 -12.4197
19.376 -32.8313 -13.4187
19.998 -31.3943 -9.99367

22.574 -29.6743 -7.92067

22.322 -32.7373 -5.78967
23.624 -34.9263 -8.44767
26.321 -32.4803 -9.57067
27.663 -31.9933 -6.05067
27.656 -35.6043 -4.84167

27.564 -37.6933 -7.98267

28.644 -41.0403 -6.67167
26.203 -41.0193 -3.87767
23.388 -39.5813 -6.06567
24.118 -42.3353 -8.59067
23.713 -45.0963 -6.02767
20.362 -43.7033 -4.97667
19.182 -43.1163 -8.53467
20.095 -46.6963 -9.52767
18.137 -47.9423 -6.59967
15.106 -46.1253 -7.79767
15.674 -47.2263 -11.3067
16.147 -50.9003 -10.6187

14.413 -51.4273 -7.41867
17.275 -53.7003 -6.23667
20.286 -53.0603 -3.94767
22.785 -53.7643 -6.72367

24.438 -50.3133 -6.32567
25.393 -51.1793 -2.77667
26.403 -54.8683 -2.94767

30.189 -54.7413 -2.99467
30.468 -51.5323 -0.830675

End chain 1
