36.887 -23.463 8.956
34.76 -20.902 10.706
34.477 -17.198 11.189

36.964 -17.128 14.061
39.617 -19.041 12.22
38.916 -16.953 9.158
39.302 -13.605 10.789
42.19 -14.84 12.785
44.013 -15.477 9.498
43.018 -12.034 8.052
43.819 -9.866 11.138

46.667 -11.773 12.722
47.514 -11.664 16.413
49.57 -8.806 18.102
50.066 -8.48 21.836
51.352 -4.91 21.69
49.663 -1.798 20.443
50.45 -1.367 16.785
49.448 0.755 13.823
47.162 -1.084 11.504
47.332 -0.454 7.847
45.314 2.936 7.988
47.723 4.167 10.708
45.249 3.604 13.564
46.062 2.098 16.866
45.084 -1.481 17.205
45.91 -4.534 19.228

45.084 -8.237 19.563
43.098 -9.676 16.642
42.161 -6.61 14.663

40.766 -4.755 17.691
40.723 -1.118 16.785
41.585 1.052 19.717
41.328 4.608 18.444
41.483 6.59 15.239
43.302 9.256 17.208
46.987 9.868 16.581
47.741 9.755 20.304
49.441 6.8 21.856

48.168 7.991 25.101
44.705 8.016 23.796
45.204 4.406 22.617
46.721 3.263 25.887
43.775 4.818 27.769
41.337 3.106 25.493
43.219 -0.084 25.932
43.078 -0.026 29.76
39.388 0.877 29.673
38.693 -2.057 27.36
40.739 -4.551 29.468

39.949 -3.312 32.875
43.5 -2.793 34.015
46.726 -0.856 33.736
48.192 -2.569 30.659
51.039 -0.441 29.578
50.069 -1.175 25.981
50.572 -4.92 26.37
48.01 -7.684 26.746
47.927 -11.355 27.084
46.716 -13.911 24.599

43.676 -14.65 26.7
42.836 -10.944 26.828
43.275 -10.716 22.988
40.768 -13.473 22.533
38.253 -12.124 24.902
38.237 -8.889 22.913
37.974 -10.959 19.73
34.941 -12.807 21.022
33.247 -9.598 21.934
34.046 -8.096 18.568
32.736 -11.038 16.593
29.608 -10.998 18.595
29.163 -7.341 18.138
29.623 -7.668 14.337
26.968 -10.308 14.05
24.54 -8.343 16.218
25.205 -5.142 14.158
24.347 -7.001 10.971
21.138 -8.371 12.587
19.941 -4.956 13.593

21.1815 -2.3981 11.131
22.1137 -0.258301 8.08527

25.9067 -0.0405454 7.99249
26.2159 -2.52229 10.854
23.8919 -4.9713 9.10923
25.8979 -4.73132 5.89032
29.1456 -5.38815 7.75139
27.6643 -8.44579 9.45421
26.4609 -9.83516 6.12791
29.8972 -9.35979 4.57589

33.3862 -10.7418 4.55589
34.7882 -14.2368 5.23089
37.0722 -14.8448 8.19589

40.3292 -14.2258 6.44089
39.3612 -11.0168 4.86889
37.8672 -9.69379 8.08789
41.3492 -10.0838 9.50889
42.7312 -7.84579 6.65189
40.1652 -5.16979 7.50289
41.1212 -5.39879 11.1759
44.8162 -4.90679 10.2029
44.1042 -1.65979 8.28989
42.0042 -0.366791 11.1289
44.7152 -1.17079 13.5689
47.1712 0.701209 11.5079
45.2682 3.73121 10.4619

42.3102 3.98821 12.6279
38.6092 3.68321 11.9419

38.4212 7.10421 10.4529
41.2202 6.53821 7.95589
39.7652 3.28321 6.73589
36.1962 4.47221 6.52489
37.4752 7.01621 4.05089
38.4012 4.30121 1.48489

34.8692 4.65921 0.217893

35.3412 3.13821 -3.16911
37.4312 0.200209 -2.04811
34.9222 -0.618791 0.740893
32.1322 -0.789791 -1.75711
34.1142 -3.08579 -4.02511
34.9352 -5.32979 -1.12811
31.3322 -5.40479 -0.146107
30.5482 -6.30279 -3.63411

33.1732 -9.04279 -3.65911
35.1042 -7.47579 -6.54511
38.4162 -8.69279 -5.25011

40.6792 -7.71979 -8.13211
39.2022 -4.34479 -8.53711
39.3802 -3.45279 -4.88111
43.0242 -4.61979 -4.79011
43.8232 -2.20379 -7.57611
41.8422 0.588209 -5.91011
43.4982 0.0652092 -2.56411
46.9692 0.436209 -4.20411
46.1472 3.98321 -5.20311
46.7692 5.42021 -1.77811

49.3452 7.14021 0.294893

49.0932 4.07721 2.42589
50.3952 1.88821 -0.232107
53.0922 4.33421 -1.35511
54.4342 4.82121 2.16489
54.4272 1.21021 3.37389

54.3352 -0.878791 0.232893

55.4152 -4.22579 1.54389
52.9742 -4.20479 4.33789
50.1592 -2.76679 2.14989
50.8892 -5.52079 -0.375107
50.4842 -8.28179 2.18789
47.1332 -6.88879 3.23889
45.9532 -6.30179 -0.319107
46.8662 -9.88179 -1.31211
44.9082 -11.1278 1.61589
41.8772 -9.31079 0.417893
42.4452 -10.4118 -3.09111
42.9182 -14.0858 -2.40311

41.1842 -14.6128 0.796893
44.0462 -16.8858 1.97889
47.0572 -16.2458 4.26789
49.5562 -16.9498 1.49189

51.2092 -13.4988 1.88989
52.1642 -14.3648 5.43889
53.1742 -18.0538 5.26789

56.9602 -17.9268 5.22089
57.2392 -14.7178 7.38489

End chain 1
