36.887 -23.463 8.956
34.76 -20.902 10.706
34.477 -17.198 11.189

36.964 -17.128 14.061
39.617 -19.041 12.22
38.916 -16.953 9.158
39.302 -13.605 10.789
42.19 -14.84 12.785
44.013 -15.477 9.498
43.018 -12.034 8.052
43.819 -9.866 11.138

46.667 -11.773 12.722
47.514 -11.664 16.413
49.57 -8.806 18.102
50.066 -8.48 21.836
51.352 -4.91 21.69
49.663 -1.798 20.443
50.45 -1.367 16.785
49.448 0.755 13.823
47.162 -1.084 11.504
47.332 -0.454 7.847
45.314 2.936 7.988
47.723 4.167 10.708
45.249 3.604 13.564
46.062 2.098 16.866
45.084 -1.481 17.205
45.91 -4.534 19.228

45.084 -8.237 19.563
43.098 -9.676 16.642
42.161 -6.61 14.663

45.8535 -7.29158 13.9126
49.2823 -8.027 15.1724
53.0533 -8.51467 15.1572
54.5719 -11.496 17.1509
51.2553 -12.8242 15.6012
49.8859 -11.3032 12.2989
48.3866 -14.8755 12.341
47.5982 -18.3484 10.9749
43.9964 -19.2473 10.7292

42.1961 -18.1671 13.897
45.2991 -16.377 15.1658
45.703 -14.5339 11.8669
42.0708 -13.4177 11.9347
42.4347 -12.1209 15.4884
45.5505 -10.1553 14.5553
43.7861 -8.5852 11.578
40.8379 -7.55683 13.7444
43.1503 -5.95887 16.3021
44.9561 -4.0022 13.5903
41.664 -2.73038 12.1806

40.874 -1.49138 15.5876
44.425 -0.972381 16.7276
47.651 0.964619 16.4486
49.117 -0.748381 13.3716
51.964 1.37962 12.2906
50.994 0.645619 8.69358
51.497 -3.09938 9.08258
48.935 -5.86338 9.45858
48.852 -9.53438 9.79658
47.641 -12.0904 7.31158

44.601 -12.8294 9.41258
43.761 -9.12338 9.54058
44.2 -8.89538 5.70058
41.693 -11.6524 5.24558
39.178 -10.3034 7.61458
39.162 -7.06838 5.62558
38.899 -9.13838 2.44258
35.866 -10.9864 3.73458
34.172 -7.77738 4.64658
34.971 -6.27538 1.28058
33.661 -9.21738 -0.694417
30.533 -9.17738 1.30758
30.088 -5.52038 0.850583
30.548 -5.84738 -2.95042
27.893 -8.48738 -3.23742
25.465 -6.52238 -1.06942
26.13 -3.32138 -3.12942
25.272 -5.18038 -6.31642
22.063 -6.55038 -4.70042
20.866 -3.13538 -3.69442

21.829 -1.43238 -6.91442
18.788 -1.09238 -9.15042

20.956 -1.22238 -12.2214
23.227 -4.11238 -11.1414
20.838 -6.44238 -9.51042
18.917 -7.41738 -12.5634
22.131 -8.14038 -14.4474
23.498 -10.1494 -11.6064
20.321 -12.0584 -11.3104
20.393 -13.0484 -14.9594

23.882 -14.4304 -14.9794
25.284 -17.9254 -14.3044
27.568 -18.5334 -11.3394

30.825 -17.9144 -13.0944
29.857 -14.7054 -14.6664
28.363 -13.3824 -11.4474
31.845 -13.7724 -10.0264
33.227 -11.5344 -12.8834
30.661 -8.85838 -12.0324
31.617 -9.08738 -8.35942
35.312 -8.59538 -9.33242
34.6 -5.34838 -11.2454
32.5 -4.05538 -8.40642
35.211 -4.85938 -5.96642
37.667 -2.98738 -8.02742
35.764 0.0426187 -9.07342

32.806 0.299619 -6.90742
29.105 -0.0053813 -7.59342

28.917 3.41562 -9.08242
31.716 2.84962 -11.5794
30.261 -0.405381 -12.7994
26.692 0.783619 -13.0104
27.971 3.32762 -15.4844
28.897 0.612619 -18.0504

25.365 0.970619 -19.3174

25.837 -0.550381 -22.7044
27.927 -3.48838 -21.5834
25.418 -4.30738 -18.7944
22.628 -4.47838 -21.2924
24.61 -6.77438 -23.5604
25.431 -9.01838 -20.6634
21.828 -9.09338 -19.6814
21.044 -9.99138 -23.1694

23.669 -12.7314 -23.1944
25.6 -11.1644 -26.0804
28.912 -12.3814 -24.7854

31.175 -11.4084 -27.6674
29.698 -8.03338 -28.0724
29.876 -7.14138 -24.4164
33.52 -8.30838 -24.3254
34.319 -5.89238 -27.1114
32.338 -3.10038 -25.4454
33.994 -3.62338 -22.0994
37.465 -3.25238 -23.7394
36.643 0.294619 -24.7384
37.265 1.73162 -21.3134

39.841 3.45162 -19.2404

39.589 0.388619 -17.1094
40.891 -1.80038 -19.7674
43.588 0.645619 -20.8904
44.93 1.13262 -17.3704
44.923 -2.47838 -16.1614

44.831 -4.56738 -19.3024

45.911 -7.91438 -17.9914
43.47 -7.89338 -15.1974
40.655 -6.45538 -17.3854
41.385 -9.20938 -19.9104
40.98 -11.9704 -17.3474
37.629 -10.5774 -16.2964
36.449 -9.99038 -19.8544
37.362 -13.5704 -20.8474
35.404 -14.8164 -17.9194
32.373 -12.9994 -19.1174
32.941 -14.1004 -22.6264
33.414 -17.7744 -21.9384

31.68 -18.3014 -18.7384
34.542 -20.5744 -17.5564
37.553 -19.9344 -15.2674
40.052 -20.6384 -18.0434

41.705 -17.1874 -17.6454
42.66 -18.0534 -14.0964
43.67 -21.7424 -14.2674

47.456 -21.6154 -14.3144
47.735 -18.4064 -12.1504

End chain 1
