36.887 -23.463 8.956
34.76 -20.902 10.706
34.477 -17.198 11.189

36.964 -17.128 14.061
39.617 -19.041 12.22
38.916 -16.953 9.158
39.302 -13.605 10.789
42.19 -14.84 12.785
44.013 -15.477 9.498
43.018 -12.034 8.052
43.819 -9.866 11.138

46.667 -11.773 12.722
47.514 -11.664 16.413
49.57 -8.806 18.102
50.066 -8.48 21.836
51.352 -4.91 21.69
49.663 -1.798 20.443
50.45 -1.367 16.785
49.448 0.755 13.823
47.162 -1.084 11.504
47.332 -0.454 7.847
45.314 2.936 7.988
47.723 4.167 10.708
45.249 3.604 13.564
46.062 2.098 16.866
45.084 -1.481 17.205
45.91 -4.534 19.228

45.084 -8.237 19.563
43.098 -9.676 16.642
42.161 -6.61 14.663

45.8837 -6.05271 15.3619
49.4245 -7.43106 15.7663
51.0087 -6.54495 12.5224
52.7247 -5.99429 9.19998
56.2245 -5.35914 10.2413
57.2036 -1.72393 10.0063
59.9636 -1.91009 7.5455
58.5333 -4.79044 5.68904
57.6242 -3.74714 2.23879

55.6553 -3.05273 -0.936761
53.509 -0.470514 0.843205
56.588 1.28754 2.21148
58.1653 1.42262 -1.24347
54.9998 2.90338 -2.73685
54.8601 5.5747 -0.0373314
58.4908 6.51776 -0.646706
57.8843 6.82563 -4.38572
54.8688 9.06585 -3.81017
56.8647 11.3203 -1.49141
59.6591 11.6379 -4.04737

58.8691 12.8769 -0.640366
62.4201 13.3959 0.499634
65.6461 15.3329 0.220634
67.1121 13.6199 -2.85637
69.9591 15.7479 -3.93737
68.9891 15.0139 -7.53437
69.4921 11.2689 -7.14537
66.9301 8.50489 -6.76937
66.8471 4.83389 -6.43137
65.6361 2.27789 -8.91637

62.5961 1.53889 -6.81537
61.7561 5.24489 -6.68737
62.1951 5.47289 -10.5274
59.6881 2.71589 -10.9824
57.1731 4.06489 -8.61337
57.1571 7.29989 -10.6024
56.8941 5.22989 -13.7854
53.8611 3.38189 -12.4934
52.1671 6.59089 -11.5814
52.9661 8.09289 -14.9474
51.6561 5.15089 -16.9224
48.5281 5.19089 -14.9204
48.0831 8.84789 -15.3774
48.5431 8.52089 -19.1784
45.8881 5.88089 -19.4654
43.4601 7.84589 -17.2974
44.1251 11.0469 -19.3574
43.2671 9.18789 -22.5444
40.0581 7.81789 -20.9284
38.8611 11.2329 -19.9224

39.8241 12.9359 -23.1424
36.7831 13.2759 -25.3784

38.9511 13.1459 -28.4494
41.2221 10.2559 -27.3694
38.8331 7.92589 -25.7384
36.9121 6.95089 -28.7914
40.1261 6.22789 -30.6754
41.4931 4.21889 -27.8344
38.3161 2.30989 -27.5384
38.3881 1.31989 -31.1874

41.8771 -0.0621089 -31.2074
43.2791 -3.55711 -30.5324
45.5631 -4.16511 -27.5674

48.8201 -3.54611 -29.3224
47.8521 -0.337109 -30.8944
46.3581 0.985891 -27.6754
49.8401 0.595891 -26.2544
51.2221 2.83389 -29.1114
48.6561 5.50989 -28.2604
49.6121 5.28089 -24.5874
53.3071 5.77289 -25.5604
52.5951 9.01989 -27.4734
50.4951 10.3129 -24.6344
53.2061 9.50889 -22.1944
55.6621 11.3809 -24.2554
53.7591 14.4109 -25.3014

50.8011 14.6679 -23.1354
47.1001 14.3629 -23.8214

46.9121 17.7839 -25.3104
49.7111 17.2179 -27.8074
48.2561 13.9629 -29.0274
44.6871 15.1519 -29.2384
45.9661 17.6959 -31.7124
46.8921 14.9809 -34.2784

43.3601 15.3389 -35.5454

43.8321 13.8179 -38.9324
45.9221 10.8799 -37.8114
43.4131 10.0609 -35.0224
40.6231 9.88989 -37.5204
42.6051 7.59389 -39.7884
43.4261 5.34989 -36.8914
39.8231 5.27489 -35.9094
39.0391 4.37689 -39.3974

41.6641 1.63689 -39.4224
43.5951 3.20389 -42.3084
46.9071 1.98689 -41.0134

49.1701 2.95989 -43.8954
47.6931 6.33489 -44.3004
47.8711 7.22689 -40.6444
51.5151 6.05989 -40.5534
52.3141 8.47589 -43.3394
50.3331 11.2679 -41.6734
51.9891 10.7449 -38.3274
55.4601 11.1159 -39.9674
54.6381 14.6629 -40.9664
55.2601 16.0999 -37.5414

57.8361 17.8199 -35.4684

57.5841 14.7569 -33.3374
58.8861 12.5679 -35.9954
61.5831 15.0139 -37.1184
62.9251 15.5009 -33.5984
62.9181 11.8899 -32.3894

62.8261 9.80089 -35.5304

63.9061 6.45389 -34.2194
61.4651 6.47489 -31.4254
58.6501 7.91289 -33.6134
59.3801 5.15889 -36.1384
58.9751 2.39789 -33.5754
55.6241 3.79089 -32.5244
54.4441 4.37789 -36.0824
55.3571 0.797891 -37.0754
53.3991 -0.448109 -34.1474
50.3681 1.36889 -35.3454
50.9361 0.267891 -38.8544
51.4091 -3.40611 -38.1664

49.6751 -3.93311 -34.9664
52.5371 -6.20611 -33.7844
55.5481 -5.56611 -31.4954
58.0471 -6.27011 -34.2714

59.7001 -2.81911 -33.8734
60.6551 -3.68511 -30.3244
61.6651 -7.37411 -30.4954

65.4511 -7.24711 -30.5424
65.7301 -4.03811 -28.3784

End chain 1
