36.887 -23.463 8.956
34.76 -20.902 10.706
34.477 -17.198 11.189

36.964 -17.128 14.061
39.617 -19.041 12.22
38.916 -16.953 9.158
39.302 -13.605 10.789
42.19 -14.84 12.785
44.013 -15.477 9.498
43.018 -12.034 8.052
43.819 -9.866 11.138

46.667 -11.773 12.722
47.514 -11.664 16.413
49.57 -8.806 18.102
50.066 -8.48 21.836
51.352 -4.91 21.69
49.663 -1.798 20.443
50.45 -1.367 16.785
49.448 0.755 13.823
47.162 -1.084 11.504
47.332 -0.454 7.847
45.314 2.936 7.988
47.723 4.167 10.708
45.249 3.604 13.564
46.062 2.098 16.866
45.084 -1.481 17.205
45.91 -4.534 19.228

45.084 -8.237 19.563
43.098 -9.676 16.642
42.161 -6.61 14.663

40.766 -4.755 17.691
40.723 -1.118 16.785
41.585 1.052 19.717
41.328 4.608 18.444
41.483 6.59 15.239
43.302 9.256 17.208
46.987 9.868 16.581
47.741 9.755 20.304
49.441 6.8 21.856

48.168 7.991 25.101
44.705 8.016 23.796
45.204 4.406 22.617
46.721 3.263 25.887
43.775 4.818 27.769
41.337 3.106 25.493
43.219 -0.084 25.932
43.078 -0.026 29.76
39.388 0.877 29.673
38.693 -2.057 27.36
40.739 -4.551 29.468

39.949 -3.312 32.875
43.5 -2.793 34.015
46.726 -0.856 33.736
48.192 -2.569 30.659
51.039 -0.441 29.578
50.069 -1.175 25.981
50.572 -4.92 26.37
48.01 -7.684 26.746
47.927 -11.355 27.084
46.716 -13.911 24.599

43.676 -14.65 26.7
42.836 -10.944 26.828
43.275 -10.716 22.988
40.768 -13.473 22.533
38.253 -12.124 24.902
38.237 -8.889 22.913
37.974 -10.959 19.73
34.941 -12.807 21.022
33.247 -9.598 21.934
34.046 -8.096 18.568
32.736 -11.038 16.593
29.608 -10.998 18.595
29.163 -7.341 18.138
29.623 -7.668 14.337
26.968 -10.308 14.05
24.54 -8.343 16.218
25.205 -5.142 14.158
24.347 -7.001 10.971
21.138 -8.371 12.587
19.941 -4.956 13.593

20.904 -3.253 10.373
17.863 -2.913 8.137

20.031 -3.043 5.066
22.302 -5.933 6.146
19.913 -8.263 7.777
17.992 -9.238 4.724
21.206 -9.961 2.84
22.573 -11.97 5.681
19.396 -13.879 5.977
19.468 -14.869 2.328

22.957 -16.251 2.308
24.359 -19.746 2.983
26.643 -20.354 5.948

29.9 -19.735 4.193
28.932 -16.526 2.621
27.438 -15.203 5.84
30.92 -15.593 7.261
32.302 -13.355 4.404
29.736 -10.679 5.255
30.692 -10.908 8.928
34.387 -10.416 7.955
33.675 -7.169 6.042
31.575 -5.876 8.881
34.286 -6.68 11.321
36.742 -4.808 9.26
34.839 -1.778 8.214

35.3017 -1.629 11.9587
37.9622 0.102223 13.9426

39.9706 1.63186 16.7832
40.4361 -1.76895 18.4144
41.6413 -3.28102 15.1427
44.1517 -0.469579 14.656
45.503 -0.936163 18.1772
45.9216 -4.67292 17.6256

42.3896 -4.31492 16.3586

42.8616 -5.83592 12.9716
44.9516 -8.77392 14.0926
42.4426 -9.59292 16.8816
39.6526 -9.76392 14.3836
41.6346 -12.0599 12.1156
42.4556 -14.3039 15.0126
38.8526 -14.3789 15.9946
38.0686 -15.2769 12.5066

40.6936 -18.0169 12.4816
42.6246 -16.4499 9.5956
45.9366 -17.6669 10.8906

48.1996 -16.6939 8.0086
46.7226 -13.3189 7.6036
46.9006 -12.4269 11.2596
50.5446 -13.5939 11.3506
51.3436 -11.1779 8.5646
49.3626 -8.38592 10.2306
51.0186 -8.90892 13.5766
54.4896 -8.53792 11.9366
53.6676 -4.99092 10.9376
54.2896 -3.55392 14.3626

56.8656 -1.83392 16.4356

56.6136 -4.89692 18.5666
57.9156 -7.08592 15.9086
60.6126 -4.63992 14.7856
61.9546 -4.15292 18.3056
61.9476 -7.76392 19.5146

61.8556 -9.85292 16.3736

62.9356 -13.1999 17.6846
60.4946 -13.1789 20.4786
57.6796 -11.7409 18.2906
58.4096 -14.4949 15.7656
58.0046 -17.2559 18.3286
54.6536 -15.8629 19.3796
53.4736 -15.2759 15.8216
54.3866 -18.8559 14.8286
52.4286 -20.1019 17.7566
49.3976 -18.2849 16.5586
49.9656 -19.3859 13.0496
50.4386 -23.0599 13.7376

48.7046 -23.5869 16.9376
51.5666 -25.8599 18.1196
54.5776 -25.2199 20.4086
57.0766 -25.9239 17.6326

58.7296 -22.4729 18.0306
59.6846 -23.3389 21.5796
60.6946 -27.0279 21.4086

64.4806 -26.9009 21.3616
64.7596 -23.6919 23.5256

End chain 1
