36.887 -23.463 8.956
34.76 -20.902 10.706
34.477 -17.198 11.189

36.964 -17.128 14.061
39.617 -19.041 12.22
38.916 -16.953 9.158
39.302 -13.605 10.789
42.19 -14.84 12.785
44.013 -15.477 9.498
43.018 -12.034 8.052
43.819 -9.866 11.138

46.9491 -10.6162 9.18486
50.4055 -11.0393 7.90841
50.5626 -8.59499 4.88717
48.7 -5.19417 5.2081
46.675 -2.0529 4.50138
46.6233 1.5638 5.82477
42.8955 0.962464 5.85755
41.6318 1.10156 9.36794
38.5639 1.21349 11.6681
37.7017 4.78294 10.5773
36.5643 3.32385 7.24995
39.4506 4.69563 5.13217
41.387 7.50825 3.35422
43.4833 6.90905 0.355393
47.3135 7.38719 0.699276
49.0634 10.2597 -1.04558

51.4469 13.0411 -2.05837
53.8255 12.1658 0.773474
53.8235 8.49988 -0.228455

52.4285 10.3549 2.79955
52.3855 13.9919 1.89355
53.2475 16.1619 4.82555
52.9905 19.7179 3.55255
53.1455 21.6999 0.347545
54.9645 24.3659 2.31655
58.6495 24.9779 1.68955
59.4035 24.8649 5.41255
61.1035 21.9099 6.96455

59.8305 23.1009 10.2095
56.3675 23.1259 8.90455
56.8665 19.5159 7.72555
58.3835 18.3729 10.9955
55.4375 19.9279 12.8775
52.9995 18.2159 10.6015
54.8815 15.0259 11.0405
54.7405 15.0839 14.8685
51.0505 15.9869 14.7815
50.3555 13.0529 12.4685
52.4015 10.5589 14.5765

51.6115 11.7979 17.9835
55.1625 12.3169 19.1235
58.3885 14.2539 18.8445
59.8545 12.5409 15.7675
62.7015 14.6689 14.6865
61.7315 13.9349 11.0895
62.2345 10.1899 11.4785
59.6725 7.42588 11.8545
59.5895 3.75488 12.1925
58.3785 1.19888 9.70755

55.3385 0.459885 11.8085
54.4985 4.16588 11.9365
54.9375 4.39388 8.09655
52.4305 1.63688 7.64155
49.9155 2.98588 10.0105
49.8995 6.22088 8.02155
49.6365 4.15088 4.83855
46.6035 2.30288 6.13055
44.9095 5.51188 7.04255
45.7085 7.01388 3.67655
44.3985 4.07188 1.70155
41.2705 4.11188 3.70355
40.8255 7.76888 3.24655
41.2855 7.44188 -0.554455
38.6305 4.80188 -0.841455
36.2025 6.76688 1.32655
36.8675 9.96788 -0.733455
36.0095 8.10888 -3.92045
32.8005 6.73888 -2.30445
31.6035 10.1539 -1.29845

32.5665 11.8569 -4.51845
29.5255 12.1969 -6.75445

31.6935 12.0669 -9.82545
33.9645 9.17688 -8.74545
31.5755 6.84688 -7.11445
29.6545 5.87188 -10.1675
32.8685 5.14888 -12.0515
34.2355 3.13988 -9.21045
31.0585 1.23088 -8.91445
31.1305 0.240885 -12.5635

34.6195 -1.14112 -12.5835
36.0215 -4.63612 -11.9085
38.3055 -5.24412 -8.94345

41.5625 -4.62512 -10.6985
40.5945 -1.41612 -12.2705
39.1005 -0.0931151 -9.05145
42.5825 -0.483115 -7.63045
43.9645 1.75488 -10.4875
41.3985 4.43088 -9.63645
42.3545 4.20188 -5.96345
46.0495 4.69388 -6.93645
45.3375 7.94088 -8.84945
43.2375 9.23388 -6.01045
45.9485 8.42988 -3.57045
48.4045 10.3019 -5.63145
46.5015 13.3319 -6.67745

43.5435 13.5889 -4.51145
39.8425 13.2839 -5.19745

39.6545 16.7049 -6.68645
42.4535 16.1389 -9.18345
40.9985 12.8839 -10.4035
37.4295 14.0729 -10.6145
38.7085 16.6169 -13.0885
39.6345 13.9019 -15.6545

36.1025 14.2599 -16.9215

36.5745 12.7389 -20.3085
38.6645 9.80088 -19.1875
36.1555 8.98188 -16.3985
33.3655 8.81088 -18.8965
35.3475 6.51488 -21.1645
36.1685 4.27088 -18.2675
32.5655 4.19588 -17.2855
31.7815 3.29788 -20.7735

34.4065 0.557885 -20.7985
36.3375 2.12488 -23.6845
39.6495 0.907885 -22.3895

41.9125 1.88088 -25.2715
40.4355 5.25588 -25.6765
40.6135 6.14788 -22.0205
44.2575 4.98088 -21.9295
45.0565 7.39688 -24.7155
43.0755 10.1889 -23.0495
44.7315 9.66588 -19.7035
48.2025 10.0369 -21.3435
47.3805 13.5839 -22.3425
48.0025 15.0209 -18.9175

50.5785 16.7409 -16.8445

50.3265 13.6779 -14.7135
51.6285 11.4889 -17.3715
54.3255 13.9349 -18.4945
55.6675 14.4219 -14.9745
55.6605 10.8109 -13.7655

55.5685 8.72188 -16.9065

56.6485 5.37488 -15.5955
54.2075 5.39588 -12.8015
51.3925 6.83388 -14.9895
52.1225 4.07988 -17.5145
51.7175 1.31888 -14.9515
48.3665 2.71188 -13.9005
47.1865 3.29888 -17.4585
48.0995 -0.281115 -18.4515
46.1415 -1.52712 -15.5235
43.1105 0.289885 -16.7215
43.6785 -0.811115 -20.2305
44.1515 -4.48512 -19.5425

42.4175 -5.01212 -16.3425
45.2795 -7.28512 -15.1605
48.2905 -6.64512 -12.8715
50.7895 -7.34912 -15.6475

52.4425 -3.89812 -15.2495
53.3975 -4.76412 -11.7005
54.4075 -8.45312 -11.8715

58.1935 -8.32612 -11.9185
58.4725 -5.11712 -9.75445

End chain 1
