36.887 -23.463 8.956
34.76 -20.902 10.706
34.477 -17.198 11.189

36.964 -17.128 14.061
39.617 -19.041 12.22
38.916 -16.953 9.158
39.302 -13.605 10.789
42.19 -14.84 12.785
44.013 -15.477 9.498
43.018 -12.034 8.052
43.819 -9.866 11.138

46.667 -11.773 12.722
47.514 -11.664 16.413
49.57 -8.806 18.102
50.066 -8.48 21.836
51.352 -4.91 21.69
49.663 -1.798 20.443
50.45 -1.367 16.785
49.448 0.755 13.823
47.162 -1.084 11.504
47.332 -0.454 7.847
45.314 2.936 7.988
47.723 4.167 10.708
45.249 3.604 13.564
46.062 2.098 16.866
45.084 -1.481 17.205
45.91 -4.534 19.228

45.084 -8.237 19.563
43.098 -9.676 16.642
42.161 -6.61 14.663

40.766 -4.755 17.691
40.723 -1.118 16.785
41.585 1.052 19.717
41.328 4.608 18.444
41.483 6.59 15.239
43.302 9.256 17.208
46.987 9.868 16.581
47.741 9.755 20.304
49.441 6.8 21.856

48.168 7.991 25.101
44.705 8.016 23.796
45.204 4.406 22.617
46.721 3.263 25.887
43.775 4.818 27.769
41.337 3.106 25.493
43.219 -0.084 25.932
43.078 -0.026 29.76
39.388 0.877 29.673
38.693 -2.057 27.36
40.739 -4.551 29.468

39.949 -3.312 32.875
43.5 -2.793 34.015
46.726 -0.856 33.736
48.192 -2.569 30.659
51.039 -0.441 29.578
50.069 -1.175 25.981
50.572 -4.92 26.37
48.01 -7.684 26.746
47.927 -11.355 27.084
46.716 -13.911 24.599

43.676 -14.65 26.7
42.836 -10.944 26.828
43.275 -10.716 22.988
40.768 -13.473 22.533
38.253 -12.124 24.902
38.237 -8.889 22.913
37.974 -10.959 19.73
34.941 -12.807 21.022
33.247 -9.598 21.934
34.046 -8.096 18.568
32.736 -11.038 16.593
29.608 -10.998 18.595
29.163 -7.341 18.138
29.623 -7.668 14.337
26.968 -10.308 14.05
24.54 -8.343 16.218
25.205 -5.142 14.158
24.347 -7.001 10.971
21.138 -8.371 12.587
19.941 -4.956 13.593

20.904 -3.253 10.373
17.863 -2.913 8.137

20.031 -3.043 5.066
22.302 -5.933 6.146
19.913 -8.263 7.777
17.992 -9.238 4.724
21.206 -9.961 2.84
22.573 -11.97 5.681
19.396 -13.879 5.977
19.468 -14.869 2.328

22.957 -16.251 2.308
24.359 -19.746 2.983
26.643 -20.354 5.948

29.9 -19.735 4.193
28.932 -16.526 2.621
27.438 -15.203 5.84
30.92 -15.593 7.261
32.302 -13.355 4.404
29.736 -10.679 5.255
30.692 -10.908 8.928
34.387 -10.416 7.955
33.675 -7.169 6.042
31.575 -5.876 8.881
34.286 -6.68 11.321
36.742 -4.808 9.26
34.839 -1.778 8.214

31.881 -1.521 10.38
28.18 -1.826 9.694

27.992 1.595 8.205
30.791 1.029 5.708
29.336 -2.226 4.488
25.767 -1.037 4.277
27.046 1.507 1.803
27.972 -1.208 -0.763

24.5465 -2.60539 -0.865951

20.7889 -2.32987 -1.36382
20.4924 0.143176 1.50654
23.2841 2.28785 0.0749282
21.6225 2.34052 -3.34255
18.3036 3.39379 -1.81991
19.9706 6.21754 0.10115
21.6927 7.47176 -3.04593
18.4112 7.45986 -4.96286

21.0362 4.71986 -4.98786
22.9672 6.28686 -7.87386
26.2792 5.06986 -6.57886

28.5422 6.04286 -9.46086
27.0652 9.41786 -9.86586
27.2432 10.3099 -6.20986
30.8872 9.14286 -6.11886
31.6862 11.5589 -8.90486
29.7052 14.3509 -7.23886
31.3612 13.8279 -3.89286
34.8322 14.1989 -5.53286
34.0102 17.7459 -6.53186
34.6322 19.1829 -3.10686

37.2082 20.9029 -1.03386

36.9562 17.8399 1.09714
38.2582 15.6509 -1.56086
40.9552 18.0969 -2.68386
42.2972 18.5839 0.836145
42.2902 14.9729 2.04514

42.1982 12.8839 -1.09586

43.2782 9.53686 0.215145
40.8372 9.55786 3.00914
38.0222 10.9959 0.821145
38.7522 8.24186 -1.70386
38.3472 5.48086 0.859145
34.9962 6.87386 1.91014
33.8162 7.46086 -1.64786
34.7292 3.88086 -2.64086
32.7712 2.63486 0.287145
29.7402 4.45186 -0.910855
30.3082 3.35086 -4.41986
30.7812 -0.323141 -3.73186

29.0472 -0.850141 -0.531855
31.9092 -3.12314 0.650145
34.9202 -2.48314 2.93914
37.4192 -3.18714 0.163145

39.0722 0.263859 0.561145
40.0272 -0.602141 4.11014
41.0372 -4.29114 3.93914

44.8232 -4.16414 3.89214
45.1022 -0.955141 6.05614

End chain 1
