36.887 -23.463 8.956
34.76 -20.902 10.706
34.477 -17.198 11.189

36.964 -17.128 14.061
39.617 -19.041 12.22
38.916 -16.953 9.158
39.302 -13.605 10.789
42.19 -14.84 12.785
44.013 -15.477 9.498
43.018 -12.034 8.052
43.819 -9.866 11.138

46.667 -11.773 12.722
47.514 -11.664 16.413
49.57 -8.806 18.102
50.066 -8.48 21.836
51.352 -4.91 21.69
49.663 -1.798 20.443
50.45 -1.367 16.785
49.448 0.755 13.823
47.162 -1.084 11.504
47.332 -0.454 7.847
45.314 2.936 7.988
47.723 4.167 10.708
45.249 3.604 13.564
46.062 2.098 16.866
45.084 -1.481 17.205
45.91 -4.534 19.228

45.084 -8.237 19.563
43.098 -9.676 16.642
42.161 -6.61 14.663

40.766 -4.755 17.691
40.723 -1.118 16.785
41.585 1.052 19.717
41.328 4.608 18.444
41.483 6.59 15.239
43.302 9.256 17.208
46.987 9.868 16.581
47.741 9.755 20.304
49.441 6.8 21.856

48.168 7.991 25.101
44.705 8.016 23.796
45.204 4.406 22.617
46.721 3.263 25.887
43.775 4.818 27.769
41.337 3.106 25.493
43.219 -0.084 25.932
43.078 -0.026 29.76
39.388 0.877 29.673
38.693 -2.057 27.36
40.739 -4.551 29.468

39.949 -3.312 32.875
43.5 -2.793 34.015
46.726 -0.856 33.736
48.192 -2.569 30.659
51.039 -0.441 29.578
50.069 -1.175 25.981
50.572 -4.92 26.37
48.01 -7.684 26.746
47.927 -11.355 27.084
46.716 -13.911 24.599

43.676 -14.65 26.7
42.836 -10.944 26.828
43.275 -10.716 22.988
40.768 -13.473 22.533
38.253 -12.124 24.902
38.237 -8.889 22.913
37.974 -10.959 19.73
34.941 -12.807 21.022
33.247 -9.598 21.934
34.046 -8.096 18.568
32.736 -11.038 16.593
29.608 -10.998 18.595
29.163 -7.341 18.138
29.623 -7.668 14.337
26.968 -10.308 14.05
24.54 -8.343 16.218
25.205 -5.142 14.158
24.347 -7.001 10.971
21.138 -8.371 12.587
19.941 -4.956 13.593

20.3351 -3.42021 10.1236
18.9477 0.20017 10.2707

21.2883 -0.150425 13.2441
19.1325 -2.89933 14.7404
19.103 -4.80062 11.4499
22.8868 -4.57597 11.1748
23.3188 -5.88207 14.7175
21.0147 -8.82223 14.018
22.9415 -9.70655 10.8639
26.2449 -9.61744 12.7407

29.7339 -10.9994 12.7207
31.1359 -14.4944 13.3957
33.4199 -15.1024 16.3607

36.6769 -14.4834 14.6057
35.7089 -11.2744 13.0337
34.2149 -9.95144 16.2527
37.6969 -10.3414 17.6737
39.0789 -8.10344 14.8167
36.5129 -5.42744 15.6677
37.4689 -5.65644 19.3407
41.1639 -5.16444 18.3677
40.4519 -1.91744 16.4547
38.3519 -0.624436 19.2937
41.0629 -1.42844 21.7337
43.5189 0.443564 19.6727
41.6159 3.47356 18.6267

38.6579 3.73056 20.7927
34.9569 3.42556 20.1067

34.7689 6.84656 18.6177
37.5679 6.28056 16.1207
36.1129 3.02556 14.9007
32.5439 4.21456 14.6897
33.8229 6.75856 12.2157
34.7489 4.04356 9.64968

31.2169 4.40156 8.38268

31.6889 2.88056 4.99568
33.7789 -0.0574359 6.11668
31.2699 -0.876436 8.90568
28.4799 -1.04744 6.40768
30.4619 -3.34344 4.13968
31.2829 -5.58744 7.03668
27.6799 -5.66244 8.01868
26.8959 -6.56044 4.53068

29.5209 -9.30044 4.50568
31.4519 -7.73344 1.61968
34.7639 -8.95044 2.91468

37.0269 -7.97744 0.0326808
35.5499 -4.60244 -0.372319
35.7279 -3.71044 3.28368
39.3719 -4.87744 3.37468
40.1709 -2.46144 0.588681
38.1899 0.330564 2.25468
39.8459 -0.192436 5.60068
43.3169 0.178564 3.96068
42.4949 3.72556 2.96168
43.1169 5.16256 6.38668

45.6929 6.88256 8.45968

45.4409 3.81956 10.5907
46.7429 1.63056 7.93268
49.4399 4.07656 6.80968
50.7819 4.56356 10.3297
50.7749 0.952564 11.5387

50.6829 -1.13644 8.39768

51.7629 -4.48344 9.70868
49.3219 -4.46244 12.5027
46.5069 -3.02444 10.3147
47.2369 -5.77844 7.78968
46.8319 -8.53944 10.3527
43.4809 -7.14644 11.4037
42.3009 -6.55944 7.84568
43.2139 -10.1394 6.85268
41.2559 -11.3854 9.78068
38.2249 -9.56844 8.58268
38.7929 -10.6694 5.07368
39.2659 -14.3434 5.76168

37.5319 -14.8704 8.96168
40.3939 -17.1434 10.1437
43.4049 -16.5034 12.4327
45.9039 -17.2074 9.65668

47.5569 -13.7564 10.0547
48.5119 -14.6224 13.6037
49.5219 -18.3114 13.4327

53.3079 -18.1844 13.3857
53.5869 -14.9754 15.5497

End chain 1
