0 0 0
0 0 3.75138
0.133601 -0.0124567 7.54191

-0.629261 -3.7158 7.92421
-3.09246 -3.01748 10.7327
-4.87245 -0.385495 8.64775
-5.17164 -2.77654 5.70899
-6.62987 -5.48716 7.93811
-9.19647 -3.07206 9.36037
-10.2479 -1.98446 5.87402
-10.6778 -5.59601 4.77184

-7.82978 -7.50301 6.35584
-6.98278 -7.39401 10.0468
-4.92678 -4.53601 11.7358
-4.43078 -4.21001 15.4698
-3.14478 -0.64001 15.3238
-4.83378 2.47199 14.0768
-4.04678 2.90299 10.4188
-5.04878 5.02499 7.45684
-7.33478 3.18599 5.13784
-7.16478 3.81599 1.48084
-9.18278 7.20599 1.62184
-6.77378 8.43699 4.34184
-9.24778 7.87399 7.19784
-8.43478 6.36799 10.4998
-9.41278 2.78899 10.8388
-8.58678 -0.26401 12.8618

-9.41278 -3.96701 13.1968
-11.3988 -5.40601 10.2758
-12.3358 -2.34001 8.29684

-13.7308 -0.48501 11.3248
-13.7738 3.15199 10.4188
-12.9118 5.32199 13.3508
-13.1688 8.87799 12.0778
-13.0138 10.86 8.87284
-11.1948 13.526 10.8418
-7.50978 14.138 10.2148
-6.75578 14.025 13.9378
-5.05578 11.07 15.4898

-6.32878 12.261 18.7348
-9.79178 12.286 17.4298
-9.29278 8.67599 16.2508
-7.77578 7.53299 19.5208
-10.7218 9.08799 21.4028
-13.1598 7.37599 19.1268
-11.2778 4.18599 19.5658
-11.4188 4.24399 23.3938
-15.1088 5.14699 23.3068
-15.8038 2.21299 20.9938
-13.7578 -0.28101 23.1018

-14.5478 0.95799 26.5088
-10.9968 1.47699 27.6488
-7.77078 3.41399 27.3698
-6.30478 1.70099 24.2928
-3.45778 3.82899 23.2118
-4.42778 3.09499 19.6148
-3.92478 -0.65001 20.0038
-6.48678 -3.41401 20.3798
-6.56978 -7.08501 20.7178
-7.78078 -9.64101 18.2328

-10.8208 -10.38 20.3338
-11.6608 -6.67401 20.4618
-11.2218 -6.44601 16.6218
-13.7288 -9.20301 16.1668
-16.2438 -7.85401 18.5358
-16.2598 -4.61901 16.5468
-16.5228 -6.68901 13.3638
-19.5558 -8.53701 14.6558
-21.2498 -5.32801 15.5678
-20.4508 -3.82601 12.2018
-21.7608 -6.76801 10.2268
-24.8888 -6.72801 12.2288
-25.3338 -3.07101 11.7718
-24.8738 -3.39801 7.97084
-27.5288 -6.03801 7.68384
-29.9568 -4.07301 9.85184
-29.2918 -0.87201 7.79184
-30.1498 -2.73101 4.60484
-33.3588 -4.10101 6.22084
-34.5558 -0.68601 7.22684

-33.5928 1.01699 4.00684
-36.6338 1.35699 1.77084

-34.4658 1.22699 -1.30016
-32.1948 -1.66301 -0.220156
-34.5838 -3.99301 1.41084
-36.5048 -4.96801 -1.64216
-33.2908 -5.69101 -3.52616
-31.9238 -7.70001 -0.685156
-35.1008 -9.60901 -0.389156
-35.0288 -10.599 -4.03816

-31.5398 -11.981 -4.05816
-30.1378 -15.476 -3.38316
-27.8538 -16.084 -0.418156

-24.5968 -15.465 -2.17316
-25.5648 -12.256 -3.74516
-27.0588 -10.933 -0.526156
-23.5768 -11.323 0.894844
-22.1948 -9.08501 -1.96216
-24.7608 -6.40901 -1.11116
-23.8048 -6.63801 2.56184
-20.1098 -6.14601 1.58884
-20.8218 -2.89901 -0.324156
-22.9218 -1.60601 2.51484
-20.2108 -2.41001 4.95484
-17.7548 -0.53801 2.89384
-19.6578 2.49199 1.84784

-22.6158 2.74899 4.01384
-26.3168 2.44399 3.32784

-26.5048 5.86499 1.83884
-23.7058 5.29899 -0.658156
-25.1608 2.04399 -1.87816
-28.7298 3.23299 -2.08916
-27.4508 5.77699 -4.56316
-26.5248 3.06199 -7.12916

-30.0568 3.41999 -8.39616

-29.5848 1.89899 -11.7832
-27.4948 -1.03901 -10.6622
-30.0038 -1.85801 -7.87316
-32.7938 -2.02901 -10.3712
-30.8118 -4.32501 -12.6392
-29.9908 -6.56901 -9.74216
-33.5938 -6.64401 -8.76016
-34.3778 -7.54201 -12.2482

-31.7528 -10.282 -12.2732
-29.8218 -8.71501 -15.1592
-26.5098 -9.93201 -13.8642

-24.2468 -8.95901 -16.7462
-25.7238 -5.58401 -17.1512
-25.5458 -4.69201 -13.4952
-21.9018 -5.85901 -13.4042
-21.1028 -3.44301 -16.1902
-23.0838 -0.65101 -14.5242
-21.4278 -1.17401 -11.1782
-17.9568 -0.80301 -12.8182
-18.7788 2.74399 -13.8172
-18.1568 4.18099 -10.3922

-15.5808 5.90099 -8.31916

-15.8328 2.83799 -6.18816
-14.5308 0.64899 -8.84616
-11.8338 3.09499 -9.96916
-10.4918 3.58199 -6.44916
-10.4988 -0.0290098 -5.24016

-10.5908 -2.11801 -8.38116

-9.51078 -5.46501 -7.07016
-11.9518 -5.44401 -4.27616
-14.7668 -4.00601 -6.46416
-14.0368 -6.76001 -8.98916
-14.4418 -9.52101 -6.42616
-17.7928 -8.12801 -5.37516
-18.9728 -7.54101 -8.93316
-18.0598 -11.121 -9.92616
-20.0178 -12.367 -6.99816
-23.0488 -10.55 -8.19616
-22.4808 -11.651 -11.7052
-22.0078 -15.325 -11.0172

-23.7418 -15.852 -7.81716
-20.8798 -18.125 -6.63516
-17.8688 -17.485 -4.34616
-15.3698 -18.189 -7.12216

-13.7168 -14.738 -6.72416
-12.7618 -15.604 -3.17516
-11.7518 -19.293 -3.34616

-7.96578 -19.166 -3.39316
-7.68678 -15.957 -1.22916

End chain 1
