0 0 0
0 0 3.83627
2.18055 2.86564 4.83445

4.59401 3.66773 7.65841
3.93553 0.306775 9.30561
4.56347 -1.52735 6.03689
7.84998 0.31094 5.52459
8.99577 -0.557678 9.04248
8.17089 -4.22888 8.5089
10.12 -4.29261 5.24701
13.1484 -2.71296 6.9133

15.9964 -4.61996 8.4973
16.8434 -4.51096 12.1883
18.8994 -1.65296 13.8773
19.3954 -1.32696 17.6113
20.6814 2.24304 17.4653
18.9924 5.35504 16.2183
19.7794 5.78604 12.5603
18.7774 7.90804 9.5983
16.4914 6.06904 7.2793
16.6614 6.69904 3.6223
14.6434 10.089 3.7633
17.0524 11.32 6.4833
14.5784 10.757 9.3393
15.3914 9.25104 12.6413
14.4134 5.67204 12.9803
15.2394 2.61904 15.0033

14.4134 -1.08396 15.3383
12.4274 -2.52296 12.4173
11.4904 0.543038 10.4383

10.0954 2.39804 13.4663
10.0524 6.03504 12.5603
10.9144 8.20504 15.4923
10.6574 11.761 14.2193
10.8124 13.743 11.0143
12.6314 16.409 12.9833
16.3164 17.021 12.3563
17.0704 16.908 16.0793
18.7704 13.953 17.6313

17.4974 15.144 20.8763
14.0344 15.169 19.5713
14.5334 11.559 18.3923
16.0504 10.416 21.6623
13.1044 11.971 23.5443
10.6664 10.259 21.2683
12.5484 7.06904 21.7073
12.4074 7.12704 25.5353
8.71735 8.03004 25.4483
8.02235 5.09604 23.1353
10.0684 2.60204 25.2433

9.27835 3.84104 28.6503
12.8294 4.36004 29.7903
16.0554 6.29704 29.5113
17.5214 4.58404 26.4343
20.3684 6.71204 25.3533
19.3984 5.97804 21.7563
19.9014 2.23304 22.1453
17.3394 -0.530962 22.5213
17.2564 -4.20196 22.8593
16.0454 -6.75796 20.3743

13.0054 -7.49696 22.4753
12.1654 -3.79096 22.6033
12.6044 -3.56296 18.7633
10.0974 -6.31996 18.3083
7.58235 -4.97096 20.6773
7.56635 -1.73596 18.6883
7.30335 -3.80596 15.5053
4.27035 -5.65396 16.7973
2.57635 -2.44496 17.7093
3.37535 -0.942962 14.3433
2.06535 -3.88496 12.3683
-1.06265 -3.84496 14.3703
-1.50765 -0.187962 13.9133
-1.04765 -0.514962 10.1123
-3.70265 -3.15496 9.8253
-6.13065 -1.18996 11.9933
-5.46565 2.01104 9.9333
-6.32365 0.152038 6.7463
-9.53265 -1.21796 8.3623
-10.7296 2.19704 9.3683

-9.76665 3.90004 6.1483
-12.8076 4.24004 3.9123

-10.6396 4.11004 0.841297
-8.36865 1.22004 1.9213
-10.7576 -1.10996 3.5523
-12.6786 -2.08496 0.499297
-9.46465 -2.80796 -1.3847
-8.09765 -4.81696 1.4563
-11.2746 -6.72596 1.7523
-11.2026 -7.71596 -1.8967

-7.71365 -9.09796 -1.9167
-6.31165 -12.593 -1.2417
-4.02765 -13.201 1.7233

-0.770648 -12.582 -0.0317027
-1.73865 -9.37296 -1.6037
-3.23265 -8.04996 1.6153
0.249352 -8.43996 3.0363
1.63135 -6.20196 0.179297
-0.934648 -3.52596 1.0303
0.0213516 -3.75496 4.7033
3.71635 -3.26296 3.7303
3.00435 -0.0159622 1.8173
0.904352 1.27704 4.6563
3.61535 0.473038 7.0963
6.07135 2.34504 5.0353
4.16835 5.37504 3.9893

1.21035 5.63204 6.1553
-2.49065 5.32704 5.4693

-2.67865 8.74804 3.9803
0.120352 8.18204 1.4833
-1.33465 4.92704 0.263297
-4.90365 6.11604 0.0522973
-3.62465 8.66004 -2.4217
-2.69865 5.94504 -4.9877

-6.23065 6.30304 -6.2547

-5.75865 4.78204 -9.6417
-3.66865 1.84404 -8.5207
-6.17765 1.02504 -5.7317
-8.96765 0.854038 -8.2297
-6.98565 -1.44196 -10.4977
-6.16465 -3.68596 -7.6007
-9.76765 -3.76096 -6.6187
-10.5516 -4.65896 -10.1067

-7.92665 -7.39896 -10.1317
-5.99565 -5.83196 -13.0177
-2.68365 -7.04896 -11.7227

-0.420648 -6.07596 -14.6047
-1.89765 -2.70096 -15.0097
-1.71965 -1.80896 -11.3537
1.92435 -2.97596 -11.2627
2.72335 -0.559962 -14.0487
0.742352 2.23204 -12.3827
2.39835 1.70904 -9.0367
5.86935 2.08004 -10.6767
5.04735 5.62704 -11.6757
5.66935 7.06404 -8.2507

8.24535 8.78404 -6.1777

7.99335 5.72104 -4.0467
9.29535 3.53204 -6.7047
11.9924 5.97804 -7.8277
13.3344 6.46504 -4.3077
13.3274 2.85404 -3.0987

13.2354 0.765038 -6.2397

14.3154 -2.58196 -4.9287
11.8744 -2.56096 -2.1347
9.05935 -1.12296 -4.3227
9.78935 -3.87696 -6.8477
9.38435 -6.63796 -4.2847
6.03335 -5.24496 -3.2337
4.85335 -4.65796 -6.7917
5.76635 -8.23796 -7.7847
3.80835 -9.48396 -4.8567
0.777352 -7.66696 -6.0547
1.34535 -8.76796 -9.5637
1.81835 -12.442 -8.8757

0.0843516 -12.969 -5.6757
2.94635 -15.242 -4.4937
5.95735 -14.602 -2.2047
8.45635 -15.306 -4.9807

10.1094 -11.855 -4.5827
11.0644 -12.721 -1.0337
12.0744 -16.41 -1.2047

15.8604 -16.283 -1.2517
16.1394 -13.074 0.912297

End chain 1
