36.887 -23.463 8.956
34.76 -20.902 10.706
34.477 -17.198 11.189

36.964 -17.128 14.061
39.617 -19.041 12.22
38.916 -16.953 9.158
39.302 -13.605 10.789
42.19 -14.84 12.785
44.013 -15.477 9.498
43.018 -12.034 8.052
43.819 -9.866 11.138

46.667 -11.773 12.722
47.514 -11.664 16.413
49.57 -8.806 18.102
50.066 -8.48 21.836
51.352 -4.91 21.69
49.663 -1.798 20.443
50.45 -1.367 16.785
49.448 0.755 13.823
47.162 -1.084 11.504
47.332 -0.454 7.847
45.314 2.936 7.988
47.723 4.167 10.708
45.249 3.604 13.564
46.062 2.098 16.866
45.084 -1.481 17.205
45.91 -4.534 19.228

45.084 -8.237 19.563
43.098 -9.676 16.642
42.161 -6.61 14.663

40.766 -4.755 17.691
40.723 -1.118 16.785
41.585 1.052 19.717
41.328 4.608 18.444
41.483 6.59 15.239
43.302 9.256 17.208
46.987 9.868 16.581
47.741 9.755 20.304
49.441 6.8 21.856

48.168 7.991 25.101
44.705 8.016 23.796
45.204 4.406 22.617
46.721 3.263 25.887
43.775 4.818 27.769
41.337 3.106 25.493
43.219 -0.084 25.932
43.078 -0.026 29.76
39.388 0.877 29.673
38.693 -2.057 27.36
40.739 -4.551 29.468

41.0794 -3.43689 33.0335
38.9289 -5.69495 35.3454
37.2282 -6.59999 38.6212
34.8078 -3.94358 37.1673
33.856 -0.196454 37.6553
32.6528 3.36182 37.9705
33.3424 7.06515 38.3932
30.256 8.63249 40.1754
31.3785 5.53439 41.8993
34.5914 3.61172 42.4613

34.9513 4.11235 38.7113
34.5952 7.8778 39.082
37.2526 7.95914 41.7976
39.6577 5.9595 39.6389
39.1304 8.31266 36.7017
39.7976 11.3481 38.8889
43.0135 9.81148 40.208
44.2157 9.06175 36.6816
43.5165 12.6312 35.5803
45.4418 14.0259 38.5453
48.4253 11.8002 37.7785
48.4442 12.9127 34.1446
48.3575 16.5728 35.1638
51.2694 16.0762 37.5549
53.3232 14.3675 34.852
52.6543 17.2052 32.4142
53.7183 19.7939 34.9851
56.9482 17.9164 35.6815
57.7492 17.7229 31.9715
57.1648 21.4546 31.5519

58.1278 23.1576 28.3319
55.0868 23.4976 26.0959

57.2548 23.3676 23.0249
59.5258 20.4776 24.1049
57.1368 18.1476 25.7359
55.2158 17.1726 22.6829
58.4298 16.4496 20.7989
59.7968 14.4406 23.6399
56.6198 12.5316 23.9359
56.6918 11.5416 20.2869

60.1808 10.1596 20.2669
61.5828 6.66456 20.9419
63.8668 6.05656 23.9069

67.1238 6.67556 22.1519
66.1558 9.88456 20.5799
64.6618 11.2076 23.7989
68.1438 10.8176 25.2199
69.5258 13.0556 22.3629
66.9598 15.7316 23.2139
67.9158 15.5026 26.8869
71.6108 15.9946 25.9139
70.8988 19.2416 24.0009
68.7988 20.5346 26.8399
71.5098 19.7306 29.2799
73.9658 21.6026 27.2189
72.0628 24.6326 26.1729

69.1048 24.8896 28.3389
65.4038 24.5846 27.6529

65.2158 28.0056 26.1639
68.0148 27.4396 23.6669
66.5598 24.1846 22.4469
62.9908 25.3736 22.2359
64.2698 27.9176 19.7619
65.1958 25.2026 17.1959

61.6638 25.5606 15.9289

62.1358 24.0396 12.5419
64.2258 21.1016 13.6629
61.7168 20.2826 16.4519
58.9268 20.1116 13.9539
60.9088 17.8156 11.6859
61.7298 15.5716 14.5829
58.1268 15.4966 15.5649
57.3428 14.5986 12.0769

59.9678 11.8586 12.0519
61.8988 13.4256 9.16592
65.2108 12.2086 10.4609

67.4738 13.1816 7.57892
65.9968 16.5566 7.17392
66.1748 17.4486 10.8299
69.8188 16.2816 10.9209
70.6178 18.6976 8.13492
68.6368 21.4896 9.80092
70.2928 20.9666 13.1469
73.7638 21.3376 11.5069
72.9418 24.8846 10.5079
73.5638 26.3216 13.9329

76.1398 28.0416 16.0059

75.8878 24.9786 18.1369
77.1898 22.7896 15.4789
79.8868 25.2356 14.3559
81.2288 25.7226 17.8759
81.2218 22.1116 19.0849

81.1298 20.0226 15.9439

82.2098 16.6756 17.2549
79.7688 16.6966 20.0489
76.9538 18.1346 17.8609
77.6838 15.3806 15.3359
77.2788 12.6196 17.8989
73.9278 14.0126 18.9499
72.7478 14.5996 15.3919
73.6608 11.0196 14.3989
71.7028 9.77356 17.3269
68.6718 11.5906 16.1289
69.2398 10.4896 12.6199
69.7128 6.81556 13.3079

67.9788 6.28856 16.5079
70.8408 4.01556 17.6899
73.8518 4.65556 19.9789
76.3508 3.95156 17.2029

78.0038 7.40256 17.6009
78.9588 6.53656 21.1499
79.9688 2.84756 20.9789

83.7548 2.97456 20.9319
84.0338 6.18356 23.0959

End chain 1
