36.887 -23.463 8.956
34.76 -20.902 10.706
34.477 -17.198 11.189

36.964 -17.128 14.061
39.617 -19.041 12.22
38.916 -16.953 9.158
39.302 -13.605 10.789
42.19 -14.84 12.785
44.013 -15.477 9.498
43.018 -12.034 8.052
43.819 -9.866 11.138

46.667 -11.773 12.722
47.514 -11.664 16.413
49.57 -8.806 18.102
50.066 -8.48 21.836
51.352 -4.91 21.69
49.663 -1.798 20.443
50.45 -1.367 16.785
49.448 0.755 13.823
47.162 -1.084 11.504
47.332 -0.454 7.847
45.314 2.936 7.988
47.723 4.167 10.708
45.249 3.604 13.564
46.062 2.098 16.866
45.084 -1.481 17.205
45.91 -4.534 19.228

45.084 -8.237 19.563
43.098 -9.676 16.642
42.161 -6.61 14.663

45.9436 -6.04629 15.1148
48.3303 -8.38249 13.1436
46.2363 -11.3329 12.1577
48.462 -13.9882 13.7344
49.6338 -17.65 13.9286
52.0957 -15.777 11.6041
53.5069 -14.2605 8.33841
51.0474 -12.1637 10.1447
52.1029 -9.8195 7.41307

50.7673 -6.65102 9.03159
53.6772 -6.55627 11.4741
56.1877 -6.95407 8.64878
54.5808 -4.11987 6.6922
54.6965 -1.83168 9.72431
58.376 -2.60003 10.2846
59.1878 -1.8402 6.65054
57.3573 1.48512 6.83604
59.2435 2.45787 9.98859
62.5777 1.62109 8.36812
61.7299 3.71835 5.31435

60.9399 4.95735 8.72135
64.4909 5.47635 9.86135
67.7169 7.41335 9.58235
69.1829 5.70035 6.50535
72.0299 7.82835 5.42435
71.0599 7.09435 1.82735
71.5629 3.34935 2.21635
69.0009 0.585354 2.59235
68.9179 -3.08565 2.93035
67.7069 -5.64165 0.445351

64.6669 -6.38065 2.54635
63.8269 -2.67465 2.67435
64.2659 -2.44665 -1.16565
61.7589 -5.20365 -1.62065
59.2439 -3.85465 0.748351
59.2279 -0.619646 -1.24065
58.9649 -2.68965 -4.42365
55.9319 -4.53765 -3.13165
54.2379 -1.32865 -2.21965
55.0369 0.173354 -5.58565
53.7269 -2.76865 -7.56065
50.5989 -2.72865 -5.55865
50.1539 0.928354 -6.01565
50.6139 0.601354 -9.81665
47.9589 -2.03865 -10.1036
45.5309 -0.0736463 -7.93565
46.1959 3.12735 -9.99565
45.3379 1.26835 -13.1826
42.1289 -0.101646 -11.5666
40.9319 3.31335 -10.5606

41.8949 5.01635 -13.7806
38.8539 5.35635 -16.0166

41.0219 5.22635 -19.0876
43.2929 2.33635 -18.0076
40.9039 0.00635369 -16.3766
38.9829 -0.968646 -19.4296
42.1969 -1.69165 -21.3136
43.5639 -3.70065 -18.4726
40.3869 -5.60965 -18.1766
40.4589 -6.59965 -21.8256

43.9479 -7.98165 -21.8456
45.3499 -11.4766 -21.1706
47.6339 -12.0846 -18.2056

50.8909 -11.4656 -19.9606
49.9229 -8.25665 -21.5326
48.4289 -6.93365 -18.3136
51.9109 -7.32365 -16.8926
53.2929 -5.08565 -19.7496
50.7269 -2.40965 -18.8986
51.6829 -2.63865 -15.2256
55.3779 -2.14665 -16.1986
54.6659 1.10035 -18.1116
52.5659 2.39335 -15.2726
55.2769 1.58935 -12.8326
57.7329 3.46135 -14.8936
55.8299 6.49135 -15.9396

52.8719 6.74835 -13.7736
49.1709 6.44335 -14.4596

48.9829 9.86435 -15.9486
51.7819 9.29835 -18.4456
50.3269 6.04335 -19.6656
46.7579 7.23235 -19.8766
48.0369 9.77635 -22.3506
48.9629 7.06135 -24.9166

45.4309 7.41935 -26.1836

45.9029 5.89835 -29.5706
47.9929 2.96035 -28.4496
45.4839 2.14135 -25.6606
42.6939 1.97035 -28.1586
44.6759 -0.325646 -30.4266
45.4969 -2.56965 -27.5296
41.8939 -2.64465 -26.5476
41.1099 -3.54265 -30.0356

43.7349 -6.28265 -30.0606
45.6659 -4.71565 -32.9466
48.9779 -5.93265 -31.6516

51.2409 -4.95965 -34.5336
49.7639 -1.58465 -34.9386
49.9419 -0.692646 -31.2826
53.5859 -1.85965 -31.1916
54.3849 0.556354 -33.9776
52.4039 3.34835 -32.3116
54.0599 2.82535 -28.9656
57.5309 3.19635 -30.6056
56.7089 6.74335 -31.6046
57.3309 8.18035 -28.1796

59.9069 9.90035 -26.1066

59.6549 6.83735 -23.9756
60.9569 4.64835 -26.6336
63.6539 7.09435 -27.7566
64.9959 7.58135 -24.2366
64.9889 3.97035 -23.0276

64.8969 1.88135 -26.1686

65.9769 -1.46565 -24.8576
63.5359 -1.44465 -22.0636
60.7209 -0.00664631 -24.2516
61.4509 -2.76065 -26.7766
61.0459 -5.52165 -24.2136
57.6949 -4.12865 -23.1626
56.5149 -3.54165 -26.7206
57.4279 -7.12165 -27.7136
55.4699 -8.36765 -24.7856
52.4389 -6.55065 -25.9836
53.0069 -7.65165 -29.4926
53.4799 -11.3256 -28.8046

51.7459 -11.8526 -25.6046
54.6079 -14.1256 -24.4226
57.6189 -13.4856 -22.1336
60.1179 -14.1896 -24.9096

61.7709 -10.7386 -24.5116
62.7259 -11.6046 -20.9626
63.7359 -15.2936 -21.1336

67.5219 -15.1666 -21.1806
67.8009 -11.9576 -19.0166

End chain 1
