36.887 -23.463 8.956
34.76 -20.902 10.706
34.477 -17.198 11.189

36.964 -17.128 14.061
39.617 -19.041 12.22
38.916 -16.953 9.158
39.302 -13.605 10.789
42.19 -14.84 12.785
44.013 -15.477 9.498
43.018 -12.034 8.052
43.819 -9.866 11.138

46.667 -11.773 12.722
47.514 -11.664 16.413
49.57 -8.806 18.102
50.066 -8.48 21.836
51.352 -4.91 21.69
49.663 -1.798 20.443
50.45 -1.367 16.785
49.448 0.755 13.823
47.162 -1.084 11.504
47.332 -0.454 7.847
45.314 2.936 7.988
47.723 4.167 10.708
45.249 3.604 13.564
46.062 2.098 16.866
45.084 -1.481 17.205
45.91 -4.534 19.228

45.084 -8.237 19.563
43.098 -9.676 16.642
42.161 -6.61 14.663

40.766 -4.755 17.691
40.723 -1.118 16.785
41.585 1.052 19.717
41.328 4.608 18.444
41.483 6.59 15.239
43.302 9.256 17.208
46.987 9.868 16.581
47.741 9.755 20.304
49.441 6.8 21.856

48.168 7.991 25.101
44.705 8.016 23.796
45.204 4.406 22.617
46.721 3.263 25.887
43.775 4.818 27.769
41.337 3.106 25.493
43.219 -0.084 25.932
43.078 -0.026 29.76
39.388 0.877 29.673
38.693 -2.057 27.36
40.739 -4.551 29.468

39.949 -3.312 32.875
43.5 -2.793 34.015
46.726 -0.856 33.736
48.192 -2.569 30.659
51.039 -0.441 29.578
50.069 -1.175 25.981
50.572 -4.92 26.37
48.01 -7.684 26.746
47.927 -11.355 27.084
46.716 -13.911 24.599

43.676 -14.65 26.7
42.836 -10.944 26.828
43.275 -10.716 22.988
40.768 -13.473 22.533
38.253 -12.124 24.902
38.237 -8.889 22.913
37.974 -10.959 19.73
34.941 -12.807 21.022
33.247 -9.598 21.934
34.046 -8.096 18.568
32.736 -11.038 16.593
29.608 -10.998 18.595
29.163 -7.341 18.138
29.623 -7.668 14.337
26.968 -10.308 14.05
24.54 -8.343 16.218
25.205 -5.142 14.158
24.347 -7.001 10.971
21.138 -8.371 12.587
19.941 -4.956 13.593

20.904 -3.253 10.373
17.863 -2.913 8.137

20.031 -3.043 5.066
22.302 -5.933 6.146
19.913 -8.263 7.777
17.992 -9.238 4.724
21.206 -9.961 2.84
22.573 -11.97 5.681
19.396 -13.879 5.977
19.468 -14.869 2.328

22.957 -16.251 2.308
24.359 -19.746 2.983
26.643 -20.354 5.948

29.9 -19.735 4.193
28.932 -16.526 2.621
27.438 -15.203 5.84
30.92 -15.593 7.261
32.302 -13.355 4.404
29.736 -10.679 5.255
30.692 -10.908 8.928
34.387 -10.416 7.955
33.675 -7.169 6.042
31.575 -5.876 8.881
34.286 -6.68 11.321
36.742 -4.808 9.26
34.839 -1.778 8.214

32.1244 -1.64693 10.7784
29.1781 -1.02057 8.45754

26.176 1.27405 8.86382
27.8909 3.18089 11.6685
31.0229 3.6472 9.56707
28.9826 4.9642 6.64381
27.1872 7.44835 8.89067
30.4854 8.70678 10.2981

26.9534 9.06478 9.03106

27.4254 7.54378 5.64406
29.5154 4.60578 6.76506
27.0064 3.78678 9.55406
24.2164 3.61578 7.05606
26.1984 1.31978 4.78806
27.0194 -0.924218 7.68506
23.4164 -0.999218 8.66706
22.6324 -1.89722 5.17906

25.2574 -4.63722 5.15406
27.1884 -3.07022 2.26806
30.5004 -4.28722 3.56306

32.7634 -3.31422 0.681063
31.2864 0.0607818 0.276063
31.4644 0.952782 3.93206
35.1084 -0.214218 4.02306
35.9074 2.20178 1.23706
33.9264 4.99378 2.90306
35.5824 4.47078 6.24906
39.0534 4.84178 4.60906
38.2314 8.38878 3.61006
38.8534 9.82578 7.03506

41.4294 11.5458 9.10806

41.1774 8.48278 11.2391
42.4794 6.29378 8.58106
45.1764 8.73978 7.45806
46.5184 9.22678 10.9781
46.5114 5.61578 12.1871

46.4194 3.52678 9.04606

47.4994 0.179782 10.3571
45.0584 0.200782 13.1511
42.2434 1.63878 10.9631
42.9734 -1.11522 8.43806
42.5684 -3.87622 11.0011
39.2174 -2.48322 12.0521
38.0374 -1.89622 8.49406
38.9504 -5.47622 7.50106
36.9924 -6.72222 10.4291
33.9614 -4.90522 9.23106
34.5294 -6.00622 5.72206
35.0024 -9.68022 6.41006

33.2684 -10.2072 9.61006
36.1304 -12.4802 10.7921
39.1414 -11.8402 13.0811
41.6404 -12.5442 10.3051

43.2934 -9.09322 10.7031
44.2484 -9.95922 14.2521
45.2584 -13.6482 14.0811

49.0444 -13.5212 14.0341
49.3234 -10.3122 16.1981

End chain 1
