36.887 -23.463 8.956
34.76 -20.902 10.706
34.477 -17.198 11.189

36.964 -17.128 14.061
39.617 -19.041 12.22
38.916 -16.953 9.158
39.302 -13.605 10.789
42.19 -14.84 12.785
44.013 -15.477 9.498
43.018 -12.034 8.052
43.819 -9.866 11.138

46.667 -11.773 12.722
47.514 -11.664 16.413
49.57 -8.806 18.102
50.066 -8.48 21.836
51.352 -4.91 21.69
49.663 -1.798 20.443
50.45 -1.367 16.785
49.448 0.755 13.823
47.162 -1.084 11.504
47.332 -0.454 7.847
45.314 2.936 7.988
47.723 4.167 10.708
45.249 3.604 13.564
46.062 2.098 16.866
45.084 -1.481 17.205
45.91 -4.534 19.228

45.084 -8.237 19.563
43.098 -9.676 16.642
42.161 -6.61 14.663

40.766 -4.755 17.691
40.723 -1.118 16.785
41.585 1.052 19.717
41.328 4.608 18.444
41.483 6.59 15.239
43.302 9.256 17.208
46.987 9.868 16.581
47.741 9.755 20.304
49.441 6.8 21.856

48.168 7.991 25.101
44.705 8.016 23.796
45.204 4.406 22.617
46.721 3.263 25.887
43.775 4.818 27.769
41.337 3.106 25.493
43.219 -0.084 25.932
43.078 -0.026 29.76
39.388 0.877 29.673
38.693 -2.057 27.36
40.739 -4.551 29.468

39.949 -3.312 32.875
43.5 -2.793 34.015
46.726 -0.856 33.736
48.192 -2.569 30.659
51.039 -0.441 29.578
50.069 -1.175 25.981
50.572 -4.92 26.37
48.01 -7.684 26.746
47.927 -11.355 27.084
46.716 -13.911 24.599

43.676 -14.65 26.7
42.836 -10.944 26.828
43.275 -10.716 22.988
40.768 -13.473 22.533
38.253 -12.124 24.902
38.237 -8.889 22.913
37.974 -10.959 19.73
34.941 -12.807 21.022
33.247 -9.598 21.934
34.046 -8.096 18.568
32.736 -11.038 16.593
29.608 -10.998 18.595
29.163 -7.341 18.138
29.623 -7.668 14.337
26.968 -10.308 14.05
24.54 -8.343 16.218
25.205 -5.142 14.158
24.347 -7.001 10.971
21.138 -8.371 12.587
19.941 -4.956 13.593

19.7323 -4.22644 9.88695
20.8807 -2.85564 6.64752

20.3259 -5.24658 3.74606
17.8844 -7.31787 5.79339
15.9247 -4.21354 6.77612
15.6969 -3.09198 3.15216
14.4307 -6.5089 2.07309
11.7664 -6.48467 4.78295
10.5897 -3.02773 3.7304
10.3331 -4.11499 0.0979184

13.8221 -5.49699 0.0779184
15.2241 -8.99199 0.752918
17.5081 -9.59999 3.71792

20.7651 -8.98099 1.96292
19.7971 -5.77199 0.390918
18.3031 -4.44899 3.60992
21.7851 -4.83899 5.03092
23.1671 -2.60099 2.17392
20.6011 0.0750116 3.02492
21.5571 -0.153988 6.69792
25.2521 0.338012 5.72492
24.5401 3.58501 3.81192
22.4401 4.87801 6.65092
25.1511 4.07401 9.09092
27.6071 5.94601 7.02992
25.7041 8.97601 5.98392

22.7461 9.23301 8.14992
19.0451 8.92801 7.46392

18.8571 12.349 5.97492
21.6561 11.783 3.47792
20.2011 8.52801 2.25792
16.6321 9.71701 2.04692
17.9111 12.261 -0.427082
18.8371 9.54601 -2.99308

15.3051 9.90401 -4.26008

15.7771 8.38301 -7.64708
17.8671 5.44501 -6.52608
15.3581 4.62601 -3.73708
12.5681 4.45501 -6.23508
14.5501 2.15901 -8.50308
15.3711 -0.0849884 -5.60608
11.7681 -0.159988 -4.62408
10.9841 -1.05799 -8.11208

13.6091 -3.79799 -8.13708
15.5401 -2.23099 -11.0231
18.8521 -3.44799 -9.72808

21.1151 -2.47499 -12.6101
19.6381 0.900012 -13.0151
19.8161 1.79201 -9.35908
23.4601 0.625012 -9.26808
24.2591 3.04101 -12.0541
22.2781 5.83301 -10.3881
23.9341 5.31001 -7.04208
27.4051 5.68101 -8.68208
26.5831 9.22801 -9.68108
27.2051 10.665 -6.25608

29.7811 12.385 -4.18308

29.5291 9.32201 -2.05208
30.8311 7.13301 -4.71008
33.5281 9.57901 -5.83308
34.8701 10.066 -2.31308
34.8631 6.45501 -1.10408

34.7711 4.36601 -4.24508

35.8511 1.01901 -2.93408
33.4101 1.04001 -0.140082
30.5951 2.47801 -2.32808
31.3251 -0.275988 -4.85308
30.9201 -3.03699 -2.29008
27.5691 -1.64399 -1.23908
26.3891 -1.05699 -4.79708
27.3021 -4.63699 -5.79008
25.3441 -5.88299 -2.86208
22.3131 -4.06599 -4.06008
22.8811 -5.16699 -7.56908
23.3541 -8.84099 -6.88108

21.6201 -9.36799 -3.68108
24.4821 -11.641 -2.49908
27.4931 -11.001 -0.210082
29.9921 -11.705 -2.98608

31.6451 -8.25399 -2.58808
32.6001 -9.11999 0.960918
33.6101 -12.809 0.789918

37.3961 -12.682 0.742918
37.6751 -9.47299 2.90692

End chain 1
