36.887 -23.463 8.956
34.76 -20.902 10.706
34.477 -17.198 11.189

36.964 -17.128 14.061
39.617 -19.041 12.22
38.916 -16.953 9.158
39.302 -13.605 10.789
42.19 -14.84 12.785
44.013 -15.477 9.498
43.018 -12.034 8.052
43.819 -9.866 11.138

47.1422 -11.6956 10.8831
49.0302 -12.3916 7.60042
47.4917 -9.25605 6.03766
45.6441 -6.29273 4.37236
44.9785 -3.78267 1.50789
41.5263 -5.49531 1.06375
39.258 -6.23542 -1.91186
37.0492 -3.1527 -1.03794
40.1431 -1.25832 -0.288813
43.5012 0.106018 -1.17784
44.6493 3.23598 0.787656
44.2695 5.86157 -1.803
40.755 4.49002 -2.00812
39.9633 5.21727 1.70537
41.3593 7.98002 4.02904
41.8204 10.3376 6.85847

45.1733 11.5825 8.14336
45.3308 8.79338 10.72
44.5786 6.1732 8.07202

43.1836 8.0282 11.1
43.1406 11.6652 10.194
44.0026 13.8352 13.126
43.7456 17.3912 11.853
43.9006 19.3732 8.64802
45.7196 22.0392 10.617
49.4046 22.6512 9.99002
50.1586 22.5382 13.713
51.8586 19.5832 15.265

50.5856 20.7742 18.51
47.1226 20.7992 17.205
47.6216 17.1892 16.026
49.1386 16.0462 19.296
46.1926 17.6012 21.178
43.7546 15.8892 18.902
45.6366 12.6992 19.341
45.4956 12.7572 23.169
41.8056 13.6602 23.082
41.1106 10.7262 20.769
43.1566 8.2322 22.877

42.3666 9.4712 26.284
45.9176 9.9902 27.424
49.1436 11.9272 27.145
50.6096 10.2142 24.068
53.4566 12.3422 22.987
52.4866 11.6082 19.39
52.9896 7.8632 19.779
50.4276 5.0992 20.155
50.3446 1.4282 20.493
49.1336 -1.1278 18.008

46.0936 -1.8668 20.109
45.2536 1.8392 20.237
45.6926 2.0672 16.397
43.1856 -0.689804 15.942
40.6706 0.659196 18.311
40.6546 3.8942 16.322
40.3916 1.8242 13.139
37.3586 -0.0238038 14.431
35.6646 3.1852 15.343
36.4636 4.6872 11.977
35.1536 1.7452 10.002
32.0256 1.7852 12.004
31.5806 5.4422 11.547
32.0406 5.1152 7.74602
29.3856 2.4752 7.45902
26.9576 4.4402 9.62702
27.6226 7.6412 7.56702
26.7646 5.7822 4.38002
23.5556 4.4122 5.99602
22.3586 7.8272 7.00202

23.3216 9.5302 3.78202
20.2806 9.8702 1.54602

22.4486 9.7402 -1.52498
24.7196 6.8502 -0.44498
22.3306 4.5202 1.18602
20.4096 3.5452 -1.86698
23.6236 2.8222 -3.75098
24.9906 0.813196 -0.90998
21.8136 -1.0958 -0.61398
21.8856 -2.0858 -4.26298

25.3746 -3.4678 -4.28298
26.7766 -6.9628 -3.60798
29.0606 -7.5708 -0.64298

32.3176 -6.9518 -2.39798
31.3496 -3.7428 -3.96998
29.8556 -2.4198 -0.75098
33.3376 -2.8098 0.67002
34.7196 -0.571804 -2.18698
32.1536 2.1042 -1.33598
33.1096 1.8752 2.33702
36.8046 2.3672 1.36402
36.0926 5.6142 -0.54898
33.9926 6.9072 2.29002
36.7036 6.1032 4.73002
39.1596 7.9752 2.66902
37.2566 11.0052 1.62302

34.2986 11.2622 3.78902
30.5976 10.9572 3.10302

30.4096 14.3782 1.61402
33.2086 13.8122 -0.88298
31.7536 10.5572 -2.10298
28.1846 11.7462 -2.31398
29.4636 14.2902 -4.78798
30.3896 11.5752 -7.35398

26.8576 11.9332 -8.62098

27.3296 10.4122 -12.008
29.4196 7.4742 -10.887
26.9106 6.6552 -8.09798
24.1206 6.4842 -10.596
26.1026 4.1882 -12.864
26.9236 1.9442 -9.96698
23.3206 1.8692 -8.98498
22.5366 0.971196 -12.473

25.1616 -1.7688 -12.498
27.0926 -0.201804 -15.384
30.4046 -1.4188 -14.089

32.6676 -0.445804 -16.971
31.1906 2.9292 -17.376
31.3686 3.8212 -13.72
35.0126 2.6542 -13.629
35.8116 5.0702 -16.415
33.8306 7.8622 -14.749
35.4866 7.3392 -11.403
38.9576 7.7102 -13.043
38.1356 11.2572 -14.042
38.7576 12.6942 -10.617

41.3336 14.4142 -8.54398

41.0816 11.3512 -6.41298
42.3836 9.1622 -9.07098
45.0806 11.6082 -10.194
46.4226 12.0952 -6.67398
46.4156 8.4842 -5.46498

46.3236 6.3952 -8.60598

47.4036 3.0482 -7.29498
44.9626 3.0692 -4.50098
42.1476 4.5072 -6.68898
42.8776 1.7532 -9.21398
42.4726 -1.0078 -6.65098
39.1216 0.385196 -5.59998
37.9416 0.972196 -9.15798
38.8546 -2.6078 -10.151
36.8966 -3.8538 -7.22298
33.8656 -2.0368 -8.42098
34.4336 -3.1378 -11.93
34.9066 -6.8118 -11.242

33.1726 -7.3388 -8.04198
36.0346 -9.6118 -6.85998
39.0456 -8.9718 -4.57098
41.5446 -9.6758 -7.34698

43.1976 -6.2248 -6.94898
44.1526 -7.0908 -3.39998
45.1626 -10.7798 -3.57098

48.9486 -10.6528 -3.61798
49.2276 -7.4438 -1.45398

End chain 1
