0 0 0
0 0 3.77949
2.43052 -2.69763 4.51318

2.9511 -5.29072 1.78412
1.46932 -8.02646 3.96654
-1.58593 -5.89836 4.72779
-2.13321 -5.19054 1.03423
-1.91291 -8.89017 0.193334
-4.44724 -9.75325 2.89058
-6.86399 -7.12037 1.59823
-6.56388 -8.44741 -1.95026

-3.71588 -10.3544 -0.366258
-2.86888 -10.2454 3.32474
-0.812884 -7.38741 5.01374
-0.316884 -7.06141 8.74774
0.969116 -3.49141 8.60174
-0.719884 -0.379409 7.35474
0.0671164 0.0515909 3.69674
-0.934884 2.17359 0.734742
-3.22088 0.334591 -1.58426
-3.05088 0.964591 -5.24126
-5.06888 4.35459 -5.10026
-2.65988 5.58559 -2.38026
-5.13388 5.02259 0.475742
-4.32088 3.51659 3.77774
-5.29888 -0.0624091 4.11674
-4.47288 -3.11541 6.13974

-5.29888 -6.81841 6.47474
-7.28488 -8.25741 3.55374
-8.22188 -5.19141 1.57474

-9.61688 -3.33641 4.60274
-9.65988 0.300591 3.69674
-8.79788 2.47059 6.62874
-9.05488 6.02659 5.35574
-8.89988 8.00859 2.15074
-7.08088 10.6746 4.11974
-3.39588 11.2866 3.49274
-2.64188 11.1736 7.21574
-0.941884 8.21859 8.76774

-2.21488 9.40959 12.0127
-5.67788 9.43459 10.7077
-5.17888 5.82459 9.52874
-3.66188 4.68159 12.7987
-6.60788 6.23659 14.6807
-9.04588 4.52459 12.4047
-7.16388 1.33459 12.8437
-7.30488 1.39259 16.6717
-10.9949 2.29559 16.5847
-11.6899 -0.638409 14.2717
-9.64388 -3.13241 16.3797

-10.4339 -1.89341 19.7867
-6.88288 -1.37441 20.9267
-3.65688 0.562591 20.6477
-2.19088 -1.15041 17.5707
0.656116 0.977591 16.4897
-0.313884 0.243591 12.8927
0.189116 -3.50141 13.2817
-2.37288 -6.26541 13.6577
-2.45588 -9.93641 13.9957
-3.66688 -12.4924 11.5107

-6.70688 -13.2314 13.6117
-7.54688 -9.52541 13.7397
-7.10788 -9.29741 9.89974
-9.61488 -12.0544 9.44474
-12.1299 -10.7054 11.8137
-12.1459 -7.47041 9.82474
-12.4089 -9.54041 6.64174
-15.4419 -11.3884 7.93374
-17.1359 -8.17941 8.84574
-16.3369 -6.67741 5.47974
-17.6469 -9.61941 3.50474
-20.7749 -9.57941 5.50674
-21.2199 -5.92241 5.04974
-20.7599 -6.24941 1.24874
-23.4149 -8.88941 0.961742
-25.8429 -6.92441 3.12974
-25.1779 -3.72341 1.06974
-26.0359 -5.58241 -2.11726
-29.2449 -6.95241 -0.501258
-30.4419 -3.53741 0.504742

-29.4789 -1.83441 -2.71526
-32.5199 -1.49441 -4.95126

-30.3519 -1.62441 -8.02226
-28.0809 -4.51441 -6.94226
-30.4699 -6.84441 -5.31126
-32.3909 -7.81941 -8.36426
-29.1769 -8.54241 -10.2483
-27.8099 -10.5514 -7.40726
-30.9869 -12.4604 -7.11126
-30.9149 -13.4504 -10.7603

-27.4259 -14.8324 -10.7803
-26.0239 -18.3274 -10.1053
-23.7399 -18.9354 -7.14026

-20.4829 -18.3164 -8.89526
-21.4509 -15.1074 -10.4673
-22.9449 -13.7844 -7.24826
-19.4629 -14.1744 -5.82726
-18.0809 -11.9364 -8.68426
-20.6469 -9.26041 -7.83326
-19.6909 -9.48941 -4.16026
-15.9959 -8.99741 -5.13326
-16.7079 -5.75041 -7.04626
-18.8079 -4.45741 -4.20726
-16.0969 -5.26141 -1.76726
-13.6409 -3.38941 -3.82826
-15.5439 -0.359409 -4.87426

-18.5019 -0.102409 -2.70826
-22.2029 -0.407409 -3.39426

-22.3909 3.01359 -4.88326
-19.5919 2.44759 -7.38026
-21.0469 -0.807409 -8.60026
-24.6159 0.381591 -8.81126
-23.3369 2.92559 -11.2853
-22.4109 0.210591 -13.8513

-25.9429 0.568591 -15.1183

-25.4709 -0.952409 -18.5053
-23.3809 -3.89041 -17.3843
-25.8899 -4.70941 -14.5953
-28.6799 -4.88041 -17.0933
-26.6979 -7.17641 -19.3613
-25.8769 -9.42041 -16.4643
-29.4799 -9.49541 -15.4823
-30.2639 -10.3934 -18.9703

-27.6389 -13.1334 -18.9953
-25.7079 -11.5664 -21.8813
-22.3959 -12.7834 -20.5863

-20.1329 -11.8104 -23.4683
-21.6099 -8.43541 -23.8733
-21.4319 -7.54341 -20.2173
-17.7879 -8.71041 -20.1263
-16.9889 -6.29441 -22.9123
-18.9699 -3.50241 -21.2463
-17.3139 -4.02541 -17.9003
-13.8429 -3.65441 -19.5403
-14.6649 -0.107409 -20.5393
-14.0429 1.32959 -17.1143

-11.4669 3.04959 -15.0413

-11.7189 -0.0134091 -12.9103
-10.4169 -2.20241 -15.5683
-7.71988 0.243591 -16.6913
-6.37788 0.730591 -13.1713
-6.38488 -2.88041 -11.9623

-6.47688 -4.96941 -15.1033

-5.39688 -8.31641 -13.7923
-7.83788 -8.29541 -10.9983
-10.6529 -6.85741 -13.1863
-9.92288 -9.61141 -15.7113
-10.3279 -12.3724 -13.1483
-13.6789 -10.9794 -12.0973
-14.8589 -10.3924 -15.6553
-13.9459 -13.9724 -16.6483
-15.9039 -15.2184 -13.7203
-18.9349 -13.4014 -14.9183
-18.3669 -14.5024 -18.4273
-17.8939 -18.1764 -17.7393

-19.6279 -18.7034 -14.5393
-16.7659 -20.9764 -13.3573
-13.7549 -20.3364 -11.0683
-11.2559 -21.0404 -13.8443

-9.60288 -17.5894 -13.4463
-8.64788 -18.4554 -9.89726
-7.63788 -22.1444 -10.0683

-3.85188 -22.0174 -10.1153
-3.57288 -18.8084 -7.95126

End chain 1
