36.887 -23.463 8.956
34.76 -20.902 10.706
34.477 -17.198 11.189

36.964 -17.128 14.061
39.617 -19.041 12.22
38.916 -16.953 9.158
39.302 -13.605 10.789
42.19 -14.84 12.785
44.013 -15.477 9.498
43.018 -12.034 8.052
43.819 -9.866 11.138

46.667 -11.773 12.722
47.514 -11.664 16.413
49.57 -8.806 18.102
50.066 -8.48 21.836
51.352 -4.91 21.69
49.663 -1.798 20.443
50.45 -1.367 16.785
49.448 0.755 13.823
47.162 -1.084 11.504
47.332 -0.454 7.847
45.314 2.936 7.988
47.723 4.167 10.708
45.249 3.604 13.564
46.062 2.098 16.866
45.084 -1.481 17.205
45.91 -4.534 19.228

45.084 -8.237 19.563
43.098 -9.676 16.642
42.161 -6.61 14.663

46.0094 -6.04117 14.8974
49.7179 -5.49824 15.038
51.6561 -4.6798 18.2883
53.0778 -8.22734 18.7275
52.0431 -10.1984 15.5741
50.8638 -12.6499 12.8143
53.1459 -11.9743 9.86401
53.4582 -12.0085 6.13912
49.9734 -12.063 7.40858

47.8661 -10.0589 9.85515
50.9523 -9.02729 11.8183
52.7092 -7.89074 8.64587
49.6997 -5.81549 7.60708
49.5511 -4.1468 11.0183
53.2496 -3.28616 10.8659
52.8509 -1.75931 7.40861
49.9218 0.361509 8.57691
51.9029 1.62526 11.5637
54.8367 2.57044 9.34061
52.5541 4.47506 6.97312

51.7641 5.71406 10.3801
55.3151 6.23306 11.5201
58.5411 8.17006 11.2411
60.0071 6.45706 8.16412
62.8541 8.58506 7.08312
61.8841 7.85106 3.48612
62.3871 4.10606 3.87512
59.8251 1.34206 4.25112
59.7421 -2.32894 4.58912
58.5311 -4.88494 2.10412

55.4911 -5.62394 4.20512
54.6511 -1.91794 4.33312
55.0901 -1.68994 0.493116
52.5831 -4.44694 0.0381157
50.0681 -3.09794 2.40712
50.0521 0.137065 0.418116
49.7891 -1.93294 -2.76488
46.7561 -3.78094 -1.47288
45.0621 -0.571935 -0.560884
45.8611 0.930065 -3.92688
44.5511 -2.01194 -5.90188
41.4231 -1.97194 -3.89988
40.9781 1.68506 -4.35688
41.4381 1.35806 -8.15788
38.7831 -1.28194 -8.44488
36.3551 0.683065 -6.27688
37.0201 3.88406 -8.33688
36.1621 2.02506 -11.5239
32.9531 0.655065 -9.90788
31.7561 4.07006 -8.90188

32.7191 5.77306 -12.1219
29.6781 6.11306 -14.3579

31.8461 5.98306 -17.4289
34.1171 3.09306 -16.3489
31.7281 0.763065 -14.7179
29.8071 -0.211935 -17.7709
33.0211 -0.934935 -19.6549
34.3881 -2.94394 -16.8139
31.2111 -4.85294 -16.5179
31.2831 -5.84294 -20.1669

34.7721 -7.22494 -20.1869
36.1741 -10.7199 -19.5119
38.4581 -11.3279 -16.5469

41.7151 -10.7089 -18.3019
40.7471 -7.49994 -19.8739
39.2531 -6.17694 -16.6549
42.7351 -6.56694 -15.2339
44.1171 -4.32894 -18.0909
41.5511 -1.65294 -17.2399
42.5071 -1.88194 -13.5669
46.2021 -1.38994 -14.5399
45.4901 1.85706 -16.4529
43.3901 3.15006 -13.6139
46.1011 2.34606 -11.1739
48.5571 4.21806 -13.2349
46.6541 7.24806 -14.2809

43.6961 7.50506 -12.1149
39.9951 7.20006 -12.8009

39.8071 10.6211 -14.2899
42.6061 10.0551 -16.7869
41.1511 6.80006 -18.0069
37.5821 7.98906 -18.2179
38.8611 10.5331 -20.6919
39.7871 7.81806 -23.2579

36.2551 8.17606 -24.5249

36.7271 6.65506 -27.9119
38.8171 3.71706 -26.7909
36.3081 2.89806 -24.0019
33.5181 2.72706 -26.4999
35.5001 0.431065 -28.7679
36.3211 -1.81294 -25.8709
32.7181 -1.88794 -24.8889
31.9341 -2.78594 -28.3769

34.5591 -5.52594 -28.4019
36.4901 -3.95894 -31.2879
39.8021 -5.17594 -29.9929

42.0651 -4.20294 -32.8749
40.5881 -0.827935 -33.2799
40.7661 0.064065 -29.6239
44.4101 -1.10294 -29.5329
45.2091 1.31306 -32.3189
43.2281 4.10506 -30.6529
44.8841 3.58206 -27.3069
48.3551 3.95306 -28.9469
47.5331 7.50006 -29.9459
48.1551 8.93706 -26.5209

50.7311 10.6571 -24.4479

50.4791 7.59406 -22.3169
51.7811 5.40506 -24.9749
54.4781 7.85106 -26.0979
55.8201 8.33806 -22.5779
55.8131 4.72706 -21.3689

55.7211 2.63806 -24.5099

56.8011 -0.708935 -23.1989
54.3601 -0.687935 -20.4049
51.5451 0.750065 -22.5929
52.2751 -2.00394 -25.1179
51.8701 -4.76494 -22.5549
48.5191 -3.37194 -21.5039
47.3391 -2.78494 -25.0619
48.2521 -6.36494 -26.0549
46.2941 -7.61094 -23.1269
43.2631 -5.79394 -24.3249
43.8311 -6.89494 -27.8339
44.3041 -10.5689 -27.1459

42.5701 -11.0959 -23.9459
45.4321 -13.3689 -22.7639
48.4431 -12.7289 -20.4749
50.9421 -13.4329 -23.2509

52.5951 -9.98194 -22.8529
53.5501 -10.8479 -19.3039
54.5601 -14.5369 -19.4749

58.3461 -14.4099 -19.5219
58.6251 -11.2009 -17.3579

End chain 1
