36.887 -23.463 8.956
34.76 -20.902 10.706
34.477 -17.198 11.189

36.964 -17.128 14.061
39.617 -19.041 12.22
38.916 -16.953 9.158
39.302 -13.605 10.789
42.19 -14.84 12.785
44.013 -15.477 9.498
43.018 -12.034 8.052
43.819 -9.866 11.138

46.667 -11.773 12.722
47.514 -11.664 16.413
49.57 -8.806 18.102
50.066 -8.48 21.836
51.352 -4.91 21.69
49.663 -1.798 20.443
50.45 -1.367 16.785
49.448 0.755 13.823
47.162 -1.084 11.504
47.332 -0.454 7.847
45.314 2.936 7.988
47.723 4.167 10.708
45.249 3.604 13.564
46.062 2.098 16.866
45.084 -1.481 17.205
45.91 -4.534 19.228

45.084 -8.237 19.563
43.098 -9.676 16.642
42.161 -6.61 14.663

40.766 -4.755 17.691
40.723 -1.118 16.785
41.585 1.052 19.717
41.328 4.608 18.444
41.483 6.59 15.239
43.302 9.256 17.208
46.987 9.868 16.581
47.741 9.755 20.304
49.441 6.8 21.856

48.168 7.991 25.101
44.705 8.016 23.796
45.204 4.406 22.617
46.721 3.263 25.887
43.775 4.818 27.769
41.337 3.106 25.493
43.219 -0.084 25.932
43.078 -0.026 29.76
39.388 0.877 29.673
38.693 -2.057 27.36
40.739 -4.551 29.468

38.2926 -3.15344 32.0883
36.9125 -1.75748 35.3453
34.9315 0.54081 37.6455
38.107 2.34505 38.3752
41.5671 3.64456 39.5121
41.2926 -0.158656 39.2354
40.7402 -4.01228 39.1615
41.702 -7.26075 37.314
40.5334 -5.86586 34.077
43.978 -4.44585 34.052

47.7064 -4.53264 33.3213
48.3087 -6.96169 36.1813
45.548 -9.25935 34.9395
46.9941 -9.25698 31.425
50.4515 -10.1251 32.7427
49.0557 -13.0135 34.7803
47.2082 -14.3822 31.7544
50.3589 -14.219 29.6356
52.3553 -16.0677 32.2888
49.7243 -18.8019 32.5015
49.7347 -19.2396 28.7264
53.5236 -19.5297 28.6733
53.457 -22.1638 31.412
50.8508 -24.1922 29.5316
52.9161 -24.0713 26.3437
56.02 -25.2468 28.195
54.1186 -28.1549 29.7345
52.787 -29.21 26.335
56.2776 -29.1278 24.8343
57.6488 -31.2641 27.6625

58.6118 -29.5611 24.4425
55.5708 -29.2211 22.2065

57.7388 -29.3511 19.1355
60.0098 -32.2411 20.2155
57.6208 -34.5711 21.8465
55.6998 -35.5461 18.7935
58.9138 -36.2691 16.9095
60.2808 -38.2781 19.7505
57.1038 -40.1871 20.0465
57.1758 -41.1771 16.3975

60.6648 -42.5591 16.3775
62.0668 -46.0541 17.0525
64.3508 -46.6621 20.0175

67.6078 -46.0431 18.2625
66.6398 -42.8341 16.6905
65.1458 -41.5111 19.9095
68.6278 -41.9011 21.3305
70.0098 -39.6631 18.4735
67.4438 -36.9871 19.3245
68.3998 -37.2161 22.9975
72.0948 -36.7241 22.0245
71.3828 -33.4771 20.1115
69.2828 -32.1841 22.9505
71.9938 -32.9881 25.3905
74.4498 -31.1161 23.3295
72.5468 -28.0861 22.2835

69.5888 -27.8291 24.4495
65.8878 -28.1341 23.7635

65.6998 -24.7131 22.2745
68.4988 -25.2791 19.7775
67.0438 -28.5341 18.5575
63.4748 -27.3451 18.3465
64.7538 -24.8011 15.8725
65.6798 -27.5161 13.3065

62.1478 -27.1581 12.0395

62.6198 -28.6791 8.65255
64.7098 -31.6171 9.77355
62.2008 -32.4361 12.5625
59.4108 -32.6071 10.0645
61.3928 -34.9031 7.79655
62.2138 -37.1471 10.6935
58.6108 -37.2221 11.6755
57.8268 -38.1201 8.18755

60.4518 -40.8601 8.16255
62.3828 -39.2931 5.27655
65.6948 -40.5101 6.57155

67.9578 -39.5371 3.68955
66.4808 -36.1621 3.28455
66.6588 -35.2701 6.94055
70.3028 -36.4371 7.03155
71.1018 -34.0211 4.24555
69.1208 -31.2291 5.91155
70.7768 -31.7521 9.25755
74.2478 -31.3811 7.61755
73.4258 -27.8341 6.61855
74.0478 -26.3971 10.0435

76.6238 -24.6771 12.1165

76.3718 -27.7401 14.2475
77.6738 -29.9291 11.5895
80.3708 -27.4831 10.4665
81.7128 -26.9961 13.9865
81.7058 -30.6071 15.1955

81.6138 -32.6961 12.0545

82.6938 -36.0431 13.3655
80.2528 -36.0221 16.1595
77.4378 -34.5841 13.9715
78.1678 -37.3381 11.4465
77.7628 -40.0991 14.0095
74.4118 -38.7061 15.0605
73.2318 -38.1191 11.5025
74.1448 -41.6991 10.5095
72.1868 -42.9451 13.4375
69.1558 -41.1281 12.2395
69.7238 -42.2291 8.73055
70.1968 -45.9031 9.41855

68.4628 -46.4301 12.6185
71.3248 -48.7031 13.8005
74.3358 -48.0631 16.0895
76.8348 -48.7671 13.3135

78.4878 -45.3161 13.7115
79.4428 -46.1821 17.2605
80.4528 -49.8711 17.0895

84.2388 -49.7441 17.0425
84.5178 -46.5351 19.2065

End chain 1
