36.887 -23.463 8.956
34.76 -20.902 10.706
34.477 -17.198 11.189

36.964 -17.128 14.061
39.617 -19.041 12.22
38.916 -16.953 9.158
39.302 -13.605 10.789
42.19 -14.84 12.785
44.013 -15.477 9.498
43.018 -12.034 8.052
43.819 -9.866 11.138

46.667 -11.773 12.722
47.514 -11.664 16.413
49.57 -8.806 18.102
50.066 -8.48 21.836
51.352 -4.91 21.69
49.663 -1.798 20.443
50.45 -1.367 16.785
49.448 0.755 13.823
47.162 -1.084 11.504
47.332 -0.454 7.847
45.314 2.936 7.988
47.723 4.167 10.708
45.249 3.604 13.564
46.062 2.098 16.866
45.084 -1.481 17.205
45.91 -4.534 19.228

45.084 -8.237 19.563
43.098 -9.676 16.642
42.161 -6.61 14.663

40.766 -4.755 17.691
40.723 -1.118 16.785
41.585 1.052 19.717
41.328 4.608 18.444
41.483 6.59 15.239
43.302 9.256 17.208
46.987 9.868 16.581
47.741 9.755 20.304
49.441 6.8 21.856

48.168 7.991 25.101
44.705 8.016 23.796
45.204 4.406 22.617
46.721 3.263 25.887
43.775 4.818 27.769
41.337 3.106 25.493
43.219 -0.084 25.932
43.078 -0.026 29.76
39.388 0.877 29.673
38.693 -2.057 27.36
40.739 -4.551 29.468

39.949 -3.312 32.875
43.5 -2.793 34.015
46.726 -0.856 33.736
48.192 -2.569 30.659
51.039 -0.441 29.578
50.069 -1.175 25.981
50.572 -4.92 26.37
48.01 -7.684 26.746
47.927 -11.355 27.084
46.716 -13.911 24.599

43.676 -14.65 26.7
42.836 -10.944 26.828
43.275 -10.716 22.988
40.768 -13.473 22.533
38.253 -12.124 24.902
38.237 -8.889 22.913
37.974 -10.959 19.73
34.941 -12.807 21.022
33.247 -9.598 21.934
34.046 -8.096 18.568
32.736 -11.038 16.593
29.608 -10.998 18.595
29.163 -7.341 18.138
29.623 -7.668 14.337
26.968 -10.308 14.05
24.54 -8.343 16.218
25.205 -5.142 14.158
24.347 -7.001 10.971
21.138 -8.371 12.587
19.941 -4.956 13.593

20.904 -3.253 10.373
17.863 -2.913 8.137

20.031 -3.043 5.066
22.302 -5.933 6.146
19.913 -8.263 7.777
17.992 -9.238 4.724
21.206 -9.961 2.84
22.573 -11.97 5.681
19.396 -13.879 5.977
19.468 -14.869 2.328

22.957 -16.251 2.308
24.359 -19.746 2.983
26.643 -20.354 5.948

29.9 -19.735 4.193
28.932 -16.526 2.621
27.438 -15.203 5.84
30.92 -15.593 7.261
32.302 -13.355 4.404
29.736 -10.679 5.255
30.692 -10.908 8.928
34.387 -10.416 7.955
33.675 -7.169 6.042
31.575 -5.876 8.881
34.286 -6.68 11.321
36.742 -4.808 9.26
34.839 -1.778 8.214

31.881 -1.521 10.38
28.18 -1.826 9.694

27.992 1.595 8.205
30.791 1.029 5.708
29.336 -2.226 4.488
25.767 -1.037 4.277
27.046 1.507 1.803
27.972 -1.208 -0.763

24.1256 -1.43049 -0.91312

20.5742 -0.443891 0.0127661
21.8313 1.92765 2.70322
24.2391 3.57157 0.265465
21.4688 4.06436 -2.28899
19.2115 5.65467 0.322277
21.9676 8.04344 1.3903
22.5996 9.07812 -2.21149
18.9009 9.74945 -2.76946

21.5259 7.00945 -2.79446
23.4569 8.57645 -5.68046
26.7689 7.35945 -4.38546

29.0319 8.33245 -7.26746
27.5549 11.7075 -7.67246
27.7329 12.5995 -4.01646
31.3769 11.4325 -3.92546
32.1759 13.8485 -6.71146
30.1949 16.6405 -5.04546
31.8509 16.1175 -1.69946
35.3219 16.4885 -3.33946
34.4999 20.0355 -4.33846
35.1219 21.4725 -0.913462

37.6979 23.1925 1.15954

37.4459 20.1295 3.29054
38.7479 17.9405 0.632538
41.4449 20.3865 -0.490462
42.7869 20.8735 3.02954
42.7799 17.2625 4.23854

42.6879 15.1735 1.09754

43.7679 11.8265 2.40854
41.3269 11.8475 5.20254
38.5119 13.2855 3.01454
39.2419 10.5315 0.489538
38.8369 7.77045 3.05254
35.4859 9.16345 4.10354
34.3059 9.75045 0.545538
35.2189 6.17045 -0.447462
33.2609 4.92445 2.48054
30.2299 6.74145 1.28254
30.7979 5.64045 -2.22646
31.2709 1.96645 -1.53846

29.5369 1.43945 1.66154
32.3989 -0.833546 2.84354
35.4099 -0.193546 5.13254
37.9089 -0.897546 2.35654

39.5619 2.55345 2.75454
40.5169 1.68745 6.30354
41.5269 -2.00155 6.13254

45.3129 -1.87455 6.08554
45.5919 1.33445 8.24954

End chain 1
