36.887 -23.463 8.956
34.76 -20.902 10.706
34.477 -17.198 11.189

36.964 -17.128 14.061
39.617 -19.041 12.22
38.916 -16.953 9.158
39.302 -13.605 10.789
42.19 -14.84 12.785
44.013 -15.477 9.498
43.018 -12.034 8.052
43.819 -9.866 11.138

46.667 -11.773 12.722
47.514 -11.664 16.413
49.57 -8.806 18.102
50.066 -8.48 21.836
51.352 -4.91 21.69
49.663 -1.798 20.443
50.45 -1.367 16.785
49.448 0.755 13.823
47.162 -1.084 11.504
47.332 -0.454 7.847
45.314 2.936 7.988
47.723 4.167 10.708
45.249 3.604 13.564
46.062 2.098 16.866
45.084 -1.481 17.205
45.91 -4.534 19.228

45.084 -8.237 19.563
43.098 -9.676 16.642
42.161 -6.61 14.663

45.8806 -6.16491 14.696
49.5445 -6.4819 15.5826
51.1562 -2.95796 15.2755
49.6826 -2.77044 18.7926
51.2983 -5.26381 21.2424
54.078 -3.72595 19.2922
56.7611 -1.15181 20.0084
56.8766 0.945587 16.7595
53.1723 0.998087 17.7251

52.0133 0.470989 21.3059
51.7116 4.2183 21.8622
49.6566 4.62154 18.6909
47.3077 1.82495 19.7418
46.8065 3.40064 23.1637
46.0055 6.7712 21.6014
43.4531 5.19271 19.2698
41.7633 3.40967 22.1695
41.5477 6.6414 24.1575
39.9958 8.46626 21.2072
37.399 5.72843 20.7554

36.609 6.96743 24.1624
40.16 7.48643 25.3024
43.386 9.42343 25.0234
44.852 7.71043 21.9464
47.699 9.83843 20.8654
46.729 9.10443 17.2684
47.232 5.35943 17.6574
44.67 2.59543 18.0334
44.587 -1.07557 18.3714
43.376 -3.63157 15.8864

40.336 -4.37057 17.9874
39.496 -0.664573 18.1154
39.935 -0.436573 14.2754
37.428 -3.19357 13.8204
34.913 -1.84457 16.1894
34.897 1.39043 14.2004
34.634 -0.679573 11.0174
31.601 -2.52757 12.3094
29.907 0.681427 13.2214
30.706 2.18343 9.85543
29.396 -0.758573 7.88043
26.268 -0.718573 9.88243
25.823 2.93843 9.42543
26.283 2.61143 5.62443
23.628 -0.0285727 5.33743
21.2 1.93643 7.50543
21.865 5.13743 5.44543
21.007 3.27843 2.25843
17.798 1.90843 3.87443
16.601 5.32343 4.88043

17.564 7.02643 1.66043
14.523 7.36643 -0.575567

16.691 7.23643 -3.64657
18.962 4.34643 -2.56657
16.573 2.01643 -0.935567
14.652 1.04143 -3.98857
17.866 0.318427 -5.87257
19.233 -1.69057 -3.03157
16.056 -3.59957 -2.73557
16.128 -4.58957 -6.38457

19.617 -5.97157 -6.40457
21.019 -9.46657 -5.72957
23.303 -10.0746 -2.76457

26.56 -9.45557 -4.51957
25.592 -6.24657 -6.09157
24.098 -4.92357 -2.87257
27.58 -5.31357 -1.45157
28.962 -3.07557 -4.30857
26.396 -0.399573 -3.45757
27.352 -0.628573 0.215433
31.047 -0.136573 -0.757567
30.335 3.11043 -2.67057
28.235 4.40343 0.168433
30.946 3.59943 2.60843
33.402 5.47143 0.547433
31.499 8.50143 -0.498567

28.541 8.75843 1.66743
24.84 8.45343 0.981433

24.652 11.8744 -0.507567
27.451 11.3084 -3.00457
25.996 8.05343 -4.22457
22.427 9.24243 -4.43557
23.706 11.7864 -6.90957
24.632 9.07143 -9.47557

21.1 9.42943 -10.7426

21.572 7.90843 -14.1296
23.662 4.97043 -13.0086
21.153 4.15143 -10.2196
18.363 3.98043 -12.7176
20.345 1.68443 -14.9856
21.166 -0.559573 -12.0886
17.563 -0.634573 -11.1066
16.779 -1.53257 -14.5946

19.404 -4.27257 -14.6196
21.335 -2.70557 -17.5056
24.647 -3.92257 -16.2106

26.91 -2.94957 -19.0926
25.433 0.425427 -19.4976
25.611 1.31743 -15.8416
29.255 0.150427 -15.7506
30.054 2.56643 -18.5366
28.073 5.35843 -16.8706
29.729 4.83543 -13.5246
33.2 5.20643 -15.1646
32.378 8.75343 -16.1636
33 10.1904 -12.7386

35.576 11.9104 -10.6656

35.324 8.84743 -8.53457
36.626 6.65843 -11.1926
39.323 9.10443 -12.3156
40.665 9.59143 -8.79557
40.658 5.98043 -7.58657

40.566 3.89143 -10.7276

41.646 0.544427 -9.41657
39.205 0.565427 -6.62257
36.39 2.00343 -8.81057
37.12 -0.750573 -11.3356
36.715 -3.51157 -8.77257
33.364 -2.11857 -7.72157
32.184 -1.53157 -11.2796
33.097 -5.11157 -12.2726
31.139 -6.35757 -9.34457
28.108 -4.54057 -10.5426
28.676 -5.64157 -14.0516
29.149 -9.31557 -13.3636

27.415 -9.84257 -10.1636
30.277 -12.1156 -8.98157
33.288 -11.4756 -6.69257
35.787 -12.1796 -9.46857

37.44 -8.72857 -9.07057
38.395 -9.59457 -5.52157
39.405 -13.2836 -5.69257

43.191 -13.1566 -5.73957
43.47 -9.94757 -3.57557

End chain 1
