36.887 -23.463 8.956
34.76 -20.902 10.706
34.477 -17.198 11.189

36.964 -17.128 14.061
39.617 -19.041 12.22
38.916 -16.953 9.158
39.302 -13.605 10.789
42.19 -14.84 12.785
44.013 -15.477 9.498
43.018 -12.034 8.052
43.819 -9.866 11.138

46.667 -11.773 12.722
47.514 -11.664 16.413
49.57 -8.806 18.102
50.066 -8.48 21.836
51.352 -4.91 21.69
49.663 -1.798 20.443
50.45 -1.367 16.785
49.448 0.755 13.823
47.162 -1.084 11.504
47.332 -0.454 7.847
45.314 2.936 7.988
47.723 4.167 10.708
45.249 3.604 13.564
46.062 2.098 16.866
45.084 -1.481 17.205
45.91 -4.534 19.228

45.084 -8.237 19.563
43.098 -9.676 16.642
42.161 -6.61 14.663

40.766 -4.755 17.691
40.723 -1.118 16.785
41.585 1.052 19.717
41.328 4.608 18.444
41.483 6.59 15.239
43.302 9.256 17.208
46.987 9.868 16.581
47.741 9.755 20.304
49.441 6.8 21.856

48.168 7.991 25.101
44.705 8.016 23.796
45.204 4.406 22.617
46.721 3.263 25.887
43.775 4.818 27.769
41.337 3.106 25.493
43.219 -0.084 25.932
43.078 -0.026 29.76
39.388 0.877 29.673
38.693 -2.057 27.36
40.739 -4.551 29.468

39.949 -3.312 32.875
43.5 -2.793 34.015
46.726 -0.856 33.736
48.192 -2.569 30.659
51.039 -0.441 29.578
50.069 -1.175 25.981
50.572 -4.92 26.37
48.01 -7.684 26.746
47.927 -11.355 27.084
46.716 -13.911 24.599

43.676 -14.65 26.7
42.836 -10.944 26.828
43.275 -10.716 22.988
40.768 -13.473 22.533
38.253 -12.124 24.902
38.237 -8.889 22.913
37.974 -10.959 19.73
34.941 -12.807 21.022
33.247 -9.598 21.934
34.046 -8.096 18.568
32.736 -11.038 16.593
29.608 -10.998 18.595
29.163 -7.341 18.138
29.623 -7.668 14.337
26.968 -10.308 14.05
24.54 -8.343 16.218
25.205 -5.142 14.158
24.347 -7.001 10.971
21.138 -8.371 12.587
19.941 -4.956 13.593

20.904 -3.253 10.373
17.863 -2.913 8.137

20.031 -3.043 5.066
22.302 -5.933 6.146
19.913 -8.263 7.777
17.992 -9.238 4.724
21.206 -9.961 2.84
22.573 -11.97 5.681
19.396 -13.879 5.977
19.468 -14.869 2.328

22.957 -16.251 2.308
24.359 -19.746 2.983
26.643 -20.354 5.948

29.9 -19.735 4.193
28.932 -16.526 2.621
27.438 -15.203 5.84
30.92 -15.593 7.261
32.302 -13.355 4.404
29.736 -10.679 5.255
30.692 -10.908 8.928
34.387 -10.416 7.955
33.675 -7.169 6.042
31.575 -5.876 8.881
34.286 -6.68 11.321
36.742 -4.808 9.26
34.839 -1.778 8.214

35.0226 -0.283071 11.6529
32.9393 2.74462 11.042

29.8882 1.6811 9.04133
27.5471 3.20128 11.6203
29.4542 6.48788 11.5564
29.2862 6.62316 7.76215
25.5368 6.00465 7.80944
25.0133 8.77968 10.3527

21.4813 9.13768 9.08568

21.9533 7.61668 5.69868
24.0433 4.67868 6.81968
21.5343 3.85968 9.60868
18.7443 3.68868 7.11068
20.7263 1.39268 4.84268
21.5473 -0.851321 7.73968
17.9443 -0.926321 8.72168
17.1603 -1.82432 5.23368

19.7853 -4.56432 5.20868
21.7163 -2.99732 2.32268
25.0283 -4.21432 3.61768

27.2913 -3.24132 0.735682
25.8143 0.133679 0.330682
25.9923 1.02568 3.98668
29.6363 -0.141321 4.07768
30.4353 2.27468 1.29168
28.4543 5.06668 2.95768
30.1103 4.54368 6.30368
33.5813 4.91468 4.66368
32.7593 8.46168 3.66468
33.3813 9.89868 7.08968

35.9573 11.6187 9.16268

35.7053 8.55568 11.2937
37.0073 6.36668 8.63568
39.7043 8.81268 7.51268
41.0463 9.29968 11.0327
41.0393 5.68868 12.2417

40.9473 3.59968 9.10068

42.0273 0.252679 10.4117
39.5863 0.273679 13.2057
36.7713 1.71168 11.0177
37.5013 -1.04232 8.49268
37.0963 -3.80332 11.0557
33.7453 -2.41032 12.1067
32.5653 -1.82332 8.54868
33.4783 -5.40332 7.55568
31.5203 -6.64932 10.4837
28.4893 -4.83232 9.28568
29.0573 -5.93332 5.77668
29.5303 -9.60732 6.46468

27.7963 -10.1343 9.66468
30.6583 -12.4073 10.8467
33.6693 -11.7673 13.1357
36.1683 -12.4713 10.3597

37.8213 -9.02032 10.7577
38.7763 -9.88632 14.3067
39.7863 -13.5753 14.1357

43.5723 -13.4483 14.0887
43.8513 -10.2393 16.2527

End chain 1
