36.887 -23.463 8.956
34.76 -20.902 10.706
34.477 -17.198 11.189

36.964 -17.128 14.061
39.617 -19.041 12.22
38.916 -16.953 9.158
39.302 -13.605 10.789
42.19 -14.84 12.785
44.013 -15.477 9.498
43.018 -12.034 8.052
43.819 -9.866 11.138

46.667 -11.773 12.722
47.514 -11.664 16.413
49.57 -8.806 18.102
50.066 -8.48 21.836
51.352 -4.91 21.69
49.663 -1.798 20.443
50.45 -1.367 16.785
49.448 0.755 13.823
47.162 -1.084 11.504
47.332 -0.454 7.847
45.314 2.936 7.988
47.723 4.167 10.708
45.249 3.604 13.564
46.062 2.098 16.866
45.084 -1.481 17.205
45.91 -4.534 19.228

45.084 -8.237 19.563
43.098 -9.676 16.642
42.161 -6.61 14.663

40.766 -4.755 17.691
40.723 -1.118 16.785
41.585 1.052 19.717
41.328 4.608 18.444
41.483 6.59 15.239
43.302 9.256 17.208
46.987 9.868 16.581
47.741 9.755 20.304
49.441 6.8 21.856

48.168 7.991 25.101
44.705 8.016 23.796
45.204 4.406 22.617
46.721 3.263 25.887
43.775 4.818 27.769
41.337 3.106 25.493
43.219 -0.084 25.932
43.078 -0.026 29.76
39.388 0.877 29.673
38.693 -2.057 27.36
40.739 -4.551 29.468

39.949 -3.312 32.875
43.5 -2.793 34.015
46.726 -0.856 33.736
48.192 -2.569 30.659
51.039 -0.441 29.578
50.069 -1.175 25.981
50.572 -4.92 26.37
48.01 -7.684 26.746
47.927 -11.355 27.084
46.716 -13.911 24.599

43.676 -14.65 26.7
42.836 -10.944 26.828
43.275 -10.716 22.988
40.768 -13.473 22.533
38.253 -12.124 24.902
38.237 -8.889 22.913
37.974 -10.959 19.73
34.941 -12.807 21.022
33.247 -9.598 21.934
34.046 -8.096 18.568
32.736 -11.038 16.593
29.608 -10.998 18.595
29.163 -7.341 18.138
29.623 -7.668 14.337
26.968 -10.308 14.05
24.54 -8.343 16.218
25.205 -5.142 14.158
24.347 -7.001 10.971
21.138 -8.371 12.587
19.941 -4.956 13.593

20.2303 -3.58979 9.99655
16.8277 -2.89824 8.63515

17.1296 -5.69775 6.0828
15.3213 -8.12194 8.38418
12.4922 -5.64396 8.9308
12.1013 -5.11655 5.18755
11.9478 -8.86451 4.57755
9.27977 -9.28808 7.2506
7.1824 -6.50452 5.73543
7.41613 -8.07592 2.28304

10.9051 -9.45792 2.26304
12.3071 -12.9529 2.93804
14.5911 -13.5609 5.90304

17.8481 -12.9419 4.14804
16.8801 -9.73292 2.57604
15.3861 -8.40992 5.79504
18.8681 -8.79992 7.21604
20.2501 -6.56192 4.35904
17.6841 -3.88592 5.21004
18.6401 -4.11492 8.88304
22.3351 -3.62292 7.91004
21.6231 -0.375922 5.99704
19.5231 0.917078 8.83604
22.2341 0.113078 11.276
24.6901 1.98508 9.21504
22.7871 5.01508 8.16904

19.8291 5.27208 10.335
16.1281 4.96708 9.64904

15.9401 8.38808 8.16004
18.7391 7.82208 5.66304
17.2841 4.56708 4.44304
13.7151 5.75608 4.23204
14.9941 8.30008 1.75804
15.9201 5.58508 -0.807958

12.3881 5.94308 -2.07496

12.8601 4.42208 -5.46196
14.9501 1.48408 -4.34096
12.4411 0.665078 -1.55196
9.65113 0.494078 -4.04996
11.6331 -1.80192 -6.31796
12.4541 -4.04592 -3.42096
8.85113 -4.12092 -2.43896
8.06713 -5.01892 -5.92696

10.6921 -7.75892 -5.95196
12.6231 -6.19192 -8.83796
15.9351 -7.40892 -7.54296

18.1981 -6.43592 -10.425
16.7211 -3.06092 -10.83
16.8991 -2.16892 -7.17396
20.5431 -3.33592 -7.08296
21.3421 -0.919922 -9.86896
19.3611 1.87208 -8.20296
21.0171 1.34908 -4.85696
24.4881 1.72008 -6.49696
23.6661 5.26708 -7.49596
24.2881 6.70408 -4.07096

26.8641 8.42408 -1.99796

26.6121 5.36108 0.133042
27.9141 3.17208 -2.52496
30.6111 5.61808 -3.64796
31.9531 6.10508 -0.127958
31.9461 2.49408 1.08104

31.8541 0.405078 -2.05996

32.9341 -2.94192 -0.748958
30.4931 -2.92092 2.04504
27.6781 -1.48292 -0.142958
28.4081 -4.23692 -2.66796
28.0031 -6.99792 -0.104958
24.6521 -5.60492 0.946042
23.4721 -5.01792 -2.61196
24.3851 -8.59792 -3.60496
22.4271 -9.84392 -0.676958
19.3961 -8.02692 -1.87496
19.9641 -9.12792 -5.38396
20.4371 -12.8019 -4.69596

18.7031 -13.3289 -1.49596
21.5651 -15.6019 -0.313958
24.5761 -14.9619 1.97504
27.0751 -15.6659 -0.800958

28.7281 -12.2149 -0.402958
29.6831 -13.0809 3.14604
30.6931 -16.7699 2.97504

34.4791 -16.6429 2.92804
34.7581 -13.4339 5.09204

End chain 1
