36.887 -23.463 8.956
34.76 -20.902 10.706
34.477 -17.198 11.189

36.964 -17.128 14.061
39.617 -19.041 12.22
38.916 -16.953 9.158
39.302 -13.605 10.789
42.19 -14.84 12.785
44.013 -15.477 9.498
43.018 -12.034 8.052
43.819 -9.866 11.138

46.667 -11.773 12.722
47.514 -11.664 16.413
49.57 -8.806 18.102
50.066 -8.48 21.836
51.352 -4.91 21.69
49.663 -1.798 20.443
50.45 -1.367 16.785
49.448 0.755 13.823
47.162 -1.084 11.504
47.332 -0.454 7.847
45.314 2.936 7.988
47.723 4.167 10.708
45.249 3.604 13.564
46.062 2.098 16.866
45.084 -1.481 17.205
45.91 -4.534 19.228

45.084 -8.237 19.563
43.098 -9.676 16.642
42.161 -6.61 14.663

40.766 -4.755 17.691
40.723 -1.118 16.785
41.585 1.052 19.717
41.328 4.608 18.444
41.483 6.59 15.239
43.302 9.256 17.208
46.987 9.868 16.581
47.741 9.755 20.304
49.441 6.8 21.856

48.168 7.991 25.101
44.705 8.016 23.796
45.204 4.406 22.617
46.721 3.263 25.887
43.775 4.818 27.769
41.337 3.106 25.493
43.219 -0.084 25.932
43.078 -0.026 29.76
39.388 0.877 29.673
38.693 -2.057 27.36
40.739 -4.551 29.468

39.949 -3.312 32.875
43.5 -2.793 34.015
46.726 -0.856 33.736
48.192 -2.569 30.659
51.039 -0.441 29.578
50.069 -1.175 25.981
50.572 -4.92 26.37
48.01 -7.684 26.746
47.927 -11.355 27.084
46.716 -13.911 24.599

43.676 -14.65 26.7
42.836 -10.944 26.828
43.275 -10.716 22.988
40.768 -13.473 22.533
38.253 -12.124 24.902
38.237 -8.889 22.913
37.974 -10.959 19.73
34.941 -12.807 21.022
33.247 -9.598 21.934
34.046 -8.096 18.568
32.736 -11.038 16.593
29.608 -10.998 18.595
29.163 -7.341 18.138
29.623 -7.668 14.337
26.968 -10.308 14.05
24.54 -8.343 16.218
25.205 -5.142 14.158
24.347 -7.001 10.971
21.138 -8.371 12.587
19.941 -4.956 13.593

20.904 -3.253 10.373
17.863 -2.913 8.137

20.031 -3.043 5.066
22.302 -5.933 6.146
19.913 -8.263 7.777
17.992 -9.238 4.724
21.206 -9.961 2.84
22.573 -11.97 5.681
19.396 -13.879 5.977
19.468 -14.869 2.328

23.061 -15.8519 2.28577
26.761 -15.3978 2.84444
30.5566 -15.8968 2.59179

33.2519 -14.9284 5.08988
32.7688 -18.1696 7.01444
33.0518 -20.2181 3.82597
36.2669 -18.4402 2.85404
37.7738 -19.0846 6.28288
36.8974 -22.777 6.08105
38.4952 -23.0678 2.64512
41.6811 -21.4035 3.87908
41.8826 -23.7692 6.84656
41.4549 -26.7949 4.58709
44.2138 -25.5785 2.27372
46.578 -25.0653 5.20461
45.8824 -28.5682 6.50423

42.9244 -28.3112 8.67023
39.2234 -28.6162 7.98423

39.0354 -25.1952 6.49523
41.8344 -25.7612 3.99823
40.3794 -29.0162 2.77823
36.8104 -27.8272 2.56723
38.0894 -25.2832 0.0932318
39.0154 -27.9982 -2.47277

35.4834 -27.6402 -3.73977

35.9554 -29.1612 -7.12677
38.0454 -32.0992 -6.00577
35.5364 -32.9182 -3.21677
32.7464 -33.0892 -5.71477
34.7284 -35.3852 -7.98277
35.5494 -37.6292 -5.08577
31.9464 -37.7042 -4.10377
31.1624 -38.6022 -7.59177

33.7874 -41.3422 -7.61677
35.7184 -39.7752 -10.5028
39.0304 -40.9922 -9.20777

41.2934 -40.0192 -12.0898
39.8164 -36.6442 -12.4948
39.9944 -35.7522 -8.83877
43.6384 -36.9192 -8.74777
44.4374 -34.5032 -11.5338
42.4564 -31.7112 -9.86777
44.1124 -32.2342 -6.52177
47.5834 -31.8632 -8.16177
46.7614 -28.3162 -9.16077
47.3834 -26.8792 -5.73577

49.9594 -25.1592 -3.66277

49.7074 -28.2222 -1.53177
51.0094 -30.4112 -4.18977
53.7064 -27.9652 -5.31277
55.0484 -27.4782 -1.79277
55.0414 -31.0892 -0.583768

54.9494 -33.1782 -3.72477

56.0294 -36.5252 -2.41377
53.5884 -36.5042 0.380232
50.7734 -35.0662 -1.80777
51.5034 -37.8202 -4.33277
51.0984 -40.5812 -1.76977
47.7474 -39.1882 -0.718768
46.5674 -38.6012 -4.27677
47.4804 -42.1812 -5.26977
45.5224 -43.4272 -2.34177
42.4914 -41.6102 -3.53977
43.0594 -42.7112 -7.04877
43.5324 -46.3852 -6.36077

41.7984 -46.9122 -3.16077
44.6604 -49.1852 -1.97877
47.6714 -48.5452 0.310232
50.1704 -49.2492 -2.46577

51.8234 -45.7982 -2.06777
52.7784 -46.6642 1.48123
53.7884 -50.3532 1.31023

57.5744 -50.2262 1.26323
57.8534 -47.0172 3.42723

End chain 1
