36.887 -23.463 8.956
34.76 -20.902 10.706
34.477 -17.198 11.189

36.964 -17.128 14.061
39.617 -19.041 12.22
38.916 -16.953 9.158
39.302 -13.605 10.789
42.19 -14.84 12.785
44.013 -15.477 9.498
43.018 -12.034 8.052
43.819 -9.866 11.138

46.667 -11.773 12.722
47.514 -11.664 16.413
49.57 -8.806 18.102
50.066 -8.48 21.836
51.352 -4.91 21.69
49.663 -1.798 20.443
50.45 -1.367 16.785
49.448 0.755 13.823
47.162 -1.084 11.504
47.332 -0.454 7.847
45.314 2.936 7.988
47.723 4.167 10.708
45.249 3.604 13.564
46.062 2.098 16.866
45.084 -1.481 17.205
45.91 -4.534 19.228

45.084 -8.237 19.563
43.098 -9.676 16.642
42.161 -6.61 14.663

45.8618 -6.22198 14.9028
46.7954 -5.5108 18.428
43.8365 -3.34792 19.5871
46.691 -0.726006 19.2364
50.474 -0.644564 19.1497
54.1362 0.447861 19.1497
56.3314 -1.21351 16.6589
58.8283 -3.09659 14.5445
56.4794 -5.99996 13.5814

53.3943 -8.15902 14.0946
52.1523 -5.89197 16.8804
52.6104 -2.80835 14.7069
50.6791 -4.41322 11.8543
47.8154 -5.32809 14.1793
47.6408 -1.77619 15.5196
47.5344 -0.34962 11.9987
44.7171 -2.70688 11.0246
42.7026 -1.72293 14.0933
43.1411 1.97121 13.3161
41.9885 1.45324 9.73196

41.1985 2.69224 13.139
44.7495 3.21124 14.279
47.9755 5.14824 14
49.4415 3.43524 10.923
52.2885 5.56324 9.84196
51.3185 4.82924 6.24496
51.8215 1.08424 6.63396
49.2595 -1.67976 7.00996
49.1765 -5.35076 7.34796
47.9655 -7.90676 4.86296

44.9255 -8.64576 6.96396
44.0855 -4.93976 7.09196
44.5245 -4.71176 3.25196
42.0175 -7.46876 2.79696
39.5025 -6.11976 5.16596
39.4865 -2.88476 3.17696
39.2235 -4.95476 -0.00603832
36.1905 -6.80276 1.28596
34.4965 -3.59376 2.19796
35.2955 -2.09176 -1.16804
33.9855 -5.03376 -3.14304
30.8575 -4.99376 -1.14104
30.4125 -1.33676 -1.59804
30.8725 -1.66376 -5.39904
28.2175 -4.30376 -5.68604
25.7895 -2.33876 -3.51804
26.4545 0.862243 -5.57804
25.5965 -0.996757 -8.76504
22.3875 -2.36676 -7.14904
21.1905 1.04824 -6.14304

22.1535 2.75124 -9.36304
19.1125 3.09124 -11.599

21.2805 2.96124 -14.67
23.5515 0.071243 -13.59
21.1625 -2.25876 -11.959
19.2415 -3.23376 -15.012
22.4555 -3.95676 -16.896
23.8225 -5.96576 -14.055
20.6455 -7.87476 -13.759
20.7175 -8.86476 -17.408

24.2065 -10.2468 -17.428
25.6085 -13.7418 -16.753
27.8925 -14.3498 -13.788

31.1495 -13.7308 -15.543
30.1815 -10.5218 -17.115
28.6875 -9.19876 -13.896
32.1695 -9.58876 -12.475
33.5515 -7.35076 -15.332
30.9855 -4.67476 -14.481
31.9415 -4.90376 -10.808
35.6365 -4.41176 -11.781
34.9245 -1.16476 -13.694
32.8245 0.128243 -10.855
35.5355 -0.675757 -8.41504
37.9915 1.19624 -10.476
36.0885 4.22624 -11.522

33.1305 4.48324 -9.35604
29.4295 4.17824 -10.042

29.2415 7.59924 -11.531
32.0405 7.03324 -14.028
30.5855 3.77824 -15.248
27.0165 4.96724 -15.459
28.2955 7.51124 -17.933
29.2215 4.79624 -20.499

25.6895 5.15424 -21.766

26.1615 3.63324 -25.153
28.2515 0.695243 -24.032
25.7425 -0.123757 -21.243
22.9525 -0.294757 -23.741
24.9345 -2.59076 -26.009
25.7555 -4.83476 -23.112
22.1525 -4.90976 -22.13
21.3685 -5.80776 -25.618

23.9935 -8.54776 -25.643
25.9245 -6.98076 -28.529
29.2365 -8.19776 -27.234

31.4995 -7.22476 -30.116
30.0225 -3.84976 -30.521
30.2005 -2.95776 -26.865
33.8445 -4.12476 -26.774
34.6435 -1.70876 -29.56
32.6625 1.08324 -27.894
34.3185 0.560243 -24.548
37.7895 0.931243 -26.188
36.9675 4.47824 -27.187
37.5895 5.91524 -23.762

40.1655 7.63524 -21.689

39.9135 4.57224 -19.558
41.2155 2.38324 -22.216
43.9125 4.82924 -23.339
45.2545 5.31624 -19.819
45.2475 1.70524 -18.61

45.1555 -0.383757 -21.751

46.2355 -3.73076 -20.44
43.7945 -3.70976 -17.646
40.9795 -2.27176 -19.834
41.7095 -5.02576 -22.359
41.3045 -7.78676 -19.796
37.9535 -6.39376 -18.745
36.7735 -5.80676 -22.303
37.6865 -9.38676 -23.296
35.7285 -10.6328 -20.368
32.6975 -8.81576 -21.566
33.2655 -9.91676 -25.075
33.7385 -13.5908 -24.387

32.0045 -14.1178 -21.187
34.8665 -16.3908 -20.005
37.8775 -15.7508 -17.716
40.3765 -16.4548 -20.492

42.0295 -13.0038 -20.094
42.9845 -13.8698 -16.545
43.9945 -17.5588 -16.716

47.7805 -17.4318 -16.763
48.0595 -14.2228 -14.599

End chain 1
