36.887 -23.463 8.956
34.76 -20.902 10.706
34.477 -17.198 11.189

36.964 -17.128 14.061
39.617 -19.041 12.22
38.916 -16.953 9.158
39.302 -13.605 10.789
42.19 -14.84 12.785
44.013 -15.477 9.498
43.018 -12.034 8.052
43.819 -9.866 11.138

47.1777 -11.3344 11.6911
50.6646 -12.6296 11.2576
54.1652 -13.9917 10.8494
53.3153 -14.6931 7.1834
56.4454 -16.6364 6.26278
59.9682 -16.7385 4.98298
61.3042 -15.3538 8.20498
61.1685 -16.4058 11.7723
59.0031 -13.8058 13.497
61.6389 -12.8504 15.9962
64.767 -13.8838 13.9762
62.7282 -12.0385 11.3507
65.6116 -11.7435 8.80256
68.4415 -11.2809 6.25504
70.0409 -13.9659 4.23765
73.114 -14.6146 6.31445

73.1855 -18.1389 7.73477
70.4788 -17.28 10.2604
68.268 -15.8153 7.53826

66.873 -13.9603 10.5663
66.83 -10.3233 9.66026
67.692 -8.15327 12.5923
67.435 -4.59727 11.3193
67.59 -2.61527 8.11426
69.409 0.0507312 10.0833
73.094 0.662731 9.45626
73.848 0.549731 13.1793
75.548 -2.40527 14.7313

74.275 -1.21427 17.9763
70.812 -1.18927 16.6713
71.311 -4.79927 15.4923
72.828 -5.94227 18.7623
69.882 -4.38727 20.6443
67.444 -6.09927 18.3683
69.326 -9.28927 18.8073
69.185 -9.23127 22.6353
65.495 -8.32827 22.5483
64.8 -11.2623 20.2353
66.846 -13.7563 22.3433

66.056 -12.5173 25.7503
69.607 -11.9983 26.8903
72.833 -10.0613 26.6113
74.299 -11.7743 23.5343
77.146 -9.64627 22.4533
76.176 -10.3803 18.8563
76.679 -14.1253 19.2453
74.117 -16.8893 19.6213
74.034 -20.5603 19.9593
72.823 -23.1163 17.4743

69.783 -23.8553 19.5753
68.943 -20.1493 19.7033
69.382 -19.9213 15.8633
66.875 -22.6783 15.4083
64.36 -21.3293 17.7773
64.344 -18.0943 15.7883
64.081 -20.1643 12.6053
61.048 -22.0123 13.8973
59.354 -18.8033 14.8093
60.153 -17.3013 11.4433
58.843 -20.2433 9.46826
55.715 -20.2033 11.4703
55.27 -16.5463 11.0133
55.73 -16.8733 7.21226
53.075 -19.5133 6.92526
50.647 -17.5483 9.09326
51.312 -14.3473 7.03326
50.454 -16.2063 3.84626
47.245 -17.5763 5.46226
46.048 -14.1613 6.46826

47.011 -12.4583 3.24826
43.97 -12.1183 1.01226

46.138 -12.2483 -2.05874
48.409 -15.1383 -0.978742
46.02 -17.4683 0.652258
44.099 -18.4433 -2.40074
47.313 -19.1663 -4.28474
48.68 -21.1753 -1.44374
45.503 -23.0843 -1.14774
45.575 -24.0743 -4.79674

49.064 -25.4563 -4.81674
50.466 -28.9513 -4.14174
52.75 -29.5593 -1.17674

56.007 -28.9403 -2.93174
55.039 -25.7313 -4.50374
53.545 -24.4083 -1.28474
57.027 -24.7983 0.136258
58.409 -22.5603 -2.72074
55.843 -19.8843 -1.86974
56.799 -20.1133 1.80326
60.494 -19.6213 0.830258
59.782 -16.3743 -1.08274
57.682 -15.0813 1.75626
60.393 -15.8853 4.19626
62.849 -14.0133 2.13526
60.946 -10.9833 1.08926

57.988 -10.7263 3.25526
54.287 -11.0313 2.56926

54.099 -7.61027 1.08026
56.898 -8.17627 -1.41674
55.443 -11.4313 -2.63674
51.874 -10.2423 -2.84774
53.153 -7.69827 -5.32174
54.079 -10.4133 -7.88774

50.547 -10.0553 -9.15474

51.019 -11.5763 -12.5417
53.109 -14.5143 -11.4207
50.6 -15.3333 -8.63174
47.81 -15.5043 -11.1297
49.792 -17.8003 -13.3977
50.613 -20.0443 -10.5007
47.01 -20.1193 -9.51874
46.226 -21.0173 -13.0067

48.851 -23.7573 -13.0317
50.782 -22.1903 -15.9177
54.094 -23.4073 -14.6227

56.357 -22.4343 -17.5047
54.88 -19.0593 -17.9097
55.058 -18.1673 -14.2537
58.702 -19.3343 -14.1627
59.501 -16.9183 -16.9487
57.52 -14.1263 -15.2827
59.176 -14.6493 -11.9367
62.647 -14.2783 -13.5767
61.825 -10.7313 -14.5757
62.447 -9.29427 -11.1507

65.023 -7.57427 -9.07774

64.771 -10.6373 -6.94674
66.073 -12.8263 -9.60474
68.77 -10.3803 -10.7277
70.112 -9.89327 -7.20774
70.105 -13.5043 -5.99874

70.013 -15.5933 -9.13974

71.093 -18.9403 -7.82874
68.652 -18.9193 -5.03474
65.837 -17.4813 -7.22274
66.567 -20.2353 -9.74774
66.162 -22.9963 -7.18474
62.811 -21.6033 -6.13374
61.631 -21.0163 -9.69174
62.544 -24.5963 -10.6847
60.586 -25.8423 -7.75674
57.555 -24.0253 -8.95474
58.123 -25.1263 -12.4637
58.596 -28.8003 -11.7757

56.862 -29.3273 -8.57574
59.724 -31.6003 -7.39374
62.735 -30.9603 -5.10474
65.234 -31.6643 -7.88074

66.887 -28.2133 -7.48274
67.842 -29.0793 -3.93374
68.852 -32.7683 -4.10474

72.638 -32.6413 -4.15174
72.917 -29.4323 -1.98774

End chain 1
