36.887 -23.463 8.956
34.76 -20.902 10.706
34.477 -17.198 11.189

36.964 -17.128 14.061
39.617 -19.041 12.22
38.916 -16.953 9.158
39.302 -13.605 10.789
42.19 -14.84 12.785
44.013 -15.477 9.498
43.018 -12.034 8.052
43.819 -9.866 11.138

46.667 -11.773 12.722
47.514 -11.664 16.413
49.57 -8.806 18.102
50.066 -8.48 21.836
51.352 -4.91 21.69
49.663 -1.798 20.443
50.45 -1.367 16.785
49.448 0.755 13.823
47.162 -1.084 11.504
47.332 -0.454 7.847
45.314 2.936 7.988
47.723 4.167 10.708
45.249 3.604 13.564
46.062 2.098 16.866
45.084 -1.481 17.205
45.91 -4.534 19.228

45.084 -8.237 19.563
43.098 -9.676 16.642
42.161 -6.61 14.663

40.766 -4.755 17.691
40.723 -1.118 16.785
41.585 1.052 19.717
41.328 4.608 18.444
41.483 6.59 15.239
43.302 9.256 17.208
46.987 9.868 16.581
47.741 9.755 20.304
49.441 6.8 21.856

48.168 7.991 25.101
44.705 8.016 23.796
45.204 4.406 22.617
46.721 3.263 25.887
43.775 4.818 27.769
41.337 3.106 25.493
43.219 -0.084 25.932
43.078 -0.026 29.76
39.388 0.877 29.673
38.693 -2.057 27.36
40.739 -4.551 29.468

39.949 -3.312 32.875
43.5 -2.793 34.015
46.726 -0.856 33.736
48.192 -2.569 30.659
51.039 -0.441 29.578
50.069 -1.175 25.981
50.572 -4.92 26.37
48.01 -7.684 26.746
47.927 -11.355 27.084
46.716 -13.911 24.599

43.676 -14.65 26.7
42.836 -10.944 26.828
43.275 -10.716 22.988
40.768 -13.473 22.533
38.253 -12.124 24.902
38.237 -8.889 22.913
37.974 -10.959 19.73
34.941 -12.807 21.022
33.247 -9.598 21.934
34.046 -8.096 18.568
32.736 -11.038 16.593
29.608 -10.998 18.595
29.163 -7.341 18.138
29.623 -7.668 14.337
26.968 -10.308 14.05
24.54 -8.343 16.218
25.205 -5.142 14.158
24.347 -7.001 10.971
21.138 -8.371 12.587
19.941 -4.956 13.593

20.904 -3.253 10.373
17.863 -2.913 8.137

20.031 -3.043 5.066
22.302 -5.933 6.146
19.913 -8.263 7.777
17.992 -9.238 4.724
21.206 -9.961 2.84
22.573 -11.97 5.681
19.396 -13.879 5.977
19.468 -14.869 2.328

22.3319 -17.1245 3.44188
25.1379 -19.3406 4.89095
27.2762 -22.3676 5.45017

30.9379 -21.3668 5.6314
31.5672 -23.8165 8.46797
29.9262 -26.6394 6.5234
32.0472 -25.8919 3.45985
35.2296 -25.9185 5.537
34.309 -29.2667 7.08125
33.6454 -30.7735 3.65603
37.0023 -29.5504 2.36059
38.8101 -31.0459 5.35023
37.0953 -34.3977 4.83315
38.0615 -34.4344 1.15782
41.6888 -33.6801 2.00407
41.78 -36.4951 4.55563

38.822 -36.2381 6.72163
35.121 -36.5431 6.03563

34.933 -33.1221 4.54663
37.732 -33.6881 2.04963
36.277 -36.9431 0.82963
32.708 -35.7541 0.61863
33.987 -33.2101 -1.85537
34.913 -35.9251 -4.42137

31.381 -35.5671 -5.68837

31.853 -37.0881 -9.07537
33.943 -40.0261 -7.95437
31.434 -40.8451 -5.16537
28.644 -41.0161 -7.66337
30.626 -43.3121 -9.93137
31.447 -45.5561 -7.03437
27.844 -45.6311 -6.05237
27.06 -46.5291 -9.54037

29.685 -49.2691 -9.56537
31.616 -47.7021 -12.4514
34.928 -48.9191 -11.1564

37.191 -47.9461 -14.0384
35.714 -44.5711 -14.4434
35.892 -43.6791 -10.7874
39.536 -44.8461 -10.6964
40.335 -42.4301 -13.4824
38.354 -39.6381 -11.8164
40.01 -40.1611 -8.47037
43.481 -39.7901 -10.1104
42.659 -36.2431 -11.1094
43.281 -34.8061 -7.68437

45.857 -33.0861 -5.61137

45.605 -36.1491 -3.48037
46.907 -38.3381 -6.13837
49.604 -35.8921 -7.26137
50.946 -35.4051 -3.74137
50.939 -39.0161 -2.53237

50.847 -41.1051 -5.67337

51.927 -44.4521 -4.36237
49.486 -44.4311 -1.56837
46.671 -42.9931 -3.75637
47.401 -45.7471 -6.28137
46.996 -48.5081 -3.71837
43.645 -47.1151 -2.66737
42.465 -46.5281 -6.22537
43.378 -50.1081 -7.21837
41.42 -51.3541 -4.29037
38.389 -49.5371 -5.48837
38.957 -50.6381 -8.99737
39.43 -54.3121 -8.30937

37.696 -54.8391 -5.10937
40.558 -57.1121 -3.92737
43.569 -56.4721 -1.63837
46.068 -57.1761 -4.41437

47.721 -53.7251 -4.01637
48.676 -54.5911 -0.46737
49.686 -58.2801 -0.63837

53.472 -58.1531 -0.68537
53.751 -54.9441 1.47863

End chain 1
