36.887 -23.463 8.956
34.76 -20.902 10.706
34.477 -17.198 11.189

36.964 -17.128 14.061
39.617 -19.041 12.22
38.916 -16.953 9.158
39.302 -13.605 10.789
42.19 -14.84 12.785
44.013 -15.477 9.498
43.018 -12.034 8.052
43.819 -9.866 11.138

46.5133 -12.1875 12.1601
44.9273 -15.6893 12.6542
43.131 -18.7744 13.7143
40.9994 -16.481 11.6254
41.2724 -14.0511 8.79117
42.6689 -17.2656 7.50475
41.1745 -20.6746 8.06048
38.5656 -18.314 6.6678
38.8318 -15.8943 3.67883
40.2067 -19.3685 3.06242
38.275 -22.5707 3.93868
35.8618 -20.7791 1.63402
35.0667 -19.6017 -1.7965
35.4055 -23.3929 -2.08483
34.514 -26.8607 -0.870047
31.6225 -24.4117 -0.317837

30.2248 -27.3379 1.66381
28.2645 -24.9954 3.92506
26.7902 -23.1806 0.929122

25.3952 -21.3256 3.95712
25.3522 -17.6886 3.05112
26.2142 -15.5186 5.98312
25.9572 -11.9626 4.71012
26.1122 -9.98064 1.50512
27.9312 -7.31464 3.47412
31.6162 -6.70264 2.84712
32.3702 -6.81564 6.57012
34.0702 -9.77064 8.12212

32.7972 -8.57964 11.3671
29.3342 -8.55464 10.0621
29.8332 -12.1646 8.88312
31.3502 -13.3076 12.1531
28.4042 -11.7526 14.0351
25.9662 -13.4646 11.7591
27.8482 -16.6546 12.1981
27.7072 -16.5966 16.0261
24.0172 -15.6936 15.9391
23.3222 -18.6276 13.6261
25.3682 -21.1216 15.7341

24.5782 -19.8826 19.1411
28.1292 -19.3636 20.2811
31.3552 -17.4266 20.0021
32.8212 -19.1396 16.9251
35.6682 -17.0116 15.8441
34.6982 -17.7456 12.2471
35.2012 -21.4906 12.6361
32.6392 -24.2546 13.0121
32.5562 -27.9256 13.3501
31.3452 -30.4816 10.8651

28.3052 -31.2206 12.9661
27.4652 -27.5146 13.0941
27.9042 -27.2866 9.25412
25.3972 -30.0436 8.79912
22.8822 -28.6946 11.1681
22.8662 -25.4596 9.17912
22.6032 -27.5296 5.99612
19.5702 -29.3776 7.28812
17.8762 -26.1686 8.20012
18.6752 -24.6666 4.83412
17.3652 -27.6086 2.85912
14.2372 -27.5686 4.86112
13.7922 -23.9116 4.40412
14.2522 -24.2386 0.603122
11.5972 -26.8786 0.316122
9.16915 -24.9136 2.48412
9.83415 -21.7126 0.424122
8.97615 -23.5716 -2.76288
5.76715 -24.9416 -1.14688
4.57015 -21.5266 -0.140878

5.53315 -19.8236 -3.36088
2.49215 -19.4836 -5.59688

4.66015 -19.6136 -8.66788
6.93115 -22.5036 -7.58788
4.54215 -24.8336 -5.95688
2.62115 -25.8086 -9.00988
5.83515 -26.5316 -10.8939
7.20215 -28.5406 -8.05288
4.02515 -30.4496 -7.75688
4.09715 -31.4396 -11.4059

7.58615 -32.8216 -11.4259
8.98815 -36.3166 -10.7509
11.2722 -36.9246 -7.78588

14.5292 -36.3056 -9.54088
13.5612 -33.0966 -11.1129
12.0672 -31.7736 -7.89388
15.5492 -32.1636 -6.47288
16.9312 -29.9256 -9.32988
14.3652 -27.2496 -8.47888
15.3212 -27.4786 -4.80588
19.0162 -26.9866 -5.77888
18.3042 -23.7396 -7.69188
16.2042 -22.4466 -4.85288
18.9152 -23.2506 -2.41288
21.3712 -21.3786 -4.47388
19.4682 -18.3486 -5.51988

16.5102 -18.0916 -3.35388
12.8092 -18.3966 -4.03988

12.6212 -14.9756 -5.52888
15.4202 -15.5416 -8.02588
13.9652 -18.7966 -9.24588
10.3962 -17.6076 -9.45688
11.6752 -15.0636 -11.9309
12.6012 -17.7786 -14.4969

9.06915 -17.4206 -15.7639

9.54115 -18.9416 -19.1509
11.6312 -21.8796 -18.0299
9.12215 -22.6986 -15.2409
6.33215 -22.8696 -17.7389
8.31415 -25.1656 -20.0069
9.13515 -27.4096 -17.1099
5.53215 -27.4846 -16.1279
4.74815 -28.3826 -19.6159

7.37315 -31.1226 -19.6409
9.30415 -29.5556 -22.5269
12.6162 -30.7726 -21.2319

14.8792 -29.7996 -24.1139
13.4022 -26.4246 -24.5189
13.5802 -25.5326 -20.8629
17.2242 -26.6996 -20.7719
18.0232 -24.2836 -23.5579
16.0422 -21.4916 -21.8919
17.6982 -22.0146 -18.5459
21.1692 -21.6436 -20.1859
20.3472 -18.0966 -21.1849
20.9692 -16.6596 -17.7599

23.5452 -14.9396 -15.6869

23.2932 -18.0026 -13.5559
24.5952 -20.1916 -16.2139
27.2922 -17.7456 -17.3369
28.6342 -17.2586 -13.8169
28.6272 -20.8696 -12.6079

28.5352 -22.9586 -15.7489

29.6152 -26.3056 -14.4379
27.1742 -26.2846 -11.6439
24.3592 -24.8466 -13.8319
25.0892 -27.6006 -16.3569
24.6842 -30.3616 -13.7939
21.3332 -28.9686 -12.7429
20.1532 -28.3816 -16.3009
21.0662 -31.9616 -17.2939
19.1082 -33.2076 -14.3659
16.0772 -31.3906 -15.5639
16.6452 -32.4916 -19.0729
17.1182 -36.1656 -18.3849

15.3842 -36.6926 -15.1849
18.2462 -38.9656 -14.0029
21.2572 -38.3256 -11.7139
23.7562 -39.0296 -14.4899

25.4092 -35.5786 -14.0919
26.3642 -36.4446 -10.5429
27.3742 -40.1336 -10.7139

31.1602 -40.0066 -10.7609
31.4392 -36.7976 -8.59688

End chain 1
