36.887 -23.463 8.956
34.76 -20.902 10.706
34.477 -17.198 11.189

36.964 -17.128 14.061
39.617 -19.041 12.22
38.916 -16.953 9.158
39.302 -13.605 10.789
42.19 -14.84 12.785
44.013 -15.477 9.498
43.018 -12.034 8.052
43.819 -9.866 11.138

47.3381 -11.4416 10.7648
50.7525 -12.2657 9.59576
53.6553 -10.79 7.47745
56.645 -8.55951 8.21256
57.4446 -5.38896 10.1313
58.5147 -3.64015 6.99234
59.3008 -3.51526 3.36285
56.61 -0.934213 3.09726
54.3646 1.6674 4.90346
52.1323 4.21097 6.58615
54.1556 7.26452 7.79466
55.3812 8.20472 4.26166
53.8142 10.9289 2.06863
53.2811 13.5248 -0.546188
50.3329 14.9881 -2.34992
51.2665 15.9969 -5.94699

50.3796 19.0175 -8.07584
51.9547 21.381 -5.55071
55.1526 19.3289 -5.4795

53.7576 21.1839 -2.4515
53.7146 24.8209 -3.3575
54.5766 26.9909 -0.425505
54.3196 30.5469 -1.6985
54.4746 32.5289 -4.9035
56.2936 35.1949 -2.9345
59.9786 35.8069 -3.5615
60.7326 35.6939 0.161495
62.4326 32.7389 1.7135

61.1596 33.9299 4.9585
57.6966 33.9549 3.6535
58.1956 30.3449 2.4745
59.7126 29.2019 5.7445
56.7666 30.7569 7.6265
54.3286 29.0449 5.3505
56.2106 25.8549 5.7895
56.0696 25.9129 9.6175
52.3796 26.8159 9.5305
51.6846 23.8819 7.2175
53.7306 21.3879 9.3255

52.9406 22.6269 12.7325
56.4916 23.1459 13.8725
59.7176 25.0829 13.5935
61.1836 23.3699 10.5165
64.0306 25.4979 9.4355
63.0606 24.7639 5.8385
63.5636 21.0189 6.2275
61.0016 18.2549 6.6035
60.9186 14.5839 6.9415
59.7076 12.0279 4.4565

56.6676 11.2889 6.5575
55.8276 14.9949 6.6855
56.2666 15.2229 2.8455
53.7596 12.4659 2.3905
51.2446 13.8149 4.7595
51.2286 17.0499 2.7705
50.9656 14.9799 -0.412505
47.9326 13.1319 0.879495
46.2386 16.3409 1.7915
47.0376 17.8429 -1.5745
45.7276 14.9009 -3.5495
42.5996 14.9409 -1.5475
42.1546 18.5979 -2.0045
42.6146 18.2709 -5.8055
39.9596 15.6309 -6.0925
37.5316 17.5959 -3.9245
38.1966 20.7969 -5.9845
37.3386 18.9379 -9.1715
34.1296 17.5679 -7.5555
32.9326 20.9829 -6.5495

33.8956 22.6859 -9.7695
30.8546 23.0259 -12.0055

33.0226 22.8959 -15.0765
35.2936 20.0059 -13.9965
32.9046 17.6759 -12.3655
30.9836 16.7009 -15.4185
34.1976 15.9779 -17.3025
35.5646 13.9689 -14.4615
32.3876 12.0599 -14.1655
32.4596 11.0699 -17.8145

35.9486 9.68787 -17.8345
37.3506 6.19287 -17.1595
39.6346 5.58487 -14.1945

42.8916 6.20387 -15.9495
41.9236 9.41287 -17.5215
40.4296 10.7359 -14.3025
43.9116 10.3459 -12.8815
45.2936 12.5839 -15.7385
42.7276 15.2599 -14.8875
43.6836 15.0309 -11.2145
47.3786 15.5229 -12.1875
46.6666 18.7699 -14.1005
44.5666 20.0629 -11.2615
47.2776 19.2589 -8.8215
49.7336 21.1309 -10.8825
47.8306 24.1609 -11.9285

44.8726 24.4179 -9.7625
41.1716 24.1129 -10.4485

40.9836 27.5339 -11.9375
43.7826 26.9679 -14.4345
42.3276 23.7129 -15.6545
38.7586 24.9019 -15.8655
40.0376 27.4459 -18.3395
40.9636 24.7309 -20.9055

37.4316 25.0889 -22.1725

37.9036 23.5679 -25.5595
39.9936 20.6299 -24.4385
37.4846 19.8109 -21.6495
34.6946 19.6399 -24.1475
36.6766 17.3439 -26.4155
37.4976 15.0999 -23.5185
33.8946 15.0249 -22.5365
33.1106 14.1269 -26.0245

35.7356 11.3869 -26.0495
37.6666 12.9539 -28.9355
40.9786 11.7369 -27.6405

43.2416 12.7099 -30.5225
41.7646 16.0849 -30.9275
41.9426 16.9769 -27.2715
45.5866 15.8099 -27.1805
46.3856 18.2259 -29.9665
44.4046 21.0179 -28.3005
46.0606 20.4949 -24.9545
49.5316 20.8659 -26.5945
48.7096 24.4129 -27.5935
49.3316 25.8499 -24.1685

51.9076 27.5699 -22.0955

51.6556 24.5069 -19.9645
52.9576 22.3179 -22.6225
55.6546 24.7639 -23.7455
56.9966 25.2509 -20.2255
56.9896 21.6399 -19.0165

56.8976 19.5509 -22.1575

57.9776 16.2039 -20.8465
55.5366 16.2249 -18.0525
52.7216 17.6629 -20.2405
53.4516 14.9089 -22.7655
53.0466 12.1479 -20.2025
49.6956 13.5409 -19.1515
48.5156 14.1279 -22.7095
49.4286 10.5479 -23.7025
47.4706 9.30187 -20.7745
44.4396 11.1189 -21.9725
45.0076 10.0179 -25.4815
45.4806 6.34387 -24.7935

43.7466 5.81687 -21.5935
46.6086 3.54387 -20.4115
49.6196 4.18387 -18.1225
52.1186 3.47987 -20.8985

53.7716 6.93087 -20.5005
54.7266 6.06487 -16.9515
55.7366 2.37587 -17.1225

59.5226 2.50287 -17.1695
59.8016 5.71187 -15.0055

End chain 1
