36.887 -23.463 8.956
34.76 -20.902 10.706
34.477 -17.198 11.189

36.964 -17.128 14.061
39.617 -19.041 12.22
38.916 -16.953 9.158
39.302 -13.605 10.789
42.19 -14.84 12.785
44.013 -15.477 9.498
43.018 -12.034 8.052
43.819 -9.866 11.138

46.667 -11.773 12.722
47.514 -11.664 16.413
49.57 -8.806 18.102
50.066 -8.48 21.836
51.352 -4.91 21.69
49.663 -1.798 20.443
50.45 -1.367 16.785
49.448 0.755 13.823
47.162 -1.084 11.504
47.332 -0.454 7.847
45.314 2.936 7.988
47.723 4.167 10.708
45.249 3.604 13.564
46.062 2.098 16.866
45.084 -1.481 17.205
45.91 -4.534 19.228

45.084 -8.237 19.563
43.098 -9.676 16.642
42.161 -6.61 14.663

40.766 -4.755 17.691
40.723 -1.118 16.785
41.585 1.052 19.717
41.328 4.608 18.444
41.483 6.59 15.239
43.302 9.256 17.208
46.987 9.868 16.581
47.741 9.755 20.304
49.441 6.8 21.856

48.168 7.991 25.101
44.705 8.016 23.796
45.204 4.406 22.617
46.721 3.263 25.887
43.775 4.818 27.769
41.337 3.106 25.493
43.219 -0.084 25.932
43.078 -0.026 29.76
39.388 0.877 29.673
38.693 -2.057 27.36
40.739 -4.551 29.468

39.949 -3.312 32.875
43.5 -2.793 34.015
46.726 -0.856 33.736
48.192 -2.569 30.659
51.039 -0.441 29.578
50.069 -1.175 25.981
50.572 -4.92 26.37
48.01 -7.684 26.746
47.927 -11.355 27.084
46.716 -13.911 24.599

43.676 -14.65 26.7
42.836 -10.944 26.828
43.275 -10.716 22.988
40.768 -13.473 22.533
38.253 -12.124 24.902
38.237 -8.889 22.913
37.974 -10.959 19.73
34.941 -12.807 21.022
33.247 -9.598 21.934
34.046 -8.096 18.568
32.736 -11.038 16.593
29.608 -10.998 18.595
29.163 -7.341 18.138
29.623 -7.668 14.337
26.968 -10.308 14.05
24.54 -8.343 16.218
25.205 -5.142 14.158
24.347 -7.001 10.971
21.138 -8.371 12.587
19.941 -4.956 13.593

20.904 -3.253 10.373
17.863 -2.913 8.137

20.031 -3.043 5.066
22.302 -5.933 6.146
19.913 -8.263 7.777
17.992 -9.238 4.724
21.206 -9.961 2.84
22.573 -11.97 5.681
19.396 -13.879 5.977
19.468 -14.869 2.328

22.957 -16.251 2.308
24.359 -19.746 2.983
26.643 -20.354 5.948

29.9 -19.735 4.193
28.932 -16.526 2.621
27.438 -15.203 5.84
30.92 -15.593 7.261
32.302 -13.355 4.404
29.736 -10.679 5.255
30.692 -10.908 8.928
34.387 -10.416 7.955
33.675 -7.169 6.042
31.575 -5.876 8.881
34.286 -6.68 11.321
36.742 -4.808 9.26
34.839 -1.778 8.214

31.881 -1.521 10.38
28.18 -1.826 9.694

27.992 1.595 8.205
30.791 1.029 5.708
29.336 -2.226 4.488
25.767 -1.037 4.277
27.046 1.507 1.803
27.972 -1.208 -0.763

24.44 -0.85 -2.03

24.912 -2.371 -5.417
27.002 -5.309 -4.296
24.493 -6.128 -1.507
21.703 -6.299 -4.005
23.685 -8.595 -6.273
24.506 -10.839 -3.376
20.903 -10.914 -2.394
20.119 -11.812 -5.882

22.5342 -14.7384 -6.19895
21.6596 -17.8974 -8.22715
21.2035 -21.5816 -8.37802

24.2633 -23.0199 -10.1134
24.6421 -25.6944 -7.44018
20.9872 -26.6815 -7.77269
21.3095 -26.9746 -11.548
24.3875 -29.1782 -11.2113
22.6028 -31.4618 -8.75307
19.625 -31.8093 -11.0886
21.8932 -32.6988 -14.0053
23.6688 -35.3504 -11.9414
20.3566 -36.8936 -10.8969

22.9326 -35.1736 -8.82388

22.6806 -38.2366 -6.69288
23.9826 -40.4256 -9.35088
26.6796 -37.9796 -10.4739
28.0216 -37.4926 -6.95388
28.0146 -41.1036 -5.74488

27.9226 -43.1926 -8.88588

29.0026 -46.5396 -7.57488
26.5616 -46.5186 -4.78088
23.7466 -45.0806 -6.96888
24.4766 -47.8346 -9.49388
24.0716 -50.5956 -6.93088
20.7206 -49.2026 -5.87988
19.5406 -48.6156 -9.43788
20.4536 -52.1956 -10.4309
18.4956 -53.4416 -7.50288
15.4646 -51.6246 -8.70088
16.0326 -52.7256 -12.2099
16.5056 -56.3996 -11.5219

14.7716 -56.9266 -8.32188
17.6336 -59.1996 -7.13988
20.6446 -58.5596 -4.85088
23.1436 -59.2636 -7.62688

24.7966 -55.8126 -7.22888
25.7516 -56.6786 -3.67988
26.7616 -60.3676 -3.85088

30.5476 -60.2406 -3.89788
30.8266 -57.0316 -1.73388

End chain 1
