36.887 -23.463 8.956
34.76 -20.902 10.706
34.477 -17.198 11.189

36.964 -17.128 14.061
39.617 -19.041 12.22
38.916 -16.953 9.158
39.302 -13.605 10.789
42.19 -14.84 12.785
44.013 -15.477 9.498
43.018 -12.034 8.052
43.819 -9.866 11.138

46.667 -11.773 12.722
47.514 -11.664 16.413
49.57 -8.806 18.102
50.066 -8.48 21.836
51.352 -4.91 21.69
49.663 -1.798 20.443
50.45 -1.367 16.785
49.448 0.755 13.823
47.162 -1.084 11.504
47.332 -0.454 7.847
45.314 2.936 7.988
47.723 4.167 10.708
45.249 3.604 13.564
46.062 2.098 16.866
45.084 -1.481 17.205
45.91 -4.534 19.228

45.084 -8.237 19.563
43.098 -9.676 16.642
42.161 -6.61 14.663

40.766 -4.755 17.691
40.723 -1.118 16.785
41.585 1.052 19.717
41.328 4.608 18.444
41.483 6.59 15.239
43.302 9.256 17.208
46.987 9.868 16.581
47.741 9.755 20.304
49.441 6.8 21.856

48.168 7.991 25.101
44.705 8.016 23.796
45.204 4.406 22.617
46.721 3.263 25.887
43.775 4.818 27.769
41.337 3.106 25.493
43.219 -0.084 25.932
43.078 -0.026 29.76
39.388 0.877 29.673
38.693 -2.057 27.36
40.739 -4.551 29.468

39.949 -3.312 32.875
43.5 -2.793 34.015
46.726 -0.856 33.736
48.192 -2.569 30.659
51.039 -0.441 29.578
50.069 -1.175 25.981
50.572 -4.92 26.37
48.01 -7.684 26.746
47.927 -11.355 27.084
46.716 -13.911 24.599

43.676 -14.65 26.7
42.836 -10.944 26.828
43.275 -10.716 22.988
40.768 -13.473 22.533
38.253 -12.124 24.902
38.237 -8.889 22.913
37.974 -10.959 19.73
34.941 -12.807 21.022
33.247 -9.598 21.934
34.046 -8.096 18.568
32.736 -11.038 16.593
29.608 -10.998 18.595
29.163 -7.341 18.138
29.623 -7.668 14.337
26.968 -10.308 14.05
24.54 -8.343 16.218
25.205 -5.142 14.158
24.347 -7.001 10.971
21.138 -8.371 12.587
19.941 -4.956 13.593

20.904 -3.253 10.373
17.863 -2.913 8.137

20.031 -3.043 5.066
22.302 -5.933 6.146
19.913 -8.263 7.777
17.992 -9.238 4.724
21.206 -9.961 2.84
22.573 -11.97 5.681
19.396 -13.879 5.977
19.468 -14.869 2.328

22.957 -16.251 2.308
24.359 -19.746 2.983
26.643 -20.354 5.948

29.9 -19.735 4.193
28.932 -16.526 2.621
27.438 -15.203 5.84
30.92 -15.593 7.261
32.302 -13.355 4.404
29.736 -10.679 5.255
30.692 -10.908 8.928
34.387 -10.416 7.955
33.675 -7.169 6.042
31.575 -5.876 8.881
34.286 -6.68 11.321
36.742 -4.808 9.26
34.839 -1.778 8.214

31.881 -1.521 10.38
28.18 -1.826 9.694

27.992 1.595 8.205
30.791 1.029 5.708
29.336 -2.226 4.488
25.767 -1.037 4.277
27.046 1.507 1.803
27.972 -1.208 -0.763

24.6592 -3.03349 -0.124077

26.5565 -6.18138 0.842318
23.9947 -7.01946 3.52142
21.1333 -6.58182 1.05899
22.8272 -8.86391 -1.46397
23.357 -11.5478 1.17403
19.7055 -11.3828 2.21418
18.5617 -11.7315 -1.3932
20.7935 -14.764 -1.9093

23.4185 -17.504 -1.9343
25.3495 -15.937 -4.8203
28.6615 -17.154 -3.5253

30.9245 -16.181 -6.4073
29.4475 -12.806 -6.8123
29.6255 -11.914 -3.1563
33.2695 -13.081 -3.0653
34.0685 -10.665 -5.8513
32.0875 -7.87297 -4.1853
33.7435 -8.39597 -0.839304
37.2145 -8.02497 -2.4793
36.3925 -4.47797 -3.4783
37.0145 -3.04097 -0.0533038

39.5905 -1.32097 2.0197

39.3385 -4.38397 4.1507
40.6405 -6.57297 1.4927
43.3375 -4.12697 0.369696
44.6795 -3.63997 3.8897
44.6725 -7.25097 5.0987

44.5805 -9.33997 1.9577

45.6605 -12.687 3.2687
43.2195 -12.666 6.0627
40.4045 -11.228 3.8747
41.1345 -13.982 1.3497
40.7295 -16.743 3.9127
37.3785 -15.35 4.9637
36.1985 -14.763 1.4057
37.1115 -18.343 0.412696
35.1535 -19.589 3.3407
32.1225 -17.772 2.1427
32.6905 -18.873 -1.3663
33.1635 -22.547 -0.678304

31.4295 -23.074 2.5217
34.2915 -25.347 3.7037
37.3025 -24.707 5.9927
39.8015 -25.411 3.2167

41.4545 -21.96 3.6147
42.4095 -22.826 7.1637
43.4195 -26.515 6.9927

47.2055 -26.388 6.9457
47.4845 -23.179 9.1097

End chain 1
