36.887 -23.463 8.956
34.76 -20.902 10.706
34.477 -17.198 11.189

36.964 -17.128 14.061
39.617 -19.041 12.22
38.916 -16.953 9.158
39.302 -13.605 10.789
42.19 -14.84 12.785
44.013 -15.477 9.498
43.018 -12.034 8.052
43.819 -9.866 11.138

46.667 -11.773 12.722
47.514 -11.664 16.413
49.57 -8.806 18.102
50.066 -8.48 21.836
51.352 -4.91 21.69
49.663 -1.798 20.443
50.45 -1.367 16.785
49.448 0.755 13.823
47.162 -1.084 11.504
47.332 -0.454 7.847
45.314 2.936 7.988
47.723 4.167 10.708
45.249 3.604 13.564
46.062 2.098 16.866
45.084 -1.481 17.205
45.91 -4.534 19.228

45.084 -8.237 19.563
43.098 -9.676 16.642
42.161 -6.61 14.663

40.766 -4.755 17.691
40.723 -1.118 16.785
41.585 1.052 19.717
41.328 4.608 18.444
41.483 6.59 15.239
43.302 9.256 17.208
46.987 9.868 16.581
47.741 9.755 20.304
49.441 6.8 21.856

48.168 7.991 25.101
44.705 8.016 23.796
45.204 4.406 22.617
46.721 3.263 25.887
43.775 4.818 27.769
41.337 3.106 25.493
43.219 -0.084 25.932
43.078 -0.026 29.76
39.388 0.877 29.673
38.693 -2.057 27.36
40.739 -4.551 29.468

39.949 -3.312 32.875
43.5 -2.793 34.015
46.726 -0.856 33.736
48.192 -2.569 30.659
51.039 -0.441 29.578
50.069 -1.175 25.981
50.572 -4.92 26.37
48.01 -7.684 26.746
47.927 -11.355 27.084
46.716 -13.911 24.599

43.676 -14.65 26.7
42.836 -10.944 26.828
43.275 -10.716 22.988
40.768 -13.473 22.533
38.253 -12.124 24.902
38.237 -8.889 22.913
37.974 -10.959 19.73
34.941 -12.807 21.022
33.247 -9.598 21.934
34.046 -8.096 18.568
32.736 -11.038 16.593
29.608 -10.998 18.595
29.163 -7.341 18.138
29.623 -7.668 14.337
26.968 -10.308 14.05
24.54 -8.343 16.218
25.205 -5.142 14.158
24.347 -7.001 10.971
21.138 -8.371 12.587
19.941 -4.956 13.593

20.7876 -3.443 10.2071
22.902 -2.26451 7.31115

22.0581 1.43912 7.19348
24.447 2.17339 10.0565
27.252 0.277303 8.33035
26.6906 2.19581 5.09817
26.7947 5.51891 6.93911
30.0515 4.57607 8.6559
31.6296 3.59943 5.33947
30.5945 6.8996 3.76454

34.0835 5.5176 3.74454
35.4855 2.0226 4.41954
37.7695 1.4146 7.38454

41.0265 2.0336 5.62954
40.0585 5.2426 4.05754
38.5645 6.5656 7.27654
42.0465 6.1756 8.69754
43.4285 8.4136 5.84054
40.8625 11.0896 6.69154
41.8185 10.8606 10.3645
45.5135 11.3526 9.39154
44.8015 14.5996 7.47854
42.7015 15.8926 10.3175
45.4125 15.0886 12.7575
47.8685 16.9606 10.6965
45.9655 19.9906 9.65054

43.0075 20.2476 11.8165
39.3065 19.9426 11.1305

39.1185 23.3636 9.64154
41.9175 22.7976 7.14454
40.4625 19.5426 5.92454
36.8935 20.7316 5.71354
38.1725 23.2756 3.23954
39.0985 20.5606 0.673536

35.5665 20.9186 -0.593464

36.0385 19.3976 -3.98046
38.1285 16.4596 -2.85946
35.6195 15.6406 -0.0704637
32.8295 15.4696 -2.56846
34.8115 13.1736 -4.83646
35.6325 10.9296 -1.93946
32.0295 10.8546 -0.957464
31.2455 9.9566 -4.44546

33.8705 7.2166 -4.47046
35.8015 8.7836 -7.35646
39.1135 7.5666 -6.06146

41.3765 8.5396 -8.94346
39.8995 11.9146 -9.34846
40.0775 12.8066 -5.69246
43.7215 11.6396 -5.60146
44.5205 14.0556 -8.38746
42.5395 16.8476 -6.72146
44.1955 16.3246 -3.37546
47.6665 16.6956 -5.01546
46.8445 20.2426 -6.01446
47.4665 21.6796 -2.58946

50.0425 23.3996 -0.516464

49.7905 20.3366 1.61454
51.0925 18.1476 -1.04346
53.7895 20.5936 -2.16646
55.1315 21.0806 1.35354
55.1245 17.4696 2.56254

55.0325 15.3806 -0.578464

56.1125 12.0336 0.732536
53.6715 12.0546 3.52654
50.8565 13.4926 1.33854
51.5865 10.7386 -1.18646
51.1815 7.9776 1.37654
47.8305 9.3706 2.42754
46.6505 9.9576 -1.13046
47.5635 6.3776 -2.12346
45.6055 5.1316 0.804536
42.5745 6.9486 -0.393464
43.1425 5.8476 -3.90246
43.6155 2.1736 -3.21446

41.8815 1.6466 -0.0144637
44.7435 -0.6264 1.16754
47.7545 0.0135997 3.45654
50.2535 -0.6904 0.680536

51.9065 2.7606 1.07854
52.8615 1.8946 4.62754
53.8715 -1.7944 4.45654

57.6575 -1.6674 4.40954
57.9365 1.5416 6.57354

End chain 1
