36.887 -23.463 8.956
34.76 -20.902 10.706
34.477 -17.198 11.189

36.964 -17.128 14.061
39.617 -19.041 12.22
38.916 -16.953 9.158
39.302 -13.605 10.789
42.19 -14.84 12.785
44.013 -15.477 9.498
43.018 -12.034 8.052
43.819 -9.866 11.138

46.667 -11.773 12.722
47.514 -11.664 16.413
49.57 -8.806 18.102
50.066 -8.48 21.836
51.352 -4.91 21.69
49.663 -1.798 20.443
50.45 -1.367 16.785
49.448 0.755 13.823
47.162 -1.084 11.504
47.332 -0.454 7.847
45.314 2.936 7.988
47.723 4.167 10.708
45.249 3.604 13.564
46.062 2.098 16.866
45.084 -1.481 17.205
45.91 -4.534 19.228

45.084 -8.237 19.563
43.098 -9.676 16.642
42.161 -6.61 14.663

40.766 -4.755 17.691
40.723 -1.118 16.785
41.585 1.052 19.717
41.328 4.608 18.444
41.483 6.59 15.239
43.302 9.256 17.208
46.987 9.868 16.581
47.741 9.755 20.304
49.441 6.8 21.856

48.168 7.991 25.101
44.705 8.016 23.796
45.204 4.406 22.617
46.721 3.263 25.887
43.775 4.818 27.769
41.337 3.106 25.493
43.219 -0.084 25.932
43.078 -0.026 29.76
39.388 0.877 29.673
38.693 -2.057 27.36
40.739 -4.551 29.468

39.949 -3.312 32.875
43.5 -2.793 34.015
46.726 -0.856 33.736
48.192 -2.569 30.659
51.039 -0.441 29.578
50.069 -1.175 25.981
50.572 -4.92 26.37
48.01 -7.684 26.746
47.927 -11.355 27.084
46.716 -13.911 24.599

43.676 -14.65 26.7
42.836 -10.944 26.828
43.275 -10.716 22.988
40.768 -13.473 22.533
38.253 -12.124 24.902
38.237 -8.889 22.913
37.974 -10.959 19.73
34.941 -12.807 21.022
33.247 -9.598 21.934
34.046 -8.096 18.568
32.736 -11.038 16.593
29.608 -10.998 18.595
29.163 -7.341 18.138
29.623 -7.668 14.337
26.968 -10.308 14.05
24.54 -8.343 16.218
25.205 -5.142 14.158
24.347 -7.001 10.971
21.138 -8.371 12.587
19.941 -4.956 13.593

20.904 -3.253 10.373
17.863 -2.913 8.137

20.031 -3.043 5.066
22.302 -5.933 6.146
19.913 -8.263 7.777
17.992 -9.238 4.724
21.206 -9.961 2.84
22.573 -11.97 5.681
19.396 -13.879 5.977
19.468 -14.869 2.328

22.957 -16.251 2.308
24.359 -19.746 2.983
26.643 -20.354 5.948

29.9 -19.735 4.193
28.932 -16.526 2.621
27.438 -15.203 5.84
30.92 -15.593 7.261
32.302 -13.355 4.404
29.736 -10.679 5.255
30.692 -10.908 8.928
34.387 -10.416 7.955
33.675 -7.169 6.042
31.575 -5.876 8.881
34.286 -6.68 11.321
36.742 -4.808 9.26
34.839 -1.778 8.214

31.881 -1.521 10.38
28.18 -1.826 9.694

27.992 1.595 8.205
30.791 1.029 5.708
29.336 -2.226 4.488
25.767 -1.037 4.277
27.046 1.507 1.803
27.972 -1.208 -0.763

24.44 -0.85 -2.03

24.912 -2.371 -5.417
27.002 -5.309 -4.296
24.493 -6.128 -1.507
21.703 -6.299 -4.005
23.685 -8.595 -6.273
24.506 -10.839 -3.376
20.903 -10.914 -2.394
20.119 -11.812 -5.882

22.6266 -14.3848 -6.81546
25.4338 -12.7022 -4.78038
28.4856 -11.17 -2.95397

28.7194 -10.4444 -6.67711
29.1278 -6.72277 -6.02467
31.9021 -7.36969 -3.5092
33.7415 -9.60888 -5.96796
33.5154 -6.96789 -8.69136
34.8879 -4.3028 -6.35549
37.8123 -6.52563 -5.3807
38.6393 -7.2019 -9.02782
38.5885 -3.48721 -9.82868
40.9171 -2.73006 -6.92222

43.4931 -1.01006 -4.84922

43.2411 -4.07306 -2.71822
44.5431 -6.26206 -5.37622
47.2401 -3.81606 -6.49922
48.5821 -3.32906 -2.97922
48.5751 -6.94006 -1.77022

48.4831 -9.02906 -4.91122

49.5631 -12.3761 -3.60022
47.1221 -12.3551 -0.806224
44.3071 -10.9171 -2.99422
45.0371 -13.6711 -5.51922
44.6321 -16.4321 -2.95622
41.2811 -15.0391 -1.90522
40.1011 -14.4521 -5.46322
41.0141 -18.0321 -6.45622
39.0561 -19.2781 -3.52822
36.0251 -17.4611 -4.72622
36.5931 -18.5621 -8.23522
37.0661 -22.2361 -7.54722

35.3321 -22.7631 -4.34722
38.1941 -25.0361 -3.16522
41.2051 -24.3961 -0.876224
43.7041 -25.1001 -3.65222

45.3571 -21.6491 -3.25422
46.3121 -22.5151 0.294776
47.3221 -26.2041 0.123776

51.1081 -26.0771 0.0767761
51.3871 -22.8681 2.24078

End chain 1
