36.887 -23.463 8.956
34.76 -20.902 10.706
34.477 -17.198 11.189

36.964 -17.128 14.061
39.617 -19.041 12.22
38.916 -16.953 9.158
39.302 -13.605 10.789
42.19 -14.84 12.785
44.013 -15.477 9.498
43.018 -12.034 8.052
43.819 -9.866 11.138

46.667 -11.773 12.722
47.514 -11.664 16.413
49.57 -8.806 18.102
50.066 -8.48 21.836
51.352 -4.91 21.69
49.663 -1.798 20.443
50.45 -1.367 16.785
49.448 0.755 13.823
47.162 -1.084 11.504
47.332 -0.454 7.847
45.314 2.936 7.988
47.723 4.167 10.708
45.249 3.604 13.564
46.062 2.098 16.866
45.084 -1.481 17.205
45.91 -4.534 19.228

45.084 -8.237 19.563
43.098 -9.676 16.642
42.161 -6.61 14.663

40.766 -4.755 17.691
40.723 -1.118 16.785
41.585 1.052 19.717
41.328 4.608 18.444
41.483 6.59 15.239
43.302 9.256 17.208
46.987 9.868 16.581
47.741 9.755 20.304
49.441 6.8 21.856

48.168 7.991 25.101
44.705 8.016 23.796
45.204 4.406 22.617
46.721 3.263 25.887
43.775 4.818 27.769
41.337 3.106 25.493
43.219 -0.084 25.932
43.078 -0.026 29.76
39.388 0.877 29.673
38.693 -2.057 27.36
40.739 -4.551 29.468

39.949 -3.312 32.875
43.5 -2.793 34.015
46.726 -0.856 33.736
48.192 -2.569 30.659
51.039 -0.441 29.578
50.069 -1.175 25.981
50.572 -4.92 26.37
48.01 -7.684 26.746
47.927 -11.355 27.084
46.716 -13.911 24.599

43.676 -14.65 26.7
42.836 -10.944 26.828
43.275 -10.716 22.988
40.768 -13.473 22.533
38.253 -12.124 24.902
38.237 -8.889 22.913
37.974 -10.959 19.73
34.941 -12.807 21.022
33.247 -9.598 21.934
34.046 -8.096 18.568
32.736 -11.038 16.593
29.608 -10.998 18.595
29.163 -7.341 18.138
29.623 -7.668 14.337
26.968 -10.308 14.05
24.54 -8.343 16.218
25.205 -5.142 14.158
24.347 -7.001 10.971
21.138 -8.371 12.587
19.941 -4.956 13.593

20.5725 -3.34231 10.2886
20.2412 -5.30527 7.16847

17.9298 -7.61343 9.11086
16.8525 -4.77246 11.3937
16.0925 -2.53811 8.41493
13.9964 -5.25797 6.7865
12.0124 -5.77924 9.98571
11.3284 -2.05278 10.2833
10.1146 -1.88987 6.68568
7.77106 -4.82958 7.24132

11.2601 -6.21158 7.22132
12.6621 -9.70658 7.89632
14.9461 -10.3146 10.8613

18.2031 -9.69558 9.10632
17.2351 -6.48658 7.53432
15.7411 -5.16358 10.7533
19.2231 -5.55358 12.1743
20.6051 -3.31558 9.31732
18.0391 -0.63958 10.1683
18.9951 -0.86858 13.8413
22.6901 -0.37658 12.8683
21.9781 2.87042 10.9553
19.8781 4.16342 13.7943
22.5891 3.35942 16.2343
25.0451 5.23142 14.1733
23.1421 8.26142 13.1273

20.1841 8.51842 15.2933
16.4831 8.21342 14.6073

16.2951 11.6344 13.1183
19.0941 11.0684 10.6213
17.6391 7.81342 9.40132
14.0701 9.00242 9.19032
15.3491 11.5464 6.71632
16.2751 8.83142 4.15032

12.7431 9.18942 2.88332

13.2151 7.66842 -0.503675
15.3051 4.73042 0.617325
12.7961 3.91142 3.40632
10.0061 3.74042 0.908325
11.9881 1.44442 -1.35968
12.8091 -0.79958 1.53732
9.20606 -0.87458 2.51932
8.42206 -1.77258 -0.968675

11.0471 -4.51258 -0.993675
12.9781 -2.94558 -3.87968
16.2901 -4.16258 -2.58468

18.5531 -3.18958 -5.46668
17.0761 0.18542 -5.87168
17.2541 1.07742 -2.21568
20.8981 -0.08958 -2.12468
21.6971 2.32642 -4.91068
19.7161 5.11842 -3.24468
21.3721 4.59542 0.101325
24.8431 4.96642 -1.53868
24.0211 8.51342 -2.53768
24.6431 9.95042 0.887325

27.2191 11.6704 2.96032

26.9671 8.60742 5.09132
28.2691 6.41842 2.43332
30.9661 8.86442 1.31032
32.3081 9.35142 4.83032
32.3011 5.74042 6.03932

32.2091 3.65142 2.89832

33.2891 0.30442 4.20932
30.8481 0.32542 7.00332
28.0331 1.76342 4.81532
28.7631 -0.99058 2.29032
28.3581 -3.75158 4.85332
25.0071 -2.35858 5.90432
23.8271 -1.77158 2.34632
24.7401 -5.35158 1.35332
22.7821 -6.59758 4.28132
19.7511 -4.78058 3.08332
20.3191 -5.88158 -0.425675
20.7921 -9.55558 0.262325

19.0581 -10.0826 3.46232
21.9201 -12.3556 4.64432
24.9311 -11.7156 6.93332
27.4301 -12.4196 4.15732

29.0831 -8.96858 4.55532
30.0381 -9.83458 8.10432
31.0481 -13.5236 7.93332

34.8341 -13.3966 7.88632
35.1131 -10.1876 10.0503

End chain 1
