36.887 -23.463 8.956
34.76 -20.902 10.706
34.477 -17.198 11.189

36.964 -17.128 14.061
39.617 -19.041 12.22
38.916 -16.953 9.158
39.302 -13.605 10.789
42.19 -14.84 12.785
44.013 -15.477 9.498
43.018 -12.034 8.052
43.819 -9.866 11.138

46.667 -11.773 12.722
47.514 -11.664 16.413
49.57 -8.806 18.102
50.066 -8.48 21.836
51.352 -4.91 21.69
49.663 -1.798 20.443
50.45 -1.367 16.785
49.448 0.755 13.823
47.162 -1.084 11.504
47.332 -0.454 7.847
45.314 2.936 7.988
47.723 4.167 10.708
45.249 3.604 13.564
46.062 2.098 16.866
45.084 -1.481 17.205
45.91 -4.534 19.228

45.084 -8.237 19.563
43.098 -9.676 16.642
42.161 -6.61 14.663

40.766 -4.755 17.691
40.723 -1.118 16.785
41.585 1.052 19.717
41.328 4.608 18.444
41.483 6.59 15.239
43.302 9.256 17.208
46.987 9.868 16.581
47.741 9.755 20.304
49.441 6.8 21.856

48.168 7.991 25.101
44.705 8.016 23.796
45.204 4.406 22.617
46.721 3.263 25.887
43.775 4.818 27.769
41.337 3.106 25.493
43.219 -0.084 25.932
43.078 -0.026 29.76
39.388 0.877 29.673
38.693 -2.057 27.36
40.739 -4.551 29.468

38.4944 -3.38915 32.311
34.8078 -2.87343 31.4419
31.1024 -3.03275 30.9411
29.1924 -3.13561 27.6051
27.2705 0.225884 27.9333
28.8704 3.1712 29.866
27.7619 6.05738 32.0841
29.1806 8.55772 29.664
26.2688 7.84794 27.447
23.567 5.99429 25.6737

24.6156 2.99014 27.7518
21.5387 3.32019 29.9579
19.2596 3.48188 26.9211
20.8495 0.363478 25.4411
20.3984 -1.53256 28.7036
16.7341 -0.541287 28.8855
16.1433 -1.70018 25.3147
17.7782 -5.05545 26.0304
15.6243 -5.55479 29.1215
12.4623 -4.77545 27.1626
13.4129 -7.26294 24.4513
14.0501 -9.97936 27.0315
10.6754 -9.35538 28.664
8.90325 -9.57587 25.3093
10.6281 -12.8654 24.5051
9.62669 -14.3243 27.8684
6.00431 -13.3023 27.3421
5.9504 -14.9083 23.8981
7.37078 -18.1505 25.2812
4.74894 -18.2392 28.031

5.71194 -16.5362 24.811
2.67094 -16.1962 22.575

4.83894 -16.3262 19.504
7.10994 -19.2162 20.584
4.72094 -21.5462 22.215
2.79994 -22.5212 19.162
6.01394 -23.2442 17.278
7.38094 -25.2532 20.119
4.20394 -27.1622 20.415
4.27594 -28.1522 16.766

7.76494 -29.5342 16.746
9.16694 -33.0292 17.421
11.4509 -33.6372 20.386

14.7079 -33.0182 18.631
13.7399 -29.8092 17.059
12.2459 -28.4862 20.278
15.7279 -28.8762 21.699
17.1099 -26.6382 18.842
14.5439 -23.9622 19.693
15.4999 -24.1912 23.366
19.1949 -23.6992 22.393
18.4829 -20.4522 20.48
16.3829 -19.1592 23.319
19.0939 -19.9632 25.759
21.5499 -18.0912 23.698
19.6469 -15.0612 22.652

16.6889 -14.8042 24.818
12.9879 -15.1092 24.132

12.7999 -11.6882 22.643
15.5989 -12.2542 20.146
14.1439 -15.5092 18.926
10.5749 -14.3202 18.715
11.8539 -11.7762 16.241
12.7799 -14.4912 13.675

9.24794 -14.1332 12.408

9.71994 -15.6542 9.02097
11.8099 -18.5922 10.142
9.30094 -19.4112 12.931
6.51094 -19.5822 10.433
8.49294 -21.8782 8.16497
9.31394 -24.1222 11.062
5.71094 -24.1972 12.044
4.92694 -25.0952 8.55597

7.55194 -27.8352 8.53097
9.48294 -26.2682 5.64497
12.7949 -27.4852 6.93997

15.0579 -26.5122 4.05797
13.5809 -23.1372 3.65297
13.7589 -22.2452 7.30897
17.4029 -23.4122 7.39997
18.2019 -20.9962 4.61397
16.2209 -18.2042 6.27997
17.8769 -18.7272 9.62597
21.3479 -18.3562 7.98597
20.5259 -14.8092 6.98697
21.1479 -13.3722 10.412

23.7239 -11.6522 12.485

23.4719 -14.7152 14.616
24.7739 -16.9042 11.958
27.4709 -14.4582 10.835
28.8129 -13.9712 14.355
28.8059 -17.5822 15.564

28.7139 -19.6712 12.423

29.7939 -23.0182 13.734
27.3529 -22.9972 16.528
24.5379 -21.5592 14.34
25.2679 -24.3132 11.815
24.8629 -27.0742 14.378
21.5119 -25.6812 15.429
20.3319 -25.0942 11.871
21.2449 -28.6742 10.878
19.2869 -29.9202 13.806
16.2559 -28.1032 12.608
16.8239 -29.2042 9.09897
17.2969 -32.8782 9.78697

15.5629 -33.4052 12.987
18.4249 -35.6782 14.169
21.4359 -35.0382 16.458
23.9349 -35.7422 13.682

25.5879 -32.2912 14.08
26.5429 -33.1572 17.629
27.5529 -36.8462 17.458

31.3389 -36.7192 17.411
31.6179 -33.5102 19.575

End chain 1
