36.887 -23.463 8.956
34.76 -20.902 10.706
34.477 -17.198 11.189

36.964 -17.128 14.061
39.617 -19.041 12.22
38.916 -16.953 9.158
39.302 -13.605 10.789
42.19 -14.84 12.785
44.013 -15.477 9.498
43.018 -12.034 8.052
43.819 -9.866 11.138

46.667 -11.773 12.722
47.514 -11.664 16.413
49.57 -8.806 18.102
50.066 -8.48 21.836
51.352 -4.91 21.69
49.663 -1.798 20.443
50.45 -1.367 16.785
49.448 0.755 13.823
47.162 -1.084 11.504
47.332 -0.454 7.847
45.314 2.936 7.988
47.723 4.167 10.708
45.249 3.604 13.564
46.062 2.098 16.866
45.084 -1.481 17.205
45.91 -4.534 19.228

45.084 -8.237 19.563
43.098 -9.676 16.642
42.161 -6.61 14.663

40.766 -4.755 17.691
40.723 -1.118 16.785
41.585 1.052 19.717
41.328 4.608 18.444
41.483 6.59 15.239
43.302 9.256 17.208
46.987 9.868 16.581
47.741 9.755 20.304
49.441 6.8 21.856

48.168 7.991 25.101
44.705 8.016 23.796
45.204 4.406 22.617
46.721 3.263 25.887
43.775 4.818 27.769
41.337 3.106 25.493
43.219 -0.084 25.932
43.078 -0.026 29.76
39.388 0.877 29.673
38.693 -2.057 27.36
40.739 -4.551 29.468

39.949 -3.312 32.875
43.5 -2.793 34.015
46.726 -0.856 33.736
48.192 -2.569 30.659
51.039 -0.441 29.578
50.069 -1.175 25.981
50.572 -4.92 26.37
48.01 -7.684 26.746
47.927 -11.355 27.084
46.716 -13.911 24.599

43.676 -14.65 26.7
42.836 -10.944 26.828
43.275 -10.716 22.988
40.768 -13.473 22.533
38.253 -12.124 24.902
38.237 -8.889 22.913
37.974 -10.959 19.73
34.941 -12.807 21.022
33.247 -9.598 21.934
34.046 -8.096 18.568
32.736 -11.038 16.593
29.608 -10.998 18.595
29.163 -7.341 18.138
29.623 -7.668 14.337
26.968 -10.308 14.05
24.54 -8.343 16.218
25.205 -5.142 14.158
24.347 -7.001 10.971
21.138 -8.371 12.587
19.941 -4.956 13.593

20.904 -3.253 10.373
17.863 -2.913 8.137

20.031 -3.043 5.066
22.302 -5.933 6.146
19.913 -8.263 7.777
17.992 -9.238 4.724
21.206 -9.961 2.84
22.573 -11.97 5.681
19.396 -13.879 5.977
19.468 -14.869 2.328

22.8756 -16.3585 2.53514
25.2121 -17.8464 -0.10129
28.2862 -18.3662 -2.39481

26.7872 -15.9897 -4.95376
27.3399 -13.0131 -2.65651
30.97 -13.9919 -2.10208
31.5595 -14.2998 -5.84381
30.0487 -10.8679 -6.46222
32.2534 -9.30868 -3.7881
35.3644 -10.8875 -5.29531
34.4688 -9.58528 -8.75144
33.9542 -6.07078 -7.39998
37.324 -6.1482 -5.64445
39.0644 -7.28368 -8.82635
37.4441 -4.48725 -10.8258
38.533 -1.89623 -8.2677

35.575 -1.63923 -6.1017
31.874 -1.94423 -6.7877

31.686 1.47677 -8.2767
34.485 0.910775 -10.7737
33.03 -2.34423 -11.9937
29.461 -1.15523 -12.2047
30.74 1.38877 -14.6787
31.666 -1.32623 -17.2447

28.134 -0.968225 -18.5117

28.606 -2.48923 -21.8987
30.696 -5.42723 -20.7777
28.187 -6.24623 -17.9887
25.397 -6.41723 -20.4867
27.379 -8.71323 -22.7547
28.2 -10.9572 -19.8577
24.597 -11.0322 -18.8757
23.813 -11.9302 -22.3637

26.438 -14.6702 -22.3887
28.369 -13.1032 -25.2747
31.681 -14.3202 -23.9797

33.944 -13.3472 -26.8617
32.467 -9.97223 -27.2667
32.645 -9.08023 -23.6107
36.289 -10.2472 -23.5197
37.088 -7.83123 -26.3057
35.107 -5.03923 -24.6397
36.763 -5.56223 -21.2937
40.234 -5.19123 -22.9337
39.412 -1.64423 -23.9327
40.034 -0.207225 -20.5077

42.61 1.51277 -18.4347

42.358 -1.55023 -16.3037
43.66 -3.73923 -18.9617
46.357 -1.29323 -20.0847
47.699 -0.806225 -16.5647
47.692 -4.41723 -15.3557

47.6 -6.50623 -18.4967

48.68 -9.85323 -17.1857
46.239 -9.83223 -14.3917
43.424 -8.39423 -16.5797
44.154 -11.1482 -19.1047
43.749 -13.9092 -16.5417
40.398 -12.5162 -15.4907
39.218 -11.9292 -19.0487
40.131 -15.5092 -20.0417
38.173 -16.7552 -17.1137
35.142 -14.9382 -18.3117
35.71 -16.0392 -21.8207
36.183 -19.7132 -21.1327

34.449 -20.2402 -17.9327
37.311 -22.5132 -16.7507
40.322 -21.8732 -14.4617
42.821 -22.5772 -17.2377

44.474 -19.1262 -16.8397
45.429 -19.9922 -13.2907
46.439 -23.6812 -13.4617

50.225 -23.5542 -13.5087
50.504 -20.3452 -11.3447

End chain 1
