36.887 -23.463 8.956
34.76 -20.902 10.706
34.477 -17.198 11.189

36.964 -17.128 14.061
39.617 -19.041 12.22
38.916 -16.953 9.158
39.302 -13.605 10.789
42.19 -14.84 12.785
44.013 -15.477 9.498
43.018 -12.034 8.052
43.819 -9.866 11.138

46.667 -11.773 12.722
47.514 -11.664 16.413
49.57 -8.806 18.102
50.066 -8.48 21.836
51.352 -4.91 21.69
49.663 -1.798 20.443
50.45 -1.367 16.785
49.448 0.755 13.823
47.162 -1.084 11.504
47.332 -0.454 7.847
45.314 2.936 7.988
47.723 4.167 10.708
45.249 3.604 13.564
46.062 2.098 16.866
45.084 -1.481 17.205
45.91 -4.534 19.228

45.084 -8.237 19.563
43.098 -9.676 16.642
42.161 -6.61 14.663

40.766 -4.755 17.691
40.723 -1.118 16.785
41.585 1.052 19.717
41.328 4.608 18.444
41.483 6.59 15.239
43.302 9.256 17.208
46.987 9.868 16.581
47.741 9.755 20.304
49.441 6.8 21.856

48.168 7.991 25.101
44.705 8.016 23.796
45.204 4.406 22.617
46.721 3.263 25.887
43.775 4.818 27.769
41.337 3.106 25.493
43.219 -0.084 25.932
43.078 -0.026 29.76
39.388 0.877 29.673
38.693 -2.057 27.36
40.739 -4.551 29.468

39.949 -3.312 32.875
43.5 -2.793 34.015
46.726 -0.856 33.736
48.192 -2.569 30.659
51.039 -0.441 29.578
50.069 -1.175 25.981
50.572 -4.92 26.37
48.01 -7.684 26.746
47.927 -11.355 27.084
46.716 -13.911 24.599

43.676 -14.65 26.7
42.836 -10.944 26.828
43.275 -10.716 22.988
40.768 -13.473 22.533
38.253 -12.124 24.902
38.237 -8.889 22.913
37.974 -10.959 19.73
34.941 -12.807 21.022
33.247 -9.598 21.934
34.046 -8.096 18.568
32.736 -11.038 16.593
29.608 -10.998 18.595
29.163 -7.341 18.138
29.623 -7.668 14.337
26.968 -10.308 14.05
24.54 -8.343 16.218
25.205 -5.142 14.158
24.347 -7.001 10.971
21.138 -8.371 12.587
19.941 -4.956 13.593

20.3126 -3.74123 10.0176
19.8279 -3.90512 6.21112

23.5631 -3.47412 6.76342
23.5497 -6.0671 9.54176
21.7027 -8.55575 7.34217
24.1936 -8.05394 4.51613
27.1241 -8.6174 6.86932
25.5755 -11.829 8.18468
25.0266 -13.1244 4.65431
28.6355 -12.3874 3.71887

32.1245 -13.7694 3.69887
33.5265 -17.2644 4.37387
35.8105 -17.8724 7.33887

39.0675 -17.2534 5.58387
38.0995 -14.0444 4.01187
36.6055 -12.7214 7.23087
40.0875 -13.1114 8.65187
41.4695 -10.8734 5.79487
38.9035 -8.1974 6.64587
39.8595 -8.4264 10.3189
43.5545 -7.9344 9.34587
42.8425 -4.6874 7.43287
40.7425 -3.3944 10.2719
43.4535 -4.1984 12.7119
45.9095 -2.3264 10.6509
44.0065 0.7036 9.60487

41.0485 0.9606 11.7709
37.3475 0.6556 11.0849

37.1595 4.0766 9.59587
39.9585 3.5106 7.09887
38.5035 0.2556 5.87887
34.9345 1.4446 5.66787
36.2135 3.9886 3.19387
37.1395 1.2736 0.62787

33.6075 1.6316 -0.63913

34.0795 0.1106 -4.02613
36.1695 -2.8274 -2.90513
33.6605 -3.6464 -0.11613
30.8705 -3.8174 -2.61413
32.8525 -6.1134 -4.88213
33.6735 -8.3574 -1.98513
30.0705 -8.4324 -1.00313
29.2865 -9.3304 -4.49113

31.9115 -12.0704 -4.51613
33.8425 -10.5034 -7.40213
37.1545 -11.7204 -6.10713

39.4175 -10.7474 -8.98913
37.9405 -7.3724 -9.39413
38.1185 -6.4804 -5.73813
41.7625 -7.6474 -5.64713
42.5615 -5.2314 -8.43313
40.5805 -2.4394 -6.76713
42.2365 -2.9624 -3.42113
45.7075 -2.5914 -5.06113
44.8855 0.9556 -6.06013
45.5075 2.3926 -2.63513

48.0835 4.1126 -0.56213

47.8315 1.0496 1.56887
49.1335 -1.1394 -1.08913
51.8305 1.3066 -2.21213
53.1725 1.7936 1.30787
53.1655 -1.8174 2.51687

53.0735 -3.9064 -0.62413

54.1535 -7.2534 0.68687
51.7125 -7.2324 3.48087
48.8975 -5.7944 1.29287
49.6275 -8.5484 -1.23213
49.2225 -11.3094 1.33087
45.8715 -9.9164 2.38187
44.6915 -9.3294 -1.17613
45.6045 -12.9094 -2.16913
43.6465 -14.1554 0.75887
40.6155 -12.3384 -0.43913
41.1835 -13.4394 -3.94813
41.6565 -17.1134 -3.26013

39.9225 -17.6404 -0.0601303
42.7845 -19.9134 1.12187
45.7955 -19.2734 3.41087
48.2945 -19.9774 0.63487

49.9475 -16.5264 1.03287
50.9025 -17.3924 4.58187
51.9125 -21.0814 4.41087

55.6985 -20.9544 4.36387
55.9775 -17.7454 6.52787

End chain 1
