36.887 -23.463 8.956
34.76 -20.902 10.706
34.477 -17.198 11.189

36.964 -17.128 14.061
39.617 -19.041 12.22
38.916 -16.953 9.158
39.302 -13.605 10.789
42.19 -14.84 12.785
44.013 -15.477 9.498
43.018 -12.034 8.052
43.819 -9.866 11.138

46.667 -11.773 12.722
47.514 -11.664 16.413
49.57 -8.806 18.102
50.066 -8.48 21.836
51.352 -4.91 21.69
49.663 -1.798 20.443
50.45 -1.367 16.785
49.448 0.755 13.823
47.162 -1.084 11.504
47.332 -0.454 7.847
45.314 2.936 7.988
47.723 4.167 10.708
45.249 3.604 13.564
46.062 2.098 16.866
45.084 -1.481 17.205
45.91 -4.534 19.228

45.084 -8.237 19.563
43.098 -9.676 16.642
42.161 -6.61 14.663

45.5977 -7.46318 13.3231
47.6247 -9.62814 10.9722
50.9202 -8.50737 12.4422
52.8706 -9.93711 15.2541
52.575 -12.9046 12.9149
52.8653 -14.7643 9.5282
49.7952 -15.0652 7.33184
47.2886 -15.3428 4.4056
45.2754 -12.2127 5.42039

45.9616 -10.6376 2.0305
48.564 -8.30969 3.53072
50.3148 -11.2144 5.24538
50.4229 -13.1906 2.00103
51.9106 -10.2325 0.135739
54.5976 -9.78852 2.78633
55.5197 -13.471 2.60673
55.8096 -13.3133 -1.1793
58.0675 -10.2632 -0.976271
60.3253 -11.9826 1.55137
60.615 -15.0619 -0.657036

59.825 -13.8229 2.74996
63.376 -13.3039 3.88996
66.602 -11.3669 3.61096
68.068 -13.0799 0.533964
70.915 -10.9519 -0.547036
69.945 -11.6859 -4.14404
70.448 -15.4309 -3.75504
67.886 -18.1949 -3.37904
67.803 -21.8659 -3.04104
66.592 -24.4219 -5.52604

63.552 -25.1609 -3.42504
62.712 -21.4549 -3.29704
63.151 -21.2269 -7.13704
60.644 -23.9839 -7.59204
58.129 -22.6349 -5.22304
58.113 -19.3999 -7.21204
57.85 -21.4699 -10.395
54.817 -23.3179 -9.10304
53.123 -20.1089 -8.19104
53.922 -18.6069 -11.557
52.612 -21.5489 -13.532
49.484 -21.5089 -11.53
49.039 -17.8519 -11.987
49.499 -18.1789 -15.788
46.844 -20.8189 -16.075
44.416 -18.8539 -13.907
45.081 -15.6529 -15.967
44.223 -17.5119 -19.154
41.014 -18.8819 -17.538
39.817 -15.4669 -16.532

40.78 -13.7639 -19.752
37.739 -13.4239 -21.988

39.907 -13.5539 -25.059
42.178 -16.4439 -23.979
39.789 -18.7739 -22.348
37.868 -19.7489 -25.401
41.082 -20.4719 -27.285
42.449 -22.4809 -24.444
39.272 -24.3899 -24.148
39.344 -25.3799 -27.797

42.833 -26.7619 -27.817
44.235 -30.2569 -27.142
46.519 -30.8649 -24.177

49.776 -30.2459 -25.932
48.808 -27.0369 -27.504
47.314 -25.7139 -24.285
50.796 -26.1039 -22.864
52.178 -23.8659 -25.721
49.612 -21.1899 -24.87
50.568 -21.4189 -21.197
54.263 -20.9269 -22.17
53.551 -17.6799 -24.083
51.451 -16.3869 -21.244
54.162 -17.1909 -18.804
56.618 -15.3189 -20.865
54.715 -12.2889 -21.911

51.757 -12.0319 -19.745
48.056 -12.3369 -20.431

47.868 -8.91588 -21.92
50.667 -9.48188 -24.417
49.212 -12.7369 -25.637
45.643 -11.5479 -25.848
46.922 -9.00388 -28.322
47.848 -11.7189 -30.888

44.316 -11.3609 -32.155

44.788 -12.8819 -35.542
46.878 -15.8199 -34.421
44.369 -16.6389 -31.632
41.579 -16.8099 -34.13
43.561 -19.1059 -36.398
44.382 -21.3499 -33.501
40.779 -21.4249 -32.519
39.995 -22.3229 -36.007

42.62 -25.0629 -36.032
44.551 -23.4959 -38.918
47.863 -24.7129 -37.623

50.126 -23.7399 -40.505
48.649 -20.3649 -40.91
48.827 -19.4729 -37.254
52.471 -20.6399 -37.163
53.27 -18.2239 -39.949
51.289 -15.4319 -38.283
52.945 -15.9549 -34.937
56.416 -15.5839 -36.577
55.594 -12.0369 -37.576
56.216 -10.5999 -34.151

58.792 -8.87988 -32.078

58.54 -11.9429 -29.947
59.842 -14.1319 -32.605
62.539 -11.6859 -33.728
63.881 -11.1989 -30.208
63.874 -14.8099 -28.999

63.782 -16.8989 -32.14

64.862 -20.2459 -30.829
62.421 -20.2249 -28.035
59.606 -18.7869 -30.223
60.336 -21.5409 -32.748
59.931 -24.3019 -30.185
56.58 -22.9089 -29.134
55.4 -22.3219 -32.692
56.313 -25.9019 -33.685
54.355 -27.1479 -30.757
51.324 -25.3309 -31.955
51.892 -26.4319 -35.464
52.365 -30.1059 -34.776

50.631 -30.6329 -31.576
53.493 -32.9059 -30.394
56.504 -32.2659 -28.105
59.003 -32.9699 -30.881

60.656 -29.5189 -30.483
61.611 -30.3849 -26.934
62.621 -34.0739 -27.105

66.407 -33.9469 -27.152
66.686 -30.7379 -24.988

End chain 1
