0 0 0
0 0 3.7918
0.319599 0.732375 7.53034

-0.0856173 -2.34937 9.71701
-2.69807 -0.606352 11.8571
-4.6591 0.44676 8.77678
-4.62222 -3.1032 7.42058
-5.87876 -4.48413 10.7307
-8.71759 -1.95896 10.8173
-9.75455 -2.85801 7.27339
-9.78822 -6.56282 8.11964

-6.94022 -8.46982 9.70364
-6.09322 -8.36082 13.3946
-4.03722 -5.50282 15.0836
-3.54122 -5.17682 18.8176
-2.25522 -1.60682 18.6716
-3.94422 1.50518 17.4246
-3.15722 1.93618 13.7666
-4.15922 4.05818 10.8046
-6.44522 2.21918 8.48564
-6.27522 2.84918 4.82864
-8.29322 6.23918 4.96964
-5.88422 7.47018 7.68964
-8.35822 6.90718 10.5456
-7.54522 5.40118 13.8476
-8.52322 1.82218 14.1866
-7.69722 -1.23082 16.2096

-8.52322 -4.93382 16.5446
-10.5092 -6.37282 13.6236
-11.4462 -3.30682 11.6446

-12.8412 -1.45182 14.6726
-12.8842 2.18518 13.7666
-12.0222 4.35518 16.6986
-12.2792 7.91118 15.4256
-12.1242 9.89318 12.2206
-10.3052 12.5592 14.1896
-6.62022 13.1712 13.5626
-5.86622 13.0582 17.2856
-4.16622 10.1032 18.8376

-5.43922 11.2942 22.0826
-8.90222 11.3192 20.7776
-8.40322 7.70918 19.5986
-6.88622 6.56618 22.8686
-9.83222 8.12118 24.7506
-12.2702 6.40918 22.4746
-10.3882 3.21918 22.9136
-10.5292 3.27718 26.7416
-14.2192 4.18018 26.6546
-14.9142 1.24618 24.3416
-12.8682 -1.24782 26.4496

-13.6582 -0.00881697 29.8566
-10.1072 0.510183 30.9966
-6.88122 2.44718 30.7176
-5.41522 0.734183 27.6406
-2.56822 2.86218 26.5596
-3.53822 2.12818 22.9626
-3.03522 -1.61682 23.3516
-5.59722 -4.38082 23.7276
-5.68022 -8.05182 24.0656
-6.89122 -10.6078 21.5806

-9.93122 -11.3468 23.6816
-10.7712 -7.64082 23.8096
-10.3322 -7.41282 19.9696
-12.8392 -10.1698 19.5146
-15.3542 -8.82082 21.8836
-15.3702 -5.58582 19.8946
-15.6332 -7.65582 16.7116
-18.6662 -9.50382 18.0036
-20.3602 -6.29482 18.9156
-19.5612 -4.79282 15.5496
-20.8712 -7.73482 13.5746
-23.9992 -7.69482 15.5766
-24.4442 -4.03782 15.1196
-23.9842 -4.36482 11.3186
-26.6392 -7.00482 11.0316
-29.0672 -5.03982 13.1996
-28.4022 -1.83882 11.1396
-29.2602 -3.69782 7.95264
-32.4692 -5.06782 9.56864
-33.6662 -1.65282 10.5746

-32.7032 0.050183 7.35464
-35.7442 0.390183 5.11864

-33.5762 0.260183 2.04764
-31.3052 -2.62982 3.12764
-33.6942 -4.95982 4.75864
-35.6152 -5.93482 1.70564
-32.4012 -6.65782 -0.178356
-31.0342 -8.66682 2.66264
-34.2112 -10.5758 2.95864
-34.1392 -11.5658 -0.690356

-30.6502 -12.9478 -0.710356
-29.2482 -16.4428 -0.0353559
-26.9642 -17.0508 2.92964

-23.7072 -16.4318 1.17464
-24.6752 -13.2228 -0.397356
-26.1692 -11.8998 2.82164
-22.6872 -12.2898 4.24264
-21.3052 -10.0518 1.38564
-23.8712 -7.37582 2.23664
-22.9152 -7.60482 5.90964
-19.2202 -7.11282 4.93664
-19.9322 -3.86582 3.02364
-22.0322 -2.57282 5.86264
-19.3212 -3.37682 8.30264
-16.8652 -1.50482 6.24164
-18.7682 1.52518 5.19564

-21.7262 1.78218 7.36164
-25.4272 1.47718 6.67564

-25.6152 4.89818 5.18664
-22.8162 4.33218 2.68964
-24.2712 1.07718 1.46964
-27.8402 2.26618 1.25864
-26.5612 4.81018 -1.21536
-25.6352 2.09518 -3.78136

-29.1672 2.45318 -5.04836

-28.6952 0.932183 -8.43536
-26.6052 -2.00582 -7.31436
-29.1142 -2.82482 -4.52536
-31.9042 -2.99582 -7.02336
-29.9222 -5.29182 -9.29136
-29.1012 -7.53582 -6.39436
-32.7042 -7.61082 -5.41236
-33.4882 -8.50882 -8.90036

-30.8632 -11.2488 -8.92536
-28.9322 -9.68182 -11.8114
-25.6202 -10.8988 -10.5164

-23.3572 -9.92582 -13.3984
-24.8342 -6.55082 -13.8034
-24.6562 -5.65882 -10.1474
-21.0122 -6.82582 -10.0564
-20.2132 -4.40982 -12.8424
-22.1942 -1.61782 -11.1764
-20.5382 -2.14082 -7.83036
-17.0672 -1.76982 -9.47036
-17.8892 1.77718 -10.4694
-17.2672 3.21418 -7.04436

-14.6912 4.93418 -4.97136

-14.9432 1.87118 -2.84036
-13.6412 -0.317817 -5.49836
-10.9442 2.12818 -6.62136
-9.60222 2.61518 -3.10136
-9.60922 -0.995817 -1.89236

-9.70122 -3.08482 -5.03336

-8.62122 -6.43182 -3.72236
-11.0622 -6.41082 -0.928356
-13.8772 -4.97282 -3.11636
-13.1472 -7.72682 -5.64136
-13.5522 -10.4878 -3.07836
-16.9032 -9.09482 -2.02736
-18.0832 -8.50782 -5.58536
-17.1702 -12.0878 -6.57836
-19.1282 -13.3338 -3.65036
-22.1592 -11.5168 -4.84836
-21.5912 -12.6178 -8.35736
-21.1182 -16.2918 -7.66936

-22.8522 -16.8188 -4.46936
-19.9902 -19.0918 -3.28736
-16.9792 -18.4518 -0.998356
-14.4802 -19.1558 -3.77436

-12.8272 -15.7048 -3.37636
-11.8722 -16.5708 0.172644
-10.8622 -20.2598 0.00164406

-7.07622 -20.1328 -0.0453559
-6.79722 -16.9238 2.11864

End chain 1
