36.887 -23.463 8.956
34.76 -20.902 10.706
34.477 -17.198 11.189

36.964 -17.128 14.061
39.617 -19.041 12.22
38.916 -16.953 9.158
39.302 -13.605 10.789
42.19 -14.84 12.785
44.013 -15.477 9.498
43.018 -12.034 8.052
43.819 -9.866 11.138

46.667 -11.773 12.722
47.514 -11.664 16.413
49.57 -8.806 18.102
50.066 -8.48 21.836
51.352 -4.91 21.69
49.663 -1.798 20.443
50.45 -1.367 16.785
49.448 0.755 13.823
47.162 -1.084 11.504
47.332 -0.454 7.847
45.314 2.936 7.988
47.723 4.167 10.708
45.249 3.604 13.564
46.062 2.098 16.866
45.084 -1.481 17.205
45.91 -4.534 19.228

45.084 -8.237 19.563
43.098 -9.676 16.642
42.161 -6.61 14.663

44.6973 -3.88908 15.6597
46.66 -0.760416 15.9522
48.907 1.00193 18.5237
51.5353 2.94324 20.5168
52.8033 0.545991 17.7351
51.3147 -0.424888 14.4862
53.8095 1.92487 12.7237
56.5492 3.5122 10.6759
54.1655 3.69181 7.62727

51.0646 4.7229 9.56741
53.1193 6.95997 11.8514
54.7776 8.64098 8.87369
51.4078 9.2947 7.24287
50.05 10.8346 10.441
53.0738 13.117 10.7405
52.6776 14.2746 7.14246
48.9988 15.0512 7.69548
49.7948 17.075 10.8121
52.4356 19.0791 8.95397
50.0087 19.8423 6.13075

49.2187 21.0813 9.53775
52.7697 21.6003 10.6777
55.9957 23.5373 10.3987
57.4617 21.8243 7.32175
60.3087 23.9523 6.24075
59.3387 23.2183 2.64375
59.8417 19.4733 3.03275
57.2797 16.7093 3.40875
57.1967 13.0383 3.74675
55.9857 10.4823 1.26175

52.9457 9.74326 3.36275
52.1057 13.4493 3.49075
52.5447 13.6773 -0.349253
50.0377 10.9203 -0.804253
47.5227 12.2693 1.56475
47.5067 15.5043 -0.424253
47.2437 13.4343 -3.60725
44.2107 11.5863 -2.31525
42.5167 14.7953 -1.40325
43.3157 16.2973 -4.76925
42.0057 13.3553 -6.74425
38.8777 13.3953 -4.74225
38.4327 17.0523 -5.19925
38.8927 16.7253 -9.00025
36.2377 14.0853 -9.28725
33.8097 16.0503 -7.11925
34.4747 19.2513 -9.17925
33.6167 17.3923 -12.3663
30.4077 16.0223 -10.7503
29.2107 19.4373 -9.74425

30.1737 21.1403 -12.9643
27.1327 21.4803 -15.2003

29.3007 21.3503 -18.2713
31.5717 18.4603 -17.1913
29.1827 16.1303 -15.5603
27.2617 15.1553 -18.6133
30.4757 14.4323 -20.4973
31.8427 12.4233 -17.6563
28.6657 10.5143 -17.3603
28.7377 9.52426 -21.0093

32.2267 8.14226 -21.0293
33.6287 4.64726 -20.3543
35.9127 4.03926 -17.3893

39.1697 4.65826 -19.1443
38.2017 7.86726 -20.7163
36.7077 9.19026 -17.4973
40.1897 8.80026 -16.0763
41.5717 11.0383 -18.9333
39.0057 13.7143 -18.0823
39.9617 13.4853 -14.4093
43.6567 13.9773 -15.3823
42.9447 17.2243 -17.2953
40.8447 18.5173 -14.4563
43.5557 17.7133 -12.0163
46.0117 19.5853 -14.0773
44.1087 22.6153 -15.1233

41.1507 22.8723 -12.9573
37.4497 22.5673 -13.6433

37.2617 25.9883 -15.1323
40.0607 25.4223 -17.6293
38.6057 22.1673 -18.8493
35.0367 23.3563 -19.0603
36.3157 25.9003 -21.5343
37.2417 23.1853 -24.1003

33.7097 23.5433 -25.3673

34.1817 22.0223 -28.7543
36.2717 19.0843 -27.6333
33.7627 18.2653 -24.8443
30.9727 18.0943 -27.3423
32.9547 15.7983 -29.6103
33.7757 13.5543 -26.7133
30.1727 13.4793 -25.7313
29.3887 12.5813 -29.2193

32.0137 9.84126 -29.2443
33.9447 11.4083 -32.1303
37.2567 10.1913 -30.8353

39.5197 11.1643 -33.7173
38.0427 14.5393 -34.1223
38.2207 15.4313 -30.4663
41.8647 14.2643 -30.3753
42.6637 16.6803 -33.1613
40.6827 19.4723 -31.4953
42.3387 18.9493 -28.1493
45.8097 19.3203 -29.7893
44.9877 22.8673 -30.7883
45.6097 24.3043 -27.3633

48.1857 26.0243 -25.2903

47.9337 22.9613 -23.1593
49.2357 20.7723 -25.8173
51.9327 23.2183 -26.9403
53.2747 23.7053 -23.4203
53.2677 20.0943 -22.2113

53.1757 18.0053 -25.3523

54.2557 14.6583 -24.0413
51.8147 14.6793 -21.2473
48.9997 16.1173 -23.4353
49.7297 13.3633 -25.9603
49.3247 10.6023 -23.3973
45.9737 11.9953 -22.3463
44.7937 12.5823 -25.9043
45.7067 9.00226 -26.8973
43.7487 7.75626 -23.9693
40.7177 9.57326 -25.1673
41.2857 8.47226 -28.6763
41.7587 4.79826 -27.9883

40.0247 4.27126 -24.7883
42.8867 1.99826 -23.6063
45.8977 2.63826 -21.3173
48.3967 1.93426 -24.0933

50.0497 5.38526 -23.6953
51.0047 4.51926 -20.1463
52.0147 0.830256 -20.3173

55.8007 0.957256 -20.3643
56.0797 4.16626 -18.2003

End chain 1
