36.887 -23.463 8.956
34.76 -20.902 10.706
34.477 -17.198 11.189

36.964 -17.128 14.061
39.617 -19.041 12.22
38.916 -16.953 9.158
39.302 -13.605 10.789
42.19 -14.84 12.785
44.013 -15.477 9.498
43.018 -12.034 8.052
43.819 -9.866 11.138

46.667 -11.773 12.722
47.514 -11.664 16.413
49.57 -8.806 18.102
50.066 -8.48 21.836
51.352 -4.91 21.69
49.663 -1.798 20.443
50.45 -1.367 16.785
49.448 0.755 13.823
47.162 -1.084 11.504
47.332 -0.454 7.847
45.314 2.936 7.988
47.723 4.167 10.708
45.249 3.604 13.564
46.062 2.098 16.866
45.084 -1.481 17.205
45.91 -4.534 19.228

45.084 -8.237 19.563
43.098 -9.676 16.642
42.161 -6.61 14.663

40.766 -4.755 17.691
40.723 -1.118 16.785
41.585 1.052 19.717
41.328 4.608 18.444
41.483 6.59 15.239
43.302 9.256 17.208
46.987 9.868 16.581
47.741 9.755 20.304
49.441 6.8 21.856

48.168 7.991 25.101
44.705 8.016 23.796
45.204 4.406 22.617
46.721 3.263 25.887
43.775 4.818 27.769
41.337 3.106 25.493
43.219 -0.084 25.932
43.078 -0.026 29.76
39.388 0.877 29.673
38.693 -2.057 27.36
40.739 -4.551 29.468

39.949 -3.312 32.875
43.5 -2.793 34.015
46.726 -0.856 33.736
48.192 -2.569 30.659
51.039 -0.441 29.578
50.069 -1.175 25.981
50.572 -4.92 26.37
48.01 -7.684 26.746
47.927 -11.355 27.084
46.716 -13.911 24.599

43.676 -14.65 26.7
42.836 -10.944 26.828
43.275 -10.716 22.988
40.768 -13.473 22.533
38.253 -12.124 24.902
38.237 -8.889 22.913
37.974 -10.959 19.73
34.941 -12.807 21.022
33.247 -9.598 21.934
34.046 -8.096 18.568
32.736 -11.038 16.593
29.608 -10.998 18.595
29.163 -7.341 18.138
29.623 -7.668 14.337
26.968 -10.308 14.05
24.54 -8.343 16.218
25.205 -5.142 14.158
24.347 -7.001 10.971
21.138 -8.371 12.587
19.941 -4.956 13.593

20.904 -3.253 10.373
17.863 -2.913 8.137

20.031 -3.043 5.066
22.302 -5.933 6.146
19.913 -8.263 7.777
17.992 -9.238 4.724
21.206 -9.961 2.84
22.573 -11.97 5.681
19.396 -13.879 5.977
19.468 -14.869 2.328

22.9358 -16.5141 2.74345
26.0792 -18.5972 2.34207
25.6965 -21.5853 4.57577

21.9011 -21.3922 4.60843
21.9568 -18.881 7.46041
24.4722 -16.704 5.62297
22.3462 -16.7376 2.47309
19.2519 -15.7268 4.43436
21.1102 -12.8409 6.06568
22.3453 -11.602 2.69187
18.8281 -11.709 1.25634
17.4612 -9.7364 4.2031
20.1556 -7.08624 3.80339
19.3947 -6.73332 0.0967318
15.6827 -6.31981 0.799183
16.3744 -3.62854 3.39178

13.4164 -3.37154 5.55778
9.71539 -3.67654 4.87178

9.52739 -0.255539 3.38278
12.3264 -0.821539 0.885784
10.8714 -4.07654 -0.334216
7.30239 -2.88754 -0.545216
8.58139 -0.343539 -3.01922
9.50739 -3.05854 -5.58522

5.97539 -2.70054 -6.85222

6.44739 -4.22154 -10.2392
8.53739 -7.15954 -9.11822
6.02839 -7.97854 -6.32922
3.23839 -8.14954 -8.82722
5.22039 -10.4455 -11.0952
6.04139 -12.6895 -8.19822
2.43839 -12.7645 -7.21622
1.65439 -13.6625 -10.7042

4.27939 -16.4025 -10.7292
6.21039 -14.8355 -13.6152
9.52239 -16.0525 -12.3202

11.7854 -15.0795 -15.2022
10.3084 -11.7045 -15.6072
10.4864 -10.8125 -11.9512
14.1304 -11.9795 -11.8602
14.9294 -9.56354 -14.6462
12.9484 -6.77154 -12.9802
14.6044 -7.29454 -9.63422
18.0754 -6.92354 -11.2742
17.2534 -3.37654 -12.2732
17.8754 -1.93954 -8.84822

20.4514 -0.219539 -6.77522

20.1994 -3.28254 -4.64422
21.5014 -5.47154 -7.30222
24.1984 -3.02554 -8.42522
25.5404 -2.53854 -4.90522
25.5334 -6.14954 -3.69622

25.4414 -8.23854 -6.83722

26.5214 -11.5855 -5.52622
24.0804 -11.5645 -2.73222
21.2654 -10.1265 -4.92022
21.9954 -12.8805 -7.44522
21.5904 -15.6415 -4.88222
18.2394 -14.2485 -3.83122
17.0594 -13.6615 -7.38922
17.9724 -17.2415 -8.38222
16.0144 -18.4875 -5.45422
12.9834 -16.6705 -6.65222
13.5514 -17.7715 -10.1612
14.0244 -21.4455 -9.47322

12.2904 -21.9725 -6.27322
15.1524 -24.2455 -5.09122
18.1634 -23.6055 -2.80222
20.6624 -24.3095 -5.57822

22.3154 -20.8585 -5.18022
23.2704 -21.7245 -1.63122
24.2804 -25.4135 -1.80222

28.0664 -25.2865 -1.84922
28.3454 -22.0775 0.314784

End chain 1
