36.887 -23.463 8.956
34.76 -20.902 10.706
34.477 -17.198 11.189

36.964 -17.128 14.061
39.617 -19.041 12.22
38.916 -16.953 9.158
39.302 -13.605 10.789
42.19 -14.84 12.785
44.013 -15.477 9.498
43.018 -12.034 8.052
43.819 -9.866 11.138

46.667 -11.773 12.722
47.514 -11.664 16.413
49.57 -8.806 18.102
50.066 -8.48 21.836
51.352 -4.91 21.69
49.663 -1.798 20.443
50.45 -1.367 16.785
49.448 0.755 13.823
47.162 -1.084 11.504
47.332 -0.454 7.847
45.314 2.936 7.988
47.723 4.167 10.708
45.249 3.604 13.564
46.062 2.098 16.866
45.084 -1.481 17.205
45.91 -4.534 19.228

45.084 -8.237 19.563
43.098 -9.676 16.642
42.161 -6.61 14.663

40.766 -4.755 17.691
40.723 -1.118 16.785
41.585 1.052 19.717
41.328 4.608 18.444
41.483 6.59 15.239
43.302 9.256 17.208
46.987 9.868 16.581
47.741 9.755 20.304
49.441 6.8 21.856

48.168 7.991 25.101
44.705 8.016 23.796
45.204 4.406 22.617
46.721 3.263 25.887
43.775 4.818 27.769
41.337 3.106 25.493
43.219 -0.084 25.932
43.078 -0.026 29.76
39.388 0.877 29.673
38.693 -2.057 27.36
40.739 -4.551 29.468

39.949 -3.312 32.875
43.5 -2.793 34.015
46.726 -0.856 33.736
48.192 -2.569 30.659
51.039 -0.441 29.578
50.069 -1.175 25.981
50.572 -4.92 26.37
48.01 -7.684 26.746
47.927 -11.355 27.084
46.716 -13.911 24.599

43.676 -14.65 26.7
42.836 -10.944 26.828
43.275 -10.716 22.988
40.768 -13.473 22.533
38.253 -12.124 24.902
38.237 -8.889 22.913
37.974 -10.959 19.73
34.941 -12.807 21.022
33.247 -9.598 21.934
34.046 -8.096 18.568
32.736 -11.038 16.593
29.608 -10.998 18.595
29.163 -7.341 18.138
29.623 -7.668 14.337
26.968 -10.308 14.05
24.54 -8.343 16.218
25.205 -5.142 14.158
24.347 -7.001 10.971
21.138 -8.371 12.587
19.941 -4.956 13.593

20.904 -3.253 10.373
17.863 -2.913 8.137

20.031 -3.043 5.066
22.302 -5.933 6.146
19.913 -8.263 7.777
17.992 -9.238 4.724
21.206 -9.961 2.84
22.573 -11.97 5.681
19.396 -13.879 5.977
19.468 -14.869 2.328

22.957 -16.251 2.308
24.359 -19.746 2.983
26.643 -20.354 5.948

29.9 -19.735 4.193
28.932 -16.526 2.621
27.438 -15.203 5.84
30.92 -15.593 7.261
32.302 -13.355 4.404
29.736 -10.679 5.255
30.692 -10.908 8.928
34.387 -10.416 7.955
33.675 -7.169 6.042
31.575 -5.876 8.881
34.286 -6.68 11.321
36.742 -4.808 9.26
34.839 -1.778 8.214

35.3355 -0.592023 11.8801
34.8474 2.09756 14.6011

32.6279 -0.0626949 16.8034
31.6612 2.93239 18.9336
30.7641 4.96038 15.8473
28.5917 2.1438 14.5093
26.7596 1.85104 17.826
26.0934 5.59187 17.8987

22.5614 5.94987 16.6317

23.0334 4.42887 13.2447
25.1234 1.49087 14.3657
22.6144 0.671868 17.1547
19.8244 0.500868 14.6567
21.8064 -1.79513 12.3887
22.6274 -4.03913 15.2857
19.0244 -4.11413 16.2677
18.2404 -5.01213 12.7797

20.8654 -7.75213 12.7547
22.7964 -6.18513 9.8687
26.1084 -7.40213 11.1637

28.3714 -6.42913 8.2817
26.8944 -3.05413 7.8767
27.0724 -2.16213 11.5327
30.7164 -3.32913 11.6237
31.5154 -0.913132 8.8377
29.5344 1.87887 10.5037
31.1904 1.35587 13.8497
34.6614 1.72687 12.2097
33.8394 5.27387 11.2107
34.4614 6.71087 14.6357

37.0374 8.43087 16.7087

36.7854 5.36787 18.8397
38.0874 3.17887 16.1817
40.7844 5.62487 15.0587
42.1264 6.11187 18.5787
42.1194 2.50087 19.7877

42.0274 0.411868 16.6467

43.1074 -2.93513 17.9577
40.6664 -2.91413 20.7517
37.8514 -1.47613 18.5637
38.5814 -4.23013 16.0387
38.1764 -6.99113 18.6017
34.8254 -5.59813 19.6527
33.6454 -5.01113 16.0947
34.5584 -8.59113 15.1017
32.6004 -9.83713 18.0297
29.5694 -8.02013 16.8317
30.1374 -9.12113 13.3227
30.6104 -12.7951 14.0107

28.8764 -13.3221 17.2107
31.7384 -15.5951 18.3927
34.7494 -14.9551 20.6817
37.2484 -15.6591 17.9057

38.9014 -12.2081 18.3037
39.8564 -13.0741 21.8527
40.8664 -16.7631 21.6817

44.6524 -16.6361 21.6347
44.9314 -13.4271 23.7987

End chain 1
