36.887 -23.463 8.956
34.76 -20.902 10.706
34.477 -17.198 11.189

36.964 -17.128 14.061
39.617 -19.041 12.22
38.916 -16.953 9.158
39.302 -13.605 10.789
42.19 -14.84 12.785
44.013 -15.477 9.498
43.018 -12.034 8.052
43.819 -9.866 11.138

46.667 -11.773 12.722
47.514 -11.664 16.413
49.57 -8.806 18.102
50.066 -8.48 21.836
51.352 -4.91 21.69
49.663 -1.798 20.443
50.45 -1.367 16.785
49.448 0.755 13.823
47.162 -1.084 11.504
47.332 -0.454 7.847
45.314 2.936 7.988
47.723 4.167 10.708
45.249 3.604 13.564
46.062 2.098 16.866
45.084 -1.481 17.205
45.91 -4.534 19.228

45.084 -8.237 19.563
43.098 -9.676 16.642
42.161 -6.61 14.663

40.766 -4.755 17.691
40.723 -1.118 16.785
41.585 1.052 19.717
41.328 4.608 18.444
41.483 6.59 15.239
43.302 9.256 17.208
46.987 9.868 16.581
47.741 9.755 20.304
49.441 6.8 21.856

48.168 7.991 25.101
44.705 8.016 23.796
45.204 4.406 22.617
46.721 3.263 25.887
43.775 4.818 27.769
41.337 3.106 25.493
43.219 -0.084 25.932
43.078 -0.026 29.76
39.388 0.877 29.673
38.693 -2.057 27.36
40.739 -4.551 29.468

40.9301 -3.14674 33.0275
42.6312 -5.86102 35.1109
44.6641 -8.17965 37.4009
46.2009 -11.721 37.8205
44.2994 -14.3832 39.8735
45.4665 -17.6046 41.296
44.217 -21.1344 40.6409
46.7444 -20.1253 37.8481
49.8861 -19.6985 35.5893
48.9541 -16.6694 37.6676

47.7844 -16.4106 41.2742
49.6953 -13.1621 41.7625
48.1694 -11.6783 38.6141
44.6672 -12.6172 39.7526
45.2369 -11.0129 43.1503
46.4744 -7.80308 41.5351
43.4254 -7.65241 39.2715
41.0861 -8.12417 42.2291
42.8052 -5.33681 44.1574
42.5105 -2.9743 41.1952
38.8045 -3.73438 40.8339
38.2084 -3.06622 44.5273
40.0243 0.26559 44.3169
37.9553 1.31323 41.3062
34.7226 0.431212 43.0991
35.7488 2.45343 46.1487
36.5701 5.47207 43.9909
33.1984 5.26629 42.2497
31.3789 5.10021 45.5821
33.2537 8.14579 46.8676

34.2167 9.84879 43.6476
31.1757 10.1888 41.4116

33.3437 10.0588 38.3406
35.6147 7.16879 39.4206
33.2257 4.83879 41.0516
31.3047 3.86379 37.9986
34.5187 3.14079 36.1146
35.8857 1.13179 38.9556
32.7087 -0.777211 39.2516
32.7807 -1.76721 35.6026

36.2697 -3.14921 35.5826
37.6717 -6.64421 36.2576
39.9557 -7.25221 39.2226

43.2127 -6.63321 37.4676
42.2447 -3.42421 35.8956
40.7507 -2.10121 39.1146
44.2327 -2.49121 40.5356
45.6147 -0.253211 37.6786
43.0487 2.42279 38.5296
44.0047 2.19379 42.2026
47.6997 2.68579 41.2296
46.9877 5.93279 39.3166
44.8877 7.22579 42.1556
47.5987 6.42179 44.5956
50.0547 8.29379 42.5346
48.1517 11.3238 41.4886

45.1937 11.5808 43.6546
41.4927 11.2758 42.9686

41.3047 14.6968 41.4796
44.1037 14.1308 38.9826
42.6487 10.8758 37.7626
39.0797 12.0648 37.5516
40.3587 14.6088 35.0776
41.2847 11.8938 32.5116

37.7527 12.2518 31.2446

38.2247 10.7308 27.8576
40.3147 7.79279 28.9786
37.8057 6.97379 31.7676
35.0157 6.80279 29.2696
36.9977 4.50679 27.0016
37.8187 2.26279 29.8986
34.2157 2.18779 30.8806
33.4317 1.28979 27.3926

36.0567 -1.45021 27.3676
37.9877 0.116789 24.4816
41.2997 -1.10021 25.7766

43.5627 -0.127211 22.8946
42.0857 3.24779 22.4896
42.2637 4.13979 26.1456
45.9077 2.97279 26.2366
46.7067 5.38879 23.4506
44.7257 8.18079 25.1166
46.3817 7.65779 28.4626
49.8527 8.02879 26.8226
49.0307 11.5758 25.8236
49.6527 13.0128 29.2486

52.2287 14.7328 31.3216

51.9767 11.6698 33.4526
53.2787 9.48079 30.7946
55.9757 11.9268 29.6716
57.3177 12.4138 33.1916
57.3107 8.80279 34.4006

57.2187 6.71379 31.2596

58.2987 3.36679 32.5706
55.8577 3.38779 35.3646
53.0427 4.82579 33.1766
53.7727 2.07179 30.6516
53.3677 -0.689211 33.2146
50.0167 0.703789 34.2656
48.8367 1.29079 30.7076
49.7497 -2.28921 29.7146
47.7917 -3.53521 32.6426
44.7607 -1.71821 31.4446
45.3287 -2.81921 27.9356
45.8017 -6.49321 28.6236

44.0677 -7.02021 31.8236
46.9297 -9.29321 33.0056
49.9407 -8.65321 35.2946
52.4397 -9.35721 32.5186

54.0927 -5.90621 32.9166
55.0477 -6.77221 36.4656
56.0577 -10.4612 36.2946

59.8437 -10.3342 36.2476
60.1227 -7.12521 38.4116

End chain 1
