36.887 -23.463 8.956
34.76 -20.902 10.706
34.477 -17.198 11.189

36.964 -17.128 14.061
39.617 -19.041 12.22
38.916 -16.953 9.158
39.302 -13.605 10.789
42.19 -14.84 12.785
44.013 -15.477 9.498
43.018 -12.034 8.052
43.819 -9.866 11.138

46.667 -11.773 12.722
47.514 -11.664 16.413
49.57 -8.806 18.102
50.066 -8.48 21.836
51.352 -4.91 21.69
49.663 -1.798 20.443
50.45 -1.367 16.785
49.448 0.755 13.823
47.162 -1.084 11.504
47.332 -0.454 7.847
45.314 2.936 7.988
47.723 4.167 10.708
45.249 3.604 13.564
46.062 2.098 16.866
45.084 -1.481 17.205
45.91 -4.534 19.228

45.084 -8.237 19.563
43.098 -9.676 16.642
42.161 -6.61 14.663

40.766 -4.755 17.691
40.723 -1.118 16.785
41.585 1.052 19.717
41.328 4.608 18.444
41.483 6.59 15.239
43.302 9.256 17.208
46.987 9.868 16.581
47.741 9.755 20.304
49.441 6.8 21.856

48.168 7.991 25.101
44.705 8.016 23.796
45.204 4.406 22.617
46.721 3.263 25.887
43.775 4.818 27.769
41.337 3.106 25.493
43.219 -0.084 25.932
43.078 -0.026 29.76
39.388 0.877 29.673
38.693 -2.057 27.36
40.739 -4.551 29.468

39.949 -3.312 32.875
43.5 -2.793 34.015
46.726 -0.856 33.736
48.192 -2.569 30.659
51.039 -0.441 29.578
50.069 -1.175 25.981
50.572 -4.92 26.37
48.01 -7.684 26.746
47.927 -11.355 27.084
46.716 -13.911 24.599

43.676 -14.65 26.7
42.836 -10.944 26.828
43.275 -10.716 22.988
40.768 -13.473 22.533
38.253 -12.124 24.902
38.237 -8.889 22.913
37.974 -10.959 19.73
34.941 -12.807 21.022
33.247 -9.598 21.934
34.046 -8.096 18.568
32.736 -11.038 16.593
29.608 -10.998 18.595
29.163 -7.341 18.138
29.623 -7.668 14.337
26.968 -10.308 14.05
24.54 -8.343 16.218
25.205 -5.142 14.158
24.347 -7.001 10.971
21.138 -8.371 12.587
19.941 -4.956 13.593

20.904 -3.253 10.373
17.863 -2.913 8.137

20.031 -3.043 5.066
22.302 -5.933 6.146
19.913 -8.263 7.777
17.992 -9.238 4.724
21.206 -9.961 2.84
22.573 -11.97 5.681
19.396 -13.879 5.977
19.468 -14.869 2.328

22.957 -16.251 2.308
24.359 -19.746 2.983
26.643 -20.354 5.948

29.9 -19.735 4.193
28.932 -16.526 2.621
27.438 -15.203 5.84
30.92 -15.593 7.261
32.302 -13.355 4.404
29.736 -10.679 5.255
30.692 -10.908 8.928
34.387 -10.416 7.955
33.675 -7.169 6.042
31.575 -5.876 8.881
34.286 -6.68 11.321
36.742 -4.808 9.26
34.839 -1.778 8.214

32.8339 -2.32178 11.3053
35.1516 -0.37513 13.5937

38.4845 -0.90724 15.3406
36.9421 -3.43419 17.7235
35.3927 -5.35745 14.8351
38.7208 -5.47986 13.0044
40.4887 -6.78464 16.1052
37.8803 -9.51033 16.5636

34.3483 -9.15233 15.2966

34.8203 -10.6733 11.9096
36.9103 -13.6113 13.0306
34.4013 -14.4303 15.8196
31.6113 -14.6013 13.3216
33.5933 -16.8973 11.0536
34.4143 -19.1413 13.9506
30.8113 -19.2163 14.9326
30.0273 -20.1143 11.4446

32.6523 -22.8543 11.4196
34.5833 -21.2873 8.5336
37.8953 -22.5043 9.8286

40.1583 -21.5313 6.9466
38.6813 -18.1563 6.5416
38.8593 -17.2643 10.1976
42.5033 -18.4313 10.2886
43.3023 -16.0153 7.5026
41.3213 -13.2233 9.1686
42.9773 -13.7463 12.5146
46.4483 -13.3753 10.8746
45.6263 -9.82833 9.8756
46.2483 -8.39133 13.3006

48.8243 -6.67133 15.3736

48.5723 -9.73433 17.5046
49.8743 -11.9233 14.8466
52.5713 -9.47733 13.7236
53.9133 -8.99033 17.2436
53.9063 -12.6013 18.4526

53.8143 -14.6903 15.3116

54.8943 -18.0373 16.6226
52.4533 -18.0163 19.4166
49.6383 -16.5783 17.2286
50.3683 -19.3323 14.7036
49.9633 -22.0933 17.2666
46.6123 -20.7003 18.3176
45.4323 -20.1133 14.7596
46.3453 -23.6933 13.7666
44.3873 -24.9393 16.6946
41.3563 -23.1223 15.4966
41.9243 -24.2233 11.9876
42.3973 -27.8973 12.6756

40.6633 -28.4243 15.8756
43.5253 -30.6973 17.0576
46.5363 -30.0573 19.3466
49.0353 -30.7613 16.5706

50.6883 -27.3103 16.9686
51.6433 -28.1763 20.5176
52.6533 -31.8653 20.3466

56.4393 -31.7383 20.2996
56.7183 -28.5293 22.4636

End chain 1
