0 0 0
0 0 3.76841
-1.12466 -3.45349 4.56812

-4.25036 -2.02039 6.1865
-2.16938 0.0158364 8.62908
-0.0499161 1.41893 5.80383
-3.14948 2.42235 3.84712
-4.61048 4.18733 6.87915
-1.37898 6.10727 7.43957
-1.29391 7.21585 3.80547
-4.89029 8.43019 3.99083

-2.04229 6.52319 5.57483
-1.19529 6.63219 9.26583
0.860714 9.49019 10.9548
1.35671 9.81619 14.6888
2.64271 13.3862 14.5428
0.953714 16.4982 13.2958
1.74071 16.9292 9.63783
0.738714 19.0512 6.67583
-1.54729 17.2122 4.35683
-1.37729 17.8422 0.699827
-3.39529 21.2322 0.840827
-0.986286 22.4632 3.56083
-3.46029 21.9002 6.41683
-2.64729 20.3942 9.71883
-3.62529 16.8152 10.0578
-2.79929 13.7622 12.0808

-3.62529 10.0592 12.4158
-5.61129 8.62019 9.49483
-6.54829 11.6862 7.51583

-7.94329 13.5412 10.5438
-7.98629 17.1782 9.63783
-7.12429 19.3482 12.5698
-7.38129 22.9042 11.2968
-7.22629 24.8862 8.09183
-5.40729 27.5522 10.0608
-1.72229 28.1642 9.43383
-0.968286 28.0512 13.1568
0.731714 25.0962 14.7088

-0.541286 26.2872 17.9538
-4.00429 26.3122 16.6488
-3.50529 22.7022 15.4698
-1.98829 21.5592 18.7398
-4.93429 23.1142 20.6218
-7.37229 21.4022 18.3458
-5.49029 18.2122 18.7848
-5.63129 18.2702 22.6128
-9.32129 19.1732 22.5258
-10.0163 16.2392 20.2128
-7.97029 13.7452 22.3208

-8.76029 14.9842 25.7278
-5.20929 15.5032 26.8678
-1.98329 17.4402 26.5888
-0.517286 15.7272 23.5118
2.32971 17.8552 22.4308
1.35971 17.1212 18.8338
1.86271 13.3762 19.2228
-0.699286 10.6122 19.5988
-0.782286 6.94119 19.9368
-1.99329 4.38519 17.4518

-5.03329 3.64619 19.5528
-5.87329 7.35219 19.6808
-5.43429 7.58019 15.8408
-7.94129 4.82319 15.3858
-10.4563 6.17219 17.7548
-10.4723 9.40719 15.7658
-10.7353 7.33719 12.5828
-13.7683 5.48919 13.8748
-15.4623 8.69819 14.7868
-14.6633 10.2002 11.4208
-15.9733 7.25819 9.44583
-19.1013 7.29819 11.4478
-19.5463 10.9552 10.9908
-19.0863 10.6282 7.18983
-21.7413 7.98819 6.90283
-24.1693 9.95319 9.07083
-23.5043 13.1542 7.01083
-24.3623 11.2952 3.82383
-27.5713 9.92519 5.43983
-28.7683 13.3402 6.44583

-27.8053 15.0432 3.22583
-30.8463 15.3832 0.989827

-28.6783 15.2532 -2.08117
-26.4073 12.3632 -1.00117
-28.7963 10.0332 0.629827
-30.7173 9.05819 -2.42317
-27.5033 8.33519 -4.30717
-26.1363 6.32619 -1.46617
-29.3133 4.41719 -1.17017
-29.2413 3.42719 -4.81917

-25.7523 2.04519 -4.83917
-24.3503 -1.44981 -4.16417
-22.0663 -2.05781 -1.19917

-18.8093 -1.43881 -2.95417
-19.7773 1.77019 -4.52617
-21.2713 3.09319 -1.30717
-17.7893 2.70319 0.113827
-16.4073 4.94119 -2.74317
-18.9733 7.61719 -1.89217
-18.0173 7.38819 1.78083
-14.3223 7.88019 0.807827
-15.0343 11.1272 -1.10517
-17.1343 12.4202 1.73383
-14.4233 11.6162 4.17383
-11.9673 13.4882 2.11283
-13.8703 16.5182 1.06683

-16.8283 16.7752 3.23283
-20.5293 16.4702 2.54683

-20.7173 19.8912 1.05783
-17.9183 19.3252 -1.43917
-19.3733 16.0702 -2.65917
-22.9423 17.2592 -2.87017
-21.6633 19.8032 -5.34417
-20.7373 17.0882 -7.91017

-24.2693 17.4462 -9.17717

-23.7973 15.9252 -12.5642
-21.7073 12.9872 -11.4432
-24.2163 12.1682 -8.65417
-27.0063 11.9972 -11.1522
-25.0243 9.70119 -13.4202
-24.2033 7.45719 -10.5232
-27.8063 7.38219 -9.54117
-28.5903 6.48419 -13.0292

-25.9653 3.74419 -13.0542
-24.0343 5.31119 -15.9402
-20.7223 4.09419 -14.6452

-18.4593 5.06719 -17.5272
-19.9363 8.44219 -17.9322
-19.7583 9.33419 -14.2762
-16.1143 8.16719 -14.1852
-15.3153 10.5832 -16.9712
-17.2963 13.3752 -15.3052
-15.6403 12.8522 -11.9592
-12.1693 13.2232 -13.5992
-12.9913 16.7702 -14.5982
-12.3693 18.2072 -11.1732

-9.79329 19.9272 -9.10017

-10.0453 16.8642 -6.96917
-8.74329 14.6752 -9.62717
-6.04629 17.1212 -10.7502
-4.70429 17.6082 -7.23017
-4.71129 13.9972 -6.02117

-4.80329 11.9082 -9.16217

-3.72329 8.56119 -7.85117
-6.16429 8.58219 -5.05717
-8.97929 10.0202 -7.24517
-8.24929 7.26619 -9.77017
-8.65429 4.50519 -7.20717
-12.0053 5.89819 -6.15617
-13.1853 6.48519 -9.71417
-12.2723 2.90519 -10.7072
-14.2303 1.65919 -7.77917
-17.2613 3.47619 -8.97717
-16.6933 2.37519 -12.4862
-16.2203 -1.29881 -11.7982

-17.9543 -1.82581 -8.59817
-15.0923 -4.09881 -7.41617
-12.0813 -3.45881 -5.12717
-9.58229 -4.16281 -7.90317

-7.92929 -0.711807 -7.50517
-6.97429 -1.57781 -3.95617
-5.96429 -5.26681 -4.12717

-2.17829 -5.13981 -4.17417
-1.89929 -1.93081 -2.01017

End chain 1
