0 0 0
0 0 3.89376
2.47632 2.33465 5.67677

3.46215 -0.294249 8.23801
0.188988 0.166063 10.1135
-1.81421 -0.215188 6.90651
0.0334932 -3.41523 6.01846
-0.626199 -4.86792 9.46771
-4.33108 -4.06332 9.2043
-4.55003 -5.7314 5.7966
-2.84395 -8.86223 7.11194

0.0040483 -10.7692 8.69594
0.851048 -10.6602 12.3869
2.90705 -7.80223 14.0759
3.40305 -7.47623 17.8099
4.68905 -3.90623 17.6639
3.00005 -0.794232 16.4169
3.78705 -0.363232 12.7589
2.78505 1.75877 9.79694
0.499048 -0.0802318 7.47794
0.669048 0.549768 3.82094
-1.34895 3.93977 3.96194
1.06005 5.17077 6.68194
-1.41395 4.60777 9.53794
-0.600952 3.10177 12.8399
-1.57895 -0.477232 13.1789
-0.752952 -3.53023 15.2019

-1.57895 -7.23323 15.5369
-3.56495 -8.67223 12.6159
-4.50195 -5.60623 10.6369

-5.89695 -3.75123 13.6649
-5.93995 -0.114232 12.7589
-5.07795 2.05577 15.6909
-5.33495 5.61177 14.4179
-5.17995 7.59377 11.2129
-3.36095 10.2598 13.1819
0.324048 10.8718 12.5549
1.07805 10.7588 16.2779
2.77805 7.80377 17.8299

1.50505 8.99477 21.0749
-1.95795 9.01977 19.7699
-1.45895 5.40977 18.5909
0.0580483 4.26677 21.8609
-2.88795 5.82177 23.7429
-5.32595 4.10977 21.4669
-3.44395 0.919768 21.9059
-3.58495 0.977768 25.7339
-7.27495 1.88077 25.6469
-7.96995 -1.05323 23.3339
-5.92395 -3.54723 25.4419

-6.71395 -2.30823 28.8489
-3.16295 -1.78923 29.9889
0.0630483 0.147768 29.7099
1.52905 -1.56523 26.6329
4.37605 0.562768 25.5519
3.40605 -0.171232 21.9549
3.90905 -3.91623 22.3439
1.34705 -6.68023 22.7199
1.26405 -10.3512 23.0579
0.0530483 -12.9072 20.5729

-2.98695 -13.6462 22.6739
-3.82695 -9.94023 22.8019
-3.38795 -9.71223 18.9619
-5.89495 -12.4692 18.5069
-8.40995 -11.1202 20.8759
-8.42595 -7.88523 18.8869
-8.68895 -9.95523 15.7039
-11.722 -11.8032 16.9959
-13.416 -8.59423 17.9079
-12.617 -7.09223 14.5419
-13.927 -10.0342 12.5669
-17.055 -9.99423 14.5689
-17.5 -6.33723 14.1119
-17.04 -6.66423 10.3109
-19.695 -9.30423 10.0239
-22.123 -7.33923 12.1919
-21.458 -4.13823 10.1319
-22.316 -5.99723 6.94494
-25.525 -7.36723 8.56094
-26.722 -3.95223 9.56694

-25.759 -2.24923 6.34694
-28.8 -1.90923 4.11094

-26.632 -2.03923 1.03994
-24.361 -4.92923 2.11994
-26.75 -7.25923 3.75094
-28.671 -8.23423 0.697937
-25.457 -8.95723 -1.18606
-24.09 -10.9662 1.65494
-27.267 -12.8752 1.95094
-27.195 -13.8652 -1.69806

-23.706 -15.2472 -1.71806
-22.304 -18.7422 -1.04306
-20.02 -19.3502 1.92194

-16.763 -18.7312 0.166937
-17.731 -15.5222 -1.40506
-19.225 -14.1992 1.81394
-15.743 -14.5892 3.23494
-14.361 -12.3512 0.377937
-16.927 -9.67523 1.22894
-15.971 -9.90423 4.90194
-12.276 -9.41223 3.92894
-12.988 -6.16523 2.01594
-15.088 -4.87223 4.85494
-12.377 -5.67623 7.29494
-9.92095 -3.80423 5.23394
-11.824 -0.774232 4.18794

-14.782 -0.517232 6.35394
-18.483 -0.822232 5.66794

-18.671 2.59877 4.17894
-15.872 2.03277 1.68194
-17.327 -1.22223 0.461937
-20.896 -0.0332318 0.250937
-19.617 2.51077 -2.22306
-18.691 -0.204232 -4.78906

-22.223 0.153768 -6.05606

-21.751 -1.36723 -9.44306
-19.661 -4.30523 -8.32206
-22.17 -5.12423 -5.53306
-24.96 -5.29523 -8.03106
-22.978 -7.59123 -10.2991
-22.157 -9.83523 -7.40206
-25.76 -9.91023 -6.42006
-26.544 -10.8082 -9.90806

-23.919 -13.5482 -9.93306
-21.988 -11.9812 -12.8191
-18.676 -13.1982 -11.5241

-16.413 -12.2252 -14.4061
-17.89 -8.85023 -14.8111
-17.712 -7.95823 -11.1551
-14.068 -9.12523 -11.0641
-13.269 -6.70923 -13.8501
-15.25 -3.91723 -12.1841
-13.594 -4.44023 -8.83806
-10.123 -4.06923 -10.4781
-10.945 -0.522232 -11.4771
-10.323 0.914768 -8.05206

-7.74695 2.63477 -5.97906

-7.99895 -0.428232 -3.84806
-6.69695 -2.61723 -6.50606
-3.99995 -0.171232 -7.62906
-2.65795 0.315768 -4.10906
-2.66495 -3.29523 -2.90006

-2.75695 -5.38423 -6.04106

-1.67695 -8.73123 -4.73006
-4.11795 -8.71023 -1.93606
-6.93295 -7.27223 -4.12406
-6.20295 -10.0262 -6.64906
-6.60795 -12.7872 -4.08606
-9.95895 -11.3942 -3.03506
-11.139 -10.8072 -6.59306
-10.226 -14.3872 -7.58606
-12.184 -15.6332 -4.65806
-15.215 -13.8162 -5.85606
-14.647 -14.9172 -9.36506
-14.174 -18.5912 -8.67706

-15.908 -19.1182 -5.47706
-13.046 -21.3912 -4.29506
-10.035 -20.7512 -2.00606
-7.53595 -21.4552 -4.78206

-5.88295 -18.0042 -4.38406
-4.92795 -18.8702 -0.835063
-3.91795 -22.5592 -1.00606

-0.131952 -22.4322 -1.05306
0.147048 -19.2232 1.11094

End chain 1
