36.887 -23.463 8.956
34.76 -20.902 10.706
34.477 -17.198 11.189

36.964 -17.128 14.061
39.617 -19.041 12.22
38.916 -16.953 9.158
39.302 -13.605 10.789
42.19 -14.84 12.785
44.013 -15.477 9.498
43.018 -12.034 8.052
43.819 -9.866 11.138

46.667 -11.773 12.722
47.514 -11.664 16.413
49.57 -8.806 18.102
50.066 -8.48 21.836
51.352 -4.91 21.69
49.663 -1.798 20.443
50.45 -1.367 16.785
49.448 0.755 13.823
47.162 -1.084 11.504
47.332 -0.454 7.847
45.314 2.936 7.988
47.723 4.167 10.708
45.249 3.604 13.564
46.062 2.098 16.866
45.084 -1.481 17.205
45.91 -4.534 19.228

45.084 -8.237 19.563
43.098 -9.676 16.642
42.161 -6.61 14.663

40.766 -4.755 17.691
40.723 -1.118 16.785
41.585 1.052 19.717
41.328 4.608 18.444
41.483 6.59 15.239
43.302 9.256 17.208
46.987 9.868 16.581
47.741 9.755 20.304
49.441 6.8 21.856

48.168 7.991 25.101
44.705 8.016 23.796
45.204 4.406 22.617
46.721 3.263 25.887
43.775 4.818 27.769
41.337 3.106 25.493
43.219 -0.084 25.932
43.078 -0.026 29.76
39.388 0.877 29.673
38.693 -2.057 27.36
40.739 -4.551 29.468

38.2026 -4.85451 32.3559
35.65 -5.24366 35.2781
32.4658 -6.2844 33.2948
34.9293 -9.1869 32.4537
37.0008 -10.1395 35.44
35.1185 -13.4465 36.0802
33.3362 -16.0363 34.0203
35.2597 -18.9318 35.6019
35.6042 -22.6041 34.3837
35.7373 -20.3661 31.3134

36.3914 -16.8065 30.154
38.8881 -16.247 32.9641
40.7354 -19.4515 32.0914
40.9488 -18.4463 28.4325
42.3367 -15.0299 29.3519
44.9809 -16.598 31.5861
46.0471 -18.9756 28.8197
46.364 -16.1086 26.3452
48.4997 -14.1174 28.7776
50.8003 -17.0893 29.3413
51.229 -17.5907 25.5986
52.0944 -13.9228 25.1085
54.6913 -14.0652 27.8795
56.2952 -17.1524 26.3501
56.4866 -15.4831 22.9414
58.1249 -12.3973 24.437
60.7108 -14.5234 26.236
61.5452 -16.3911 23.0331
61.995 -13.13 21.1342
64.3197 -11.7753 23.8181

65.2827 -10.0723 20.5981
62.2417 -9.73229 18.3621

64.4097 -9.86229 15.2911
66.6807 -12.7523 16.3711
64.2917 -15.0823 18.0021
62.3707 -16.0573 14.9491
65.5847 -16.7803 13.0651
66.9517 -18.7893 15.9061
63.7747 -20.6983 16.2021
63.8467 -21.6883 12.5531

67.3357 -23.0703 12.5331
68.7377 -26.5653 13.2081
71.0217 -27.1733 16.1731

74.2787 -26.5543 14.4181
73.3107 -23.3453 12.8461
71.8167 -22.0223 16.0651
75.2987 -22.4123 17.4861
76.6807 -20.1743 14.6291
74.1147 -17.4983 15.4801
75.0707 -17.7273 19.1531
78.7657 -17.2353 18.1801
78.0537 -13.9883 16.2671
75.9537 -12.6953 19.1061
78.6647 -13.4993 21.5461
81.1207 -11.6273 19.4851
79.2177 -8.59729 18.4391

76.2597 -8.34029 20.6051
72.5587 -8.64529 19.9191

72.3707 -5.22429 18.4301
75.1697 -5.79029 15.9331
73.7147 -9.04529 14.7131
70.1457 -7.85629 14.5021
71.4247 -5.31229 12.0281
72.3507 -8.02729 9.46205

68.8187 -7.66929 8.19505

69.2907 -9.19029 4.80805
71.3807 -12.1283 5.92905
68.8717 -12.9473 8.71805
66.0817 -13.1183 6.22005
68.0637 -15.4143 3.95205
68.8847 -17.6583 6.84905
65.2817 -17.7333 7.83105
64.4977 -18.6313 4.34305

67.1227 -21.3713 4.31805
69.0537 -19.8043 1.43205
72.3657 -21.0213 2.72705

74.6287 -20.0483 -0.15495
73.1517 -16.6733 -0.55995
73.3297 -15.7813 3.09605
76.9737 -16.9483 3.18705
77.7727 -14.5323 0.40105
75.7917 -11.7403 2.06705
77.4477 -12.2633 5.41305
80.9187 -11.8923 3.77305
80.0967 -8.34529 2.77405
80.7187 -6.90829 6.19905

83.2947 -5.18829 8.27205

83.0427 -8.25129 10.4031
84.3447 -10.4403 7.74505
87.0417 -7.99429 6.62205
88.3837 -7.50729 10.1421
88.3767 -11.1183 11.3511

88.2847 -13.2073 8.21005

89.3647 -16.5543 9.52105
86.9237 -16.5333 12.3151
84.1087 -15.0953 10.1271
84.8387 -17.8493 7.60205
84.4337 -20.6103 10.1651
81.0827 -19.2173 11.2161
79.9027 -18.6303 7.65805
80.8157 -22.2103 6.66505
78.8577 -23.4563 9.59305
75.8267 -21.6393 8.39505
76.3947 -22.7403 4.88605
76.8677 -26.4143 5.57405

75.1337 -26.9413 8.77405
77.9957 -29.2143 9.95605
81.0067 -28.5743 12.2451
83.5057 -29.2783 9.46905

85.1587 -25.8273 9.86705
86.1137 -26.6933 13.4161
87.1237 -30.3823 13.2451

90.9097 -30.2553 13.1981
91.1887 -27.0463 15.3621

End chain 1
