0 0 0
0 0 3.85398
3.08085 -0.721519 6.05013

4.31678 1.34077 3.10695
7.27956 2.61337 5.11823
8.21619 -0.920351 6.1567
8.07704 -2.11994 2.5533
10.3097 0.736751 1.41432
12.856 -0.0441159 4.1253
12.9297 -3.71239 3.13473
13.4843 -2.81528 -0.516365

16.3323 -4.72228 1.06763
17.1793 -4.61328 4.75863
19.2353 -1.75528 6.44763
19.7313 -1.42928 10.1816
21.0173 2.14072 10.0356
19.3283 5.25272 8.78863
20.1153 5.68372 5.13063
19.1133 7.80572 2.16863
16.8273 5.96672 -0.150365
16.9973 6.59672 -3.80737
14.9793 9.98672 -3.66637
17.3883 11.2177 -0.946365
14.9143 10.6547 1.90963
15.7273 9.14872 5.21163
14.7493 5.56972 5.55063
15.5753 2.51672 7.57363

14.7493 -1.18628 7.90863
12.7633 -2.62528 4.98763
11.8263 0.440724 3.00863

10.4313 2.29572 6.03663
10.3883 5.93272 5.13063
11.2503 8.10272 8.06263
10.9933 11.6587 6.78963
11.1483 13.6407 3.58463
12.9673 16.3067 5.55363
16.6523 16.9187 4.92663
17.4063 16.8057 8.64963
19.1063 13.8507 10.2016

17.8333 15.0417 13.4466
14.3703 15.0667 12.1416
14.8693 11.4567 10.9626
16.3863 10.3137 14.2326
13.4403 11.8687 16.1146
11.0023 10.1567 13.8386
12.8843 6.96672 14.2776
12.7433 7.02472 18.1056
9.05334 7.92772 18.0186
8.35834 4.99372 15.7056
10.4043 2.49972 17.8136

9.61434 3.73872 21.2206
13.1653 4.25772 22.3606
16.3913 6.19472 22.0816
17.8573 4.48172 19.0046
20.7043 6.60972 17.9236
19.7343 5.87572 14.3266
20.2373 2.13072 14.7156
17.6753 -0.633276 15.0916
17.5923 -4.30428 15.4296
16.3813 -6.86028 12.9446

13.3413 -7.59928 15.0456
12.5013 -3.89328 15.1736
12.9403 -3.66528 11.3336
10.4333 -6.42228 10.8786
7.91834 -5.07328 13.2476
7.90234 -1.83828 11.2586
7.63934 -3.90828 8.07563
4.60634 -5.75628 9.36763
2.91234 -2.54728 10.2796
3.71134 -1.04528 6.91363
2.40134 -3.98728 4.93863
-0.726663 -3.94728 6.94063
-1.17166 -0.290276 6.48363
-0.711663 -0.617276 2.68263
-3.36666 -3.25728 2.39563
-5.79466 -1.29228 4.56363
-5.12966 1.90872 2.50363
-5.98766 0.049724 -0.683365
-9.19666 -1.32028 0.932635
-10.3937 2.09472 1.93863

-9.43066 3.79772 -1.28137
-12.4717 4.13772 -3.51737

-10.3037 4.00772 -6.58837
-8.03266 1.11772 -5.50837
-10.4217 -1.21228 -3.87737
-12.3427 -2.18728 -6.93037
-9.12866 -2.91028 -8.81437
-7.76166 -4.91928 -5.97337
-10.9387 -6.82828 -5.67737
-10.8667 -7.81828 -9.32637

-7.37766 -9.20028 -9.34637
-5.97566 -12.6953 -8.67137
-3.69166 -13.3033 -5.70637

-0.434663 -12.6843 -7.46137
-1.40266 -9.47528 -9.03337
-2.89666 -8.15228 -5.81437
0.585337 -8.54228 -4.39337
1.96734 -6.30428 -7.25037
-0.598663 -3.62828 -6.39937
0.357337 -3.85728 -2.72637
4.05234 -3.36528 -3.69937
3.34034 -0.118276 -5.61237
1.24034 1.17472 -2.77337
3.95134 0.370724 -0.333365
6.40734 2.24272 -2.39437
4.50434 5.27272 -3.44037

1.54634 5.52972 -1.27437
-2.15466 5.22472 -1.96037

-2.34266 8.64572 -3.44937
0.456337 8.07972 -5.94637
-0.998663 4.82472 -7.16637
-4.56766 6.01372 -7.37737
-3.28866 8.55772 -9.85137
-2.36266 5.84272 -12.4174

-5.89466 6.20072 -13.6844

-5.42266 4.67972 -17.0714
-3.33266 1.74172 -15.9504
-5.84166 0.922724 -13.1614
-8.63166 0.751724 -15.6594
-6.64966 -1.54428 -17.9274
-5.82866 -3.78828 -15.0304
-9.43166 -3.86328 -14.0484
-10.2157 -4.76128 -17.5364

-7.59066 -7.50128 -17.5614
-5.65966 -5.93428 -20.4474
-2.34766 -7.15128 -19.1524

-0.0846631 -6.17828 -22.0344
-1.56166 -2.80328 -22.4394
-1.38366 -1.91128 -18.7834
2.26034 -3.07828 -18.6924
3.05934 -0.662276 -21.4784
1.07834 2.12972 -19.8124
2.73434 1.60672 -16.4664
6.20534 1.97772 -18.1064
5.38334 5.52472 -19.1054
6.00534 6.96172 -15.6804

8.58134 8.68172 -13.6074

8.32934 5.61872 -11.4764
9.63134 3.42972 -14.1344
12.3283 5.87572 -15.2574
13.6703 6.36272 -11.7374
13.6633 2.75172 -10.5284

13.5713 0.662724 -13.6694

14.6513 -2.68428 -12.3584
12.2103 -2.66328 -9.56437
9.39534 -1.22528 -11.7524
10.1253 -3.97928 -14.2774
9.72034 -6.74028 -11.7144
6.36934 -5.34728 -10.6634
5.18934 -4.76028 -14.2214
6.10234 -8.34028 -15.2144
4.14434 -9.58628 -12.2864
1.11334 -7.76928 -13.4844
1.68134 -8.87028 -16.9934
2.15434 -12.5443 -16.3054

0.420337 -13.0713 -13.1054
3.28234 -15.3443 -11.9234
6.29334 -14.7043 -9.63437
8.79234 -15.4083 -12.4104

10.4453 -11.9573 -12.0124
11.4003 -12.8233 -8.46337
12.4103 -16.5123 -8.63437

16.1963 -16.3853 -8.68137
16.4753 -13.1763 -6.51737

End chain 1
