36.887 -23.463 8.956
34.76 -20.902 10.706
34.477 -17.198 11.189

36.964 -17.128 14.061
39.617 -19.041 12.22
38.916 -16.953 9.158
39.302 -13.605 10.789
42.19 -14.84 12.785
44.013 -15.477 9.498
43.018 -12.034 8.052
43.819 -9.866 11.138

46.667 -11.773 12.722
47.514 -11.664 16.413
49.57 -8.806 18.102
50.066 -8.48 21.836
51.352 -4.91 21.69
49.663 -1.798 20.443
50.45 -1.367 16.785
49.448 0.755 13.823
47.162 -1.084 11.504
47.332 -0.454 7.847
45.314 2.936 7.988
47.723 4.167 10.708
45.249 3.604 13.564
46.062 2.098 16.866
45.084 -1.481 17.205
45.91 -4.534 19.228

45.084 -8.237 19.563
43.098 -9.676 16.642
42.161 -6.61 14.663

40.766 -4.755 17.691
40.723 -1.118 16.785
41.585 1.052 19.717
41.328 4.608 18.444
41.483 6.59 15.239
43.302 9.256 17.208
46.987 9.868 16.581
47.741 9.755 20.304
49.441 6.8 21.856

48.168 7.991 25.101
44.705 8.016 23.796
45.204 4.406 22.617
46.721 3.263 25.887
43.775 4.818 27.769
41.337 3.106 25.493
43.219 -0.084 25.932
43.078 -0.026 29.76
39.388 0.877 29.673
38.693 -2.057 27.36
40.739 -4.551 29.468

39.949 -3.312 32.875
43.5 -2.793 34.015
46.726 -0.856 33.736
48.192 -2.569 30.659
51.039 -0.441 29.578
50.069 -1.175 25.981
50.572 -4.92 26.37
48.01 -7.684 26.746
47.927 -11.355 27.084
46.716 -13.911 24.599

43.676 -14.65 26.7
42.836 -10.944 26.828
43.275 -10.716 22.988
40.768 -13.473 22.533
38.253 -12.124 24.902
38.237 -8.889 22.913
37.974 -10.959 19.73
34.941 -12.807 21.022
33.247 -9.598 21.934
34.046 -8.096 18.568
32.736 -11.038 16.593
29.608 -10.998 18.595
29.163 -7.341 18.138
29.623 -7.668 14.337
26.968 -10.308 14.05
24.54 -8.343 16.218
25.205 -5.142 14.158
24.347 -7.001 10.971
21.138 -8.371 12.587
19.941 -4.956 13.593

20.904 -3.253 10.373
17.863 -2.913 8.137

20.031 -3.043 5.066
22.302 -5.933 6.146
19.913 -8.263 7.777
17.992 -9.238 4.724
21.206 -9.961 2.84
22.573 -11.97 5.681
19.396 -13.879 5.977
19.468 -14.869 2.328

23.0949 -15.6972 2.73407
24.7736 -12.8392 4.70878
26.2055 -15.0129 7.44597

23.5428 -15.0404 10.1575
25.1567 -12.0781 11.9075
25.2813 -10.1048 8.66197
21.6079 -10.8035 7.98311
20.6442 -9.65455 11.4751
22.6078 -6.42733 11.0602
20.9211 -5.71563 7.72979
17.4801 -6.27384 9.24319
18.2531 -3.90847 12.1155
19.4263 -1.21263 9.70744
16.2568 -1.54657 7.63719
14.0826 -1.2374 10.7388
15.9313 1.89489 11.8407

12.9733 2.15189 14.0067
9.27228 1.84689 13.3207

9.08428 5.26789 11.8317
11.8833 4.70189 9.33469
10.4283 1.44689 8.11469
6.85928 2.63589 7.90369
8.13828 5.17989 5.42969
9.06428 2.46489 2.86369

5.53228 2.82289 1.59669

6.00428 1.30189 -1.79031
8.09428 -1.63611 -0.669306
5.58528 -2.45511 2.11969
2.79528 -2.62611 -0.378306
4.77728 -4.92211 -2.64631
5.59828 -7.16611 0.250694
1.99528 -7.24111 1.23269
1.21128 -8.13911 -2.25531

3.83628 -10.8791 -2.28031
5.76728 -9.31211 -5.16631
9.07928 -10.5291 -3.87131

11.3423 -9.55611 -6.75331
9.86528 -6.18111 -7.15831
10.0433 -5.28911 -3.50231
13.6873 -6.45611 -3.41131
14.4863 -4.04011 -6.19731
12.5053 -1.24811 -4.53131
14.1613 -1.77111 -1.18531
17.6323 -1.40011 -2.82531
16.8103 2.14689 -3.82431
17.4323 3.58389 -0.399306

20.0083 5.30389 1.67369

19.7563 2.24089 3.80469
21.0583 0.0518945 1.14669
23.7553 2.49789 0.0236941
25.0973 2.98489 3.54369
25.0903 -0.626105 4.75269

24.9983 -2.71511 1.61169

26.0783 -6.06211 2.92269
23.6373 -6.04111 5.71669
20.8223 -4.60311 3.52869
21.5523 -7.35711 1.00369
21.1473 -10.1181 3.56669
17.7963 -8.72511 4.61769
16.6163 -8.13811 1.05969
17.5293 -11.7181 0.0666941
15.5713 -12.9641 2.99469
12.5403 -11.1471 1.79669
13.1083 -12.2481 -1.71231
13.5813 -15.9221 -1.02431

11.8473 -16.4491 2.17569
14.7093 -18.7221 3.35769
17.7203 -18.0821 5.64669
20.2193 -18.7861 2.87069

21.8723 -15.3351 3.26869
22.8273 -16.2011 6.81769
23.8373 -19.8901 6.64669

27.6233 -19.7631 6.59969
27.9023 -16.5541 8.76369

End chain 1
