36.887 -23.463 8.956
34.76 -20.902 10.706
34.477 -17.198 11.189

36.964 -17.128 14.061
39.617 -19.041 12.22
38.916 -16.953 9.158
39.302 -13.605 10.789
42.19 -14.84 12.785
44.013 -15.477 9.498
43.018 -12.034 8.052
43.819 -9.866 11.138

46.667 -11.773 12.722
47.514 -11.664 16.413
49.57 -8.806 18.102
50.066 -8.48 21.836
51.352 -4.91 21.69
49.663 -1.798 20.443
50.45 -1.367 16.785
49.448 0.755 13.823
47.162 -1.084 11.504
47.332 -0.454 7.847
45.314 2.936 7.988
47.723 4.167 10.708
45.249 3.604 13.564
46.062 2.098 16.866
45.084 -1.481 17.205
45.91 -4.534 19.228

45.084 -8.237 19.563
43.098 -9.676 16.642
42.161 -6.61 14.663

43.1782 -3.23771 16.1843
40.3985 -3.14517 18.8124
37.3584 -1.06701 19.2335
34.6339 0.45784 21.4941
31.7208 0.0133513 18.9932
31.6947 -0.656094 15.1998
33.284 -3.58403 16.9557
31.8681 -5.50348 19.9089
33.1941 -4.3598 23.1742

35.5289 -6.12376 25.5991
32.5907 -7.49993 27.5781
30.95 -8.81543 24.4127
34.1652 -10.5382 23.3462
34.5226 -12.1908 26.7498
30.9424 -13.4586 26.6179
31.4853 -14.9203 23.1521
34.6409 -16.7044 24.293
32.8339 -18.1911 27.2876
30.0087 -19.4509 25.0798
32.4734 -21.0811 22.6901

31.6834 -19.8421 26.0971
35.2344 -19.3231 27.2371
38.4604 -17.3861 26.9581
39.9264 -19.0991 23.8811
42.7734 -16.9711 22.8001
41.8034 -17.7051 19.2031
42.3064 -21.4501 19.5921
39.7444 -24.2141 19.9681
39.6614 -27.8851 20.3061
38.4504 -30.4411 17.8211

35.4104 -31.1801 19.9221
34.5704 -27.4741 20.0501
35.0094 -27.2461 16.2101
32.5024 -30.0031 15.7551
29.9874 -28.6541 18.1241
29.9714 -25.4191 16.1351
29.7084 -27.4891 12.9521
26.6754 -29.3371 14.2441
24.9814 -26.1281 15.1561
25.7804 -24.6261 11.7901
24.4704 -27.5681 9.81505
21.3424 -27.5281 11.8171
20.8974 -23.8711 11.3601
21.3574 -24.1981 7.55905
18.7024 -26.8381 7.27205
16.2744 -24.8731 9.44005
16.9394 -21.6721 7.38005
16.0814 -23.5311 4.19305
12.8724 -24.9011 5.80905
11.6754 -21.4861 6.81505

12.6384 -19.7831 3.59505
9.59744 -19.4431 1.35905

11.7654 -19.5731 -1.71195
14.0364 -22.4631 -0.631945
11.6474 -24.7931 0.999055
9.72644 -25.7681 -2.05395
12.9404 -26.4911 -3.93795
14.3074 -28.5001 -1.09695
11.1304 -30.4091 -0.800945
11.2024 -31.3991 -4.44995

14.6914 -32.7811 -4.46995
16.0934 -36.2761 -3.79495
18.3774 -36.8841 -0.829945

21.6344 -36.2651 -2.58495
20.6664 -33.0561 -4.15695
19.1724 -31.7331 -0.937945
22.6544 -32.1231 0.483055
24.0364 -29.8851 -2.37395
21.4704 -27.2091 -1.52295
22.4264 -27.4381 2.15005
26.1214 -26.9461 1.17705
25.4094 -23.6991 -0.735945
23.3094 -22.4061 2.10305
26.0204 -23.2101 4.54305
28.4764 -21.3381 2.48205
26.5734 -18.3081 1.43605

23.6154 -18.0511 3.60205
19.9144 -18.3561 2.91605

19.7264 -14.9351 1.42705
22.5254 -15.5011 -1.06995
21.0704 -18.7561 -2.28995
17.5014 -17.5671 -2.50095
18.7804 -15.0231 -4.97495
19.7064 -17.7381 -7.54095

16.1744 -17.3801 -8.80795

16.6464 -18.9011 -12.1949
18.7364 -21.8391 -11.0739
16.2274 -22.6581 -8.28495
13.4374 -22.8291 -10.7829
15.4194 -25.1251 -13.0509
16.2404 -27.3691 -10.1539
12.6374 -27.4441 -9.17195
11.8534 -28.3421 -12.6599

14.4784 -31.0821 -12.6849
16.4094 -29.5151 -15.5709
19.7214 -30.7321 -14.2759

21.9844 -29.7591 -17.1579
20.5074 -26.3841 -17.5629
20.6854 -25.4921 -13.9069
24.3294 -26.6591 -13.8159
25.1284 -24.2431 -16.6019
23.1474 -21.4511 -14.9359
24.8034 -21.9741 -11.5899
28.2744 -21.6031 -13.2299
27.4524 -18.0561 -14.2289
28.0744 -16.6191 -10.8039

30.6504 -14.8991 -8.73095

30.3984 -17.9621 -6.59995
31.7004 -20.1511 -9.25795
34.3974 -17.7051 -10.3809
35.7394 -17.2181 -6.86095
35.7324 -20.8291 -5.65195

35.6404 -22.9181 -8.79295

36.7204 -26.2651 -7.48195
34.2794 -26.2441 -4.68795
31.4644 -24.8061 -6.87595
32.1944 -27.5601 -9.40095
31.7894 -30.3211 -6.83795
28.4384 -28.9281 -5.78695
27.2584 -28.3411 -9.34495
28.1714 -31.9211 -10.3379
26.2134 -33.1671 -7.40995
23.1824 -31.3501 -8.60795
23.7504 -32.4511 -12.1169
24.2234 -36.1251 -11.4289

22.4894 -36.6521 -8.22895
25.3514 -38.9251 -7.04695
28.3624 -38.2851 -4.75795
30.8614 -38.9891 -7.53395

32.5144 -35.5381 -7.13595
33.4694 -36.4041 -3.58695
34.4794 -40.0931 -3.75795

38.2654 -39.9661 -3.80495
38.5444 -36.7571 -1.64095

End chain 1
