36.887 -23.463 8.956
34.76 -20.902 10.706
34.477 -17.198 11.189

36.964 -17.128 14.061
39.617 -19.041 12.22
38.916 -16.953 9.158
39.302 -13.605 10.789
42.19 -14.84 12.785
44.013 -15.477 9.498
43.018 -12.034 8.052
43.819 -9.866 11.138

46.667 -11.773 12.722
47.514 -11.664 16.413
49.57 -8.806 18.102
50.066 -8.48 21.836
51.352 -4.91 21.69
49.663 -1.798 20.443
50.45 -1.367 16.785
49.448 0.755 13.823
47.162 -1.084 11.504
47.332 -0.454 7.847
45.314 2.936 7.988
47.723 4.167 10.708
45.249 3.604 13.564
46.062 2.098 16.866
45.084 -1.481 17.205
45.91 -4.534 19.228

45.084 -8.237 19.563
43.098 -9.676 16.642
42.161 -6.61 14.663

40.766 -4.755 17.691
40.723 -1.118 16.785
41.585 1.052 19.717
41.328 4.608 18.444
41.483 6.59 15.239
43.302 9.256 17.208
46.987 9.868 16.581
47.741 9.755 20.304
49.441 6.8 21.856

48.168 7.991 25.101
44.705 8.016 23.796
45.204 4.406 22.617
46.721 3.263 25.887
43.775 4.818 27.769
41.337 3.106 25.493
43.219 -0.084 25.932
43.078 -0.026 29.76
39.388 0.877 29.673
38.693 -2.057 27.36
40.739 -4.551 29.468

39.949 -3.312 32.875
43.5 -2.793 34.015
46.726 -0.856 33.736
48.192 -2.569 30.659
51.039 -0.441 29.578
50.069 -1.175 25.981
50.572 -4.92 26.37
48.01 -7.684 26.746
47.927 -11.355 27.084
46.716 -13.911 24.599

43.676 -14.65 26.7
42.836 -10.944 26.828
43.275 -10.716 22.988
40.768 -13.473 22.533
38.253 -12.124 24.902
38.237 -8.889 22.913
37.974 -10.959 19.73
34.941 -12.807 21.022
33.247 -9.598 21.934
34.046 -8.096 18.568
32.736 -11.038 16.593
29.608 -10.998 18.595
29.163 -7.341 18.138
29.623 -7.668 14.337
26.968 -10.308 14.05
24.54 -8.343 16.218
25.205 -5.142 14.158
24.347 -7.001 10.971
21.138 -8.371 12.587
19.941 -4.956 13.593

20.904 -3.253 10.373
17.863 -2.913 8.137

20.031 -3.043 5.066
22.302 -5.933 6.146
19.913 -8.263 7.777
17.992 -9.238 4.724
21.206 -9.961 2.84
22.573 -11.97 5.681
19.396 -13.879 5.977
19.468 -14.869 2.328

22.957 -16.251 2.308
24.359 -19.746 2.983
26.643 -20.354 5.948

29.9 -19.735 4.193
28.932 -16.526 2.621
27.438 -15.203 5.84
30.92 -15.593 7.261
32.302 -13.355 4.404
29.736 -10.679 5.255
30.692 -10.908 8.928
34.387 -10.416 7.955
33.675 -7.169 6.042
31.575 -5.876 8.881
34.286 -6.68 11.321
36.742 -4.808 9.26
34.839 -1.778 8.214

31.881 -1.521 10.38
28.18 -1.826 9.694

27.992 1.595 8.205
30.791 1.029 5.708
29.336 -2.226 4.488
25.767 -1.037 4.277
27.046 1.507 1.803
27.972 -1.208 -0.763

24.3635 -2.16695 -0.970909

21.4231 0.082498 -0.11249
23.4308 1.83627 2.59608
26.318 2.44085 0.199909
23.9745 3.9104 -2.40608
22.4323 6.25118 0.160098
25.8633 7.44705 1.27409
26.8949 8.13958 -2.31744
23.7243 10.1388 -2.94474

26.3493 7.39876 -2.96974
28.2803 8.96576 -5.85574
31.5923 7.74876 -4.56074

33.8553 8.72176 -7.44274
32.3783 12.0968 -7.84774
32.5563 12.9888 -4.19174
36.2003 11.8218 -4.10074
36.9993 14.2378 -6.88674
35.0183 17.0298 -5.22074
36.6743 16.5068 -1.87474
40.1453 16.8778 -3.51474
39.3233 20.4248 -4.51374
39.9453 21.8618 -1.08874

42.5213 23.5818 0.984263

42.2693 20.5188 3.11526
43.5713 18.3298 0.457263
46.2683 20.7758 -0.665737
47.6103 21.2628 2.85426
47.6033 17.6518 4.06326

47.5113 15.5628 0.922263

48.5913 12.2158 2.23326
46.1503 12.2368 5.02726
43.3353 13.6748 2.83926
44.0653 10.9208 0.314263
43.6603 8.15976 2.87726
40.3093 9.55276 3.92826
39.1293 10.1398 0.370263
40.0423 6.55976 -0.622737
38.0843 5.31376 2.30526
35.0533 7.13076 1.10726
35.6213 6.02976 -2.40174
36.0943 2.35576 -1.71374

34.3603 1.82876 1.48626
37.2223 -0.44424 2.66826
40.2333 0.19576 4.95726
42.7323 -0.50824 2.18126

44.3853 2.94276 2.57926
45.3403 2.07676 6.12826
46.3503 -1.61224 5.95726

50.1363 -1.48524 5.91026
50.4153 1.72376 8.07426

End chain 1
