36.887 -23.463 8.956
34.76 -20.902 10.706
34.477 -17.198 11.189

36.964 -17.128 14.061
39.617 -19.041 12.22
38.916 -16.953 9.158
39.302 -13.605 10.789
42.19 -14.84 12.785
44.013 -15.477 9.498
43.018 -12.034 8.052
43.819 -9.866 11.138

46.667 -11.773 12.722
47.514 -11.664 16.413
49.57 -8.806 18.102
50.066 -8.48 21.836
51.352 -4.91 21.69
49.663 -1.798 20.443
50.45 -1.367 16.785
49.448 0.755 13.823
47.162 -1.084 11.504
47.332 -0.454 7.847
45.314 2.936 7.988
47.723 4.167 10.708
45.249 3.604 13.564
46.062 2.098 16.866
45.084 -1.481 17.205
45.91 -4.534 19.228

45.084 -8.237 19.563
43.098 -9.676 16.642
42.161 -6.61 14.663

40.766 -4.755 17.691
40.723 -1.118 16.785
41.585 1.052 19.717
41.328 4.608 18.444
41.483 6.59 15.239
43.302 9.256 17.208
46.987 9.868 16.581
47.741 9.755 20.304
49.441 6.8 21.856

48.168 7.991 25.101
44.705 8.016 23.796
45.204 4.406 22.617
46.721 3.263 25.887
43.775 4.818 27.769
41.337 3.106 25.493
43.219 -0.084 25.932
43.078 -0.026 29.76
39.388 0.877 29.673
38.693 -2.057 27.36
40.739 -4.551 29.468

39.949 -3.312 32.875
43.5 -2.793 34.015
46.726 -0.856 33.736
48.192 -2.569 30.659
51.039 -0.441 29.578
50.069 -1.175 25.981
50.572 -4.92 26.37
48.01 -7.684 26.746
47.927 -11.355 27.084
46.716 -13.911 24.599

43.676 -14.65 26.7
42.836 -10.944 26.828
43.275 -10.716 22.988
40.768 -13.473 22.533
38.253 -12.124 24.902
38.237 -8.889 22.913
37.974 -10.959 19.73
34.941 -12.807 21.022
33.247 -9.598 21.934
34.046 -8.096 18.568
32.736 -11.038 16.593
29.608 -10.998 18.595
29.163 -7.341 18.138
29.623 -7.668 14.337
26.968 -10.308 14.05
24.54 -8.343 16.218
25.205 -5.142 14.158
24.347 -7.001 10.971
21.138 -8.371 12.587
19.941 -4.956 13.593

20.904 -3.253 10.373
17.863 -2.913 8.137

20.031 -3.043 5.066
22.302 -5.933 6.146
19.913 -8.263 7.777
17.992 -9.238 4.724
21.206 -9.961 2.84
22.573 -11.97 5.681
19.396 -13.879 5.977
19.468 -14.869 2.328

22.957 -16.251 2.308
24.359 -19.746 2.983
26.643 -20.354 5.948

29.9 -19.735 4.193
28.932 -16.526 2.621
27.438 -15.203 5.84
30.92 -15.593 7.261
32.302 -13.355 4.404
29.736 -10.679 5.255
30.692 -10.908 8.928
34.387 -10.416 7.955
33.675 -7.169 6.042
31.575 -5.876 8.881
34.286 -6.68 11.321
36.742 -4.808 9.26
34.839 -1.778 8.214

33.5163 -1.20499 11.8043
32.7549 0.0675187 15.3965

30.4167 1.92445 13.0455
30.1484 4.84461 15.4628
33.9297 5.05724 15.7774
34.3399 5.07666 11.9992
31.7836 7.8657 11.639
33.5518 9.95798 14.2732

30.0198 10.316 13.0062

30.4918 8.79498 9.61918
32.5818 5.85698 10.7402
30.0728 5.03798 13.5292
27.2828 4.86698 11.0312
29.2648 2.57098 8.76318
30.0858 0.326977 11.6602
26.4828 0.251977 12.6422
25.6988 -0.646023 9.15418

28.3238 -3.38602 9.12918
30.2548 -1.81902 6.24318
33.5668 -3.03602 7.53818

35.8298 -2.06302 4.65618
34.3528 1.31198 4.25118
34.5308 2.20398 7.90718
38.1748 1.03698 7.99818
38.9738 3.45298 5.21218
36.9928 6.24498 6.87818
38.6488 5.72198 10.2242
42.1198 6.09298 8.58418
41.2978 9.63998 7.58518
41.9198 11.077 11.0102

44.4958 12.797 13.0832

44.2438 9.73398 15.2142
45.5458 7.54498 12.5562
48.2428 9.99098 11.4332
49.5848 10.478 14.9532
49.5778 6.86698 16.1622

49.4858 4.77798 13.0212

50.5658 1.43098 14.3322
48.1248 1.45198 17.1262
45.3098 2.88998 14.9382
46.0398 0.135977 12.4132
45.6348 -2.62502 14.9762
42.2838 -1.23202 16.0272
41.1038 -0.645023 12.4692
42.0168 -4.22502 11.4762
40.0588 -5.47102 14.4042
37.0278 -3.65402 13.2062
37.5958 -4.75502 9.69718
38.0688 -8.42902 10.3852

36.3348 -8.95602 13.5852
39.1968 -11.229 14.7672
42.2078 -10.589 17.0562
44.7068 -11.293 14.2802

46.3598 -7.84202 14.6782
47.3148 -8.70802 18.2272
48.3248 -12.397 18.0562

52.1108 -12.27 18.0092
52.3898 -9.06102 20.1732

End chain 1
