36.887 -23.463 8.956
34.76 -20.902 10.706
34.477 -17.198 11.189

36.964 -17.128 14.061
39.617 -19.041 12.22
38.916 -16.953 9.158
39.302 -13.605 10.789
42.19 -14.84 12.785
44.013 -15.477 9.498
43.018 -12.034 8.052
43.819 -9.866 11.138

46.667 -11.773 12.722
47.514 -11.664 16.413
49.57 -8.806 18.102
50.066 -8.48 21.836
51.352 -4.91 21.69
49.663 -1.798 20.443
50.45 -1.367 16.785
49.448 0.755 13.823
47.162 -1.084 11.504
47.332 -0.454 7.847
45.314 2.936 7.988
47.723 4.167 10.708
45.249 3.604 13.564
46.062 2.098 16.866
45.084 -1.481 17.205
45.91 -4.534 19.228

45.084 -8.237 19.563
43.098 -9.676 16.642
42.161 -6.61 14.663

40.766 -4.755 17.691
40.723 -1.118 16.785
41.585 1.052 19.717
41.328 4.608 18.444
41.483 6.59 15.239
43.302 9.256 17.208
46.987 9.868 16.581
47.741 9.755 20.304
49.441 6.8 21.856

48.168 7.991 25.101
44.705 8.016 23.796
45.204 4.406 22.617
46.721 3.263 25.887
43.775 4.818 27.769
41.337 3.106 25.493
43.219 -0.084 25.932
43.078 -0.026 29.76
39.388 0.877 29.673
38.693 -2.057 27.36
40.739 -4.551 29.468

38.159 -3.70854 32.1099
38.3273 -2.79506 35.7788
39.9373 0.381422 37.0574
38.388 3.59936 38.3742
34.7004 2.8415 39.3013
35.4433 -0.567725 40.7787
37.1484 1.39151 43.6066
39.4129 -1.1116 45.4559
42.6165 -1.42908 47.3248
44.7341 -3.57723 45.1402

44.3058 -7.33909 45.4685
41.792 -6.90447 48.2854
39.7823 -4.41234 46.2376
39.696 -6.77784 43.2644
38.4876 -9.63992 45.4532
35.7163 -7.4848 46.9087
34.5694 -6.44531 43.4378
34.4634 -10.0645 42.2833
32.3985 -11.0711 45.3109
29.9222 -8.25851 44.6782
29.537 -9.28579 41.0396
28.8912 -12.8984 42.0272
26.2381 -11.8403 44.5341
24.4906 -9.69779 41.9266
24.4594 -12.5744 39.4432
22.9711 -14.9226 42.0343
20.2347 -12.4215 42.8708
19.3565 -12.0071 39.1966
19.1292 -15.7714 38.7265
16.8347 -16.1063 41.7374

17.7977 -14.4033 38.5174
14.7567 -14.0633 36.2814

16.9247 -14.1933 33.2104
19.1957 -17.0833 34.2904
16.8067 -19.4133 35.9214
14.8857 -20.3883 32.8684
18.0997 -21.1113 30.9844
19.4667 -23.1203 33.8254
16.2897 -25.0293 34.1214
16.3617 -26.0193 30.4724

19.8507 -27.4013 30.4524
21.2527 -30.8963 31.1274
23.5367 -31.5043 34.0924

26.7937 -30.8853 32.3374
25.8257 -27.6763 30.7654
24.3317 -26.3533 33.9844
27.8137 -26.7433 35.4054
29.1957 -24.5053 32.5484
26.6297 -21.8293 33.3994
27.5857 -22.0583 37.0724
31.2807 -21.5663 36.0994
30.5687 -18.3193 34.1864
28.4687 -17.0263 37.0254
31.1797 -17.8303 39.4654
33.6357 -15.9583 37.4044
31.7327 -12.9283 36.3584

28.7747 -12.6713 38.5244
25.0737 -12.9763 37.8384

24.8857 -9.55531 36.3494
27.6847 -10.1213 33.8524
26.2297 -13.3763 32.6324
22.6607 -12.1873 32.4214
23.9397 -9.64331 29.9474
24.8657 -12.3583 27.3814

21.3337 -12.0003 26.1144

21.8057 -13.5213 22.7274
23.8957 -16.4593 23.8484
21.3867 -17.2783 26.6374
18.5967 -17.4493 24.1394
20.5787 -19.7453 21.8714
21.3997 -21.9893 24.7684
17.7967 -22.0643 25.7504
17.0127 -22.9623 22.2624

19.6377 -25.7023 22.2374
21.5687 -24.1353 19.3514
24.8807 -25.3523 20.6464

27.1437 -24.3793 17.7644
25.6667 -21.0043 17.3594
25.8447 -20.1123 21.0154
29.4887 -21.2793 21.1064
30.2877 -18.8633 18.3204
28.3067 -16.0713 19.9864
29.9627 -16.5943 23.3324
33.4337 -16.2233 21.6924
32.6117 -12.6763 20.6934
33.2337 -11.2393 24.1184

35.8097 -9.51931 26.1914

35.5577 -12.5823 28.3224
36.8597 -14.7713 25.6644
39.5567 -12.3253 24.5414
40.8987 -11.8383 28.0614
40.8917 -15.4493 29.2704

40.7997 -17.5383 26.1294

41.8797 -20.8853 27.4404
39.4387 -20.8643 30.2344
36.6237 -19.4263 28.0464
37.3537 -22.1803 25.5214
36.9487 -24.9413 28.0844
33.5977 -23.5483 29.1354
32.4177 -22.9613 25.5774
33.3307 -26.5413 24.5844
31.3727 -27.7873 27.5124
28.3417 -25.9703 26.3144
28.9097 -27.0713 22.8054
29.3827 -30.7453 23.4934

27.6487 -31.2723 26.6934
30.5107 -33.5453 27.8754
33.5217 -32.9053 30.1644
36.0207 -33.6093 27.3884

37.6737 -30.1583 27.7864
38.6287 -31.0243 31.3354
39.6387 -34.7133 31.1644

43.4247 -34.5863 31.1174
43.7037 -31.3773 33.2814

End chain 1
