36.887 -23.463 8.956
34.76 -20.902 10.706
34.477 -17.198 11.189

36.964 -17.128 14.061
39.617 -19.041 12.22
38.916 -16.953 9.158
39.302 -13.605 10.789
42.19 -14.84 12.785
44.013 -15.477 9.498
43.018 -12.034 8.052
43.819 -9.866 11.138

46.667 -11.773 12.722
47.514 -11.664 16.413
49.57 -8.806 18.102
50.066 -8.48 21.836
51.352 -4.91 21.69
49.663 -1.798 20.443
50.45 -1.367 16.785
49.448 0.755 13.823
47.162 -1.084 11.504
47.332 -0.454 7.847
45.314 2.936 7.988
47.723 4.167 10.708
45.249 3.604 13.564
46.062 2.098 16.866
45.084 -1.481 17.205
45.91 -4.534 19.228

45.084 -8.237 19.563
43.098 -9.676 16.642
42.161 -6.61 14.663

40.766 -4.755 17.691
40.723 -1.118 16.785
41.585 1.052 19.717
41.328 4.608 18.444
41.483 6.59 15.239
43.302 9.256 17.208
46.987 9.868 16.581
47.741 9.755 20.304
49.441 6.8 21.856

48.168 7.991 25.101
44.705 8.016 23.796
45.204 4.406 22.617
46.721 3.263 25.887
43.775 4.818 27.769
41.337 3.106 25.493
43.219 -0.084 25.932
43.078 -0.026 29.76
39.388 0.877 29.673
38.693 -2.057 27.36
40.739 -4.551 29.468

40.278 -3.86189 33.1373
39.6791 -2.05841 36.4153
38.6016 -4.37807 39.3423
40.9709 -2.66775 41.7095
41.4325 0.807879 40.3075
44.3824 3.27148 40.7542
41.3961 5.38357 41.8014
39.3689 3.84706 44.4921
43.0549 4.08468 45.6311
43.9526 7.70722 44.974

40.4891 8.69971 46.1832
41.9636 11.0433 48.7863
44.1807 12.6986 46.1811
41.2213 13.2239 43.8555
39.1826 14.8007 46.6485
42.0246 17.1695 47.517
42.3775 18.2324 43.8854
38.6495 18.9229 43.6243
38.7221 21.0389 46.7802
41.6542 23.0693 45.4676
39.867 23.7017 42.1739
36.7366 24.8689 43.9853
38.7572 27.2623 46.1374
40.4658 28.7268 43.0749
37.1236 29.2637 41.3473
35.7165 31.0275 44.4054
38.7383 33.3247 44.5907
38.4019 34.2236 40.9135
34.7156 35.0384 41.3502
35.464 37.2786 44.3275

36.427 38.9816 41.1075
33.386 39.3216 38.8715

35.554 39.1916 35.8005
37.825 36.3016 36.8805
35.436 33.9716 38.5115
33.515 32.9966 35.4585
36.729 32.2736 33.5745
38.096 30.2646 36.4155
34.919 28.3556 36.7115
34.991 27.3656 33.0625

38.48 25.9836 33.0425
39.882 22.4886 33.7175
42.166 21.8806 36.6825

45.423 22.4996 34.9275
44.455 25.7086 33.3555
42.961 27.0316 36.5745
46.443 26.6416 37.9955
47.825 28.8796 35.1385
45.259 31.5556 35.9895
46.215 31.3266 39.6625
49.91 31.8186 38.6895
49.198 35.0656 36.7765
47.098 36.3586 39.6155
49.809 35.5546 42.0555
52.265 37.4266 39.9945
50.362 40.4566 38.9485

47.404 40.7136 41.1145
43.703 40.4086 40.4285

43.515 43.8296 38.9395
46.314 43.2636 36.4425
44.859 40.0086 35.2225
41.29 41.1976 35.0115
42.569 43.7416 32.5375
43.495 41.0266 29.9715

39.963 41.3846 28.7045

40.435 39.8636 25.3175
42.525 36.9256 26.4385
40.016 36.1066 29.2275
37.226 35.9356 26.7295
39.208 33.6396 24.4615
40.029 31.3956 27.3585
36.426 31.3206 28.3405
35.642 30.4226 24.8525

38.267 27.6826 24.8275
40.198 29.2496 21.9415
43.51 28.0326 23.2365

45.773 29.0056 20.3545
44.296 32.3806 19.9495
44.474 33.2726 23.6055
48.118 32.1056 23.6965
48.917 34.5216 20.9105
46.936 37.3136 22.5765
48.592 36.7906 25.9225
52.063 37.1616 24.2825
51.241 40.7086 23.2835
51.863 42.1456 26.7085

54.439 43.8656 28.7815

54.187 40.8026 30.9125
55.489 38.6136 28.2545
58.186 41.0596 27.1315
59.528 41.5466 30.6515
59.521 37.9356 31.8605

59.429 35.8466 28.7195

60.509 32.4996 30.0305
58.068 32.5206 32.8245
55.253 33.9586 30.6365
55.983 31.2046 28.1115
55.578 28.4436 30.6745
52.227 29.8366 31.7255
51.047 30.4236 28.1675
51.96 26.8436 27.1745
50.002 25.5976 30.1025
46.971 27.4146 28.9045
47.539 26.3136 25.3955
48.012 22.6396 26.0835

46.278 22.1126 29.2835
49.14 19.8396 30.4655
52.151 20.4796 32.7545
54.65 19.7756 29.9785

56.303 23.2266 30.3765
57.258 22.3606 33.9255
58.268 18.6716 33.7545

62.054 18.7986 33.7075
62.333 22.0076 35.8715

End chain 1
