36.887 -23.463 8.956
34.76 -20.902 10.706
34.477 -17.198 11.189

36.964 -17.128 14.061
39.617 -19.041 12.22
38.916 -16.953 9.158
39.302 -13.605 10.789
42.19 -14.84 12.785
44.013 -15.477 9.498
43.018 -12.034 8.052
43.819 -9.866 11.138

46.667 -11.773 12.722
47.514 -11.664 16.413
49.57 -8.806 18.102
50.066 -8.48 21.836
51.352 -4.91 21.69
49.663 -1.798 20.443
50.45 -1.367 16.785
49.448 0.755 13.823
47.162 -1.084 11.504
47.332 -0.454 7.847
45.314 2.936 7.988
47.723 4.167 10.708
45.249 3.604 13.564
46.062 2.098 16.866
45.084 -1.481 17.205
45.91 -4.534 19.228

45.084 -8.237 19.563
43.098 -9.676 16.642
42.161 -6.61 14.663

40.766 -4.755 17.691
40.723 -1.118 16.785
41.585 1.052 19.717
41.328 4.608 18.444
41.483 6.59 15.239
43.302 9.256 17.208
46.987 9.868 16.581
47.741 9.755 20.304
49.441 6.8 21.856

48.168 7.991 25.101
44.705 8.016 23.796
45.204 4.406 22.617
46.721 3.263 25.887
43.775 4.818 27.769
41.337 3.106 25.493
43.219 -0.084 25.932
43.078 -0.026 29.76
39.388 0.877 29.673
38.693 -2.057 27.36
40.739 -4.551 29.468

39.949 -3.312 32.875
43.5 -2.793 34.015
46.726 -0.856 33.736
48.192 -2.569 30.659
51.039 -0.441 29.578
50.069 -1.175 25.981
50.572 -4.92 26.37
48.01 -7.684 26.746
47.927 -11.355 27.084
46.716 -13.911 24.599

43.676 -14.65 26.7
42.836 -10.944 26.828
43.275 -10.716 22.988
40.768 -13.473 22.533
38.253 -12.124 24.902
38.237 -8.889 22.913
37.974 -10.959 19.73
34.941 -12.807 21.022
33.247 -9.598 21.934
34.046 -8.096 18.568
32.736 -11.038 16.593
29.608 -10.998 18.595
29.163 -7.341 18.138
29.623 -7.668 14.337
26.968 -10.308 14.05
24.54 -8.343 16.218
25.205 -5.142 14.158
24.347 -7.001 10.971
21.138 -8.371 12.587
19.941 -4.956 13.593

20.904 -3.253 10.373
17.863 -2.913 8.137

20.031 -3.043 5.066
22.302 -5.933 6.146
19.913 -8.263 7.777
17.992 -9.238 4.724
21.206 -9.961 2.84
22.573 -11.97 5.681
19.396 -13.879 5.977
19.468 -14.869 2.328

22.957 -16.251 2.308
24.359 -19.746 2.983
26.643 -20.354 5.948

29.9 -19.735 4.193
28.932 -16.526 2.621
27.438 -15.203 5.84
30.92 -15.593 7.261
32.302 -13.355 4.404
29.736 -10.679 5.255
30.692 -10.908 8.928
34.387 -10.416 7.955
33.675 -7.169 6.042
31.575 -5.876 8.881
34.286 -6.68 11.321
36.742 -4.808 9.26
34.839 -1.778 8.214

34.741 -1.19575 11.9426
33.4841 -1.79774 15.4215

32.8138 1.93615 15.1942
35.2061 2.63844 18.0624
37.937 0.568391 16.4192
37.4965 2.42078 13.1302
37.7365 5.7851 14.8814
40.9292 4.74114 16.6589

37.3972 5.09914 15.3919

37.8692 3.57814 12.0049
39.9592 0.640138 13.1259
37.4502 -0.178862 15.9149
34.6602 -0.349862 13.4169
36.6422 -2.64586 11.1489
37.4632 -4.88986 14.0459
33.8602 -4.96486 15.0279
33.0762 -5.86286 11.5399

35.7012 -8.60286 11.5149
37.6322 -7.03586 8.62888
40.9442 -8.25286 9.92388

43.2072 -7.27986 7.04188
41.7302 -3.90486 6.63688
41.9082 -3.01286 10.2929
45.5522 -4.17986 10.3839
46.3512 -1.76386 7.59788
44.3702 1.02814 9.26388
46.0262 0.505138 12.6099
49.4972 0.876138 10.9699
48.6752 4.42314 9.97088
49.2972 5.86014 13.3959

51.8732 7.58014 15.4689

51.6212 4.51714 17.5999
52.9232 2.32814 14.9419
55.6202 4.77414 13.8189
56.9622 5.26114 17.3389
56.9552 1.65014 18.5479

56.8632 -0.438862 15.4069

57.9432 -3.78586 16.7179
55.5022 -3.76486 19.5119
52.6872 -2.32686 17.3239
53.4172 -5.08086 14.7989
53.0122 -7.84186 17.3619
49.6612 -6.44886 18.4129
48.4812 -5.86186 14.8549
49.3942 -9.44186 13.8619
47.4362 -10.6879 16.7899
44.4052 -8.87086 15.5919
44.9732 -9.97186 12.0829
45.4462 -13.6459 12.7709

43.7122 -14.1729 15.9709
46.5742 -16.4459 17.1529
49.5852 -15.8059 19.4419
52.0842 -16.5099 16.6659

53.7372 -13.0589 17.0639
54.6922 -13.9249 20.6129
55.7022 -17.6139 20.4419

59.4882 -17.4869 20.3949
59.7672 -14.2779 22.5589

End chain 1
