36.887 -23.463 8.956
34.76 -20.902 10.706
34.477 -17.198 11.189

36.964 -17.128 14.061
39.617 -19.041 12.22
38.916 -16.953 9.158
39.302 -13.605 10.789
42.19 -14.84 12.785
44.013 -15.477 9.498
43.018 -12.034 8.052
43.819 -9.866 11.138

46.6117 -12.2154 11.9752
48.6804 -11.0623 9.12032
50.9161 -8.50965 7.28326
48.217 -6.0664 6.3917
45.2302 -3.79365 5.90099
44.5287 -3.30499 2.2844
41.7271 -2.4299 -0.0593677
43.9695 0.495757 0.5508
46.8314 2.83792 1.12943
46.4851 1.83415 -2.46997
43.4413 0.982791 -4.52257
43.5217 -2.64604 -5.27785
44.6849 -4.11537 -8.51028
46.171 -6.02106 -11.4185
42.6128 -7.29129 -12.2193
41.3165 -5.69238 -15.4092

38.5215 -4.33168 -17.5953
37.7821 -1.56576 -15.0961
41.4482 -0.573149 -14.9634

40.0532 1.28185 -11.9354
40.0102 4.91885 -12.8414
40.8722 7.08885 -9.90939
40.6152 10.6449 -11.1824
40.7702 12.6269 -14.3874
42.5892 15.2929 -12.4184
46.2742 15.9049 -13.0454
47.0282 15.7919 -9.32239
48.7282 12.8369 -7.77039

47.4552 14.0279 -4.52539
43.9922 14.0529 -5.83039
44.4912 10.4429 -7.00939
46.0082 9.29985 -3.73939
43.0622 10.8549 -1.85739
40.6242 9.14285 -4.13339
42.5062 5.95285 -3.69439
42.3652 6.01085 0.13361
38.6752 6.91385 0.0466099
37.9802 3.97985 -2.26639
40.0262 1.48585 -0.15839

39.2362 2.72485 3.24861
42.7872 3.24385 4.38861
46.0132 5.18085 4.10961
47.4792 3.46785 1.03261
50.3262 5.59585 -0.0483901
49.3562 4.86185 -3.64539
49.8592 1.11685 -3.25639
47.2972 -1.64715 -2.88039
47.2142 -5.31815 -2.54239
46.0032 -7.87415 -5.02739

42.9632 -8.61315 -2.92639
42.1232 -4.90715 -2.79839
42.5622 -4.67915 -6.63839
40.0552 -7.43615 -7.09339
37.5402 -6.08715 -4.72439
37.5242 -2.85215 -6.71339
37.2612 -4.92215 -9.89639
34.2282 -6.77015 -8.60439
32.5342 -3.56115 -7.69239
33.3332 -2.05915 -11.0584
32.0232 -5.00115 -13.0334
28.8952 -4.96115 -11.0314
28.4502 -1.30415 -11.4884
28.9102 -1.63115 -15.2894
26.2552 -4.27115 -15.5764
23.8272 -2.30615 -13.4084
24.4922 0.894851 -15.4684
23.6342 -0.964149 -18.6554
20.4252 -2.33415 -17.0394
19.2282 1.08085 -16.0334

20.1912 2.78385 -19.2534
17.1502 3.12385 -21.4894

19.3182 2.99385 -24.5604
21.5892 0.103851 -23.4804
19.2002 -2.22615 -21.8494
17.2792 -3.20115 -24.9024
20.4932 -3.92415 -26.7864
21.8602 -5.93315 -23.9454
18.6832 -7.84215 -23.6494
18.7552 -8.83215 -27.2984

22.2442 -10.2141 -27.3184
23.6462 -13.7091 -26.6434
25.9302 -14.3171 -23.6784

29.1872 -13.6981 -25.4334
28.2192 -10.4891 -27.0054
26.7252 -9.16615 -23.7864
30.2072 -9.55615 -22.3654
31.5892 -7.31815 -25.2224
29.0232 -4.64215 -24.3714
29.9792 -4.87115 -20.6984
33.6742 -4.37915 -21.6714
32.9622 -1.13215 -23.5844
30.8622 0.160851 -20.7454
33.5732 -0.643149 -18.3054
36.0292 1.22885 -20.3664
34.1262 4.25885 -21.4124

31.1682 4.51585 -19.2464
27.4672 4.21085 -19.9324

27.2792 7.63185 -21.4214
30.0782 7.06585 -23.9184
28.6232 3.81085 -25.1384
25.0542 4.99985 -25.3494
26.3332 7.54385 -27.8234
27.2592 4.82885 -30.3894

23.7272 5.18685 -31.6564

24.1992 3.66585 -35.0434
26.2892 0.727851 -33.9224
23.7802 -0.0911486 -31.1334
20.9902 -0.262149 -33.6314
22.9722 -2.55815 -35.8994
23.7932 -4.80215 -33.0024
20.1902 -4.87715 -32.0204
19.4062 -5.77515 -35.5084

22.0312 -8.51515 -35.5334
23.9622 -6.94815 -38.4194
27.2742 -8.16515 -37.1244

29.5372 -7.19215 -40.0064
28.0602 -3.81715 -40.4114
28.2382 -2.92515 -36.7554
31.8822 -4.09215 -36.6644
32.6812 -1.67615 -39.4504
30.7002 1.11585 -37.7844
32.3562 0.592851 -34.4384
35.8272 0.963851 -36.0784
35.0052 4.51085 -37.0774
35.6272 5.94785 -33.6524

38.2032 7.66785 -31.5794

37.9512 4.60485 -29.4484
39.2532 2.41585 -32.1064
41.9502 4.86185 -33.2294
43.2922 5.34885 -29.7094
43.2852 1.73785 -28.5004

43.1932 -0.351149 -31.6414

44.2732 -3.69815 -30.3304
41.8322 -3.67715 -27.5364
39.0172 -2.23915 -29.7244
39.7472 -4.99315 -32.2494
39.3422 -7.75415 -29.6864
35.9912 -6.36115 -28.6354
34.8112 -5.77415 -32.1934
35.7242 -9.35415 -33.1864
33.7662 -10.6001 -30.2584
30.7352 -8.78315 -31.4564
31.3032 -9.88415 -34.9654
31.7762 -13.5581 -34.2774

30.0422 -14.0851 -31.0774
32.9042 -16.3581 -29.8954
35.9152 -15.7181 -27.6064
38.4142 -16.4221 -30.3824

40.0672 -12.9711 -29.9844
41.0222 -13.8371 -26.4354
42.0322 -17.5261 -26.6064

45.8182 -17.3991 -26.6534
46.0972 -14.1901 -24.4894

End chain 1
