36.887 -23.463 8.956
34.76 -20.902 10.706
34.477 -17.198 11.189

36.964 -17.128 14.061
39.617 -19.041 12.22
38.916 -16.953 9.158
39.302 -13.605 10.789
42.19 -14.84 12.785
44.013 -15.477 9.498
43.018 -12.034 8.052
43.819 -9.866 11.138

46.667 -11.773 12.722
47.514 -11.664 16.413
49.57 -8.806 18.102
50.066 -8.48 21.836
51.352 -4.91 21.69
49.663 -1.798 20.443
50.45 -1.367 16.785
49.448 0.755 13.823
47.162 -1.084 11.504
47.332 -0.454 7.847
45.314 2.936 7.988
47.723 4.167 10.708
45.249 3.604 13.564
46.062 2.098 16.866
45.084 -1.481 17.205
45.91 -4.534 19.228

45.084 -8.237 19.563
43.098 -9.676 16.642
42.161 -6.61 14.663

45.8076 -5.5839 14.4478
46.8359 -2.49648 16.5493
47.8691 0.598203 18.6535
45.6686 2.91999 20.6982
46.0272 -0.0604136 22.8759
46.4761 -3.17191 24.8344
47.7372 -4.24263 21.4608
46.984 -7.89184 20.8597
46.0122 -11.3834 19.622

43.0737 -11.879 21.9805
44.0591 -8.81864 24.0068
44.3045 -6.69671 20.8635
40.8639 -7.82925 19.7137
39.3476 -6.97755 23.0928
40.8991 -3.50898 23.0232
39.5404 -2.86555 19.5328
36.0491 -3.93116 20.5904
36.1533 -1.62246 23.6073
37.2347 1.31099 21.4467
34.4067 0.669378 18.9904

33.6167 1.90838 22.3974
37.1677 2.42738 23.5374
40.3937 4.36438 23.2584
41.8597 2.65138 20.1814
44.7067 4.77938 19.1004
43.7367 4.04538 15.5034
44.2397 0.300378 15.8924
41.6777 -2.46362 16.2684
41.5947 -6.13462 16.6064
40.3837 -8.69062 14.1214

37.3437 -9.42962 16.2224
36.5037 -5.72362 16.3504
36.9427 -5.49562 12.5104
34.4357 -8.25262 12.0554
31.9207 -6.90362 14.4244
31.9047 -3.66862 12.4354
31.6417 -5.73862 9.25241
28.6087 -7.58662 10.5444
26.9147 -4.37762 11.4564
27.7137 -2.87562 8.09041
26.4037 -5.81762 6.11541
23.2757 -5.77762 8.11741
22.8307 -2.12062 7.66041
23.2907 -2.44762 3.85941
20.6357 -5.08762 3.57241
18.2077 -3.12262 5.74041
18.8727 0.078378 3.68041
18.0147 -1.78062 0.493412
14.8057 -3.15062 2.10941
13.6087 0.264378 3.11541

14.5717 1.96738 -0.104588
11.5307 2.30738 -2.34059

13.6987 2.17738 -5.41159
15.9697 -0.712622 -4.33159
13.5807 -3.04262 -2.70059
11.6597 -4.01762 -5.75359
14.8737 -4.74062 -7.63759
16.2407 -6.74962 -4.79659
13.0637 -8.65862 -4.50059
13.1357 -9.64862 -8.14959

16.6247 -11.0306 -8.16959
18.0267 -14.5256 -7.49459
20.3107 -15.1336 -4.52959

23.5677 -14.5146 -6.28459
22.5997 -11.3056 -7.85659
21.1057 -9.98262 -4.63759
24.5877 -10.3726 -3.21659
25.9697 -8.13462 -6.07359
23.4037 -5.45862 -5.22259
24.3597 -5.68762 -1.54959
28.0547 -5.19562 -2.52259
27.3427 -1.94862 -4.43559
25.2427 -0.655622 -1.59659
27.9537 -1.45962 0.843412
30.4097 0.412378 -1.21759
28.5067 3.44238 -2.26359

25.5487 3.69938 -0.0975883
21.8477 3.39438 -0.783588

21.6597 6.81538 -2.27259
24.4587 6.24938 -4.76959
23.0037 2.99438 -5.98959
19.4347 4.18338 -6.20059
20.7137 6.72738 -8.67459
21.6397 4.01238 -11.2406

18.1077 4.37038 -12.5076

18.5797 2.84938 -15.8946
20.6697 -0.088622 -14.7736
18.1607 -0.907622 -11.9846
15.3707 -1.07862 -14.4826
17.3527 -3.37462 -16.7506
18.1737 -5.61862 -13.8536
14.5707 -5.69362 -12.8716
13.7867 -6.59162 -16.3596

16.4117 -9.33162 -16.3846
18.3427 -7.76462 -19.2706
21.6547 -8.98162 -17.9756

23.9177 -8.00862 -20.8576
22.4407 -4.63362 -21.2626
22.6187 -3.74162 -17.6066
26.2627 -4.90862 -17.5156
27.0617 -2.49262 -20.3016
25.0807 0.299378 -18.6356
26.7367 -0.223622 -15.2896
30.2077 0.147378 -16.9296
29.3857 3.69438 -17.9286
30.0077 5.13138 -14.5036

32.5837 6.85138 -12.4306

32.3317 3.78838 -10.2996
33.6337 1.59938 -12.9576
36.3307 4.04538 -14.0806
37.6727 4.53238 -10.5606
37.6657 0.921378 -9.35159

37.5737 -1.16762 -12.4926

38.6537 -4.51462 -11.1816
36.2127 -4.49362 -8.38759
33.3977 -3.05562 -10.5756
34.1277 -5.80962 -13.1006
33.7227 -8.57062 -10.5376
30.3717 -7.17762 -9.48659
29.1917 -6.59062 -13.0446
30.1047 -10.1706 -14.0376
28.1467 -11.4166 -11.1096
25.1157 -9.59962 -12.3076
25.6837 -10.7006 -15.8166
26.1567 -14.3746 -15.1286

24.4227 -14.9016 -11.9286
27.2847 -17.1746 -10.7466
30.2957 -16.5346 -8.45759
32.7947 -17.2386 -11.2336

34.4477 -13.7876 -10.8356
35.4027 -14.6536 -7.28659
36.4127 -18.3426 -7.45759

40.1987 -18.2156 -7.50459
40.4777 -15.0066 -5.34059

End chain 1
