36.887 -23.463 8.956
34.76 -20.902 10.706
34.477 -17.198 11.189

36.964 -17.128 14.061
39.617 -19.041 12.22
38.916 -16.953 9.158
39.302 -13.605 10.789
42.19 -14.84 12.785
44.013 -15.477 9.498
43.018 -12.034 8.052
43.819 -9.866 11.138

46.667 -11.773 12.722
47.514 -11.664 16.413
49.57 -8.806 18.102
50.066 -8.48 21.836
51.352 -4.91 21.69
49.663 -1.798 20.443
50.45 -1.367 16.785
49.448 0.755 13.823
47.162 -1.084 11.504
47.332 -0.454 7.847
45.314 2.936 7.988
47.723 4.167 10.708
45.249 3.604 13.564
46.062 2.098 16.866
45.084 -1.481 17.205
45.91 -4.534 19.228

45.084 -8.237 19.563
43.098 -9.676 16.642
42.161 -6.61 14.663

40.766 -4.755 17.691
40.723 -1.118 16.785
41.585 1.052 19.717
41.328 4.608 18.444
41.483 6.59 15.239
43.302 9.256 17.208
46.987 9.868 16.581
47.741 9.755 20.304
49.441 6.8 21.856

48.168 7.991 25.101
44.705 8.016 23.796
45.204 4.406 22.617
46.721 3.263 25.887
43.775 4.818 27.769
41.337 3.106 25.493
43.219 -0.084 25.932
43.078 -0.026 29.76
39.388 0.877 29.673
38.693 -2.057 27.36
40.739 -4.551 29.468

39.949 -3.312 32.875
43.5 -2.793 34.015
46.726 -0.856 33.736
48.192 -2.569 30.659
51.039 -0.441 29.578
50.069 -1.175 25.981
50.572 -4.92 26.37
48.01 -7.684 26.746
47.927 -11.355 27.084
46.716 -13.911 24.599

43.676 -14.65 26.7
42.836 -10.944 26.828
43.275 -10.716 22.988
40.768 -13.473 22.533
38.253 -12.124 24.902
38.237 -8.889 22.913
37.974 -10.959 19.73
34.941 -12.807 21.022
33.247 -9.598 21.934
34.046 -8.096 18.568
32.736 -11.038 16.593
29.608 -10.998 18.595
29.163 -7.341 18.138
29.623 -7.668 14.337
26.968 -10.308 14.05
24.54 -8.343 16.218
25.205 -5.142 14.158
24.347 -7.001 10.971
21.138 -8.371 12.587
19.941 -4.956 13.593

20.904 -3.253 10.373
17.863 -2.913 8.137

20.031 -3.043 5.066
22.302 -5.933 6.146
19.913 -8.263 7.777
17.992 -9.238 4.724
21.206 -9.961 2.84
22.573 -11.97 5.681
19.396 -13.879 5.977
19.468 -14.869 2.328

22.957 -16.251 2.308
24.359 -19.746 2.983
26.643 -20.354 5.948

29.9 -19.735 4.193
28.932 -16.526 2.621
27.438 -15.203 5.84
30.92 -15.593 7.261
32.302 -13.355 4.404
29.736 -10.679 5.255
30.692 -10.908 8.928
34.387 -10.416 7.955
33.675 -7.169 6.042
31.575 -5.876 8.881
34.286 -6.68 11.321
36.742 -4.808 9.26
34.839 -1.778 8.214

31.881 -1.521 10.38
28.18 -1.826 9.694

27.992 1.595 8.205
30.791 1.029 5.708
29.336 -2.226 4.488
25.767 -1.037 4.277
27.046 1.507 1.803
27.972 -1.208 -0.763

24.2041 -1.56574 -1.53242

23.7478 -4.58453 -3.79551
21.3375 -6.1876 -1.33317
19.2846 -2.99673 -1.11644
19.0709 -2.76205 -4.90354
17.9088 -6.37138 -5.15846
15.2122 -5.7893 -2.54456
13.9572 -2.71006 -4.3847
13.7733 -4.62465 -7.66242

16.3983 -7.36465 -7.68742
18.3293 -5.79765 -10.5734
21.6413 -7.01465 -9.27842

23.9043 -6.04165 -12.1604
22.4273 -2.66665 -12.5654
22.6053 -1.77465 -8.90942
26.2493 -2.94165 -8.81842
27.0483 -0.525652 -11.6044
25.0673 2.26635 -9.93842
26.7233 1.74335 -6.59242
30.1943 2.11435 -8.23242
29.3723 5.66135 -9.23142
29.9943 7.09835 -5.80642

32.5703 8.81835 -3.73342

32.3183 5.75535 -1.60242
33.6203 3.56635 -4.26042
36.3173 6.01235 -5.38342
37.6593 6.49935 -1.86342
37.6523 2.88835 -0.65442

37.5603 0.799348 -3.79542

38.6403 -2.54765 -2.48442
36.1993 -2.52665 0.30958
33.3843 -1.08865 -1.87842
34.1143 -3.84265 -4.40342
33.7093 -6.60365 -1.84042
30.3583 -5.21065 -0.78942
29.1783 -4.62365 -4.34742
30.0913 -8.20365 -5.34042
28.1333 -9.44965 -2.41242
25.1023 -7.63265 -3.61042
25.6703 -8.73365 -7.11942
26.1433 -12.4077 -6.43142

24.4093 -12.9347 -3.23142
27.2713 -15.2077 -2.04942
30.2823 -14.5677 0.23958
32.7813 -15.2717 -2.53642

34.4343 -11.8207 -2.13842
35.3893 -12.6867 1.41058
36.3993 -16.3757 1.23958

40.1853 -16.2487 1.19258
40.4643 -13.0397 3.35658

End chain 1
