36.887 -23.463 8.956
34.76 -20.902 10.706
34.477 -17.198 11.189

36.964 -17.128 14.061
39.617 -19.041 12.22
38.916 -16.953 9.158
39.302 -13.605 10.789
42.19 -14.84 12.785
44.013 -15.477 9.498
43.018 -12.034 8.052
43.819 -9.866 11.138

46.667 -11.773 12.722
47.514 -11.664 16.413
49.57 -8.806 18.102
50.066 -8.48 21.836
51.352 -4.91 21.69
49.663 -1.798 20.443
50.45 -1.367 16.785
49.448 0.755 13.823
47.162 -1.084 11.504
47.332 -0.454 7.847
45.314 2.936 7.988
47.723 4.167 10.708
45.249 3.604 13.564
46.062 2.098 16.866
45.084 -1.481 17.205
45.91 -4.534 19.228

45.084 -8.237 19.563
43.098 -9.676 16.642
42.161 -6.61 14.663

40.766 -4.755 17.691
40.723 -1.118 16.785
41.585 1.052 19.717
41.328 4.608 18.444
41.483 6.59 15.239
43.302 9.256 17.208
46.987 9.868 16.581
47.741 9.755 20.304
49.441 6.8 21.856

48.168 7.991 25.101
44.705 8.016 23.796
45.204 4.406 22.617
46.721 3.263 25.887
43.775 4.818 27.769
41.337 3.106 25.493
43.219 -0.084 25.932
43.078 -0.026 29.76
39.388 0.877 29.673
38.693 -2.057 27.36
40.739 -4.551 29.468

39.949 -3.312 32.875
43.5 -2.793 34.015
46.726 -0.856 33.736
48.192 -2.569 30.659
51.039 -0.441 29.578
50.069 -1.175 25.981
50.572 -4.92 26.37
48.01 -7.684 26.746
47.927 -11.355 27.084
46.716 -13.911 24.599

43.676 -14.65 26.7
42.836 -10.944 26.828
43.275 -10.716 22.988
40.768 -13.473 22.533
38.253 -12.124 24.902
38.237 -8.889 22.913
37.974 -10.959 19.73
34.941 -12.807 21.022
33.247 -9.598 21.934
34.046 -8.096 18.568
32.736 -11.038 16.593
29.608 -10.998 18.595
29.163 -7.341 18.138
29.623 -7.668 14.337
26.968 -10.308 14.05
24.54 -8.343 16.218
25.205 -5.142 14.158
24.347 -7.001 10.971
21.138 -8.371 12.587
19.941 -4.956 13.593

20.904 -3.253 10.373
17.863 -2.913 8.137

20.031 -3.043 5.066
22.302 -5.933 6.146
19.913 -8.263 7.777
17.992 -9.238 4.724
21.206 -9.961 2.84
22.573 -11.97 5.681
19.396 -13.879 5.977
19.468 -14.869 2.328

23.0592 -16.2098 2.87647
26.476 -17.6823 3.29107
30.2412 -17.2271 2.63174

28.9452 -15.387 5.69401
32.462 -15.0363 7.09132
33.7374 -13.6425 3.7938
30.9203 -11.0947 3.66986
31.6596 -9.96063 7.22096
35.3486 -9.52639 6.41757
34.5334 -7.45348 3.33839
32.2158 -5.20733 5.34499
34.8852 -4.65552 7.99314
37.4545 -3.73249 5.34935
35.069 -1.23441 3.76451
34.3757 0.386336 7.13133
38.0935 0.713942 7.84805

35.1355 0.970942 10.0141
31.4345 0.665942 9.32805

31.2465 4.08694 7.83905
34.0455 3.52094 5.34205
32.5905 0.265942 4.12205
29.0215 1.45494 3.91105
30.3005 3.99894 1.43705
31.2265 1.28394 -1.12895

27.6945 1.64194 -2.39595

28.1665 0.120942 -5.78295
30.2565 -2.81706 -4.66195
27.7475 -3.63606 -1.87295
24.9575 -3.80706 -4.37095
26.9395 -6.10306 -6.63895
27.7605 -8.34706 -3.74195
24.1575 -8.42206 -2.75995
23.3735 -9.32006 -6.24795

25.9985 -12.0601 -6.27295
27.9295 -10.4931 -9.15895
31.2415 -11.7101 -7.86395

33.5045 -10.7371 -10.7459
32.0275 -7.36206 -11.1509
32.2055 -6.47006 -7.49495
35.8495 -7.63706 -7.40395
36.6485 -5.22106 -10.1899
34.6675 -2.42906 -8.52395
36.3235 -2.95206 -5.17795
39.7945 -2.58106 -6.81795
38.9725 0.965942 -7.81695
39.5945 2.40294 -4.39195

42.1705 4.12294 -2.31895

41.9185 1.05994 -0.187948
43.2205 -1.12906 -2.84595
45.9175 1.31694 -3.96895
47.2595 1.80394 -0.448948
47.2525 -1.80706 0.760052

47.1605 -3.89606 -2.38095

48.2405 -7.24306 -1.06995
45.7995 -7.22206 1.72405
42.9845 -5.78406 -0.463948
43.7145 -8.53806 -2.98895
43.3095 -11.2991 -0.425948
39.9585 -9.90606 0.625052
38.7785 -9.31906 -2.93295
39.6915 -12.8991 -3.92595
37.7335 -14.1451 -0.997948
34.7025 -12.3281 -2.19595
35.2705 -13.4291 -5.70495
35.7435 -17.1031 -5.01695

34.0095 -17.6301 -1.81695
36.8715 -19.9031 -0.634948
39.8825 -19.2631 1.65405
42.3815 -19.9671 -1.12195

44.0345 -16.5161 -0.723948
44.9895 -17.3821 2.82505
45.9995 -21.0711 2.65405

49.7855 -20.9441 2.60705
50.0645 -17.7351 4.77105

End chain 1
