0 0 0
0 0 3.74841
3.39904 -1.66496 4.53951

6.81913 -2.79804 5.74864
5.2502 -5.07945 8.3518
2.96728 -6.64282 5.7466
5.90283 -7.28859 3.42099
7.87547 -8.94726 6.21391
4.93908 -11.1981 7.08247
4.54302 -12.2457 3.45086
8.23971 -13.0878 3.18968

11.0877 -14.9948 4.77368
11.9347 -14.8858 8.46468
13.9907 -12.0278 10.1537
14.4867 -11.7018 13.8877
15.7727 -8.13179 13.7417
14.0837 -5.01979 12.4947
14.8707 -4.58879 8.83668
13.8687 -2.46679 5.87468
11.5827 -4.30579 3.55568
11.7527 -3.67579 -0.10132
9.73471 -0.285789 0.0396797
12.1437 0.945211 2.75968
9.66971 0.382211 5.61568
10.4827 -1.12379 8.91768
9.50471 -4.70279 9.25668
10.3307 -7.75579 11.2797

9.50471 -11.4588 11.6147
7.51871 -12.8978 8.69368
6.58171 -9.83179 6.71468

5.18671 -7.97679 9.74268
5.14371 -4.33979 8.83668
6.00571 -2.16979 11.7687
5.74871 1.38621 10.4957
5.90371 3.36821 7.29068
7.72271 6.03421 9.25968
11.4077 6.64621 8.63268
12.1617 6.53321 12.3557
13.8617 3.57821 13.9077

12.5887 4.76921 17.1527
9.12571 4.79421 15.8477
9.62471 1.18421 14.6687
11.1417 0.0412107 17.9387
8.19571 1.59621 19.8207
5.75771 -0.115789 17.5447
7.63971 -3.30579 17.9837
7.49871 -3.24779 21.8117
3.80871 -2.34479 21.7247
3.11371 -5.27879 19.4117
5.15971 -7.77279 21.5197

4.36971 -6.53379 24.9267
7.92071 -6.01479 26.0667
11.1467 -4.07779 25.7877
12.6127 -5.79079 22.7107
15.4597 -3.66279 21.6297
14.4897 -4.39679 18.0327
14.9927 -8.14179 18.4217
12.4307 -10.9058 18.7977
12.3477 -14.5768 19.1357
11.1367 -17.1328 16.6507

8.09671 -17.8718 18.7517
7.25671 -14.1658 18.8797
7.69571 -13.9378 15.0397
5.18871 -16.6948 14.5847
2.67371 -15.3458 16.9537
2.65771 -12.1108 14.9647
2.39471 -14.1808 11.7817
-0.638286 -16.0288 13.0737
-2.33229 -12.8198 13.9857
-1.53329 -11.3178 10.6197
-2.84329 -14.2598 8.64468
-5.97129 -14.2198 10.6467
-6.41629 -10.5628 10.1897
-5.95629 -10.8898 6.38868
-8.61129 -13.5298 6.10168
-11.0393 -11.5648 8.26968
-10.3743 -8.36379 6.20968
-11.2323 -10.2228 3.02268
-14.4413 -11.5928 4.63868
-15.6383 -8.17779 5.64468

-14.6753 -6.47479 2.42468
-17.7163 -6.13479 0.18868

-15.5483 -6.26479 -2.88232
-13.2773 -9.15479 -1.80232
-15.6663 -11.4848 -0.17132
-17.5873 -12.4598 -3.22432
-14.3733 -13.1828 -5.10832
-13.0063 -15.1918 -2.26732
-16.1833 -17.1008 -1.97132
-16.1113 -18.0908 -5.62032

-12.6223 -19.4728 -5.64032
-11.2203 -22.9678 -4.96532
-8.93629 -23.5758 -2.00032

-5.67929 -22.9568 -3.75532
-6.64729 -19.7478 -5.32732
-8.14129 -18.4248 -2.10832
-4.65929 -18.8148 -0.68732
-3.27729 -16.5768 -3.54432
-5.84329 -13.9008 -2.69332
-4.88729 -14.1298 0.97968
-1.19229 -13.6378 0.00667971
-1.90429 -10.3908 -1.90632
-4.00429 -9.09779 0.93268
-1.29329 -9.90179 3.37268
1.16271 -8.02979 1.31168
-0.740286 -4.99979 0.26568

-3.69829 -4.74279 2.43168
-7.39929 -5.04779 1.74568

-7.58729 -1.62679 0.25668
-4.78829 -2.19279 -2.24032
-6.24329 -5.44779 -3.46032
-9.81229 -4.25879 -3.67132
-8.53329 -1.71479 -6.14532
-7.60729 -4.42979 -8.71132

-11.1393 -4.07179 -9.97832

-10.6673 -5.59279 -13.3653
-8.57729 -8.53079 -12.2443
-11.0863 -9.34979 -9.45532
-13.8763 -9.52079 -11.9533
-11.8943 -11.8168 -14.2213
-11.0733 -14.0608 -11.3243
-14.6763 -14.1358 -10.3423
-15.4603 -15.0338 -13.8303

-12.8353 -17.7738 -13.8553
-10.9043 -16.2068 -16.7413
-7.59229 -17.4238 -15.4463

-5.32929 -16.4508 -18.3283
-6.80629 -13.0758 -18.7333
-6.62829 -12.1838 -15.0773
-2.98429 -13.3508 -14.9863
-2.18529 -10.9348 -17.7723
-4.16629 -8.14279 -16.1063
-2.51029 -8.66579 -12.7603
0.960714 -8.29479 -14.4003
0.138714 -4.74779 -15.3993
0.760714 -3.31079 -11.9743

3.33671 -1.59079 -9.90132

3.08471 -4.65379 -7.77032
4.38671 -6.84279 -10.4283
7.08371 -4.39679 -11.5513
8.42571 -3.90979 -8.03132
8.41871 -7.52079 -6.82232

8.32671 -9.60979 -9.96332

9.40671 -12.9568 -8.65232
6.96571 -12.9358 -5.85832
4.15071 -11.4978 -8.04632
4.88071 -14.2518 -10.5713
4.47571 -17.0128 -8.00832
1.12471 -15.6198 -6.95732
-0.0552864 -15.0328 -10.5153
0.857714 -18.6128 -11.5083
-1.10029 -19.8588 -8.58032
-4.13129 -18.0418 -9.77832
-3.56329 -19.1428 -13.2873
-3.09029 -22.8168 -12.5993

-4.82429 -23.3438 -9.39932
-1.96229 -25.6168 -8.21732
1.04871 -24.9768 -5.92832
3.54771 -25.6808 -8.70432

5.20071 -22.2298 -8.30632
6.15571 -23.0958 -4.75732
7.16571 -26.7848 -4.92832

10.9517 -26.6578 -4.97532
11.2307 -23.4488 -2.81132

End chain 1
