36.887 -23.463 8.956
34.76 -20.902 10.706
34.477 -17.198 11.189

36.964 -17.128 14.061
39.617 -19.041 12.22
38.916 -16.953 9.158
39.302 -13.605 10.789
42.19 -14.84 12.785
44.013 -15.477 9.498
43.018 -12.034 8.052
43.819 -9.866 11.138

46.667 -11.773 12.722
47.514 -11.664 16.413
49.57 -8.806 18.102
50.066 -8.48 21.836
51.352 -4.91 21.69
49.663 -1.798 20.443
50.45 -1.367 16.785
49.448 0.755 13.823
47.162 -1.084 11.504
47.332 -0.454 7.847
45.314 2.936 7.988
47.723 4.167 10.708
45.249 3.604 13.564
46.062 2.098 16.866
45.084 -1.481 17.205
45.91 -4.534 19.228

45.084 -8.237 19.563
43.098 -9.676 16.642
42.161 -6.61 14.663

40.766 -4.755 17.691
40.723 -1.118 16.785
41.585 1.052 19.717
41.328 4.608 18.444
41.483 6.59 15.239
43.302 9.256 17.208
46.987 9.868 16.581
47.741 9.755 20.304
49.441 6.8 21.856

48.168 7.991 25.101
44.705 8.016 23.796
45.204 4.406 22.617
46.721 3.263 25.887
43.775 4.818 27.769
41.337 3.106 25.493
43.219 -0.084 25.932
43.078 -0.026 29.76
39.388 0.877 29.673
38.693 -2.057 27.36
40.739 -4.551 29.468

37.7932 -4.18824 31.8558
37.2717 -4.32284 35.5401
36.8109 -5.33672 39.0718
33.3175 -6.77166 39.0984
30.7498 -9.15742 40.7602
28.736 -10.5168 37.8345
32.4438 -11.2206 36.8922
33.336 -14.2183 39.1013
34.3618 -16.2143 35.9893
38.0185 -15.3298 35.2234

40.7524 -12.7479 35.7736
42.2951 -14.8316 38.5524
42.305 -17.9317 36.3542
43.9987 -16.0397 33.5267
46.6841 -14.7354 35.8784
47.367 -18.2343 37.1951
47.7017 -19.6021 33.6652
50.1508 -16.8515 32.7277
52.2686 -17.5554 35.8038
52.3786 -21.2677 34.9977
53.4649 -20.5587 31.4256
56.2454 -18.262 32.6244
57.5052 -20.8968 35.0562
57.5594 -23.5346 32.3209
59.5218 -21.24 30.013
62.0765 -20.5274 32.7348
62.5327 -24.2388 33.4131
63.071 -24.9467 29.7182
65.6813 -22.1956 29.4722
67.5438 -23.5596 32.491

68.5068 -21.8566 29.271
65.4658 -21.5166 27.035

67.6338 -21.6466 23.964
69.9048 -24.5366 25.044
67.5158 -26.8666 26.675
65.5948 -27.8416 23.622
68.8088 -28.5646 21.738
70.1758 -30.5736 24.579
66.9988 -32.4826 24.875
67.0708 -33.4726 21.226

70.5598 -34.8546 21.206
71.9618 -38.3496 21.881
74.2458 -38.9576 24.846

77.5028 -38.3386 23.091
76.5348 -35.1296 21.519
75.0408 -33.8066 24.738
78.5228 -34.1966 26.159
79.9048 -31.9586 23.302
77.3388 -29.2826 24.153
78.2948 -29.5116 27.826
81.9898 -29.0196 26.853
81.2778 -25.7726 24.94
79.1778 -24.4796 27.779
81.8888 -25.2836 30.219
84.3448 -23.4116 28.158
82.4418 -20.3816 27.112

79.4838 -20.1246 29.278
75.7828 -20.4296 28.592

75.5948 -17.0086 27.103
78.3938 -17.5746 24.606
76.9388 -20.8296 23.386
73.3698 -19.6406 23.175
74.6488 -17.0966 20.701
75.5748 -19.8116 18.135

72.0428 -19.4536 16.868

72.5148 -20.9746 13.481
74.6048 -23.9126 14.602
72.0958 -24.7316 17.391
69.3058 -24.9026 14.893
71.2878 -27.1986 12.625
72.1088 -29.4426 15.522
68.5058 -29.5176 16.504
67.7218 -30.4156 13.016

70.3468 -33.1556 12.991
72.2778 -31.5886 10.105
75.5898 -32.8056 11.4

77.8528 -31.8326 8.51803
76.3758 -28.4576 8.11303
76.5538 -27.5656 11.769
80.1978 -28.7326 11.86
80.9968 -26.3166 9.07403
79.0158 -23.5246 10.74
80.6718 -24.0476 14.086
84.1428 -23.6766 12.446
83.3208 -20.1296 11.447
83.9428 -18.6926 14.872

86.5188 -16.9726 16.945

86.2668 -20.0356 19.076
87.5688 -22.2246 16.418
90.2658 -19.7786 15.295
91.6078 -19.2916 18.815
91.6008 -22.9026 20.024

91.5088 -24.9916 16.883

92.5888 -28.3386 18.194
90.1478 -28.3176 20.988
87.3328 -26.8796 18.8
88.0628 -29.6336 16.275
87.6578 -32.3946 18.838
84.3068 -31.0016 19.889
83.1268 -30.4146 16.331
84.0398 -33.9946 15.338
82.0818 -35.2406 18.266
79.0508 -33.4236 17.068
79.6188 -34.5246 13.559
80.0918 -38.1986 14.247

78.3578 -38.7256 17.447
81.2198 -40.9986 18.629
84.2308 -40.3586 20.918
86.7298 -41.0626 18.142

88.3828 -37.6116 18.54
89.3378 -38.4776 22.089
90.3478 -42.1666 21.918

94.1338 -42.0396 21.871
94.4128 -38.8306 24.035

End chain 1
