36.887 -23.463 8.956
34.76 -20.902 10.706
34.477 -17.198 11.189

36.964 -17.128 14.061
39.617 -19.041 12.22
38.916 -16.953 9.158
39.302 -13.605 10.789
42.19 -14.84 12.785
44.013 -15.477 9.498
43.018 -12.034 8.052
43.819 -9.866 11.138

46.667 -11.773 12.722
47.514 -11.664 16.413
49.57 -8.806 18.102
50.066 -8.48 21.836
51.352 -4.91 21.69
49.663 -1.798 20.443
50.45 -1.367 16.785
49.448 0.755 13.823
47.162 -1.084 11.504
47.332 -0.454 7.847
45.314 2.936 7.988
47.723 4.167 10.708
45.249 3.604 13.564
46.062 2.098 16.866
45.084 -1.481 17.205
45.91 -4.534 19.228

45.084 -8.237 19.563
43.098 -9.676 16.642
42.161 -6.61 14.663

45.831 -6.16936 15.2995
49.4762 -5.64468 14.8583
50.3777 -9.15007 16.1788
48.3145 -12.0555 14.9169
50.0863 -13.8949 12.087
50.2041 -17.3127 13.8067
51.3472 -20.2364 15.9044
52.4617 -23.2051 18.0273
55.0577 -24.6649 20.3948

56.9301 -27.9483 19.9994
54.992 -29.511 22.8707
51.6811 -28.4191 21.3578
52.6219 -29.9009 17.9871
53.5692 -33.2103 19.5975
50.2628 -33.3587 21.4652
48.3167 -32.6952 18.269
50.1873 -35.4536 16.4428
49.471 -37.9243 19.2402
45.7694 -37.0656 19.1819
45.6139 -37.5645 15.4177

44.8239 -36.3255 18.8247
48.3749 -35.8065 19.9647
51.6009 -33.8695 19.6857
53.0669 -35.5825 16.6087
55.9139 -33.4545 15.5277
54.9439 -34.1885 11.9307
55.4469 -37.9335 12.3197
52.8849 -40.6975 12.6957
52.8019 -44.3685 13.0337
51.5909 -46.9245 10.5487

48.5509 -47.6635 12.6497
47.7109 -43.9575 12.7777
48.1499 -43.7295 8.93765
45.6429 -46.4865 8.48265
43.1279 -45.1375 10.8517
43.1119 -41.9025 8.86265
42.8489 -43.9725 5.67965
39.8159 -45.8205 6.97165
38.1219 -42.6115 7.88365
38.9209 -41.1095 4.51765
37.6109 -44.0515 2.54265
34.4829 -44.0115 4.54465
34.0379 -40.3545 4.08765
34.4979 -40.6815 0.286652
31.8429 -43.3215 -0.000348295
29.4149 -41.3565 2.16765
30.0799 -38.1555 0.107652
29.2219 -40.0145 -3.07935
26.0129 -41.3845 -1.46335
24.8159 -37.9695 -0.457348

25.7789 -36.2665 -3.67735
22.7379 -35.9265 -5.91335

24.9059 -36.0565 -8.98435
27.1769 -38.9465 -7.90435
24.7879 -41.2765 -6.27335
22.8669 -42.2515 -9.32635
26.0809 -42.9745 -11.2103
27.4479 -44.9835 -8.36935
24.2709 -46.8925 -8.07335
24.3429 -47.8825 -11.7223

27.8319 -49.2645 -11.7423
29.2339 -52.7595 -11.0673
31.5179 -53.3675 -8.10235

34.7749 -52.7485 -9.85735
33.8069 -49.5395 -11.4293
32.3129 -48.2165 -8.21035
35.7949 -48.6065 -6.78935
37.1769 -46.3685 -9.64635
34.6109 -43.6925 -8.79535
35.5669 -43.9215 -5.12235
39.2619 -43.4295 -6.09535
38.5499 -40.1825 -8.00835
36.4499 -38.8895 -5.16935
39.1609 -39.6935 -2.72935
41.6169 -37.8215 -4.79035
39.7139 -34.7915 -5.83635

36.7559 -34.5345 -3.67035
33.0549 -34.8395 -4.35635

32.8669 -31.4185 -5.84535
35.6659 -31.9845 -8.34235
34.2109 -35.2395 -9.56235
30.6419 -34.0505 -9.77335
31.9209 -31.5065 -12.2473
32.8469 -34.2215 -14.8133

29.3149 -33.8635 -16.0803

29.7869 -35.3845 -19.4673
31.8769 -38.3225 -18.3463
29.3679 -39.1415 -15.5573
26.5779 -39.3125 -18.0553
28.5599 -41.6085 -20.3233
29.3809 -43.8525 -17.4263
25.7779 -43.9275 -16.4443
24.9939 -44.8255 -19.9323

27.6189 -47.5655 -19.9573
29.5499 -45.9985 -22.8433
32.8619 -47.2155 -21.5483

35.1249 -46.2425 -24.4303
33.6479 -42.8675 -24.8353
33.8259 -41.9755 -21.1793
37.4699 -43.1425 -21.0883
38.2689 -40.7265 -23.8743
36.2879 -37.9345 -22.2083
37.9439 -38.4575 -18.8623
41.4149 -38.0865 -20.5023
40.5929 -34.5395 -21.5013
41.2149 -33.1025 -18.0763

43.7909 -31.3825 -16.0033

43.5389 -34.4455 -13.8723
44.8409 -36.6345 -16.5303
47.5379 -34.1885 -17.6533
48.8799 -33.7015 -14.1333
48.8729 -37.3125 -12.9243

48.7809 -39.4015 -16.0653

49.8609 -42.7485 -14.7543
47.4199 -42.7275 -11.9603
44.6049 -41.2895 -14.1483
45.3349 -44.0435 -16.6733
44.9299 -46.8045 -14.1103
41.5789 -45.4115 -13.0593
40.3989 -44.8245 -16.6173
41.3119 -48.4045 -17.6103
39.3539 -49.6505 -14.6823
36.3229 -47.8335 -15.8803
36.8909 -48.9345 -19.3893
37.3639 -52.6085 -18.7013

35.6299 -53.1355 -15.5013
38.4919 -55.4085 -14.3193
41.5029 -54.7685 -12.0303
44.0019 -55.4725 -14.8063

45.6549 -52.0215 -14.4083
46.6099 -52.8875 -10.8593
47.6199 -56.5765 -11.0303

51.4059 -56.4495 -11.0773
51.6849 -53.2405 -8.91335

End chain 1
