36.887 -23.463 8.956
34.76 -20.902 10.706
34.477 -17.198 11.189

36.964 -17.128 14.061
39.617 -19.041 12.22
38.916 -16.953 9.158
39.302 -13.605 10.789
42.19 -14.84 12.785
44.013 -15.477 9.498
43.018 -12.034 8.052
43.819 -9.866 11.138

46.667 -11.773 12.722
47.514 -11.664 16.413
49.57 -8.806 18.102
50.066 -8.48 21.836
51.352 -4.91 21.69
49.663 -1.798 20.443
50.45 -1.367 16.785
49.448 0.755 13.823
47.162 -1.084 11.504
47.332 -0.454 7.847
45.314 2.936 7.988
47.723 4.167 10.708
45.249 3.604 13.564
46.062 2.098 16.866
45.084 -1.481 17.205
45.91 -4.534 19.228

45.084 -8.237 19.563
43.098 -9.676 16.642
42.161 -6.61 14.663

40.766 -4.755 17.691
40.723 -1.118 16.785
41.585 1.052 19.717
41.328 4.608 18.444
41.483 6.59 15.239
43.302 9.256 17.208
46.987 9.868 16.581
47.741 9.755 20.304
49.441 6.8 21.856

48.168 7.991 25.101
44.705 8.016 23.796
45.204 4.406 22.617
46.721 3.263 25.887
43.775 4.818 27.769
41.337 3.106 25.493
43.219 -0.084 25.932
43.078 -0.026 29.76
39.388 0.877 29.673
38.693 -2.057 27.36
40.739 -4.551 29.468

39.949 -3.312 32.875
43.5 -2.793 34.015
46.726 -0.856 33.736
48.192 -2.569 30.659
51.039 -0.441 29.578
50.069 -1.175 25.981
50.572 -4.92 26.37
48.01 -7.684 26.746
47.927 -11.355 27.084
46.716 -13.911 24.599

43.676 -14.65 26.7
42.836 -10.944 26.828
43.275 -10.716 22.988
40.768 -13.473 22.533
38.253 -12.124 24.902
38.237 -8.889 22.913
37.974 -10.959 19.73
34.941 -12.807 21.022
33.247 -9.598 21.934
34.046 -8.096 18.568
32.736 -11.038 16.593
29.608 -10.998 18.595
29.163 -7.341 18.138
29.623 -7.668 14.337
26.968 -10.308 14.05
24.54 -8.343 16.218
25.205 -5.142 14.158
24.347 -7.001 10.971
21.138 -8.371 12.587
19.941 -4.956 13.593

20.904 -3.253 10.373
17.863 -2.913 8.137

20.031 -3.043 5.066
22.302 -5.933 6.146
19.913 -8.263 7.777
17.992 -9.238 4.724
21.206 -9.961 2.84
22.573 -11.97 5.681
19.396 -13.879 5.977
19.468 -14.869 2.328

22.957 -16.251 2.308
24.359 -19.746 2.983
26.643 -20.354 5.948

29.9 -19.735 4.193
28.932 -16.526 2.621
27.438 -15.203 5.84
30.92 -15.593 7.261
32.302 -13.355 4.404
29.736 -10.679 5.255
30.692 -10.908 8.928
34.387 -10.416 7.955
33.675 -7.169 6.042
31.575 -5.876 8.881
34.286 -6.68 11.321
36.742 -4.808 9.26
34.839 -1.778 8.214

31.881 -1.521 10.38
28.18 -1.826 9.694

27.992 1.595 8.205
30.791 1.029 5.708
29.336 -2.226 4.488
25.767 -1.037 4.277
27.046 1.507 1.803
27.972 -1.208 -0.763

24.44 -0.85 -2.03

24.912 -2.371 -5.417
27.002 -5.309 -4.296
24.493 -6.128 -1.507
21.703 -6.299 -4.005
23.685 -8.595 -6.273
24.506 -10.839 -3.376
20.903 -10.914 -2.394
20.119 -11.812 -5.882

22.5432 -13.6615 -8.10047
23.3345 -16.7508 -10.1947
24.0976 -19.3226 -12.8

21.3829 -21.9448 -13.2447
19.3666 -20.484 -10.3736
19.6171 -16.9901 -11.8475
18.4409 -18.2324 -15.2411
15.4563 -19.986 -13.6727
14.4795 -16.839 -11.7792
14.666 -14.7556 -14.952
12.4708 -17.2309 -16.822
9.87766 -17.1778 -14.0443
9.79405 -13.3784 -14.0629

12.3701 -11.6584 -11.9899

12.1181 -14.7214 -9.85893
13.4201 -16.9104 -12.5169
16.1171 -14.4644 -13.6399
17.4591 -13.9774 -10.1199
17.4521 -17.5884 -8.91093

17.3601 -19.6774 -12.0519

18.4401 -23.0244 -10.7409
15.9991 -23.0034 -7.94693
13.1841 -21.5654 -10.1349
13.9141 -24.3194 -12.6599
13.5091 -27.0804 -10.0969
10.1581 -25.6874 -9.04593
8.97805 -25.1004 -12.6039
9.89105 -28.6804 -13.5969
7.93305 -29.9264 -10.6689
4.90205 -28.1094 -11.8669
5.47005 -29.2104 -15.3759
5.94305 -32.8844 -14.6879

4.20905 -33.4114 -11.4879
7.07105 -35.6844 -10.3059
10.0821 -35.0444 -8.01693
12.5811 -35.7484 -10.7929

14.2341 -32.2974 -10.3949
15.1891 -33.1634 -6.84593
16.1991 -36.8524 -7.01693

19.9851 -36.7254 -7.06393
20.2641 -33.5164 -4.89993

End chain 1
