36.887 -23.463 8.956
34.76 -20.902 10.706
34.477 -17.198 11.189

36.964 -17.128 14.061
39.617 -19.041 12.22
38.916 -16.953 9.158
39.302 -13.605 10.789
42.19 -14.84 12.785
44.013 -15.477 9.498
43.018 -12.034 8.052
43.819 -9.866 11.138

46.667 -11.773 12.722
47.514 -11.664 16.413
49.57 -8.806 18.102
50.066 -8.48 21.836
51.352 -4.91 21.69
49.663 -1.798 20.443
50.45 -1.367 16.785
49.448 0.755 13.823
47.162 -1.084 11.504
47.332 -0.454 7.847
45.314 2.936 7.988
47.723 4.167 10.708
45.249 3.604 13.564
46.062 2.098 16.866
45.084 -1.481 17.205
45.91 -4.534 19.228

45.084 -8.237 19.563
43.098 -9.676 16.642
42.161 -6.61 14.663

44.2673 -3.64843 15.469
46.311 -1.75407 17.9655
47.4609 0.972411 20.2549
49.0233 3.27932 22.8899
47.8412 6.16439 25.1052
48.7626 3.80813 27.8222
51.3918 1.55032 26.3854
50.8275 -1.45788 24.2183
53.1136 -0.223522 21.3117

56.5061 -0.997694 22.8397
54.9446 -3.41543 25.3215
53.078 -5.21417 22.5425
56.2633 -5.56826 20.5002
58.1304 -7.00555 23.4819
55.3691 -9.53943 24.1125
55.4134 -10.6377 20.4746
59.1845 -11.1007 20.5595
58.9525 -13.2035 23.7166
56.28 -15.4146 22.1637
58.3948 -15.9512 19.052

57.6048 -14.7122 22.459
61.1558 -14.1932 23.599
64.3818 -12.2562 23.32
65.8478 -13.9692 20.243
68.6948 -11.8412 19.162
67.7248 -12.5752 15.565
68.2278 -16.3202 15.954
65.6658 -19.0842 16.33
65.5828 -22.7552 16.668
64.3718 -25.3112 14.183

61.3318 -26.0502 16.284
60.4918 -22.3442 16.412
60.9308 -22.1162 12.572
58.4238 -24.8732 12.117
55.9088 -23.5242 14.486
55.8928 -20.2892 12.497
55.6298 -22.3592 9.31402
52.5968 -24.2072 10.606
50.9028 -20.9982 11.518
51.7018 -19.4962 8.15202
50.3918 -22.4382 6.17702
47.2638 -22.3982 8.17902
46.8188 -18.7412 7.72202
47.2788 -19.0682 3.92102
44.6238 -21.7082 3.63402
42.1958 -19.7432 5.80202
42.8608 -16.5422 3.74202
42.0028 -18.4012 0.555024
38.7938 -19.7712 2.17102
37.5968 -16.3562 3.17702

38.5598 -14.6532 -0.0429758
35.5188 -14.3132 -2.27898

37.6868 -14.4432 -5.34998
39.9578 -17.3332 -4.26998
37.5688 -19.6632 -2.63898
35.6478 -20.6382 -5.69198
38.8618 -21.3612 -7.57598
40.2288 -23.3702 -4.73498
37.0518 -25.2792 -4.43898
37.1238 -26.2692 -8.08798

40.6128 -27.6512 -8.10798
42.0148 -31.1462 -7.43298
44.2988 -31.7542 -4.46798

47.5558 -31.1352 -6.22298
46.5878 -27.9262 -7.79498
45.0938 -26.6032 -4.57598
48.5758 -26.9932 -3.15498
49.9578 -24.7552 -6.01198
47.3918 -22.0792 -5.16098
48.3478 -22.3082 -1.48798
52.0428 -21.8162 -2.46098
51.3308 -18.5692 -4.37398
49.2308 -17.2762 -1.53498
51.9418 -18.0802 0.905024
54.3978 -16.2082 -1.15598
52.4948 -13.1782 -2.20198

49.5368 -12.9212 -0.0359758
45.8358 -13.2262 -0.721976

45.6478 -9.80517 -2.21098
48.4468 -10.3712 -4.70798
46.9918 -13.6262 -5.92798
43.4228 -12.4372 -6.13898
44.7018 -9.89317 -8.61298
45.6278 -12.6082 -11.179

42.0958 -12.2502 -12.446

42.5678 -13.7712 -15.833
44.6578 -16.7092 -14.712
42.1488 -17.5282 -11.923
39.3588 -17.6992 -14.421
41.3408 -19.9952 -16.689
42.1618 -22.2392 -13.792
38.5588 -22.3142 -12.81
37.7748 -23.2122 -16.298

40.3998 -25.9522 -16.323
42.3308 -24.3852 -19.209
45.6428 -25.6022 -17.914

47.9058 -24.6292 -20.796
46.4288 -21.2542 -21.201
46.6068 -20.3622 -17.545
50.2508 -21.5292 -17.454
51.0498 -19.1132 -20.24
49.0688 -16.3212 -18.574
50.7248 -16.8442 -15.228
54.1958 -16.4732 -16.868
53.3738 -12.9262 -17.867
53.9958 -11.4892 -14.442

56.5718 -9.76917 -12.369

56.3198 -12.8322 -10.238
57.6218 -15.0212 -12.896
60.3188 -12.5752 -14.019
61.6608 -12.0882 -10.499
61.6538 -15.6992 -9.28998

61.5618 -17.7882 -12.431

62.6418 -21.1352 -11.12
60.2008 -21.1142 -8.32598
57.3858 -19.6762 -10.514
58.1158 -22.4302 -13.039
57.7108 -25.1912 -10.476
54.3598 -23.7982 -9.42498
53.1798 -23.2112 -12.983
54.0928 -26.7912 -13.976
52.1348 -28.0372 -11.048
49.1038 -26.2202 -12.246
49.6718 -27.3212 -15.755
50.1448 -30.9952 -15.067

48.4108 -31.5222 -11.867
51.2728 -33.7952 -10.685
54.2838 -33.1552 -8.39598
56.7828 -33.8592 -11.172

58.4358 -30.4082 -10.774
59.3908 -31.2742 -7.22498
60.4008 -34.9632 -7.39598

64.1868 -34.8362 -7.44298
64.4658 -31.6272 -5.27898

End chain 1
