0 0 0
0 0 3.88203
1.44471 0.0781436 7.35125

0.639552 -3.23324 9.03332
-1.75534 -1.53563 11.4469
-3.54203 0.221739 8.58996
-3.93443 -3.04909 6.69507
-5.38306 -4.76394 9.76162
-7.88658 -1.95058 10.2718
-8.99489 -2.14828 6.64199
-9.49664 -5.90663 6.89888

-6.64864 -7.81363 8.48288
-5.80164 -7.70463 12.1739
-3.74564 -4.84663 13.8629
-3.24964 -4.52063 17.5969
-1.96364 -0.950625 17.4509
-3.65264 2.16137 16.2039
-2.86564 2.59237 12.5459
-3.86764 4.71437 9.58388
-6.15364 2.87537 7.26488
-5.98364 3.50537 3.60788
-8.00164 6.89537 3.74888
-5.59264 8.12637 6.46888
-8.06664 7.56337 9.32488
-7.25364 6.05737 12.6269
-8.23164 2.47837 12.9659
-7.40564 -0.574625 14.9889

-8.23164 -4.27763 15.3239
-10.2176 -5.71663 12.4029
-11.1546 -2.65063 10.4239

-12.5496 -0.795625 13.4519
-12.5926 2.84137 12.5459
-11.7306 5.01137 15.4779
-11.9876 8.56737 14.2049
-11.8326 10.5494 10.9999
-10.0136 13.2154 12.9689
-6.32864 13.8274 12.3419
-5.57464 13.7144 16.0649
-3.87464 10.7594 17.6169

-5.14764 11.9504 20.8619
-8.61064 11.9754 19.5569
-8.11164 8.36537 18.3779
-6.59464 7.22237 21.6479
-9.54064 8.77737 23.5299
-11.9786 7.06537 21.2539
-10.0966 3.87537 21.6929
-10.2376 3.93337 25.5209
-13.9276 4.83637 25.4339
-14.6226 1.90237 23.1209
-12.5766 -0.591625 25.2289

-13.3666 0.647375 28.6359
-9.81564 1.16637 29.7759
-6.58964 3.10337 29.4969
-5.12364 1.39037 26.4199
-2.27664 3.51837 25.3389
-3.24664 2.78437 21.7419
-2.74364 -0.960625 22.1309
-5.30564 -3.72463 22.5069
-5.38864 -7.39563 22.8449
-6.59964 -9.95163 20.3599

-9.63964 -10.6906 22.4609
-10.4796 -6.98463 22.5889
-10.0406 -6.75663 18.7489
-12.5476 -9.51363 18.2939
-15.0626 -8.16463 20.6629
-15.0786 -4.92963 18.6739
-15.3416 -6.99963 15.4909
-18.3746 -8.84763 16.7829
-20.0686 -5.63863 17.6949
-19.2696 -4.13663 14.3289
-20.5796 -7.07863 12.3539
-23.7076 -7.03863 14.3559
-24.1526 -3.38163 13.8989
-23.6926 -3.70863 10.0979
-26.3476 -6.34863 9.81088
-28.7756 -4.38363 11.9789
-28.1106 -1.18263 9.91888
-28.9686 -3.04163 6.73188
-32.1776 -4.41163 8.34788
-33.3746 -0.996625 9.35388

-32.4116 0.706375 6.13388
-35.4526 1.04637 3.89788

-33.2846 0.916375 0.826881
-31.0136 -1.97363 1.90688
-33.4026 -4.30363 3.53788
-35.3236 -5.27863 0.484881
-32.1096 -6.00163 -1.39912
-30.7426 -8.01063 1.44188
-33.9196 -9.91963 1.73788
-33.8476 -10.9096 -1.91112

-30.3586 -12.2916 -1.93112
-28.9566 -15.7866 -1.25612
-26.6726 -16.3946 1.70888

-23.4156 -15.7756 -0.0461186
-24.3836 -12.5666 -1.61812
-25.8776 -11.2436 1.60088
-22.3956 -11.6336 3.02188
-21.0136 -9.39563 0.164881
-23.5796 -6.71963 1.01588
-22.6236 -6.94863 4.68888
-18.9286 -6.45663 3.71588
-19.6406 -3.20963 1.80288
-21.7406 -1.91663 4.64188
-19.0296 -2.72063 7.08188
-16.5736 -0.848625 5.02088
-18.4766 2.18137 3.97488

-21.4346 2.43837 6.14088
-25.1356 2.13337 5.45488

-25.3236 5.55437 3.96588
-22.5246 4.98837 1.46888
-23.9796 1.73337 0.248881
-27.5486 2.92237 0.0378814
-26.2696 5.46637 -2.43612
-25.3436 2.75137 -5.00212

-28.8756 3.10937 -6.26912

-28.4036 1.58837 -9.65612
-26.3136 -1.34963 -8.53512
-28.8226 -2.16863 -5.74612
-31.6126 -2.33963 -8.24412
-29.6306 -4.63563 -10.5121
-28.8096 -6.87963 -7.61512
-32.4126 -6.95463 -6.63312
-33.1966 -7.85263 -10.1211

-30.5716 -10.5926 -10.1461
-28.6406 -9.02563 -13.0321
-25.3286 -10.2426 -11.7371

-23.0656 -9.26963 -14.6191
-24.5426 -5.89463 -15.0241
-24.3646 -5.00263 -11.3681
-20.7206 -6.16963 -11.2771
-19.9216 -3.75363 -14.0631
-21.9026 -0.961625 -12.3971
-20.2466 -1.48463 -9.05112
-16.7756 -1.11363 -10.6911
-17.5976 2.43337 -11.6901
-16.9756 3.87037 -8.26512

-14.3996 5.59037 -6.19212

-14.6516 2.52737 -4.06112
-13.3496 0.338375 -6.71912
-10.6526 2.78437 -7.84212
-9.31064 3.27137 -4.32212
-9.31764 -0.339625 -3.11312

-9.40964 -2.42863 -6.25412

-8.32964 -5.77563 -4.94312
-10.7706 -5.75463 -2.14912
-13.5856 -4.31663 -4.33712
-12.8556 -7.07063 -6.86212
-13.2606 -9.83163 -4.29912
-16.6116 -8.43863 -3.24812
-17.7916 -7.85163 -6.80612
-16.8786 -11.4316 -7.79912
-18.8366 -12.6776 -4.87112
-21.8676 -10.8606 -6.06912
-21.2996 -11.9616 -9.57812
-20.8266 -15.6356 -8.89012

-22.5606 -16.1626 -5.69012
-19.6986 -18.4356 -4.50812
-16.6876 -17.7956 -2.21912
-14.1886 -18.4996 -4.99512

-12.5356 -15.0486 -4.59712
-11.5806 -15.9146 -1.04812
-10.5706 -19.6036 -1.21912

-6.78464 -19.4766 -1.26612
-6.50564 -16.2676 0.897881

End chain 1
