36.887 -23.463 8.956
34.76 -20.902 10.706
34.477 -17.198 11.189

36.964 -17.128 14.061
39.617 -19.041 12.22
38.916 -16.953 9.158
39.302 -13.605 10.789
42.19 -14.84 12.785
44.013 -15.477 9.498
43.018 -12.034 8.052
43.819 -9.866 11.138

46.9549 -11.5138 12.5843
45.6476 -14.7447 13.8603
48.8025 -15.8722 15.6574
50.1071 -13.2823 17.9963
47.1857 -11.0129 17.1845
44.302 -13.3274 18.4003
46.4194 -14.2526 21.358
47.4911 -10.715 22.5752
43.6421 -10.3819 22.9471
43.7479 -11.7598 26.5851
45.1409 -8.14783 26.9962
42.8286 -5.83838 24.9682
40.6012 -5.58005 27.9215
43.2381 -5.2032 30.7482
44.2007 -2.48645 28.3914
41.1928 -0.586102 27.0624

39.5608 2.62881 25.8607
41.1857 4.61534 28.6636
44.6047 3.1814 27.8287

43.2097 5.0364 30.8567
43.1667 8.6734 29.9507
44.0287 10.8434 32.8827
43.7717 14.3994 31.6097
43.9267 16.3814 28.4047
45.7457 19.0474 30.3737
49.4307 19.6594 29.7467
50.1847 19.5464 33.4697
51.8847 16.5914 35.0217

50.6117 17.7824 38.2667
47.1487 17.8074 36.9617
47.6477 14.1974 35.7827
49.1647 13.0544 39.0527
46.2187 14.6094 40.9347
43.7807 12.8974 38.6587
45.6627 9.7074 39.0977
45.5217 9.7654 42.9257
41.8317 10.6684 42.8387
41.1367 7.7344 40.5257
43.1827 5.2404 42.6337

42.3927 6.4794 46.0407
45.9437 6.9984 47.1807
49.1697 8.9354 46.9017
50.6357 7.2224 43.8247
53.4827 9.3504 42.7437
52.5127 8.6164 39.1467
53.0157 4.8714 39.5357
50.4537 2.1074 39.9117
50.3707 -1.5636 40.2497
49.1597 -4.1196 37.7647

46.1197 -4.8586 39.8657
45.2797 -1.1526 39.9937
45.7187 -0.924603 36.1537
43.2117 -3.6816 35.6987
40.6967 -2.3326 38.0677
40.6807 0.902397 36.0787
40.4177 -1.1676 32.8957
37.3847 -3.0156 34.1877
35.6907 0.193397 35.0997
36.4897 1.6954 31.7337
35.1797 -1.2466 29.7587
32.0517 -1.2066 31.7607
31.6067 2.4504 31.3037
32.0667 2.1234 27.5027
29.4117 -0.516603 27.2157
26.9837 1.4484 29.3837
27.6487 4.6494 27.3237
26.7907 2.7904 24.1367
23.5817 1.4204 25.7527
22.3847 4.8354 26.7587

23.3477 6.5384 23.5387
20.3067 6.8784 21.3027

22.4747 6.7484 18.2317
24.7457 3.8584 19.3117
22.3567 1.5284 20.9427
20.4357 0.553397 17.8897
23.6497 -0.169603 16.0057
25.0167 -2.1786 18.8467
21.8397 -4.0876 19.1427
21.9117 -5.0776 15.4937

25.4007 -6.4596 15.4737
26.8027 -9.9546 16.1487
29.0867 -10.5626 19.1137

32.3437 -9.9436 17.3587
31.3757 -6.7346 15.7867
29.8817 -5.4116 19.0057
33.3637 -5.8016 20.4267
34.7457 -3.5636 17.5697
32.1797 -0.887603 18.4207
33.1357 -1.1166 22.0937
36.8307 -0.624603 21.1207
36.1187 2.6224 19.2077
34.0187 3.9154 22.0467
36.7297 3.1114 24.4867
39.1857 4.9834 22.4257
37.2827 8.0134 21.3797

34.3247 8.2704 23.5457
30.6237 7.9654 22.8597

30.4357 11.3864 21.3707
33.2347 10.8204 18.8737
31.7797 7.5654 17.6537
28.2107 8.7544 17.4427
29.4897 11.2984 14.9687
30.4157 8.5834 12.4027

26.8837 8.9414 11.1357

27.3557 7.4204 7.74873
29.4457 4.4824 8.86973
26.9367 3.6634 11.6587
24.1467 3.4924 9.16073
26.1287 1.1964 6.89273
26.9497 -1.0476 9.78973
23.3467 -1.1226 10.7717
22.5627 -2.0206 7.28373

25.1877 -4.7606 7.25873
27.1187 -3.1936 4.37273
30.4307 -4.4106 5.66773

32.6937 -3.4376 2.78573
31.2167 -0.0626033 2.38073
31.3947 0.829397 6.03673
35.0387 -0.337603 6.12773
35.8377 2.0784 3.34173
33.8567 4.8704 5.00773
35.5127 4.3474 8.35373
38.9837 4.7184 6.71373
38.1617 8.2654 5.71473
38.7837 9.7024 9.13973

41.3597 11.4224 11.2127

41.1077 8.3594 13.3437
42.4097 6.1704 10.6857
45.1067 8.6164 9.56273
46.4487 9.1034 13.0827
46.4417 5.4924 14.2917

46.3497 3.4034 11.1507

47.4297 0.0563967 12.4617
44.9887 0.0773967 15.2557
42.1737 1.5154 13.0677
42.9037 -1.2386 10.5427
42.4987 -3.9996 13.1057
39.1477 -2.6066 14.1567
37.9677 -2.0196 10.5987
38.8807 -5.5996 9.60573
36.9227 -6.8456 12.5337
33.8917 -5.0286 11.3357
34.4597 -6.1296 7.82673
34.9327 -9.8036 8.51473

33.1987 -10.3306 11.7147
36.0607 -12.6036 12.8967
39.0717 -11.9636 15.1857
41.5707 -12.6676 12.4097

43.2237 -9.2166 12.8077
44.1787 -10.0826 16.3567
45.1887 -13.7716 16.1857

48.9747 -13.6446 16.1387
49.2537 -10.4356 18.3027

End chain 1
