36.887 -23.463 8.956
34.76 -20.902 10.706
34.477 -17.198 11.189

36.964 -17.128 14.061
39.617 -19.041 12.22
38.916 -16.953 9.158
39.302 -13.605 10.789
42.19 -14.84 12.785
44.013 -15.477 9.498
43.018 -12.034 8.052
43.819 -9.866 11.138

46.667 -11.773 12.722
47.514 -11.664 16.413
49.57 -8.806 18.102
50.066 -8.48 21.836
51.352 -4.91 21.69
49.663 -1.798 20.443
50.45 -1.367 16.785
49.448 0.755 13.823
47.162 -1.084 11.504
47.332 -0.454 7.847
45.314 2.936 7.988
47.723 4.167 10.708
45.249 3.604 13.564
46.062 2.098 16.866
45.084 -1.481 17.205
45.91 -4.534 19.228

45.084 -8.237 19.563
43.098 -9.676 16.642
42.161 -6.61 14.663

40.766 -4.755 17.691
40.723 -1.118 16.785
41.585 1.052 19.717
41.328 4.608 18.444
41.483 6.59 15.239
43.302 9.256 17.208
46.987 9.868 16.581
47.741 9.755 20.304
49.441 6.8 21.856

48.168 7.991 25.101
44.705 8.016 23.796
45.204 4.406 22.617
46.721 3.263 25.887
43.775 4.818 27.769
41.337 3.106 25.493
43.219 -0.084 25.932
43.078 -0.026 29.76
39.388 0.877 29.673
38.693 -2.057 27.36
40.739 -4.551 29.468

39.949 -3.312 32.875
43.5 -2.793 34.015
46.726 -0.856 33.736
48.192 -2.569 30.659
51.039 -0.441 29.578
50.069 -1.175 25.981
50.572 -4.92 26.37
48.01 -7.684 26.746
47.927 -11.355 27.084
46.716 -13.911 24.599

43.676 -14.65 26.7
42.836 -10.944 26.828
43.275 -10.716 22.988
40.768 -13.473 22.533
38.253 -12.124 24.902
38.237 -8.889 22.913
37.974 -10.959 19.73
34.941 -12.807 21.022
33.247 -9.598 21.934
34.046 -8.096 18.568
32.736 -11.038 16.593
29.608 -10.998 18.595
29.163 -7.341 18.138
29.623 -7.668 14.337
26.968 -10.308 14.05
24.54 -8.343 16.218
25.205 -5.142 14.158
24.347 -7.001 10.971
21.138 -8.371 12.587
19.941 -4.956 13.593

18.904 -4.45925 9.99446
17.7485 -2.75219 6.79689

16.2596 0.14077 8.76074
19.303 0.292193 11.0318
21.6503 0.353384 8.04365
19.6889 3.1851 6.43822
19.8082 5.21679 9.64773
23.5675 4.73502 9.92727
24.0766 5.86095 6.33339
21.99 8.98372 6.91413

25.479 7.60172 6.89413
26.881 4.10672 7.56913
29.165 3.49872 10.5341

32.422 4.11772 8.77913
31.454 7.32672 7.20713
29.96 8.64972 10.4261
33.442 8.25972 11.8471
34.824 10.4977 8.99013
32.258 13.1737 9.84113
33.214 12.9447 13.5141
36.909 13.4367 12.5411
36.197 16.6837 10.6281
34.097 17.9767 13.4671
36.808 17.1727 15.9071
39.264 19.0447 13.8461
37.361 22.0747 12.8001

34.403 22.3317 14.9661
30.702 22.0267 14.2801

30.514 25.4477 12.7911
33.313 24.8817 10.2941
31.858 21.6267 9.07413
28.289 22.8157 8.86313
29.568 25.3597 6.38913
30.494 22.6447 3.82313

26.962 23.0027 2.55613

27.434 21.4817 -0.830866
29.524 18.5437 0.290134
27.015 17.7247 3.07913
24.225 17.5537 0.581134
26.207 15.2577 -1.68687
27.028 13.0137 1.21013
23.425 12.9387 2.19213
22.641 12.0407 -1.29587

25.266 9.30072 -1.32087
27.197 10.8677 -4.20687
30.509 9.65072 -2.91187

32.772 10.6237 -5.79387
31.295 13.9987 -6.19887
31.473 14.8907 -2.54287
35.117 13.7237 -2.45187
35.916 16.1397 -5.23787
33.935 18.9317 -3.57187
35.591 18.4087 -0.225866
39.062 18.7797 -1.86587
38.24 22.3267 -2.86487
38.862 23.7637 0.560134

41.438 25.4837 2.63313

41.186 22.4207 4.76413
42.488 20.2317 2.10613
45.185 22.6777 0.983134
46.527 23.1647 4.50313
46.52 19.5537 5.71213

46.428 17.4647 2.57113

47.508 14.1177 3.88213
45.067 14.1387 6.67613
42.252 15.5767 4.48813
42.982 12.8227 1.96313
42.577 10.0617 4.52613
39.226 11.4547 5.57713
38.046 12.0417 2.01913
38.959 8.46172 1.02613
37.001 7.21572 3.95413
33.97 9.03272 2.75613
34.538 7.93172 -0.752866
35.011 4.25772 -0.064866

33.277 3.73072 3.13513
36.139 1.45772 4.31713
39.15 2.09772 6.60613
41.649 1.39372 3.83013

43.302 4.84472 4.22813
44.257 3.97872 7.77713
45.267 0.289723 7.60613

49.053 0.416723 7.55913
49.332 3.62572 9.72313

End chain 1
