14.376 13.393 -9.434
11.305 12.496 -7.337
11.151 9.258 -9.32

11.004 6.006 -7.338
14.52 4.519 -7.198
14.967 0.776 -7.832

15.638 0.429 -4.087
12.514 2.285 -2.905
10.556 -0.102 -5.156
12.221 -3.075 -3.436
11.74 -1.711 0.112
7.991 -1.522 -0.555
8.139 -4.957 -2.2
9.527 -6.582 0.974
6.846 -4.901 3.105
4.21 -5.895 0.525
5.202 -9.589 0.585
5.112 -9.741 4.412
1.285 -9.811 3.999

1.012 -11.657 0.647
-0.051 -15.058 2.058
-1.977 -15.785 -1.16
1.187 -16.059 -3.293
-0.922 -13.94 -5.681
1.285 -10.852 -5.276
-1.689 -9.009 -3.672

-2.915 -8.068 -0.165
-6.302 -7.233 1.393
-7.428 -3.732 2.358

-7.469 -4.807 6.028
-3.672 -5.269 5.793
-3.13 -1.916 4.045
-2.604 0.156 7.219
-0.433 -2.7 8.539
1.967 -2.564 5.569
2.121 1.243 5.732
2.836 0.996 9.476
5.725 -1.371 8.686
7.397 1.46 6.732

6.862 3.75 9.759
3.84 5.572 8.229
0.705 6.206 10.37
-2.191 7.511 8.235
-5.494 7.975 10.111
-8.327 5.514 9.467

-10.202 8.1 7.376
-7.089 8.768 5.267
-6.967 5.013 4.625
-10.723 4.657 3.976
-10.494 7.56 1.505
-7.848 5.96 -0.715
-9.658 2.627 -0.363
-12.899 4.138 -1.689
-10.989 5.097 -4.873
-8.972 1.872 -5.183
-11.976 -0.197 -4.162
-13.395 0.681 -7.557

-12.944 -2.906 -8.736
-14.981 -4.093 -5.736
-12.26 -6.684 -4.927
-11.432 -5.132 -1.522
-7.795 -6.014 -2.414

-4.657 -4.172 -3.647
-1.857 -5.367 -5.98
1.813 -4.17 -5.821

1.616 -1.857 -8.906
-1.333 0.027 -7.367
0.623 -0.024 -4.093
3.454 1.812 -5.882
0.838 4.4 -6.903
-0.068 4.974 -3.233
3.498 5.745 -2.076
4.041 7.956 -5.142
0.983 10.041 -4.186
2.565 10.703 -0.782
6.246 11.063 -1.846

5.52176 13.2489 -4.81409
5.02177 16.7041 -3.47899
1.77276 17.1525 -1.543
2.37222 15.1344 1.54581
5.6398 17.1055 1.5022

7.046 17.2717 5.02893
6.0193 13.6769 5.71174
7.67504 12.4925 2.5026
10.9017 14.2946 3.38802
10.9412 12.7266 6.84964
10.4338 9.25506 5.3889
13.2894 9.76522 2.93367
15.6112 10.8995 5.72038
14.7415 7.85154 7.81715
15.4313 5.52334 4.89368
18.8113 7.14613 4.27334
19.7675 6.77955 7.93315

18.357 3.27036 8.00028
17.3519 -0.2953 8.67829
18.9745 -3.65562 9.00758
21.9712 -1.40186 8.843
23.521 1.07953 11.1567
22.1748 -1.78351 13.3996
20.8308 -4.94617 14.9379
23.1066 -6.39439 12.2031
25.8238 -5.22345 14.4733

27.3051 -6.93142 17.5281
23.8447 -7.6326 18.934
22.7045 -9.1399 15.6369
25.7605 -11.395 15.4999
25.1478 -12.6036 19.0504
21.5179 -13.4008 18.256
22.5261 -15.3765 15.1701
25.0612 -17.3851 17.1656
22.4675 -18.2045 19.8197
19.9951 -19.3732 17.1808

22.7076 -21.5798 15.8366
25.653 -22.57 18.1779
28.3878 -22.7342 20.6802
31.8661 -23.0176 19.1219
35.5434 -22.3277 18.9757
34.3726 -19.1622 17.1946

34.4536 -16.6533 20.048
37.3894 -18.4431 21.6669
39.3193 -18.4435 18.393
38.7177 -14.7202 17.9259
39.9354 -13.983 21.4496
43.1 -16.0098 20.8841
43.8197 -14.1625 17.6419
43.3781 -10.7959 19.3489
45.7546 -11.7917 22.1424
48.3869 -12.905 19.6374

50.1394 -10.2671 17.5439
51.8295 -7.62351 15.3641
53.5409 -4.77729 13.4401
55.7794 -5.29825 10.3556
54.8004 -1.54163 10.028
54.7154 2.08642 11.0912
50.9401 1.32734 11.2588

47.6868 1.65706 9.38976
44.4095 2.07431 7.54419
41.0735 2.27541 5.80939

39.3465 1.67641 2.39239

41.5125 -1.46759 2.14539
40.7765 -2.53359 5.74339
37.0635 -1.72459 5.23239
36.6215 -4.22659 2.37939
38.4825 -6.80159 4.50839
36.1175 -6.49959 7.50039
33.1705 -6.94359 5.11539

34.3435 -10.0506 3.25939
37.6895 -10.8046 1.63839

End chain 1
