14.376 13.393 -9.434
11.305 12.496 -7.337
11.151 9.258 -9.32

11.004 6.006 -7.338
14.52 4.519 -7.198
14.967 0.776 -7.832

15.638 0.429 -4.087
12.514 2.285 -2.905
10.556 -0.102 -5.156
12.221 -3.075 -3.436
11.74 -1.711 0.112
7.991 -1.522 -0.555
8.139 -4.957 -2.2
9.527 -6.582 0.974
6.846 -4.901 3.105
4.21 -5.895 0.525
5.202 -9.589 0.585
5.112 -9.741 4.412
1.285 -9.811 3.999

1.012 -11.657 0.647
-0.051 -15.058 2.058
-1.977 -15.785 -1.16
1.187 -16.059 -3.293
-0.922 -13.94 -5.681
1.285 -10.852 -5.276
-1.689 -9.009 -3.672

-2.915 -8.068 -0.165
-6.302 -7.233 1.393
-7.428 -3.732 2.358

-7.469 -4.807 6.028
-3.672 -5.269 5.793
-3.13 -1.916 4.045
-2.604 0.156 7.219
-0.433 -2.7 8.539
1.967 -2.564 5.569
2.121 1.243 5.732
2.836 0.996 9.476
5.725 -1.371 8.686
7.397 1.46 6.732

6.862 3.75 9.759
3.84 5.572 8.229
0.705 6.206 10.37
-2.191 7.511 8.235
-5.494 7.975 10.111
-8.327 5.514 9.467

-10.202 8.1 7.376
-7.089 8.768 5.267
-6.967 5.013 4.625
-10.723 4.657 3.976
-10.494 7.56 1.505
-7.848 5.96 -0.715
-9.658 2.627 -0.363
-12.899 4.138 -1.689
-10.989 5.097 -4.873
-8.972 1.872 -5.183
-11.976 -0.197 -4.162
-13.395 0.681 -7.557

-12.944 -2.906 -8.736
-14.981 -4.093 -5.736
-12.26 -6.684 -4.927
-11.432 -5.132 -1.522
-7.795 -6.014 -2.414

-4.657 -4.172 -3.647
-1.857 -5.367 -5.98
1.813 -4.17 -5.821

1.616 -1.857 -8.906
-1.333 0.027 -7.367
0.623 -0.024 -4.093
3.454 1.812 -5.882
0.838 4.4 -6.903
-0.068 4.974 -3.233
3.498 5.745 -2.076
4.041 7.956 -5.142
0.983 10.041 -4.186
2.565 10.703 -0.782
6.246 11.063 -1.846

5.52176 13.2489 -4.81409
5.02177 16.7041 -3.47899
1.77276 17.1525 -1.543
2.37222 15.1344 1.54581
5.6398 17.1055 1.5022

7.046 17.2717 5.02893
6.0193 13.6769 5.71174
7.67504 12.4925 2.5026
10.9017 14.2946 3.38802
10.9412 12.7266 6.84964
10.4338 9.25506 5.3889
13.2894 9.76522 2.93367
15.6112 10.8995 5.72038
14.7415 7.85154 7.81715
15.4313 5.52334 4.89368
18.8113 7.14613 4.27334
19.7675 6.77955 7.93315

20.1905 9.86055 10.1702
22.5305 11.2946 7.51815
20.0795 10.7626 4.62815
23.1585 9.30255 2.87715
21.7975 5.74655 2.31215
24.5555 4.17955 4.46115
24.8155 3.25355 8.17715
27.3635 1.36155 10.3192
26.8705 -2.45145 10.2812

25.9045 -2.09245 13.9552
23.0405 0.287551 13.2102
22.1585 -2.20545 10.4452
22.1075 -5.30645 12.6272
20.1795 -3.14645 15.1002
17.5805 -2.13145 12.4682
16.9485 -5.86145 12.0262
16.6855 -6.60145 15.7972
14.6615 -3.53745 16.9202
12.1235 -4.36345 14.1992

11.1495 -7.38945 16.2852
11.8745 -9.92045 13.5172
12.2795 -13.6114 14.5372
15.8625 -13.2864 13.3262
18.6155 -15.1974 15.1782
22.1175 -13.7254 15.6452

23.4165 -16.7454 13.6852
21.2855 -16.0314 10.5932
22.5585 -12.4334 10.4092
26.1425 -13.6904 10.7472
25.5105 -15.6164 7.50515
23.9685 -12.5624 5.80315
27.0535 -10.5604 6.92915
29.4765 -13.0464 5.27815
28.2405 -12.3844 1.70115
27.5235 -8.70845 2.52215

31.1815 -7.64645 2.46315
30.6195 -5.57045 5.60015
34.3365 -4.92145 5.81515
36.6765 -3.50445 3.20915
34.9855 -0.177449 4.13415
33.1105 0.158551 7.45115
29.5705 1.21955 6.43415

27.0785 -0.673449 4.21515
23.7755 0.209551 2.52615
20.6435 -1.78245 3.47315

18.9165 -2.38145 0.0561538

21.0825 -5.52545 -0.190846
20.3465 -6.59145 3.40715
16.6335 -5.78245 2.89615
16.1915 -8.28445 0.0431538
18.0525 -10.8594 2.17215
15.6875 -10.5574 5.16415
12.7405 -11.0014 2.77915

13.9135 -14.1084 0.923154
17.2595 -14.8624 -0.697846

End chain 1
