14.376 13.393 -9.434
11.305 12.496 -7.337
11.151 9.258 -9.32

11.004 6.006 -7.338
14.52 4.519 -7.198
14.967 0.776 -7.832

15.638 0.429 -4.087
12.514 2.285 -2.905
10.556 -0.102 -5.156
12.221 -3.075 -3.436
11.74 -1.711 0.112
7.991 -1.522 -0.555
8.139 -4.957 -2.2
9.527 -6.582 0.974
6.846 -4.901 3.105
4.21 -5.895 0.525
5.202 -9.589 0.585
5.112 -9.741 4.412
1.285 -9.811 3.999

1.012 -11.657 0.647
-0.051 -15.058 2.058
-1.977 -15.785 -1.16
1.187 -16.059 -3.293
-0.922 -13.94 -5.681
1.285 -10.852 -5.276
-1.689 -9.009 -3.672

-2.915 -8.068 -0.165
-6.302 -7.233 1.393
-7.428 -3.732 2.358

-7.469 -4.807 6.028
-3.672 -5.269 5.793
-3.13 -1.916 4.045
-2.604 0.156 7.219
-0.433 -2.7 8.539
1.967 -2.564 5.569
2.121 1.243 5.732
2.836 0.996 9.476
5.725 -1.371 8.686
7.397 1.46 6.732

6.862 3.75 9.759
3.84 5.572 8.229
0.705 6.206 10.37
-2.191 7.511 8.235
-5.494 7.975 10.111
-8.327 5.514 9.467

-10.202 8.1 7.376
-7.089 8.768 5.267
-6.967 5.013 4.625
-10.723 4.657 3.976
-10.494 7.56 1.505
-7.848 5.96 -0.715
-9.658 2.627 -0.363
-12.899 4.138 -1.689
-10.989 5.097 -4.873
-8.972 1.872 -5.183
-11.976 -0.197 -4.162
-13.395 0.681 -7.557

-12.944 -2.906 -8.736
-14.981 -4.093 -5.736
-12.26 -6.684 -4.927
-11.432 -5.132 -1.522
-7.795 -6.014 -2.414

-4.657 -4.172 -3.647
-1.857 -5.367 -5.98
1.813 -4.17 -5.821

1.616 -1.857 -8.906
-1.333 0.027 -7.367
0.623 -0.024 -4.093
3.454 1.812 -5.882
0.838 4.4 -6.903
-0.068 4.974 -3.233
3.498 5.745 -2.076
4.041 7.956 -5.142
0.983 10.041 -4.186
2.565 10.703 -0.782
6.246 11.063 -1.846

4.33368 13.891 -3.65895
3.62449 16.122 -6.69733
6.77952 15.3194 -8.79077
6.07385 11.713 -8.01063
2.51618 11.2134 -9.49928

4.13526 10.6037 -12.883
6.57971 8.11596 -11.3735
3.75583 6.22775 -9.66957
1.79949 6.02491 -12.9214
4.83271 4.68098 -14.7752
5.39506 2.01835 -12.1224
1.76183 0.920555 -12.3159
1.94767 0.638619 -16.1012
5.10187 -1.47032 -15.8862
3.48318 -3.80803 -13.3647
0.429811 -4.24523 -15.5848
2.61036 -5.06436 -18.5876

2.30962 -8.698 -17.4102
-0.81217 -10.9083 -16.8128
-4.15444 -12.4576 -15.9703
-4.67006 -15.994 -14.9511
-4.61275 -14.0947 -11.7699
-6.87591 -11.0735 -11.8591
-9.57291 -13.6835 -12.0185
-8.49483 -16.7874 -10.2722
-8.05424 -20.0633 -8.21137

-5.06358 -21.7489 -6.58116
-7.31437 -23.6026 -4.14387
-9.53358 -24.8283 -6.97507
-6.52149 -26.0877 -8.9204
-5.22198 -27.9643 -5.8819
-8.60346 -29.6089 -5.33076
-8.76819 -30.7107 -8.96416
-5.28558 -32.219 -8.76556
-6.19174 -34.1395 -5.61378
-9.33498 -35.521 -7.24296

-6.64762 -37.6494 -8.64369
-3.25589 -39.186 -9.34129
-1.71098 -41.7799 -11.586
1.70574 -40.1413 -12.3635
4.07524 -42.3887 -14.1737
4.80719 -40.5739 -17.3429

2.02787 -38.012 -16.949
3.90317 -36.266 -14.1424
7.07063 -36.0937 -16.2353
5.16824 -34.5998 -19.1666
3.60283 -31.9569 -16.9289
6.99897 -31.0048 -15.5138
8.46382 -30.6584 -19.0034
5.5877 -28.4266 -20.0943
6.03779 -26.1949 -17.0513
9.76002 -25.8485 -17.7354

9.72032 -25.0782 -21.3678
8.7391 -26.1343 -24.9131
8.61933 -27.7556 -28.2851
8.61397 -25.0502 -31.05
7.95494 -23.1948 -34.3757
7.04762 -19.675 -33.4426
4.98598 -16.7886 -34.8026

2.88124 -19.8704 -35.5031
-0.273414 -17.648 -35.8037
-3.35028 -15.75 -34.6801

-5.07728 -16.349 -38.0971

-2.91128 -19.493 -38.3441
-3.64728 -20.559 -34.7461
-7.36028 -19.75 -35.2571
-7.80228 -22.252 -38.1101
-5.94128 -24.827 -35.9811
-8.30628 -24.525 -32.9891
-11.2533 -24.969 -35.3741

-10.0803 -28.076 -37.2301
-6.73428 -28.83 -38.8511

End chain 1
