14.376 13.393 -9.434
11.305 12.496 -7.337
11.151 9.258 -9.32

11.004 6.006 -7.338
14.52 4.519 -7.198
14.967 0.776 -7.832

15.638 0.429 -4.087
12.514 2.285 -2.905
10.556 -0.102 -5.156
12.221 -3.075 -3.436
11.74 -1.711 0.112
7.991 -1.522 -0.555
8.139 -4.957 -2.2
9.527 -6.582 0.974
6.846 -4.901 3.105
4.21 -5.895 0.525
5.202 -9.589 0.585
5.112 -9.741 4.412
1.285 -9.811 3.999

1.012 -11.657 0.647
-0.051 -15.058 2.058
-1.977 -15.785 -1.16
1.187 -16.059 -3.293
-0.922 -13.94 -5.681
1.285 -10.852 -5.276
-1.689 -9.009 -3.672

-2.915 -8.068 -0.165
-6.302 -7.233 1.393
-7.428 -3.732 2.358

-7.469 -4.807 6.028
-3.672 -5.269 5.793
-3.13 -1.916 4.045
-2.604 0.156 7.219
-0.433 -2.7 8.539
1.967 -2.564 5.569
2.121 1.243 5.732
2.836 0.996 9.476
5.725 -1.371 8.686
7.397 1.46 6.732

6.862 3.75 9.759
3.84 5.572 8.229
0.705 6.206 10.37
-2.191 7.511 8.235
-5.494 7.975 10.111
-8.327 5.514 9.467

-10.202 8.1 7.376
-7.089 8.768 5.267
-6.967 5.013 4.625
-10.723 4.657 3.976
-10.494 7.56 1.505
-7.848 5.96 -0.715
-9.658 2.627 -0.363
-12.899 4.138 -1.689
-10.989 5.097 -4.873
-8.972 1.872 -5.183
-11.976 -0.197 -4.162
-13.395 0.681 -7.557

-12.944 -2.906 -8.736
-14.981 -4.093 -5.736
-12.26 -6.684 -4.927
-11.432 -5.132 -1.522
-7.795 -6.014 -2.414

-4.657 -4.172 -3.647
-1.857 -5.367 -5.98
1.813 -4.17 -5.821

1.616 -1.857 -8.906
-1.333 0.027 -7.367
0.623 -0.024 -4.093
3.454 1.812 -5.882
0.838 4.4 -6.903
-0.068 4.974 -3.233
3.498 5.745 -2.076
4.041 7.956 -5.142
0.983 10.041 -4.186
2.565 10.703 -0.782
6.246 11.063 -1.846

4.33368 13.891 -3.65895
3.62449 16.122 -6.69733
6.77952 15.3194 -8.79077
6.07385 11.713 -8.01063
2.51618 11.2134 -9.49928

4.13526 10.6037 -12.883
6.57971 8.11596 -11.3735
3.75583 6.22775 -9.66957
1.79949 6.02491 -12.9214
4.83271 4.68098 -14.7752
5.39506 2.01835 -12.1224
1.76183 0.920555 -12.3159
1.94767 0.638619 -16.1012
5.10187 -1.47032 -15.8862
3.48318 -3.80803 -13.3647
0.429811 -4.24523 -15.5848
2.61036 -5.06436 -18.5876

1.19987 -8.57355 -18.5205
0.194782 -12.1392 -17.8425
1.81742 -15.4995 -17.5132
4.81405 -13.2458 -17.6778
6.3639 -10.7644 -15.3641
5.01773 -13.6274 -13.1211
3.6737 -16.7901 -11.5829
5.94945 -18.2383 -14.3177
8.6667 -17.0674 -12.0475

10.148 -18.7753 -8.99272
6.68758 -19.4765 -7.58673
5.54741 -20.9838 -10.8838
8.60336 -23.2389 -11.0209
7.99072 -24.4475 -7.47032
4.36079 -25.2447 -8.26474
5.36903 -27.2204 -11.3506
7.90414 -29.229 -9.35516
5.31044 -30.0484 -6.70106
2.83795 -31.2171 -9.33994

5.55052 -33.4237 -10.6842
8.49588 -34.414 -8.3429
11.2307 -34.5781 -5.8406
14.709 -34.8615 -7.3989
18.3863 -34.1716 -7.54507
17.2155 -31.0061 -9.32615

17.2965 -28.4972 -6.47273
20.2323 -30.287 -4.8539
22.1622 -30.2874 -8.12778
21.5606 -26.5641 -8.59486
22.7783 -25.8269 -5.07116
25.9429 -27.8537 -5.63664
26.6626 -26.0064 -8.8789
26.221 -22.6398 -7.17184
28.5975 -23.6356 -4.37839
31.2298 -24.7489 -6.88336

30.9358 -22.7573 -10.1603
27.9679 -20.3306 -10.6658
28.8399 -16.851 -11.5941
30.4827 -18.9866 -14.2417
29.6704 -22.5893 -15.0271
26.6768 -20.9286 -16.758
26.1721 -17.7099 -18.5732

24.2338 -18.5624 -21.6922
21.0689 -19.8287 -23.1313
17.4894 -20.9909 -23.5787

15.7624 -21.5899 -26.9957

17.9284 -24.7339 -27.2427
17.1924 -25.7999 -23.6447
13.4794 -24.9909 -24.1557
13.0374 -27.4929 -27.0087
14.8984 -30.0679 -24.8797
12.5334 -29.7659 -21.8877
9.5864 -30.2099 -24.2727

10.7594 -33.3169 -26.1287
14.1054 -34.0709 -27.7497

End chain 1
