14.376 13.393 -9.434
11.305 12.496 -7.337
11.151 9.258 -9.32

11.004 6.006 -7.338
14.52 4.519 -7.198
14.967 0.776 -7.832

15.638 0.429 -4.087
12.514 2.285 -2.905
10.556 -0.102 -5.156
12.221 -3.075 -3.436
11.74 -1.711 0.112
7.991 -1.522 -0.555
8.139 -4.957 -2.2
9.527 -6.582 0.974
6.846 -4.901 3.105
4.21 -5.895 0.525
5.202 -9.589 0.585
5.112 -9.741 4.412
1.285 -9.811 3.999

1.012 -11.657 0.647
-0.051 -15.058 2.058
-1.977 -15.785 -1.16
1.187 -16.059 -3.293
-0.922 -13.94 -5.681
1.285 -10.852 -5.276
-1.689 -9.009 -3.672

-2.915 -8.068 -0.165
-6.302 -7.233 1.393
-7.428 -3.732 2.358

-7.469 -4.807 6.028
-3.672 -5.269 5.793
-3.13 -1.916 4.045
-2.604 0.156 7.219
-0.433 -2.7 8.539
1.967 -2.564 5.569
2.121 1.243 5.732
2.836 0.996 9.476
5.725 -1.371 8.686
7.397 1.46 6.732

6.862 3.75 9.759
3.84 5.572 8.229
0.705 6.206 10.37
-2.191 7.511 8.235
-5.494 7.975 10.111
-8.327 5.514 9.467

-10.202 8.1 7.376
-7.089 8.768 5.267
-6.967 5.013 4.625
-10.723 4.657 3.976
-10.494 7.56 1.505
-7.848 5.96 -0.715
-9.658 2.627 -0.363
-12.899 4.138 -1.689
-10.989 5.097 -4.873
-8.972 1.872 -5.183
-11.976 -0.197 -4.162
-13.395 0.681 -7.557

-12.944 -2.906 -8.736
-14.981 -4.093 -5.736
-12.26 -6.684 -4.927
-11.432 -5.132 -1.522
-7.795 -6.014 -2.414

-4.657 -4.172 -3.647
-1.857 -5.367 -5.98
1.813 -4.17 -5.821

1.616 -1.857 -8.906
-1.333 0.027 -7.367
0.623 -0.024 -4.093
3.454 1.812 -5.882
0.838 4.4 -6.903
-0.068 4.974 -3.233
3.498 5.745 -2.076
4.041 7.956 -5.142
0.983 10.041 -4.186
2.565 10.703 -0.782
6.246 11.063 -1.846

5.52176 13.2489 -4.81409
5.02177 16.7041 -3.47899
1.77276 17.1525 -1.543
2.37222 15.1344 1.54581
5.6398 17.1055 1.5022

7.046 17.2717 5.02893
6.0193 13.6769 5.71174
7.67504 12.4925 2.5026
10.9017 14.2946 3.38802
10.9412 12.7266 6.84964
10.4338 9.25506 5.3889
13.2894 9.76522 2.93367
15.6112 10.8995 5.72038
14.7415 7.85154 7.81715
15.4313 5.52334 4.89368
18.8113 7.14613 4.27334
19.7675 6.77955 7.93315

20.1905 9.86055 10.1702
22.5305 11.2946 7.51815
20.0795 10.7626 4.62815
23.1585 9.30255 2.87715
21.7975 5.74655 2.31215
24.5555 4.17955 4.46115
24.8155 3.25355 8.17715
27.3635 1.36155 10.3192
26.8705 -2.45145 10.2812

25.9045 -2.09245 13.9552
23.0405 0.287551 13.2102
22.1585 -2.20545 10.4452
22.1075 -5.30645 12.6272
20.1795 -3.14645 15.1002
17.5805 -2.13145 12.4682
16.9485 -5.86145 12.0262
16.6855 -6.60145 15.7972
14.6615 -3.53745 16.9202
12.1235 -4.36345 14.1992

11.8329 -7.84145 15.7491
10.0228 -10.9633 16.8178
10.7779 -11.6484 20.4083
7.06749 -12.2147 21.3543
7.08217 -14.8236 18.6368
8.12388 -18.1987 17.3235

8.5047 -17.5999 13.59
9.44816 -13.9647 14.171
12.068 -14.9544 16.74
13.5866 -17.4944 14.3556
13.7826 -14.9112 11.575
15.5049 -12.424 13.8751
18.0593 -15.0292 14.9388
18.82 -15.902 11.3191
19.325 -12.2392 10.4407
21.7059 -11.7661 13.3648

25.1318 -11.0922 14.6847
26.662 -14.149 16.3619
26.0021 -17.7832 17.43
28.5596 -17.9905 14.5864
31.1731 -16.6578 12.2902
33.238 -17.2106 15.4701
33.141 -20.7827 16.9683

34.2539 -20.6852 13.3309
34.7985 -20.1463 9.56478
36.1531 -19.9819 6.04377

34.4261 -20.5809 2.62677

36.5921 -23.7249 2.37977
35.8561 -24.7909 5.97777
32.1431 -23.9819 5.46677
31.7011 -26.4839 2.61377
33.5621 -29.0589 4.74277
31.1971 -28.7569 7.73477
28.2501 -29.2009 5.34977

29.4231 -32.3079 3.49377
32.7691 -33.0619 1.87277

End chain 1
