14.376 13.393 -9.434
11.305 12.496 -7.337
11.151 9.258 -9.32

11.004 6.006 -7.338
14.52 4.519 -7.198
14.967 0.776 -7.832

15.638 0.429 -4.087
12.514 2.285 -2.905
10.556 -0.102 -5.156
12.221 -3.075 -3.436
11.74 -1.711 0.112
7.991 -1.522 -0.555
8.139 -4.957 -2.2
9.527 -6.582 0.974
6.846 -4.901 3.105
4.21 -5.895 0.525
5.202 -9.589 0.585
5.112 -9.741 4.412
1.285 -9.811 3.999

1.012 -11.657 0.647
-0.051 -15.058 2.058
-1.977 -15.785 -1.16
1.187 -16.059 -3.293
-0.922 -13.94 -5.681
1.285 -10.852 -5.276
-1.689 -9.009 -3.672

-2.915 -8.068 -0.165
-6.302 -7.233 1.393
-7.428 -3.732 2.358

-7.469 -4.807 6.028
-3.672 -5.269 5.793
-3.13 -1.916 4.045
-2.604 0.156 7.219
-0.433 -2.7 8.539
1.967 -2.564 5.569
2.121 1.243 5.732
2.836 0.996 9.476
5.725 -1.371 8.686
7.397 1.46 6.732

6.862 3.75 9.759
3.84 5.572 8.229
0.705 6.206 10.37
-2.191 7.511 8.235
-5.494 7.975 10.111
-8.327 5.514 9.467

-10.202 8.1 7.376
-7.089 8.768 5.267
-6.967 5.013 4.625
-10.723 4.657 3.976
-10.494 7.56 1.505
-7.848 5.96 -0.715
-9.658 2.627 -0.363
-12.899 4.138 -1.689
-10.989 5.097 -4.873
-8.972 1.872 -5.183
-11.976 -0.197 -4.162
-13.395 0.681 -7.557

-12.944 -2.906 -8.736
-14.981 -4.093 -5.736
-12.26 -6.684 -4.927
-11.432 -5.132 -1.522
-7.795 -6.014 -2.414

-4.657 -4.172 -3.647
-1.857 -5.367 -5.98
1.813 -4.17 -5.821

1.616 -1.857 -8.906
-1.333 0.027 -7.367
0.623 -0.024 -4.093
3.454 1.812 -5.882
0.838 4.4 -6.903
-0.068 4.974 -3.233
3.498 5.745 -2.076
4.041 7.956 -5.142
0.983 10.041 -4.186
2.565 10.703 -0.782
6.246 11.063 -1.846

5.52176 13.2489 -4.81409
5.02177 16.7041 -3.47899
1.77276 17.1525 -1.543
2.37222 15.1344 1.54581
5.6398 17.1055 1.5022

7.046 17.2717 5.02893
6.0193 13.6769 5.71174
7.67504 12.4925 2.5026
10.9017 14.2946 3.38802
10.9412 12.7266 6.84964
10.4338 9.25506 5.3889
13.2894 9.76522 2.93367
15.6112 10.8995 5.72038
14.7415 7.85154 7.81715
15.4313 5.52334 4.89368
18.8113 7.14613 4.27334
19.7675 6.77955 7.93315

18.357 3.27036 8.00028
17.3519 -0.2953 8.67829
18.9745 -3.65562 9.00758
21.9712 -1.40186 8.843
23.521 1.07953 11.1567
22.1748 -1.78351 13.3996
20.8308 -4.94617 14.9379
23.1066 -6.39439 12.2031
25.8238 -5.22345 14.4733

27.3051 -6.93142 17.5281
23.8447 -7.6326 18.934
22.7045 -9.1399 15.6369
25.7605 -11.395 15.4999
25.1478 -12.6036 19.0504
21.5179 -13.4008 18.256
22.5261 -15.3765 15.1701
25.0612 -17.3851 17.1656
22.4675 -18.2045 19.8197
19.9951 -19.3732 17.1808

19.7045 -22.8512 18.7308
17.8944 -25.9731 19.7995
18.6495 -26.6581 23.39
14.9391 -27.2245 24.336
14.9538 -29.8333 21.6185
15.9955 -33.2085 20.3052

16.3763 -32.6097 16.5716
17.3198 -28.9744 17.1527
19.9396 -29.9641 19.7217
21.4581 -32.5041 17.3373
21.6542 -29.921 14.5567
23.3765 -27.4338 16.8568
25.9309 -30.0389 17.9205
26.6916 -30.9117 14.3007
27.1966 -27.2489 13.4224
29.5775 -26.7758 16.3465

33.0034 -26.102 17.6664
34.5336 -29.1588 19.3436
33.8737 -32.7929 20.4117
36.4311 -33.0003 17.568
39.0447 -31.6675 15.2719
41.1095 -32.2204 18.4518
41.0125 -35.7925 19.95

42.1255 -35.6949 16.3125
42.6701 -35.156 12.5465
44.0247 -34.9916 9.02544

42.2977 -35.5906 5.60844

44.4637 -38.7346 5.36144
43.7277 -39.8006 8.95944
40.0147 -38.9916 8.44844
39.5727 -41.4936 5.59544
41.4337 -44.0686 7.72444
39.0687 -43.7666 10.7164
36.1217 -44.2106 8.33144

37.2947 -47.3176 6.47544
40.6407 -48.0716 4.85444

End chain 1
