14.376 13.393 -9.434
11.305 12.496 -7.337
11.151 9.258 -9.32

11.004 6.006 -7.338
14.52 4.519 -7.198
14.967 0.776 -7.832

15.638 0.429 -4.087
12.514 2.285 -2.905
10.556 -0.102 -5.156
12.221 -3.075 -3.436
11.74 -1.711 0.112
7.991 -1.522 -0.555
8.139 -4.957 -2.2
9.527 -6.582 0.974
6.846 -4.901 3.105
4.21 -5.895 0.525
5.202 -9.589 0.585
5.112 -9.741 4.412
1.285 -9.811 3.999

1.012 -11.657 0.647
-0.051 -15.058 2.058
-1.977 -15.785 -1.16
1.187 -16.059 -3.293
-0.922 -13.94 -5.681
1.285 -10.852 -5.276
-1.689 -9.009 -3.672

-2.915 -8.068 -0.165
-6.302 -7.233 1.393
-7.428 -3.732 2.358

-7.469 -4.807 6.028
-3.672 -5.269 5.793
-3.13 -1.916 4.045
-2.604 0.156 7.219
-0.433 -2.7 8.539
1.967 -2.564 5.569
2.121 1.243 5.732
2.836 0.996 9.476
5.725 -1.371 8.686
7.397 1.46 6.732

6.862 3.75 9.759
3.84 5.572 8.229
0.705 6.206 10.37
-2.191 7.511 8.235
-5.494 7.975 10.111
-8.327 5.514 9.467

-10.202 8.1 7.376
-7.089 8.768 5.267
-6.967 5.013 4.625
-10.723 4.657 3.976
-10.494 7.56 1.505
-7.848 5.96 -0.715
-9.658 2.627 -0.363
-12.899 4.138 -1.689
-10.989 5.097 -4.873
-8.972 1.872 -5.183
-11.976 -0.197 -4.162
-13.395 0.681 -7.557

-12.944 -2.906 -8.736
-14.981 -4.093 -5.736
-12.26 -6.684 -4.927
-11.432 -5.132 -1.522
-7.795 -6.014 -2.414

-4.657 -4.172 -3.647
-1.857 -5.367 -5.98
1.813 -4.17 -5.821

1.616 -1.857 -8.906
-1.333 0.027 -7.367
0.623 -0.024 -4.093
3.454 1.812 -5.882
0.838 4.4 -6.903
-0.068 4.974 -3.233
3.498 5.745 -2.076
4.041 7.956 -5.142
0.983 10.041 -4.186
2.565 10.703 -0.782
6.246 11.063 -1.846

4.33368 13.891 -3.65895
3.62449 16.122 -6.69733
6.77952 15.3194 -8.79077
6.07385 11.713 -8.01063
2.51618 11.2134 -9.49928

4.13526 10.6037 -12.883
6.57971 8.11596 -11.3735
3.75583 6.22775 -9.66957
1.79949 6.02491 -12.9214
4.83271 4.68098 -14.7752
5.39506 2.01835 -12.1224
1.76183 0.920555 -12.3159
1.94767 0.638619 -16.1012
5.10187 -1.47032 -15.8862
3.48318 -3.80803 -13.3647
0.429811 -4.24523 -15.5848
2.61036 -5.06436 -18.5876

1.19987 -8.57355 -18.5205
0.194782 -12.1392 -17.8425
1.81742 -15.4995 -17.5132
4.81405 -13.2458 -17.6778
6.3639 -10.7644 -15.3641
5.01773 -13.6274 -13.1211
3.6737 -16.7901 -11.5829
5.94945 -18.2383 -14.3177
8.6667 -17.0674 -12.0475

10.148 -18.7753 -8.99272
6.68758 -19.4765 -7.58673
5.54741 -20.9838 -10.8838
8.60336 -23.2389 -11.0209
7.99072 -24.4475 -7.47032
4.36079 -25.2447 -8.26474
5.36903 -27.2204 -11.3506
7.90414 -29.229 -9.35516
5.31044 -30.0484 -6.70106
2.83795 -31.2171 -9.33994

5.53424 -33.7236 -10.2653
8.65127 -34.8655 -11.9367
11.6979 -35.6443 -13.9634
12.161 -32.7315 -11.6021
16.0383 -32.5338 -11.4715
18.3058 -32.6996 -14.5392

17.2856 -29.0504 -14.247
19.7666 -28.4822 -11.4249
22.5748 -30.0526 -13.4476
21.7765 -27.8547 -16.4434
21.8101 -24.7292 -14.2817
25.1827 -25.67 -12.8042
26.6506 -26.2317 -16.2643
25.3914 -22.849 -17.4537
26.9133 -21.1128 -14.435
30.2686 -22.792 -15.0394

29.9746 -20.8004 -18.3163
27.0068 -18.3737 -18.8218
27.8787 -14.8941 -19.7501
29.5215 -17.0297 -22.3977
28.7092 -20.6325 -23.1831
25.7156 -18.9717 -24.914
25.211 -15.753 -26.7292

23.2726 -16.6056 -29.8482
20.1078 -17.8718 -31.2873
16.5282 -19.034 -31.7347

14.8012 -19.633 -35.1517

16.9672 -22.777 -35.3987
16.2312 -23.843 -31.8007
12.5182 -23.034 -32.3117
12.0762 -25.536 -35.1647
13.9372 -28.111 -33.0357
11.5722 -27.809 -30.0437
8.62524 -28.253 -32.4287

9.79824 -31.36 -34.2847
13.1442 -32.114 -35.9057

End chain 1
