14.376 13.393 -9.434
11.305 12.496 -7.337
11.151 9.258 -9.32

11.004 6.006 -7.338
14.52 4.519 -7.198
14.967 0.776 -7.832

15.638 0.429 -4.087
12.514 2.285 -2.905
10.556 -0.102 -5.156
12.221 -3.075 -3.436
11.74 -1.711 0.112
7.991 -1.522 -0.555
8.139 -4.957 -2.2
9.527 -6.582 0.974
6.846 -4.901 3.105
4.21 -5.895 0.525
5.202 -9.589 0.585
5.112 -9.741 4.412
1.285 -9.811 3.999

1.012 -11.657 0.647
-0.051 -15.058 2.058
-1.977 -15.785 -1.16
1.187 -16.059 -3.293
-0.922 -13.94 -5.681
1.285 -10.852 -5.276
-1.689 -9.009 -3.672

-2.915 -8.068 -0.165
-6.302 -7.233 1.393
-7.428 -3.732 2.358

-7.469 -4.807 6.028
-3.672 -5.269 5.793
-3.13 -1.916 4.045
-2.604 0.156 7.219
-0.433 -2.7 8.539
1.967 -2.564 5.569
2.121 1.243 5.732
2.836 0.996 9.476
5.725 -1.371 8.686
7.397 1.46 6.732

6.862 3.75 9.759
3.84 5.572 8.229
0.705 6.206 10.37
-2.191 7.511 8.235
-5.494 7.975 10.111
-8.327 5.514 9.467

-10.202 8.1 7.376
-7.089 8.768 5.267
-6.967 5.013 4.625
-10.723 4.657 3.976
-10.494 7.56 1.505
-7.848 5.96 -0.715
-9.658 2.627 -0.363
-12.899 4.138 -1.689
-10.989 5.097 -4.873
-8.972 1.872 -5.183
-11.976 -0.197 -4.162
-13.395 0.681 -7.557

-12.944 -2.906 -8.736
-14.981 -4.093 -5.736
-12.26 -6.684 -4.927
-11.432 -5.132 -1.522
-7.795 -6.014 -2.414

-4.657 -4.172 -3.647
-1.857 -5.367 -5.98
1.813 -4.17 -5.821

1.616 -1.857 -8.906
-1.333 0.027 -7.367
0.623 -0.024 -4.093
3.454 1.812 -5.882
0.838 4.4 -6.903
-0.068 4.974 -3.233
3.498 5.745 -2.076
4.041 7.956 -5.142
0.983 10.041 -4.186
2.565 10.703 -0.782
6.246 11.063 -1.846

5.52176 13.2489 -4.81409
5.02177 16.7041 -3.47899
1.77276 17.1525 -1.543
2.37222 15.1344 1.54581
5.6398 17.1055 1.5022

7.046 17.2717 5.02893
6.0193 13.6769 5.71174
7.67504 12.4925 2.5026
10.9017 14.2946 3.38802
10.9412 12.7266 6.84964
10.4338 9.25506 5.3889
13.2894 9.76522 2.93367
15.6112 10.8995 5.72038
14.7415 7.85154 7.81715
15.4313 5.52334 4.89368
18.8113 7.14613 4.27334
19.7675 6.77955 7.93315

20.1905 9.86055 10.1702
22.5305 11.2946 7.51815
20.0795 10.7626 4.62815
23.1585 9.30255 2.87715
21.7975 5.74655 2.31215
24.5555 4.17955 4.46115
24.8155 3.25355 8.17715
27.3635 1.36155 10.3192
26.8705 -2.45145 10.2812

25.9045 -2.09245 13.9552
23.0405 0.287551 13.2102
22.1585 -2.20545 10.4452
22.1075 -5.30645 12.6272
20.1795 -3.14645 15.1002
17.5805 -2.13145 12.4682
16.9485 -5.86145 12.0262
16.6855 -6.60145 15.7972
14.6615 -3.53745 16.9202
12.1235 -4.36345 14.1992

11.5681 -7.9539 15.1767
10.2782 -11.324 16.2165
9.31011 -14.8359 15.3026
5.76272 -14.3528 16.4251
5.93335 -16.4262 19.5904
5.43325 -17.2431 23.2532

2.46724 -14.9134 22.786
3.62367 -12.708 25.6569
7.12682 -12.4832 24.2008
5.75345 -11.4976 20.7971
3.60035 -8.77598 22.3462
6.57434 -7.37294 24.2513
8.68053 -7.28225 21.0893
5.93849 -5.45125 19.1994
5.62216 -2.86712 21.968
9.37459 -2.26531 21.9675

12.8005 -1.59146 23.2873
14.3307 -4.64826 24.9646
13.6708 -8.28239 26.0326
16.2283 -8.48973 23.189
18.8418 -7.15698 20.8929
20.9067 -7.70984 24.0728
20.8097 -11.282 25.5709

21.9226 -11.1844 21.9335
22.4673 -10.6455 18.1674
23.8218 -10.4811 14.6464

22.0948 -11.0801 11.2294

24.2608 -14.2241 10.9824
23.5248 -15.2901 14.5804
19.8118 -14.4811 14.0694
19.3698 -16.9831 11.2164
21.2308 -19.5581 13.3454
18.8658 -19.2561 16.3374
15.9188 -19.7001 13.9524

17.0918 -22.8071 12.0964
20.4378 -23.5611 10.4754

End chain 1
