14.376 13.393 -9.434
11.305 12.496 -7.337
11.151 9.258 -9.32

11.004 6.006 -7.338
14.52 4.519 -7.198
14.967 0.776 -7.832

15.638 0.429 -4.087
12.514 2.285 -2.905
10.556 -0.102 -5.156
12.221 -3.075 -3.436
11.74 -1.711 0.112
7.991 -1.522 -0.555
8.139 -4.957 -2.2
9.527 -6.582 0.974
6.846 -4.901 3.105
4.21 -5.895 0.525
5.202 -9.589 0.585
5.112 -9.741 4.412
1.285 -9.811 3.999

1.012 -11.657 0.647
-0.051 -15.058 2.058
-1.977 -15.785 -1.16
1.187 -16.059 -3.293
-0.922 -13.94 -5.681
1.285 -10.852 -5.276
-1.689 -9.009 -3.672

-2.915 -8.068 -0.165
-6.302 -7.233 1.393
-7.428 -3.732 2.358

-7.469 -4.807 6.028
-3.672 -5.269 5.793
-3.13 -1.916 4.045
-2.604 0.156 7.219
-0.433 -2.7 8.539
1.967 -2.564 5.569
2.121 1.243 5.732
2.836 0.996 9.476
5.725 -1.371 8.686
7.397 1.46 6.732

6.862 3.75 9.759
3.84 5.572 8.229
0.705 6.206 10.37
-2.191 7.511 8.235
-5.494 7.975 10.111
-8.327 5.514 9.467

-10.202 8.1 7.376
-7.089 8.768 5.267
-6.967 5.013 4.625
-10.723 4.657 3.976
-10.494 7.56 1.505
-7.848 5.96 -0.715
-9.658 2.627 -0.363
-12.899 4.138 -1.689
-10.989 5.097 -4.873
-8.972 1.872 -5.183
-11.976 -0.197 -4.162
-13.395 0.681 -7.557

-12.944 -2.906 -8.736
-14.981 -4.093 -5.736
-12.26 -6.684 -4.927
-11.432 -5.132 -1.522
-7.795 -6.014 -2.414

-4.657 -4.172 -3.647
-1.857 -5.367 -5.98
1.813 -4.17 -5.821

1.616 -1.857 -8.906
-1.333 0.027 -7.367
0.623 -0.024 -4.093
3.454 1.812 -5.882
0.838 4.4 -6.903
-0.068 4.974 -3.233
3.498 5.745 -2.076
4.041 7.956 -5.142
0.983 10.041 -4.186
2.565 10.703 -0.782
6.246 11.063 -1.846

5.52176 13.2489 -4.81409
5.02177 16.7041 -3.47899
1.77276 17.1525 -1.543
2.37222 15.1344 1.54581
5.6398 17.1055 1.5022

7.046 17.2717 5.02893
6.0193 13.6769 5.71174
7.67504 12.4925 2.5026
10.9017 14.2946 3.38802
10.9412 12.7266 6.84964
10.4338 9.25506 5.3889
13.2894 9.76522 2.93367
15.6112 10.8995 5.72038
14.7415 7.85154 7.81715
15.4313 5.52334 4.89368
18.8113 7.14613 4.27334
19.7675 6.77955 7.93315

19.4697 2.9428 7.52146
19.123 -0.673795 6.80906
18.7233 -4.34101 6.1248
17.389 -3.26856 9.56506
15.1279 -6.27147 10.1221
16.3681 -9.24222 12.3041
16.0335 -12.4686 10.175
18.2959 -12.8842 7.08522
21.0965 -12.8393 9.63788

22.6366 -10.5863 12.2827
24.1396 -13.5726 14.09
25.6486 -14.8903 10.8605
27.1927 -11.505 10.0872
28.7195 -11.2994 13.5613
30.2168 -14.7751 13.2144
31.7408 -13.8882 9.84791
33.2858 -10.7218 11.2727
34.7973 -12.6506 14.1775
36.2986 -15.2215 11.8155

36.008 -18.6995 13.3654
34.1979 -21.8214 14.4341
34.9531 -22.5064 18.0246
31.2426 -23.0728 18.9706
31.2573 -25.6816 16.2531
32.299 -29.0568 14.9398

32.6799 -28.458 11.2063
33.6233 -24.8227 11.7873
36.2432 -25.8124 14.3563
37.7617 -28.3524 11.9719
37.9577 -25.7693 9.1913
39.6801 -23.2821 11.4914
42.2344 -25.8872 12.5551
42.9952 -26.76 8.93537
43.5002 -23.0972 8.057
45.881 -22.6241 10.9811

49.307 -21.9503 12.301
50.8371 -25.0071 13.9782
50.1772 -28.6412 15.0463
52.7347 -28.8486 12.2027
55.3483 -27.5158 9.90655
57.4131 -28.0687 13.0864
57.3161 -31.6408 14.5846

58.4291 -31.5432 10.9472
58.9737 -31.0043 7.18109
60.3283 -30.8399 3.66007

58.6013 -31.4389 0.243073

60.7673 -34.5829 -0.00392703
60.0313 -35.6489 3.59407
56.3183 -34.8399 3.08307
55.8763 -37.3419 0.230073
57.7373 -39.9169 2.35907
55.3723 -39.6149 5.35107
52.4253 -40.0589 2.96607

53.5983 -43.1659 1.11007
56.9443 -43.9199 -0.510927

End chain 1
