-28.439 -19.476 7.402
-26.527 -20.488 4.245
-22.815 -19.993 4.96
-22.032 -17.477 2.201
-18.904 -19.078 0.776
-16.292 -16.309 0.827
-16.398 -14.586 -2.597
-12.636 -15.312 -2.806
-10.202 -18.094 -1.765

-7.494 -15.603 -0.658
-7.206 -11.955 0.454
-3.761 -10.422 -0.147
-2.872 -6.941 1.07
-0.304 -5.313 -1.224
1.546 -2.055 -0.572
3.009 0.222 -3.262
5.973 2.269 -1.99

8.63 4.46 -3.641
9.38 8.121 -4.292
6.897 10.803 -5.309
6.567 11.082 -9.123
7.848 7.516 -9.974
4.334 6.648 -11.269

2.976 4.428 -8.378
-0.561 5.81 -8.863
-0.262 5.342 -12.667
0.715 1.645 -12.137
-2.25 1.181 -9.758
-4.695 2.961 -12.126
-3.424 0.921 -15.119
-3.823 -2.349 -13.176
-7.186 -1.414 -11.635
-9.012 0.543 -14.43

-9.066 -2.469 -16.838
-11.521 -4.068 -14.319
-14.551 -2.888 -12.29
-12.566 -1.474 -9.364
-14.384 -0.18 -6.341

-12.082 2.757 -5.622
-12.361 3.467 -1.92

-10.74 6.896 -1.597
-9.38 6.754 1.933
-9.108 10.415 3.04
-5.972 9.464 5.117
-3.415 10.06 2.291

-3.357 6.329 1.347
-5.595 5.385 -1.557
-6.491 1.729 -2.015
-7.987 -0.223 -4.906
-9.427 -3.732 -4.88
-8.946 -6.09 -7.849
-9.985 -9.745 -7.962
-7.761 -12.06 -10.051
-7.767 -15.765 -10.911
-4.533 -17.7 -10.273

-4.289 -21.517 -10.719
-8.099 -21.912 -10.382

-8.141 -19.787 -7.175
-9.958 -16.472 -6.8
-7.617 -13.958 -5.134
-8.855 -10.588 -3.857
-5.981 -8.073 -4.013
-6.248 -5.041 -1.721
-3.598 -2.694 -3.156
-2.589 0.324 -1.069
-0.883 3.258 -2.802
1.348 5.428 -0.592

1.922 9.113 -1.313
5.773 8.541 -1.231
6.228 11.864 0.605

8.388 11.768 3.778
5.61 13.442 5.857
3.446 10.322 5.291
6.178 7.701 6.111
5.052 7.527 9.787
1.458 6.734 8.672
2.69 4.385 5.896
4.838 2.324 8.347
1.6 1.231 10.11
0.504 -0.422 6.823
3.792 -2.394 6.414

3.001 -4.889 9.239
-0.343 -5.904 7.653
1.07 -6.278 4.101
1.497 -9.743 2.543

3.574 -8.21 -0.283
5.353 -4.874 -0.829
6.168 -3.495 -4.284
8.979 -0.915 -4.351
8.635 1.31 -7.429
11.373 3.517 -8.862
11.724 5.473 -12.119

14.51 4.082 -14.379
14.903 7.598 -15.874
15.559 9.141 -12.436
19.051 9.003 -10.827
17.497 8.719 -7.322

18.029 4.899 -7.224
19.672 5.535 -3.804
16.131 6.108 -2.415
15.289 2.455 -3.348
17.873 1.365 -0.703
16.112 3.544 1.909
12.691 2.084 0.961
14.078 -1.492 1.249
15.568 -0.633 4.691
12.092 0.669 5.735
10.599 -2.712 4.674
13.205 -4.573 6.775
12.491 -2.278 9.781
8.657 -2.119 9.691

7.294 -5.039 7.638
6.704 -8.625 8.745
9.869 -10.792 8.408
8.127 -13.1 5.883
6.774 -10.272 3.621

7.098 -10.881 -0.126
9.076 -8.095 -1.845
9.186 -7.011 -5.502
11.384 -4.317 -7.034
9.769 -2.609 -10.059
11.652 -0.299 -12.411
8.972 1.829 -14.083
9.812 3.314 -17.493

7.531 6.392 -17.55
8.651 7.017 -21.137
10.578 4.966 -23.727
12.97 7.949 -23.531
16.477 6.796 -24.502
17.975 8.083 -21.202
17.883 5.052 -18.935
20.004 6.389 -16.075
19.591 3.226 -13.984
20.93 0.212 -15.875

18.889 -3.022 -15.668
22.068 -4.89 -14.625
22.746 -2.63 -11.597
19.128 -2.847 -10.365
19.032 -6.639 -10.998
22.315 -7.314 -9.132
21.05 -5.165 -6.23
17.695 -7.022 -6.101
19.442 -10.442 -6.369
21.841 -9.495 -3.499

18.724 -9.087 -1.287
16.855 -12.159 -2.673
14.171 -9.797 -4.084
12.532 -10.489 -7.492

13.052 -7.642 -9.989
10.893 -6.604 -12.962
11.114 -3.715 -15.401
7.681 -2.287 -16.315
6.596 0.341 -18.818

3.682 2.62 -17.887
2.717 2.439 -21.629
2.504 -1.396 -21.549

-0.44 -2.476 -19.331
0.755 -6.136 -19.7
4.024 -5.479 -17.775
2.093 -3.764 -14.942
-0.331 -6.693 -14.717
2.579 -9.209 -14.785
4.164 -7.434 -11.75
0.986 -7.82 -9.632
0.414 -11.416 -10.888
4.049 -12.338 -9.991
3.617 -10.825 -6.505
0.292 -12.702 -5.997
1.893 -16.013 -7.131
4.852 -15.589 -4.699
2.476 -14.758 -1.783
0.208 -17.741 -2.653
3.286 -20.059 -2.789
4.456 -18.803 0.66
0.979 -18.992 2.289

-1.77588 -20.7596 0.363383
-4.52788 -22.5446 -1.57308
-6.83945 -23.7466 -4.30795
-7.82755 -27.4009 -4.11468
-8.02739 -29.3019 -0.866368
-11.7236 -29.9247 -1.89245
-15.535 -29.8277 -2.50195
-15.5094 -32.8987 -0.216615
-15.0246 -34.7104 3.10911
-18.5421 -35.8964 2.89788
-19.8794 -37.752 -0.235097
-16.4167 -38.9426 0.667744
-13.1461 -40.0327 2.27539
-9.53137 -39.9968 1.06091
-8.94032 -36.8984 3.32009
-8.3131 -33.7746 5.40838
-8.07624 -32.5738 9.04988

-10.2436 -29.4636 8.78184
-8.38541 -27.8034 11.6513
-5.027 -28.5556 10.0394
-6.17629 -27.0825 6.73001

-9.09329 -25.3025 8.41201
-9.27629 -22.0435 6.52101
-9.64429 -19.7885 9.54501
-12.3853 -17.6125 8.07901
-10.9923 -14.2465 9.16901
-14.3163 -12.5395 9.76701
-13.6683 -9.07553 8.34401
-15.6153 -7.17053 10.994
-17.1113 -4.52253 8.73801
-17.3793 -1.82153 11.366
-20.4043 -0.0305287 9.98901
-19.4023 3.36147 11.369
-22.8743 4.92147 11.781
-21.6823 8.50747 11.103

End chain 1
